    0.416431261177806533E+02    0.136596510307419394E+01    0.293907138951848594E+02    0.930173478127476692E+09    0.606114287384120871E+03   -0.303057143692060436E+03
    0.512161132430152648E+02    0.136335656433769792E+01    0.216956954704856315E+02    0.570704252944678426E+09    0.604331690839347630E+03   -0.302165845419673815E+03
    0.415133084493554279E+02    0.135811288705242128E+01    0.291953672563608428E+02    0.465876954418215752E+09    0.602100173779810461E+03   -0.301050086889905231E+03
    0.570092378018564645E+02    0.135380653410389984E+01    0.243633355620765002E+02    0.630635767194657683E+09    0.600904838613398738E+03   -0.300452419306699369E+03
    0.517157819683885478E+02    0.135295651266736394E+01    0.268153273349093908E+02    0.720570561518576264E+09    0.600716291857547958E+03   -0.300358145928773979E+03
    0.117639349994447233E+02    0.135783493806970701E+01    0.360204879523069792E+02    0.763407882868239880E+09    0.600686561758112248E+03   -0.300343280879056124E+03
    0.564566568052890290E+02    0.136122130212151338E+01    0.179534264409829127E+02    0.692979069865533710E+09    0.600475027087449689E+03   -0.300237513543724845E+03
    0.106676574893810905E+02    0.135958639639309142E+01    0.349649866292206326E+02    0.707275587520438075E+09    0.600067774109525317E+03   -0.300033887054762658E+03
    0.396585178556775730E+02    0.135657948306181297E+01    0.286151445104929962E+02    0.508525963249022305E+09    0.599834688098705556E+03   -0.299917344049352778E+03
    0.311176943433485249E+02    0.135798506154839993E+01    0.255676415908346542E+02    0.100616169377770996E+10    0.599717752780400815E+03   -0.299858876390200408E+03
    0.249826981621997710E+02    0.135579041088957264E+01    0.215366882254351921E+02    0.886726340323289156E+09    0.599419625814187611E+03   -0.299709812907093806E+03
    0.485130848344891348E+02    0.135962285120792536E+01    0.167676866653402641E+02    0.721950156573539376E+09    0.599199328885305704E+03   -0.299599664442652852E+03
    0.372105132059411190E+02    0.136169982051944194E+01    0.309479046301586358E+02    0.101271641775021958E+10    0.598850539239751242E+03   -0.299425269619875621E+03
    0.322149170590877745E+02    0.136284650793714857E+01    0.382318664508122339E+02    0.908433833471095562E+09    0.598730924205001429E+03   -0.299365462102500715E+03
    0.205215094264658831E+02    0.135879535735426726E+01    0.300876827385125125E+02    0.994935140683675766E+09    0.598431200683952284E+03   -0.299215600341976142E+03
    0.259601009299341925E+02    0.136323365943609121E+01    0.275257684979786816E+02    0.688756082068798780E+09    0.598260147606895657E+03   -0.299130073803447829E+03
    0.291128995518904077E+02    0.135972014430922261E+01    0.219332400727684238E+02    0.579150633598984599E+09    0.598233656600582890E+03   -0.299116828300291445E+03
    0.686863172311373944E+02    0.136210730552293469E+01    0.298713087334166083E+02    0.668364763087240815E+09    0.597999051715170253E+03   -0.298999525857585127E+03
    0.646681475759553166E+02    0.135650350921153695E+01    0.325939732710336614E+02    0.807403306650028348E+09    0.597965181350196303E+03   -0.298982590675098152E+03
    0.442728021858904484E+02    0.135532819795707526E+01    0.213958637040429061E+02    0.618438990063136339E+09    0.597910911947931481E+03   -0.298955455973965741E+03
    0.470386692834824771E+02    0.135920849457160564E+01    0.242935060253739614E+02    0.513643044917656183E+09    0.597839046766450224E+03   -0.298919523383225112E+03
    0.626915508282755169E+02    0.136138342881307284E+01    0.306360990811660514E+02    0.576006363075224400E+09    0.597688847662816556E+03   -0.298844423831408278E+03
    0.458946814257495959E+02    0.135558316453876415E+01    0.241809246633055537E+02    0.903163429196604967E+09    0.597640679875253454E+03   -0.298820339937626727E+03
    0.676911011779965719E+02    0.135695241835227609E+01    0.305604871355851309E+02    0.628093289617906451E+09    0.597494353686177192E+03   -0.298747176843088596E+03
    0.584522913753671389E+02    0.136283674078067985E+01    0.243727008869915451E+02    0.763482761526272535E+09    0.597456384870980742E+03   -0.298728192435490371E+03
    0.452505781859176963E+02    0.136111725168529230E+01    0.199176315710881937E+02    0.639817344669177771E+09    0.597245305905589362E+03   -0.298622652952794681E+03
    0.406324674584806118E+02    0.135861431807097821E+01    0.349412242073396371E+02    0.978353955212280273E+09    0.597096412733471880E+03   -0.298548206366735940E+03
    0.384884479174837750E+02    0.136237352403966661E+01    0.277740860955456412E+02    0.589689575697680950E+09    0.597042458535208198E+03   -0.298521229267604099E+03
    0.707130945342781132E+02    0.135771518662809010E+01    0.255560546174530181E+02    0.705258756461001277E+09    0.596926077140177540E+03   -0.298463038570088770E+03
    0.669668738529408643E+02    0.136118515966633025E+01    0.329415934669464505E+02    0.637171329218083620E+09    0.596915283481299980E+03   -0.298457641740649990E+03
    0.161472712301942387E+02    0.136203068295397567E+01    0.295726241089616160E+02    0.751758480896696806E+09    0.596863304410099204E+03   -0.298431652205049602E+03
    0.461002013899387819E+02    0.135963992763960784E+01    0.410407513273897493E+02    0.822108790609217644E+09    0.596712544355105479E+03   -0.298356272177552739E+03
    0.400909242307904989E+02    0.135867768494284324E+01    0.406485335306350279E+02    0.716746685443689942E+09    0.596567552107072970E+03   -0.298283776053536485E+03
    0.201240181291343454E+02    0.135639187656513860E+01    0.251417102664767640E+02    0.726307198593757391E+09    0.596529247808062223E+03   -0.298264623904031112E+03
    0.365745677425988589E+02    0.135951252432401781E+01    0.410689265237067502E+02    0.800577542319470286E+09    0.596489516201793094E+03   -0.298244758100896547E+03
    0.381877794463917724E+02    0.136204291685597600E+01    0.380146910255007384E+02    0.688887051513003826E+09    0.596486928076069944E+03   -0.298243464038034972E+03
    0.259410979123352483E+02    0.136241380825217573E+01    0.269674896352307911E+02    0.674253361501602769E+09    0.596477828201190846E+03   -0.298238914100595423E+03
    0.701948030947058612E+02    0.135797248017718619E+01    0.261933606799420353E+02    0.665583835804769516E+09    0.596468456012323941E+03   -0.298234228006161970E+03
    0.247232696694430985E+02    0.135607121663885177E+01    0.323904505040624784E+02    0.707140362476923108E+09    0.596311503913945444E+03   -0.298155751956972722E+03
    0.517788234375912353E+02    0.136338952501137478E+01    0.310463055366426168E+02    0.830004187000053525E+09    0.596209752240460375E+03   -0.298104876120230188E+03
    0.579536118503559550E+02    0.136256429510052746E+01    0.267637979317906272E+02    0.668179844712053776E+09    0.596078390337728479E+03   -0.298039195168864239E+03
    0.647078715354091827E+02    0.136180509773798031E+01    0.262383216654682059E+02    0.686731836492140770E+09    0.596039495618801539E+03   -0.298019747809400769E+03
    0.322489885603299200E+02    0.135692260590315339E+01    0.204891495752313126E+02    0.812970723690815330E+09    0.596019407094379631E+03   -0.298009703547189815E+03
    0.239188106221002421E+02    0.136086852933062663E+01    0.343028841256047770E+02    0.657701083180760026E+09    0.595904494265592348E+03   -0.297952247132796174E+03
    0.625773128687834586E+02    0.135915584957637936E+01    0.286114961786300022E+02    0.567629323085691214E+09    0.595813147246982453E+03   -0.297906573623491226E+03
    0.584801681440275161E+02    0.136196970733569978E+01    0.343720461329900075E+02    0.661944247269590855E+09    0.595761006370576524E+03   -0.297880503185288262E+03
    0.356720632526197150E+02    0.136065781769409799E+01    0.214950886415763058E+02    0.634668024855744600E+09    0.595730068819208554E+03   -0.297865034409604277E+03
    0.337477491590239751E+02    0.136293869561888581E+01    0.341538252094907193E+02    0.898422704661778927E+09    0.595699150877586817E+03   -0.297849575438793408E+03
    0.345210890120301173E+02    0.136333143302163062E+01    0.292973674935915014E+02    0.709986021816470385E+09    0.595681510797182113E+03   -0.297840755398591057E+03
    0.652404150143591579E+02    0.136089889374252593E+01    0.252920701684739235E+02    0.784148915852415919E+09    0.595648186092235619E+03   -0.297824093046117810E+03
    0.270544897214597952E+02    0.135841559202337980E+01    0.205379566926823038E+02    0.775473202699809670E+09    0.595646080631770019E+03   -0.297823040315885009E+03
    0.567784394981835447E+02    0.136282578929243781E+01    0.285795678390514212E+02    0.802038643140671730E+09    0.595570945966156614E+03   -0.297785472983078307E+03
    0.392125098274092849E+02    0.135815705159319222E+01    0.201900188602194142E+02    0.638071547925032377E+09    0.595564466052394209E+03   -0.297782233026197105E+03
    0.458034111059899942E+02    0.136174317142298085E+01    0.296102991535891746E+02    0.959434800561450243E+09    0.595560299258722466E+03   -0.297780149629361233E+03
    0.604332901096575554E+02    0.136177341540114338E+01    0.294419199166088816E+02    0.868222389030836344E+09    0.595537586341896713E+03   -0.297768793170948356E+03
    0.592938442990981258E+02    0.135926745603248933E+01    0.284601298250890977E+02    0.559629249135962844E+09    0.595495674445136956E+03   -0.297747837222568478E+03
    0.433556354927677674E+02    0.135840895438205411E+01    0.356359807233320893E+02    0.601982930439187765E+09    0.595468801688407098E+03   -0.297734400844203549E+03
    0.405114194827011644E+02    0.136034126364905794E+01    0.377548866224352651E+02    0.930258774636348367E+09    0.595464197711316274E+03   -0.297732098855658137E+03
    0.422327341261808229E+02    0.135594665266677672E+01    0.264493817651376624E+02    0.596763559119789839E+09    0.595416203562841474E+03   -0.297708101781420737E+03
    0.398981468891590794E+02    0.136058005958929229E+01    0.348267225276325760E+02    0.596270404188342452E+09    0.595369568418204494E+03   -0.297684784209102247E+03
    0.348774841937986722E+02    0.135600957575405823E+01    0.213667769255562092E+02    0.728528915950495005E+09    0.595318856265933846E+03   -0.297659428132966923E+03
    0.617170287373674427E+02    0.135746804173714097E+01    0.344447938284550332E+02    0.777495361278927445E+09    0.595312126835702202E+03   -0.297656063417851101E+03
    0.309554636102743963E+02    0.136093434450288564E+01    0.314301930446224382E+02    0.598795817379100204E+09    0.595311516341441802E+03   -0.297655758170720901E+03
    0.219810434945323259E+02    0.135747914882988163E+01    0.242883310483187564E+02    0.851181177999940634E+09    0.595290951379202511E+03   -0.297645475689601255E+03
    0.375897578923696969E+02    0.136246180642845349E+01    0.283794622551479847E+02    0.941931573934043169E+09    0.595260664979894500E+03   -0.297630332489947250E+03
    0.396664492419247310E+02    0.136118132365532984E+01    0.362115907261658805E+02    0.944768686457797289E+09    0.595252805388593515E+03   -0.297626402694296758E+03
    0.455113275507782546E+02    0.136017816008250425E+01    0.258816153163823728E+02    0.552835367183587193E+09    0.595228356564496949E+03   -0.297614178282248474E+03
    0.341419787683193476E+02    0.136263291022845490E+01    0.348627666995249399E+02    0.709479854624635220E+09    0.595217424132316182E+03   -0.297608712066158091E+03
    0.337581442245443952E+02    0.135964933792993370E+01    0.200579713438372380E+02    0.703804426836089015E+09    0.595173529131782516E+03   -0.297586764565891258E+03
    0.499414744406489817E+02    0.135921873373283120E+01    0.226755384627240915E+02    0.579401829429682851E+09    0.595120677703986530E+03   -0.297560338851993265E+03
    0.691759586342404305E+02    0.135888877952979659E+01    0.271530448811275740E+02    0.750082979572663903E+09    0.595092862555852207E+03   -0.297546431277926104E+03
    0.572605050053541262E+02    0.136129075156316492E+01    0.224342694343228501E+02    0.711811744135152340E+09    0.595085428525580369E+03   -0.297542714262790184E+03
    0.550035425632965271E+02    0.136230432139920765E+01    0.337587973343844894E+02    0.676261359733127952E+09    0.595079990714497399E+03   -0.297539995357248699E+03
    0.510208136240314687E+02    0.135645375487287656E+01    0.240318247403907179E+02    0.853786720074860215E+09    0.595072381131716838E+03   -0.297536190565858419E+03
    0.430763052736389085E+02    0.136185163000166587E+01    0.214431952858028971E+02    0.740230908244395614E+09    0.595071075499650306E+03   -0.297535537749825153E+03
    0.352786461679105514E+02    0.135487784987340509E+01    0.274794678035211248E+02    0.753214282613276005E+09    0.595068541081527883E+03   -0.297534270540763941E+03
    0.229090865840642586E+02    0.136103420740482117E+01    0.264601677769248909E+02    0.673829644927780390E+09    0.594927151911734427E+03   -0.297463575955867213E+03
    0.450096297630098974E+02    0.136185290396519321E+01    0.384686088409340954E+02    0.776882188216192722E+09    0.594888928263294360E+03   -0.297444464131647180E+03
    0.470182044544500286E+02    0.136106385115865325E+01    0.382758579102510836E+02    0.686584314302650213E+09    0.594869883101099958E+03   -0.297434941550549979E+03
    0.357283262372129471E+02    0.135545556316090576E+01    0.310676645135971441E+02    0.696174705510731220E+09    0.594822223668979632E+03   -0.297411111834489816E+03
    0.574024529661973943E+02    0.136090096053227705E+01    0.355561544582012630E+02    0.648727599984674692E+09    0.594800032941902600E+03   -0.297400016470951300E+03
    0.319514736667575860E+02    0.135661968894721396E+01    0.319367205133632375E+02    0.645596415694903255E+09    0.594682066843398161E+03   -0.297341033421699080E+03
    0.492282605675031775E+02    0.135877318466530950E+01    0.211925700333367999E+02    0.625972902527979970E+09    0.594658783880486681E+03   -0.297329391940243340E+03
    0.249941830662059736E+02    0.135883740725175728E+01    0.231557985398057617E+02    0.682496809912863970E+09    0.594647309475595648E+03   -0.297323654737797824E+03
    0.355947137976184251E+02    0.136325577893948680E+01    0.318392982662851693E+02    0.786387335853835940E+09    0.594606488057944716E+03   -0.297303244028972358E+03
    0.311610716849802252E+02    0.135979956774918853E+01    0.284919742438228774E+02    0.971389550436359644E+09    0.594576440230212597E+03   -0.297288220115106299E+03
    0.531427781794723870E+02    0.136113233952117629E+01    0.219974677988033669E+02    0.701342223024433255E+09    0.594473374007472785E+03   -0.297236687003736392E+03
    0.417460598600550696E+02    0.135727481005119488E+01    0.204864492598856742E+02    0.773926831773222446E+09    0.594446631386093031E+03   -0.297223315693046516E+03
    0.330358805621685860E+02    0.135786257825809331E+01    0.372131938079343243E+02    0.819740002008776784E+09    0.594386831974515644E+03   -0.297193415987257822E+03
    0.664216815037472230E+02    0.136067361052302971E+01    0.272617348815819653E+02    0.700935301974643707E+09    0.594344796328656457E+03   -0.297172398164328229E+03
    0.664216815037472230E+02    0.136067361052302971E+01    0.272617348815819653E+02    0.700935301974643707E+09    0.594344796328656457E+03   -0.297172398164328229E+03
    0.394186954169495252E+02    0.136284085706959002E+01    0.303355558193687322E+02    0.686679266325853467E+09    0.594299488870822643E+03   -0.297149744435411321E+03
    0.272314649341091304E+02    0.135765335757738881E+01    0.338731142500902394E+02    0.883988840101550579E+09    0.594246384464679295E+03   -0.297123192232339647E+03
    0.452384403148241319E+02    0.135687150932309941E+01    0.304122800000317817E+02    0.596559033467961669E+09    0.594227309467734699E+03   -0.297113654733867349E+03
    0.432463956936905092E+02    0.135579341066369641E+01    0.234893108077637685E+02    0.674041874167807817E+09    0.594226921799588922E+03   -0.297113460899794461E+03
    0.502072303021242021E+02    0.135859477483437252E+01    0.302853808889449461E+02    0.933762400645487428E+09    0.594158137992569436E+03   -0.297079068996284718E+03
    0.502072303021242021E+02    0.135859477483437252E+01    0.302853808889449461E+02    0.933762400645487428E+09    0.594158137992569436E+03   -0.297079068996284718E+03
    0.581289235371371333E+02    0.135614588310847917E+01    0.291179673086800932E+02    0.687855456279302478E+09    0.594108346142227902E+03   -0.297054173071113951E+03
    0.489044117584097719E+02    0.135786097285209517E+01    0.223962615940873206E+02    0.620664717942205429E+09    0.594062919386391741E+03   -0.297031459693195870E+03
    0.541698809912164805E+02    0.135934727892899487E+01    0.380767426005007295E+02    0.710356062485778213E+09    0.594029197837684023E+03   -0.297014598918842012E+03
    0.541698809912164805E+02    0.135934727892899487E+01    0.380767426005007295E+02    0.710356062485778213E+09    0.594029197837684023E+03   -0.297014598918842012E+03
    0.459578607263793373E+02    0.136031152005810685E+01    0.370382593518611287E+02    0.893603050868631601E+09    0.594023310068721344E+03   -0.297011655034360672E+03
    0.660396411083010975E+02    0.135824257794628767E+01    0.271524399742352145E+02    0.740434883934044003E+09    0.593937488185473967E+03   -0.296968744092736983E+03
    0.660396411083010975E+02    0.135824257794628767E+01    0.271524399742352145E+02    0.740434883934044003E+09    0.593937488185473967E+03   -0.296968744092736983E+03
    0.313553665546904909E+02    0.135921177645679614E+01    0.297568546883718881E+02    0.593820711964007139E+09    0.593934973320792778E+03   -0.296967486660396389E+03
    0.515898073377299013E+02    0.136203312959598155E+01    0.358972526623466379E+02    0.730822158948355675E+09    0.593910225592628649E+03   -0.296955112796314324E+03
    0.645177663616805006E+02    0.135761981940239940E+01    0.306703681911375377E+02    0.702964905194558620E+09    0.593854423798413563E+03   -0.296927211899206782E+03
    0.519801916378748743E+02    0.135872163917879241E+01    0.280599272827220787E+02    0.564959381396387100E+09    0.593848404169054675E+03   -0.296924202084527337E+03
    0.545780676867735295E+02    0.136229344303017452E+01    0.266519657407722654E+02    0.783857960957952142E+09    0.593818649527082243E+03   -0.296909324763541122E+03
    0.544888927781750567E+02    0.135992909554883612E+01    0.302826403231502397E+02    0.579730972175739765E+09    0.593788105447951011E+03   -0.296894052723975506E+03
    0.632999994256595429E+02    0.136025922250560094E+01    0.299992685242661778E+02    0.820082451926718116E+09    0.593767171649866214E+03   -0.296883585824933107E+03
    0.530656735689162105E+02    0.136073430429462561E+01    0.295737450024095025E+02    0.589130944121699333E+09    0.593765241630124137E+03   -0.296882620815062069E+03
    0.538492170486619983E+02    0.135666184413793345E+01    0.229202545036380698E+02    0.710333493349369884E+09    0.593759646454785070E+03   -0.296879823227392535E+03
    0.538492170486619983E+02    0.135666184413793345E+01    0.229202545036380698E+02    0.710333493349369884E+09    0.593759646454785070E+03   -0.296879823227392535E+03
    0.237946942776933490E+02    0.136211140462142422E+01    0.309838868091047317E+02    0.782449280958379626E+09    0.593752290431026267E+03   -0.296876145215513134E+03
    0.237946942776933490E+02    0.136211140462142422E+01    0.309838868091047317E+02    0.782449280958379626E+09    0.593752290431026267E+03   -0.296876145215513134E+03
    0.629141292526222671E+02    0.135906820951251972E+01    0.240927471503450441E+02    0.711730535813922644E+09    0.593704029757481294E+03   -0.296852014878740647E+03
    0.291232700712152983E+02    0.136145014339306014E+01    0.333021653897341494E+02    0.927842053878137231E+09    0.593688797353145105E+03   -0.296844398676572553E+03
    0.291232700712152983E+02    0.136145014339306014E+01    0.333021653897341494E+02    0.927842053878137231E+09    0.593688797353145105E+03   -0.296844398676572553E+03
    0.445825356174610832E+02    0.136205688334939445E+01    0.244022788300099833E+02    0.685449996771349430E+09    0.593686277258139057E+03   -0.296843138629069529E+03
    0.445825356174610832E+02    0.136205688334939445E+01    0.244022788300099833E+02    0.685449996771349430E+09    0.593686277258139057E+03   -0.296843138629069529E+03
    0.416620667791247925E+02    0.135799394784143912E+01    0.208191546639436496E+02    0.780882005140371442E+09    0.593664812117441556E+03   -0.296832406058720778E+03
    0.556282900595682150E+02    0.135719593444791919E+01    0.343551437828197876E+02    0.699318053186399341E+09    0.593655109223834643E+03   -0.296827554611917321E+03
    0.633782501768284234E+02    0.136052561283539020E+01    0.328744033685957362E+02    0.783822129118471384E+09    0.593629921956813860E+03   -0.296814960978406930E+03
    0.633782501768284234E+02    0.136052561283539020E+01    0.328744033685957362E+02    0.783822129118471384E+09    0.593629921956813860E+03   -0.296814960978406930E+03
    0.220128387574159454E+02    0.135991946859421708E+01    0.293598436520396646E+02    0.679769504811539054E+09    0.593551714239820058E+03   -0.296775857119910029E+03
    0.416875276208450742E+02    0.136249900375522048E+01    0.315492214581462775E+02    0.680817317227821708E+09    0.593538570998042815E+03   -0.296769285499021407E+03
    0.201857473871921336E+02    0.135897346696098298E+01    0.301184378318085493E+02    0.886191168397497177E+09    0.593528526119016306E+03   -0.296764263059508153E+03
    0.201857473871921336E+02    0.135897346696098298E+01    0.301184378318085493E+02    0.886191168397497177E+09    0.593528526119016306E+03   -0.296764263059508153E+03
    0.628098332599549991E+02    0.136025012517289712E+01    0.325375435417914716E+02    0.797736302612703085E+09    0.593449677174127487E+03   -0.296724838587063743E+03
    0.265764319107477469E+02    0.136114595437870878E+01    0.314091985010082020E+02    0.674145602399750829E+09    0.593444583764693107E+03   -0.296722291882346553E+03
    0.197675964313185055E+02    0.136034985308066725E+01    0.328710926696881600E+02    0.772138416140376091E+09    0.593419856244695552E+03   -0.296709928122347776E+03
    0.509668193240818255E+02    0.135956930581487367E+01    0.357400963813083834E+02    0.637914015806114197E+09    0.593410367184997767E+03   -0.296705183592498884E+03
    0.378535687140016250E+02    0.135562642009012824E+01    0.271609543105469093E+02    0.795482929416672826E+09    0.593402049064075300E+03   -0.296701024532037650E+03
    0.537457130104052681E+02    0.136223285071100575E+01    0.321170589132514337E+02    0.813214960636797071E+09    0.593394733658367386E+03   -0.296697366829183693E+03
    0.378210068008609639E+02    0.136131225990326610E+01    0.335372450187388296E+02    0.934500562745200396E+09    0.593374698783789881E+03   -0.296687349391894941E+03
    0.249062977186129118E+02    0.135990824859100301E+01    0.264353425857480602E+02    0.909130536239619374E+09    0.593360357459231295E+03   -0.296680178729615648E+03
    0.290103230001149406E+02    0.135706301820151731E+01    0.337952601466542717E+02    0.761977017352683902E+09    0.593353056786028787E+03   -0.296676528393014394E+03
    0.289107179681193358E+02    0.136070207701861401E+01    0.273813047019098690E+02    0.640356953766203284E+09    0.593341203820517762E+03   -0.296670601910258881E+03
    0.289107179681193358E+02    0.136070207701861401E+01    0.273813047019098690E+02    0.640356953766203284E+09    0.593341203820517762E+03   -0.296670601910258881E+03
    0.574444687692605669E+02    0.135904640017215539E+01    0.231921864194444396E+02    0.780692150017622471E+09    0.593314264851214148E+03   -0.296657132425607074E+03
    0.494829765867150684E+02    0.135569027141639853E+01    0.288074166817072879E+02    0.760183859337186813E+09    0.593281549305009321E+03   -0.296640774652504660E+03
    0.599916617823961715E+02    0.135989785958020848E+01    0.280520572170512281E+02    0.617493107522722960E+09    0.593259654946291676E+03   -0.296629827473145838E+03
    0.464310384089369919E+02    0.135561526167456181E+01    0.256643175808205442E+02    0.719414272627180457E+09    0.593192865934127440E+03   -0.296596432967063720E+03
    0.222611996500886917E+02    0.136132291564241514E+01    0.279977404520810005E+02    0.848502467093687654E+09    0.593168034443048441E+03   -0.296584017221524221E+03
    0.351656747861612828E+02    0.136025168533190688E+01    0.311939311939980364E+02    0.607517078757080793E+09    0.593157722105591347E+03   -0.296578861052795673E+03
    0.246055672204420546E+02    0.136122003973071615E+01    0.262520413414116973E+02    0.736863394897131443E+09    0.593147708851722200E+03   -0.296573854425861100E+03
    0.246055672204420546E+02    0.136122003973071615E+01    0.262520413414116973E+02    0.736863394897131443E+09    0.593147708851722200E+03   -0.296573854425861100E+03
    0.268909843466181329E+02    0.135903723674083898E+01    0.253124645278363332E+02    0.894491401816242695E+09    0.593137657913646194E+03   -0.296568828956823097E+03
    0.466448712612709002E+02    0.135578410562036789E+01    0.248293758663361466E+02    0.722557968914908290E+09    0.593135580166452655E+03   -0.296567790083226328E+03
    0.466448712612709002E+02    0.135578410562036789E+01    0.248293758663361466E+02    0.722557968914908290E+09    0.593135580166452655E+03   -0.296567790083226328E+03
    0.199618618734839508E+02    0.136035093508226290E+01    0.318038125056108392E+02    0.766204227831797361E+09    0.593066545787218956E+03   -0.296533272893609478E+03
    0.199618618734839508E+02    0.136035093508226290E+01    0.318038125056108392E+02    0.766204227831797361E+09    0.593066545787218956E+03   -0.296533272893609478E+03
    0.385138949973407492E+02    0.135872305770146573E+01    0.274823058697237492E+02    0.583218896774265647E+09    0.593049701937721579E+03   -0.296524850968860790E+03
    0.385138949973407492E+02    0.135872305770146573E+01    0.274823058697237492E+02    0.583218896774265647E+09    0.593049701937721579E+03   -0.296524850968860790E+03
    0.290701902851120728E+02    0.135877153971193598E+01    0.302754527510471760E+02    0.630023092804083824E+09    0.593024327810291311E+03   -0.296512163905145655E+03
    0.383583661129844202E+02    0.135705234385251905E+01    0.296070910401593501E+02    0.897640000103145361E+09    0.593017764860643979E+03   -0.296508882430321989E+03
    0.284399469740014652E+02    0.135722471889279150E+01    0.284065815156933077E+02    0.672458901850188851E+09    0.592995108163294617E+03   -0.296497554081647309E+03
    0.377624115603573500E+02    0.136261945911572391E+01    0.282052379044918986E+02    0.845394914518863797E+09    0.592958958863414637E+03   -0.296479479431707318E+03
    0.441791267371851362E+02    0.136135777346543341E+01    0.238102280080966437E+02    0.844542056282801867E+09    0.592945358273778311E+03   -0.296472679136889155E+03
    0.364592744509358653E+02    0.135694229810328304E+01    0.341785671577592183E+02    0.804128492529480219E+09    0.592879144655394384E+03   -0.296439572327697192E+03
    0.364592744509358653E+02    0.135694229810328304E+01    0.341785671577592183E+02    0.804128492529480219E+09    0.592879144655394384E+03   -0.296439572327697192E+03
    0.440051829837583313E+02    0.136142329175475640E+01    0.273820406667956036E+02    0.623957629962603927E+09    0.592877072913005122E+03   -0.296438536456502561E+03
    0.289110680292522986E+02    0.135663115527534606E+01    0.259231574036727324E+02    0.781093496416127801E+09    0.592867180319416661E+03   -0.296433590159708331E+03
    0.618270675364663589E+02    0.135790295242601133E+01    0.273308339952015658E+02    0.673505853555051923E+09    0.592856126782271986E+03   -0.296428063391135993E+03
    0.289080373919677882E+02    0.135979336700673370E+01    0.295011524121655597E+02    0.937127944199827313E+09    0.592762530654642660E+03   -0.296381265327321330E+03
    0.289080373919677882E+02    0.135979336700673370E+01    0.295011524121655597E+02    0.937127944199827313E+09    0.592762530654642660E+03   -0.296381265327321330E+03
    0.523025311950231213E+02    0.135659961236041049E+01    0.246785751034943175E+02    0.686945543415641546E+09    0.592758359825997331E+03   -0.296379179912998666E+03
    0.523025311950231213E+02    0.135659961236041049E+01    0.246785751034943175E+02    0.686945543415641546E+09    0.592758359825997331E+03   -0.296379179912998666E+03
    0.406059970797781773E+02    0.135906816236931549E+01    0.341709772236101159E+02    0.625438338420962095E+09    0.592753240026817707E+03   -0.296376620013408854E+03
    0.357486281398935049E+02    0.135819158291990782E+01    0.351236023543823848E+02    0.871525286638276815E+09    0.592742765693255365E+03   -0.296371382846627682E+03
    0.560115269815205323E+02    0.135682355155730439E+01    0.313686697099198391E+02    0.697880035318421245E+09    0.592725943989732059E+03   -0.296362971994866029E+03
    0.560115269815205323E+02    0.135682355155730439E+01    0.313686697099198391E+02    0.697880035318421245E+09    0.592725943989732059E+03   -0.296362971994866029E+03
    0.517017569316919605E+02    0.135710578691464012E+01    0.252327435574045964E+02    0.806755183355293155E+09    0.592679882987393512E+03   -0.296339941493696756E+03
    0.478388329383563047E+02    0.136254628892573804E+01    0.316605098727691754E+02    0.783278586530867457E+09    0.592667278862250896E+03   -0.296333639431125448E+03
    0.410184027962043913E+02    0.135950158190019299E+01    0.268900712807611129E+02    0.589489446558552861E+09    0.592646438650916025E+03   -0.296323219325458012E+03
    0.482580026216054705E+02    0.135642927470006236E+01    0.328179700121665832E+02    0.715242141709094644E+09    0.592642166285025155E+03   -0.296321083142512578E+03
    0.531220389382294940E+02    0.135889617489227521E+01    0.222286510307488356E+02    0.713780562395997405E+09    0.592600079550755027E+03   -0.296300039775377513E+03
    0.235523149295992695E+02    0.136033296241886892E+01    0.304023440766757176E+02    0.700319989731050611E+09    0.592595784995923395E+03   -0.296297892497961698E+03
    0.340803652609369649E+02    0.135801738184634369E+01    0.245971858594564168E+02    0.873134216169113874E+09    0.592531067800957544E+03   -0.296265533900478772E+03
    0.282191252823396788E+02    0.136078684213753776E+01    0.331329128812143878E+02    0.691707183214500904E+09    0.592513396896425661E+03   -0.296256698448212830E+03
    0.614395795854121332E+02    0.136099314117786152E+01    0.291958742054700799E+02    0.756590996102078915E+09    0.592492562040164330E+03   -0.296246281020082165E+03
    0.614395795854121332E+02    0.136099314117786152E+01    0.291958742054700799E+02    0.756590996102078915E+09    0.592492562040164330E+03   -0.296246281020082165E+03
    0.460194386311180708E+02    0.135651141905340933E+01    0.277142870486439499E+02    0.837119717676335335E+09    0.592470744202861511E+03   -0.296235372101430755E+03
    0.460194386311180708E+02    0.135651141905340933E+01    0.277142870486439499E+02    0.837119717676335335E+09    0.592470744202861511E+03   -0.296235372101430755E+03
    0.436935370942983070E+02    0.136186829605783144E+01    0.282618620292113114E+02    0.887701182631813288E+09    0.592447050098824548E+03   -0.296223525049412274E+03
    0.436935370942983070E+02    0.136186829605783144E+01    0.282618620292113114E+02    0.887701182631813288E+09    0.592447050098824548E+03   -0.296223525049412274E+03
    0.433150732424578138E+02    0.136181629180478492E+01    0.331369027057996846E+02    0.883100234911844254E+09    0.592420685939717032E+03   -0.296210342969858516E+03
    0.335647818676708809E+02    0.135981877425842868E+01    0.238533080581303665E+02    0.666603925939774632E+09    0.592420591420979576E+03   -0.296210295710489788E+03
    0.335647818676708809E+02    0.135981877425842868E+01    0.238533080581303665E+02    0.666603925939774632E+09    0.592420591420979576E+03   -0.296210295710489788E+03
    0.488828107437543693E+02    0.135835899742112343E+01    0.219159145169942988E+02    0.717631267173029423E+09    0.592405010370816285E+03   -0.296202505185408143E+03
    0.322611600052670298E+02    0.135843332335673450E+01    0.360761377040023348E+02    0.786186532698111653E+09    0.592394932213544735E+03   -0.296197466106772367E+03
    0.438637463787066437E+02    0.135993972398490870E+01    0.332110751187175239E+02    0.918117996919723153E+09    0.592323684739080591E+03   -0.296161842369540295E+03
    0.438637463787066437E+02    0.135993972398490870E+01    0.332110751187175239E+02    0.918117996919723153E+09    0.592323684739080591E+03   -0.296161842369540295E+03
    0.613179490443431661E+02    0.135830867611642625E+01    0.265641385988623249E+02    0.741975219293009877E+09    0.592295648371786456E+03   -0.296147824185893228E+03
    0.613179490443431661E+02    0.135830867611642625E+01    0.265641385988623249E+02    0.741975219293009877E+09    0.592295648371786456E+03   -0.296147824185893228E+03
    0.311010820148617242E+02    0.136134607050986101E+01    0.350319363230803162E+02    0.844925598972901344E+09    0.592275340741399873E+03   -0.296137670370699936E+03
    0.311010820148617242E+02    0.136134607050986101E+01    0.350319363230803162E+02    0.844925598972901344E+09    0.592275340741399873E+03   -0.296137670370699936E+03
    0.304311888271758839E+02    0.135993425503806464E+01    0.359032728648642134E+02    0.718450811213305235E+09    0.592273528560809268E+03   -0.296136764280404634E+03
    0.552228354077214476E+02    0.136016267217520070E+01    0.322625928809237266E+02    0.634187375123958945E+09    0.592242588454228667E+03   -0.296121294227114333E+03
    0.490249317059775507E+02    0.135792176687329946E+01    0.307606222640687506E+02    0.878160183708456993E+09    0.592231485623598132E+03   -0.296115742811799066E+03
    0.490249317059775507E+02    0.135792176687329946E+01    0.307606222640687506E+02    0.878160183708456993E+09    0.592231485623598132E+03   -0.296115742811799066E+03
    0.523654306291129785E+02    0.135992752182571630E+01    0.229087236960772564E+02    0.750125725278489470E+09    0.592204100608591830E+03   -0.296102050304295915E+03
    0.523654306291129785E+02    0.135992752182571630E+01    0.229087236960772564E+02    0.750125725278489470E+09    0.592204100608591830E+03   -0.296102050304295915E+03
    0.589742577994511237E+02    0.135776860022812595E+01    0.308607544055467216E+02    0.768753275379305601E+09    0.592194776739451072E+03   -0.296097388369725536E+03
    0.589742577994511237E+02    0.135776860022812595E+01    0.308607544055467216E+02    0.768753275379305601E+09    0.592194776739451072E+03   -0.296097388369725536E+03
    0.240438437261529394E+02    0.136116364223381003E+01    0.286249774439516429E+02    0.777441959746611834E+09    0.592158538383262453E+03   -0.296079269191631226E+03
    0.377253238724816953E+02    0.136135949956577873E+01    0.285738487690609766E+02    0.911970945974867582E+09    0.592151107362274615E+03   -0.296075553681137308E+03
    0.415411651383088909E+02    0.135699666818997033E+01    0.269171075805228099E+02    0.860983507821715832E+09    0.592139298919574571E+03   -0.296069649459787286E+03
    0.427664906675478136E+02    0.136018869447942192E+01    0.295534922720919297E+02    0.602868277978062391E+09    0.592136706798469504E+03   -0.296068353399234752E+03
    0.588867198429325995E+02    0.135949405473313223E+01    0.333948942475305515E+02    0.793452387683016300E+09    0.592126585830222439E+03   -0.296063292915111219E+03
    0.588867198429325995E+02    0.135949405473313223E+01    0.333948942475305515E+02    0.793452387683016300E+09    0.592126585830222439E+03   -0.296063292915111219E+03
    0.437404314730889823E+02    0.136101096172517888E+01    0.296354269818017286E+02    0.622063662929688096E+09    0.592109605488912621E+03   -0.296054802744456310E+03
    0.437404314730889823E+02    0.136101096172517888E+01    0.296354269818017286E+02    0.622063662929688096E+09    0.592109605488912621E+03   -0.296054802744456310E+03
    0.347733937122580343E+02    0.135737314877136228E+01    0.258616473264561790E+02    0.857842587657024622E+09    0.592108225916139645E+03   -0.296054112958069823E+03
    0.347733937122580343E+02    0.135737314877136228E+01    0.258616473264561790E+02    0.857842587657024622E+09    0.592108225916139645E+03   -0.296054112958069823E+03
    0.550930508868516924E+02    0.136035506573292797E+01    0.254532369881672444E+02    0.656082575277243018E+09    0.592084297690399353E+03   -0.296042148845199677E+03
    0.506255325694358049E+02    0.136070257812640460E+01    0.256096237553987933E+02    0.849796011811334610E+09    0.592071938002721708E+03   -0.296035969001360854E+03
    0.564645001255513534E+02    0.135967603021603645E+01    0.249155613158846201E+02    0.665061174513262272E+09    0.592021613320608822E+03   -0.296010806660304411E+03
    0.564645001255513534E+02    0.135967603021603645E+01    0.249155613158846201E+02    0.665061174513262272E+09    0.592021613320608822E+03   -0.296010806660304411E+03
    0.274340871188461790E+02    0.135746269951700360E+01    0.313296678155185795E+02    0.766390311328068972E+09    0.592016463453056758E+03   -0.296008231726528379E+03
    0.559887319454651120E+02    0.135760121472562445E+01    0.284986606813884151E+02    0.648391784158331633E+09    0.592007401506947417E+03   -0.296003700753473709E+03
    0.559887319454651120E+02    0.135760121472562445E+01    0.284986606813884151E+02    0.648391784158331633E+09    0.592007401506947417E+03   -0.296003700753473709E+03
    0.609873519575517022E+02    0.136065850154134615E+01    0.283060707909818561E+02    0.712534993814026237E+09    0.591992526550462003E+03   -0.295996263275231001E+03
    0.609873519575517022E+02    0.136065850154134615E+01    0.283060707909818561E+02    0.712534993814026237E+09    0.591992526550462003E+03   -0.295996263275231001E+03
    0.270194676792854054E+02    0.136165172560361314E+01    0.311076165488526115E+02    0.789555643065421820E+09    0.591943823963902105E+03   -0.295971911981951052E+03
    0.327035908119105159E+02    0.136087179961560367E+01    0.245860586739160389E+02    0.834831440932983041E+09    0.591925176120174342E+03   -0.295962588060087171E+03
    0.556816570407504372E+02    0.136025015936090798E+01    0.258948350723753151E+02    0.655635297536293626E+09    0.591909105668112488E+03   -0.295954552834056244E+03
    0.533998827439510393E+02    0.135917610087668206E+01    0.332201886558997828E+02    0.853744822041990519E+09    0.591905678472406066E+03   -0.295952839236203033E+03
    0.321396587774050815E+02    0.136142266577579085E+01    0.348694181147119409E+02    0.792229547993579030E+09    0.591888480835713722E+03   -0.295944240417856861E+03
    0.271789735001712742E+02    0.135884170400579785E+01    0.322201419279987817E+02    0.878345863083551526E+09    0.591888178948599261E+03   -0.295944089474299631E+03
    0.428003417223397804E+02    0.136040112590587969E+01    0.276383083545387933E+02    0.614193429305001855E+09    0.591887309180143575E+03   -0.295943654590071787E+03
    0.440710075145348270E+02    0.136172475190567810E+01    0.294967731145587884E+02    0.882983313130412221E+09    0.591882551050712323E+03   -0.295941275525356161E+03
    0.313377079640699492E+02    0.136073088773391571E+01    0.322576196697402438E+02    0.675871535765831470E+09    0.591844169465831442E+03   -0.295922084732915721E+03
    0.360492513382559920E+02    0.135827581241983397E+01    0.313139398082030951E+02    0.901211133711010575E+09    0.591836352017409695E+03   -0.295918176008704847E+03
    0.361228913418843121E+02    0.136173309102210394E+01    0.254467821978992816E+02    0.752128483516612887E+09    0.591800110343906226E+03   -0.295900055171953113E+03
    0.361228913418843121E+02    0.136173309102210394E+01    0.254467821978992816E+02    0.752128483516612887E+09    0.591800110343906226E+03   -0.295900055171953113E+03
    0.449384988244773567E+02    0.135926982136280161E+01    0.283597247151476388E+02    0.599667872337626338E+09    0.591791463890364412E+03   -0.295895731945182206E+03
    0.436286397243273782E+02    0.136010578239007085E+01    0.275692083576908828E+02    0.610881308656787038E+09    0.591771767040984969E+03   -0.295885883520492484E+03
    0.373977988864960764E+02    0.135992277207966517E+01    0.270910309468215971E+02    0.622928530129685044E+09    0.591748355460829089E+03   -0.295874177730414544E+03
    0.437842988115842928E+02    0.135901481975561356E+01    0.369436070894463313E+02    0.734365988632954478E+09    0.591735380389047805E+03   -0.295867690194523902E+03
    0.315122329432600274E+02    0.136070215820294615E+01    0.252061536518616194E+02    0.706207072569600940E+09    0.591715040654660925E+03   -0.295857520327330462E+03
    0.315776307949760380E+02    0.135802404716575120E+01    0.327573924445772846E+02    0.854653155732675433E+09    0.591709294185358772E+03   -0.295854647092679386E+03
    0.487159547231234100E+02    0.136074229894404497E+01    0.323236231298789960E+02    0.639558960095811844E+09    0.591704305341527970E+03   -0.295852152670763985E+03
    0.287771659014112942E+02    0.136062870717364581E+01    0.312132056810185965E+02    0.688532363733113050E+09    0.591674987361851663E+03   -0.295837493680925832E+03
    0.294921224425048329E+02    0.136165666477992442E+01    0.321930553405179509E+02    0.771435937473878384E+09    0.591639147505865367E+03   -0.295819573752932683E+03
    0.415428158107518612E+02    0.136096636963875151E+01    0.240213995447267052E+02    0.801184154898682117E+09    0.591633095018609424E+03   -0.295816547509304712E+03
    0.415428158107518612E+02    0.136096636963875151E+01    0.240213995447267052E+02    0.801184154898682117E+09    0.591633095018609424E+03   -0.295816547509304712E+03
    0.398375321444153201E+02    0.135858507961651553E+01    0.343172357025143313E+02    0.668101379870058417E+09    0.591543749713378020E+03   -0.295771874856689010E+03
    0.467232563019842644E+02    0.135861380924176811E+01    0.358197346803256096E+02    0.706183198172923684E+09    0.591523224834470625E+03   -0.295761612417235312E+03
    0.497174171431137566E+02    0.135770164828593143E+01    0.316779138794716104E+02    0.653401586314939380E+09    0.591502503792878883E+03   -0.295751251896439442E+03
    0.497174171431137566E+02    0.135770164828593143E+01    0.316779138794716104E+02    0.653401586314939380E+09    0.591502503792878883E+03   -0.295751251896439442E+03
    0.467045744103274529E+02    0.135844021152097527E+01    0.247100830470267425E+02    0.637705116915647864E+09    0.591479558923120408E+03   -0.295739779461560204E+03
    0.340630114378547475E+02    0.135820600584120088E+01    0.343870889497453902E+02    0.817182844809463620E+09    0.591476226334287503E+03   -0.295738113167143752E+03
    0.607956338548496618E+02    0.135968562226925482E+01    0.278549100002701984E+02    0.744493390905905962E+09    0.591474665112271509E+03   -0.295737332556135755E+03
    0.394769579965211932E+02    0.135629903827181986E+01    0.293778540753410802E+02    0.752464758963139534E+09    0.591469744806391304E+03   -0.295734872403195652E+03
    0.394769579965211932E+02    0.135629903827181986E+01    0.293778540753410802E+02    0.752464758963139534E+09    0.591469744806391304E+03   -0.295734872403195652E+03
    0.425109835420227071E+02    0.136125518226349640E+01    0.311233397614866902E+02    0.893521773488968492E+09    0.591467057405102196E+03   -0.295733528702551098E+03
    0.528207670385169337E+02    0.135991756295747757E+01    0.349775729250673990E+02    0.796220955795720696E+09    0.591434924206724418E+03   -0.295717462103362209E+03
    0.409713767193997214E+02    0.135961603705270329E+01    0.301746000488252442E+02    0.916301200147965074E+09    0.591412838394734536E+03   -0.295706419197367268E+03
    0.394395534306834321E+02    0.136004712565203456E+01    0.295074018256713266E+02    0.913673575361342072E+09    0.591279445981838307E+03   -0.295639722990919154E+03
    0.363620471514968813E+02    0.135666842131145549E+01    0.303665936499169113E+02    0.769533014300908327E+09    0.591279190401684559E+03   -0.295639595200842280E+03
    0.363620471514968813E+02    0.135666842131145549E+01    0.303665936499169113E+02    0.769533014300908327E+09    0.591279190401684559E+03   -0.295639595200842280E+03
    0.425098367231369849E+02    0.136110329736615010E+01    0.278321111916181145E+02    0.650306798696576595E+09    0.591276247004832385E+03   -0.295638123502416192E+03
    0.425098367231369849E+02    0.136110329736615010E+01    0.278321111916181145E+02    0.650306798696576595E+09    0.591276247004832385E+03   -0.295638123502416192E+03
    0.396617209676890923E+02    0.135853757453064006E+01    0.266369717858703439E+02    0.884879361179880381E+09    0.591270038392057813E+03   -0.295635019196028907E+03
    0.257723783882535109E+02    0.135972215178038813E+01    0.329236100783519277E+02    0.802810688951704621E+09    0.591269345638012737E+03   -0.295634672819006369E+03
    0.525890214850696438E+02    0.136174836188137216E+01    0.293916605823127739E+02    0.746438282604202628E+09    0.591251149261111550E+03   -0.295625574630555775E+03
    0.521009602763490633E+02    0.135784386409684377E+01    0.251161678161909414E+02    0.683124599303984642E+09    0.591234988069921201E+03   -0.295617494034960600E+03
    0.521009602763490633E+02    0.135784386409684377E+01    0.251161678161909414E+02    0.683124599303984642E+09    0.591234988069921201E+03   -0.295617494034960600E+03
    0.343417064687336193E+02    0.135867780938762217E+01    0.338264530633323091E+02    0.690166367206100941E+09    0.591204191575591040E+03   -0.295602095787795520E+03
    0.343417064687336193E+02    0.135867780938762217E+01    0.338264530633323091E+02    0.690166367206100941E+09    0.591204191575591040E+03   -0.295602095787795520E+03
    0.567468826517873097E+02    0.135910497257597251E+01    0.316444560752437702E+02    0.663885788542271256E+09    0.591191939924731741E+03   -0.295595969962365871E+03
    0.567468826517873097E+02    0.135910497257597251E+01    0.316444560752437702E+02    0.663885788542271256E+09    0.591191939924731741E+03   -0.295595969962365871E+03
    0.550300024383943622E+02    0.135829062809187295E+01    0.250516039755789741E+02    0.734738738173741102E+09    0.591165964263649357E+03   -0.295582982131824679E+03
    0.550300024383943622E+02    0.135829062809187295E+01    0.250516039755789741E+02    0.734738738173741102E+09    0.591165964263649357E+03   -0.295582982131824679E+03
    0.432189046398730738E+02    0.136067569298609037E+01    0.271950969067900878E+02    0.640127275241045475E+09    0.591151966959572746E+03   -0.295575983479786373E+03
    0.460285139742662466E+02    0.136147618569009232E+01    0.340241356380745401E+02    0.717723452096658945E+09    0.591146893203585932E+03   -0.295573446601792966E+03
    0.480912007177741074E+02    0.135724434294662077E+01    0.326951852715116829E+02    0.750673624535550356E+09    0.591145667378666531E+03   -0.295572833689333265E+03
    0.480912007177741074E+02    0.135724434294662077E+01    0.326951852715116829E+02    0.750673624535550356E+09    0.591145667378666531E+03   -0.295572833689333265E+03
    0.522183702601527955E+02    0.135711649752226826E+01    0.309283934631911066E+02    0.731421075783558249E+09    0.591145484351841105E+03   -0.295572742175920553E+03
    0.318753791439803997E+02    0.136170002043602478E+01    0.309605669927196949E+02    0.751051912733874917E+09    0.591143121253486697E+03   -0.295571560626743349E+03
    0.344992343965512944E+02    0.136158629349629168E+01    0.330813078442185500E+02    0.744311087791898847E+09    0.591125873845886417E+03   -0.295562936922943209E+03
    0.390063345935027428E+02    0.135659208482360039E+01    0.302755376376956988E+02    0.746184172831826210E+09    0.591101692264250914E+03   -0.295550846132125457E+03
    0.380063945733659097E+02    0.136084753481453902E+01    0.351580759793679078E+02    0.830236368576776266E+09    0.591086250350310479E+03   -0.295543125175155240E+03
    0.380063945733659097E+02    0.136084753481453902E+01    0.351580759793679078E+02    0.830236368576776266E+09    0.591086250350310479E+03   -0.295543125175155240E+03
    0.399323038828165053E+02    0.136192283618733345E+01    0.281921819546200005E+02    0.723377406570037484E+09    0.591051627802594908E+03   -0.295525813901297454E+03
    0.399323038828165053E+02    0.136192283618733345E+01    0.281921819546200005E+02    0.723377406570037484E+09    0.591051627802594908E+03   -0.295525813901297454E+03
    0.560162544995821250E+02    0.135958336980577266E+01    0.307347187847342944E+02    0.815463999566073060E+09    0.591018299232232266E+03   -0.295509149616116133E+03
    0.560162544995821250E+02    0.135958336980577266E+01    0.307347187847342944E+02    0.815463999566073060E+09    0.591018299232232266E+03   -0.295509149616116133E+03
    0.504070221466492683E+02    0.135996064308803133E+01    0.354490115354941722E+02    0.715577234700433135E+09    0.591015138392364634E+03   -0.295507569196182317E+03
    0.299430980997965577E+02    0.135815262193141351E+01    0.298357233827233443E+02    0.848546018058131576E+09    0.591009374673307889E+03   -0.295504687336653944E+03
    0.299430980997965577E+02    0.135815262193141351E+01    0.298357233827233443E+02    0.848546018058131576E+09    0.591009374673307889E+03   -0.295504687336653944E+03
    0.302352679140568767E+02    0.136147482897366601E+01    0.298034706564419487E+02    0.754048794182583451E+09    0.590994254238253802E+03   -0.295497127119126901E+03
    0.459006171300507830E+02    0.135686035716360198E+01    0.257221911747371372E+02    0.738951911316230178E+09    0.590991913724613482E+03   -0.295495956862306741E+03
    0.526984434596370548E+02    0.135867235735424119E+01    0.305955156681023368E+02    0.838131032784442425E+09    0.590946018169083573E+03   -0.295473009084541786E+03
    0.526984434596370548E+02    0.135867235735424119E+01    0.305955156681023368E+02    0.838131032784442425E+09    0.590946018169083573E+03   -0.295473009084541786E+03
    0.259953969795264896E+02    0.135898689742045620E+01    0.276669536523356925E+02    0.751897996379478574E+09    0.590932136115285175E+03   -0.295466068057642588E+03
    0.469242473939107398E+02    0.135990268124292868E+01    0.262353033227545112E+02    0.859298116616989255E+09    0.590927263536314399E+03   -0.295463631768157200E+03
    0.549077039702330580E+02    0.135862049565577592E+01    0.253299676252930333E+02    0.748906547083101273E+09    0.590903571413458849E+03   -0.295451785706729424E+03
    0.338968359722600567E+02    0.135734435691315203E+01    0.306630637281325491E+02    0.712852329200230360E+09    0.590890471282689532E+03   -0.295445235641344766E+03
    0.353138162554282147E+02    0.136102288931195559E+01    0.336672862804071329E+02    0.853675439352983713E+09    0.590890418870170606E+03   -0.295445209435085303E+03
    0.353138162554282147E+02    0.136102288931195559E+01    0.336672862804071329E+02    0.853675439352983713E+09    0.590890418870170606E+03   -0.295445209435085303E+03
    0.354369561751246280E+02    0.136126528833427263E+01    0.339510866783994487E+02    0.746115944866222262E+09    0.590877411094164700E+03   -0.295438705547082350E+03
    0.558506415907903175E+02    0.135897082348772336E+01    0.269222171405335899E+02    0.786493977308493257E+09    0.590866713881379042E+03   -0.295433356940689521E+03
    0.367646694724376673E+02    0.135934309713759327E+01    0.263638030019026530E+02    0.648885695279301763E+09    0.590859178988342592E+03   -0.295429589494171296E+03
    0.367646694724376673E+02    0.135934309713759327E+01    0.263638030019026530E+02    0.648885695279301763E+09    0.590859178988342592E+03   -0.295429589494171296E+03
    0.454254932481886087E+02    0.135678488187672963E+01    0.277509141174170466E+02    0.697832576385960698E+09    0.590855090629826009E+03   -0.295427545314913004E+03
    0.454254932481886087E+02    0.135678488187672963E+01    0.277509141174170466E+02    0.697832576385960698E+09    0.590855090629826009E+03   -0.295427545314913004E+03
    0.449405373838548314E+02    0.136007315502475801E+01    0.360471606406619358E+02    0.757308113739350796E+09    0.590841712077566626E+03   -0.295420856038783313E+03
    0.484268033670752871E+02    0.136165923290158175E+01    0.321472133023086712E+02    0.728756634410331130E+09    0.590816903837085192E+03   -0.295408451918542596E+03
    0.484268033670752871E+02    0.136165923290158175E+01    0.321472133023086712E+02    0.728756634410331130E+09    0.590816903837085192E+03   -0.295408451918542596E+03
    0.365647326377499695E+02    0.135693597348036810E+01    0.300326386206385294E+02    0.775277077191015840E+09    0.590815288659571593E+03   -0.295407644329785796E+03
    0.433154007402021790E+02    0.135856032004185168E+01    0.337842021975085487E+02    0.676494899643730044E+09    0.590797011218032139E+03   -0.295398505609016070E+03
    0.433154007402021790E+02    0.135856032004185168E+01    0.337842021975085487E+02    0.676494899643730044E+09    0.590797011218032139E+03   -0.295398505609016070E+03
    0.389165930290899880E+02    0.135833594179794348E+01    0.339883300788902929E+02    0.818958686790869117E+09    0.590734690248567631E+03   -0.295367345124283815E+03
    0.381149490055824245E+02    0.136165856286902298E+01    0.288439008448485694E+02    0.838643462539397597E+09    0.590708755577406237E+03   -0.295354377788703118E+03
    0.409665712111491231E+02    0.136099965661952349E+01    0.304694554198132721E+02    0.664397852529676437E+09    0.590702011700459252E+03   -0.295351005850229626E+03
    0.489453094862126150E+02    0.136128754751923320E+01    0.320733853749859534E+02    0.811540479482836008E+09    0.590697828825665397E+03   -0.295348914412832698E+03
    0.299678495517196772E+02    0.136034835285421485E+01    0.323536591427238989E+02    0.857512155023759961E+09    0.590695234619188341E+03   -0.295347617309594170E+03
    0.339641340545352719E+02    0.135778228342226814E+01    0.306601034113650179E+02    0.828830264556778789E+09    0.590678724585802229E+03   -0.295339362292901114E+03
    0.263001550870779859E+02    0.135953421501718186E+01    0.310530465376003590E+02    0.748835176910808444E+09    0.590671720765267310E+03   -0.295335860382633655E+03
    0.520986371999996862E+02    0.136103698601235124E+01    0.322462387301859792E+02    0.704383040020127535E+09    0.590671580789192603E+03   -0.295335790394596302E+03
    0.520986371999996862E+02    0.136103698601235124E+01    0.322462387301859792E+02    0.704383040020127535E+09    0.590671580789192603E+03   -0.295335790394596302E+03
    0.461673466117044384E+02    0.136093817481449220E+01    0.271908570927465441E+02    0.670425950339633226E+09    0.590666513485495670E+03   -0.295333256742747835E+03
    0.390977473141355603E+02    0.136056677761330991E+01    0.354706773062788230E+02    0.768814384965865254E+09    0.590660737467613444E+03   -0.295330368733806722E+03
    0.453719047795250887E+02    0.136049221145793986E+01    0.247131598995564623E+02    0.703206204497173667E+09    0.590647755090527880E+03   -0.295323877545263940E+03
    0.442565770735948192E+02    0.135833505069757887E+01    0.292874858786300329E+02    0.868186981765138149E+09    0.590639995288433056E+03   -0.295319997644216528E+03
    0.493089285488136824E+02    0.135774152985840524E+01    0.322289994702938429E+02    0.777858449140712142E+09    0.590631797613745448E+03   -0.295315898806872724E+03
    0.416785242222518093E+02    0.135721892405648537E+01    0.258749044807849202E+02    0.707254943897390962E+09    0.590588924084922951E+03   -0.295294462042461475E+03
    0.392392251340981488E+02    0.136073490008592790E+01    0.344781977480344253E+02    0.830595995675449491E+09    0.590587037842688460E+03   -0.295293518921344230E+03
    0.355908285460055609E+02    0.136071082693254675E+01    0.262736909109833050E+02    0.701541879913521886E+09    0.590565900283401447E+03   -0.295282950141700724E+03
    0.399908811833290088E+02    0.135953759805096652E+01    0.353911677893778105E+02    0.716798164924146891E+09    0.590525236965501222E+03   -0.295262618482750611E+03
    0.571775121333641323E+02    0.135885552127479148E+01    0.288085289859201410E+02    0.767104316231298685E+09    0.590515926093499502E+03   -0.295257963046749751E+03
    0.388007526398882021E+02    0.135793008431602669E+01    0.327748413105544785E+02    0.702270169693132162E+09    0.590505849763713741E+03   -0.295252924881856870E+03
    0.447021327012225171E+02    0.135859609336221454E+01    0.313122715015076274E+02    0.644826700279187322E+09    0.590483707300972924E+03   -0.295241853650486462E+03
    0.435506398208905665E+02    0.136027760510529250E+01    0.312161339363710262E+02    0.648919074486884713E+09    0.590479246854697976E+03   -0.295239623427348988E+03
    0.424004604380857799E+02    0.135709528411324110E+01    0.262100771802603099E+02    0.717615749933037281E+09    0.590474345338347575E+03   -0.295237172669173788E+03
    0.521828525188201837E+02    0.135867219397520622E+01    0.316453481043273364E+02    0.808142139096179962E+09    0.590471023965947666E+03   -0.295235511982973833E+03
    0.360737507059406255E+02    0.135732647505774784E+01    0.310590261537318497E+02    0.748537707150941610E+09    0.590470746562072691E+03   -0.295235373281036345E+03
    0.488019577194938066E+02    0.135813021229800257E+01    0.288820477711106633E+02    0.648720323439985394E+09    0.590459571779570297E+03   -0.295229785889785148E+03
    0.477968483853450650E+02    0.135938989388577358E+01    0.331701282468448966E+02    0.668332056933975697E+09    0.590424462650032410E+03   -0.295212231325016205E+03
    0.352055870599926237E+02    0.135940595701709510E+01    0.269236995030865955E+02    0.667725654837997794E+09    0.590416354359934303E+03   -0.295208177179967151E+03
    0.289235029169699835E+02    0.135885870158577782E+01    0.300328765801731166E+02    0.712252247879989982E+09    0.590406687233399566E+03   -0.295203343616699783E+03
    0.289235029169699835E+02    0.135885870158577782E+01    0.300328765801731166E+02    0.712252247879989982E+09    0.590406687233399566E+03   -0.295203343616699783E+03
    0.491954706321621060E+02    0.135994164353120017E+01    0.253293724874346466E+02    0.686358386173164248E+09    0.590402872295498241E+03   -0.295201436147749121E+03
    0.424130076817053308E+02    0.135938657607269620E+01    0.345251091001875992E+02    0.831167074030342221E+09    0.590394248610768386E+03   -0.295197124305384193E+03
    0.526196431251686931E+02    0.135928053081346412E+01    0.337422221133725984E+02    0.773110256613402486E+09    0.590388759773721972E+03   -0.295194379886860986E+03
    0.521617005538698635E+02    0.135996684372690968E+01    0.294374943244437475E+02    0.654995443973524570E+09    0.590378621815886618E+03   -0.295189310907943309E+03
    0.504546338791114195E+02    0.136092322610266736E+01    0.266942601051271282E+02    0.713555799470046997E+09    0.590378218356063599E+03   -0.295189109178031799E+03
    0.501595853264026204E+02    0.136138003408084485E+01    0.300730186399790327E+02    0.783326197966378093E+09    0.590376999514060799E+03   -0.295188499757030399E+03
    0.501595853264026204E+02    0.136138003408084485E+01    0.300730186399790327E+02    0.783326197966378093E+09    0.590376999514060799E+03   -0.295188499757030399E+03
    0.304641223981733127E+02    0.135956918909490865E+01    0.260703296519386711E+02    0.743392655462167144E+09    0.590349055575491548E+03   -0.295174527787745774E+03
    0.304641223981733127E+02    0.135956918909490865E+01    0.260703296519386711E+02    0.743392655462167144E+09    0.590349055575491548E+03   -0.295174527787745774E+03
    0.366623583970582771E+02    0.136151370898634294E+01    0.286984829387881888E+02    0.730911363446104169E+09    0.590339132405604573E+03   -0.295169566202802287E+03
    0.544471296877692268E+02    0.135990859765284711E+01    0.307077533895171513E+02    0.798912300803315282E+09    0.590332684885772778E+03   -0.295166342442886389E+03
    0.474693802928355382E+02    0.135850471058712441E+01    0.278494531126319451E+02    0.841996694122988462E+09    0.590329575328641795E+03   -0.295164787664320897E+03
    0.313258499000925852E+02    0.136000264966320406E+01    0.331436359214103291E+02    0.830903041800595760E+09    0.590324357374311262E+03   -0.295162178687155631E+03
    0.400593189506632115E+02    0.135709929273710550E+01    0.295764881876403969E+02    0.711214664532421112E+09    0.590322624653095886E+03   -0.295161312326547943E+03
    0.432866293152213686E+02    0.136068192320634096E+01    0.346562378194890925E+02    0.728626460812416196E+09    0.590308110525131610E+03   -0.295154055262565805E+03
    0.399882903265385039E+02    0.135983447882101260E+01    0.353861218896856755E+02    0.747177614478792548E+09    0.590305910186747383E+03   -0.295152955093373691E+03
    0.356302016715860503E+02    0.136128744601621721E+01    0.328771342965795554E+02    0.769837419908904791E+09    0.590298700899317510E+03   -0.295149350449658755E+03
    0.331750718829098190E+02    0.135960887178851531E+01    0.282306846811130043E+02    0.872056637169506788E+09    0.590288871747848475E+03   -0.295144435873924238E+03
    0.428038408003425914E+02    0.135868163440798262E+01    0.282827048857876235E+02    0.638827566681805849E+09    0.590278352510043533E+03   -0.295139176255021766E+03
    0.493000590887876839E+02    0.135993249203312327E+01    0.334032944713964639E+02    0.812933854358929873E+09    0.590252227914233572E+03   -0.295126113957116786E+03
    0.406149166119021601E+02    0.136098959288800048E+01    0.279298534311041564E+02    0.849891099738786101E+09    0.590226509054457892E+03   -0.295113254527228946E+03
    0.499132571956376481E+02    0.135840676092953272E+01    0.294993138205937022E+02    0.821952070280658007E+09    0.590217478760066797E+03   -0.295108739380033398E+03
    0.297786247443305854E+02    0.135898150195167888E+01    0.278153516721713352E+02    0.817529944159873605E+09    0.590209455527626233E+03   -0.295104727763813116E+03
    0.351585106482659384E+02    0.136091424326835297E+01    0.325643592709260972E+02    0.838132847089984655E+09    0.590202021050944722E+03   -0.295101010525472361E+03
    0.349712930754760123E+02    0.136057495114187277E+01    0.294454976217160862E+02    0.686194468367377520E+09    0.590190065293227690E+03   -0.295095032646613845E+03
    0.427332247439691955E+02    0.135992263435113458E+01    0.323737191746175057E+02    0.867757944467919827E+09    0.590183251697007563E+03   -0.295091625848503782E+03
    0.562778009893450744E+02    0.135979745003435704E+01    0.317394674363071942E+02    0.723114924644648910E+09    0.590182757024160765E+03   -0.295091378512080382E+03
    0.552216664408383480E+02    0.136002762153047208E+01    0.307436352896843275E+02    0.778355066912208438E+09    0.590182083342475494E+03   -0.295091041671237747E+03
    0.326810590460972321E+02    0.135860537074632814E+01    0.268830980893504723E+02    0.703391646228020906E+09    0.590177689329237637E+03   -0.295088844664618819E+03
    0.411157315241405357E+02    0.136070861401610443E+01    0.255410726298360409E+02    0.718395317363296151E+09    0.590154235571008371E+03   -0.295077117785504186E+03
    0.478275867703677733E+02    0.136130247806824434E+01    0.322953282626673257E+02    0.765198809393719316E+09    0.590137878268739996E+03   -0.295068939134369998E+03
    0.469596589584538719E+02    0.135767659159625365E+01    0.271547686810281412E+02    0.686639873722343683E+09    0.590135288846305684E+03   -0.295067644423152842E+03
    0.470862130953623748E+02    0.136007346075778091E+01    0.249759264843008211E+02    0.714125866734316707E+09    0.590117172679566920E+03   -0.295058586339783460E+03
    0.378114396739198071E+02    0.136139999828449532E+01    0.284313802576359294E+02    0.727774968145879865E+09    0.590115564702458869E+03   -0.295057782351229434E+03
    0.525943591103948975E+02    0.136052901442521357E+01    0.297221994803550444E+02    0.687693738555476189E+09    0.590109271260080618E+03   -0.295054635630040309E+03
    0.514437777888865355E+02    0.135791542371988494E+01    0.309137579631131381E+02    0.758063952687670946E+09    0.590104079158080594E+03   -0.295052039579040297E+03
    0.410701334609078685E+02    0.135722992643387874E+01    0.303032235023948715E+02    0.758515309126168847E+09    0.590100598886675812E+03   -0.295050299443337906E+03
    0.418724239181927658E+02    0.136086658527756166E+01    0.324740256601083459E+02    0.844854747126098037E+09    0.590098742977547545E+03   -0.295049371488773772E+03
    0.543842343603840206E+02    0.135809612172950889E+01    0.295363350943285141E+02    0.725198274189988017E+09    0.590079361100080632E+03   -0.295039680550040316E+03
    0.405894454762035792E+02    0.136000314077812079E+01    0.350185440738336098E+02    0.770038416447556615E+09    0.590053861231356223E+03   -0.295026930615678111E+03
    0.445949476505754063E+02    0.135818269148089299E+01    0.335157471629784354E+02    0.757619173523040533E+09    0.590053628526599596E+03   -0.295026814263299798E+03
    0.463331113791213554E+02    0.136094808261343103E+01    0.320706660403182156E+02    0.698023787252510428E+09    0.590051715703441118E+03   -0.295025857851720559E+03
    0.308871426353794014E+02    0.136075303089258903E+01    0.291192767316264316E+02    0.800571912340379357E+09    0.590051613017569707E+03   -0.295025806508784854E+03
    0.432241132203179177E+02    0.136020146007066778E+01    0.314201266178138141E+02    0.867072765344259858E+09    0.590046010154319788E+03   -0.295023005077159894E+03
    0.532155615591455984E+02    0.136085351700671620E+01    0.305262351953129887E+02    0.745972997574375153E+09    0.590038884691983526E+03   -0.295019442345991763E+03
    0.354083875384962212E+02    0.135864868510484138E+01    0.278473341519238922E+02    0.678172920127255321E+09    0.590019101608158280E+03   -0.295009550804079140E+03
    0.505611724896137389E+02    0.135981720808986939E+01    0.271556303904992760E+02    0.671832819051539660E+09    0.590014275238097071E+03   -0.295007137619048535E+03
    0.548678459012493889E+02    0.135839190721711534E+01    0.283931767359712914E+02    0.709587899164638162E+09    0.590014044075439870E+03   -0.295007022037719935E+03
    0.503685977194482533E+02    0.135888404408721808E+01    0.276441936174732241E+02    0.809741896328135729E+09    0.590013554306703782E+03   -0.295006777153351891E+03
    0.508207714280363589E+02    0.136045486839878560E+01    0.274811115685629055E+02    0.691583241552012324E+09    0.589999118699995734E+03   -0.294999559349997867E+03
    0.346216357434206472E+02    0.135941052007512031E+01    0.259481488957044419E+02    0.806743123572686195E+09    0.589996507643100358E+03   -0.294998253821550179E+03
    0.442090487897399456E+02    0.135946038789750778E+01    0.261210834695645282E+02    0.830082613592346072E+09    0.589995031591237648E+03   -0.294997515795618824E+03
    0.498708144478117532E+02    0.135983993576150275E+01    0.341702729811087735E+02    0.746951091621894002E+09    0.589990749344475489E+03   -0.294995374672237745E+03
    0.444495124192188911E+02    0.136128342299384086E+01    0.300853644553408515E+02    0.815770101846024036E+09    0.589987599827584063E+03   -0.294993799913792031E+03
    0.524951598757307636E+02    0.135810815223887604E+01    0.310487225658569344E+02    0.713968139058936238E+09    0.589981567235684452E+03   -0.294990783617842226E+03
    0.491669964339498975E+02    0.136106927074365491E+01    0.320466212477045005E+02    0.770107495011868358E+09    0.589959141818355647E+03   -0.294979570909177824E+03
    0.453415645957663429E+02    0.135889996344486241E+01    0.299799760418649157E+02    0.647908315827313662E+09    0.589949720853750250E+03   -0.294974860426875125E+03
    0.469087539463262857E+02    0.136116745336016387E+01    0.319174543525501626E+02    0.789335500155755520E+09    0.589942610592424671E+03   -0.294971305296212336E+03
    0.477675882874182989E+02    0.135869393435723995E+01    0.262406515212503955E+02    0.672898486816172004E+09    0.589942567472529845E+03   -0.294971283736264922E+03
    0.363301674775400087E+02    0.135838291632343777E+01    0.322001762347782332E+02    0.810889581426036954E+09    0.589941850149997208E+03   -0.294970925074998604E+03
    0.393803221080873413E+02    0.135753638950285715E+01    0.272722602929481575E+02    0.773427047531968355E+09    0.589920037084508522E+03   -0.294960018542254261E+03
    0.382062461725154350E+02    0.136027945936999650E+01    0.341844717981945223E+02    0.731950302950382113E+09    0.589915155481182182E+03   -0.294957577740591091E+03
    0.423327136128065646E+02    0.136050791592219489E+01    0.320234053486542294E+02    0.852312958336868167E+09    0.589897738534953987E+03   -0.294948869267476994E+03
    0.472198446483485128E+02    0.136081781491145470E+01    0.333885169607613790E+02    0.741168186607900023E+09    0.589897115691131148E+03   -0.294948557845565574E+03
    0.406692027042687272E+02    0.136004242718757729E+01    0.281442224122088760E+02    0.663473301826494098E+09    0.589872541008266353E+03   -0.294936270504133176E+03
    0.492598480050344776E+02    0.135879331907490086E+01    0.298371502295450455E+02    0.659050522240144491E+09    0.589869715495427613E+03   -0.294934857747713806E+03
    0.354448965107320504E+02    0.136110164780021869E+01    0.278094684449904435E+02    0.768577573969651461E+09    0.589862093424175782E+03   -0.294931046712087891E+03
    0.547312984626645544E+02    0.135892710164739228E+01    0.303172145693948352E+02    0.699752386662714243E+09    0.589834877303698136E+03   -0.294917438651849068E+03
    0.369353487951321640E+02    0.135849226431333414E+01    0.320423031156601681E+02    0.700520325962826848E+09    0.589832753256805745E+03   -0.294916376628402872E+03
    0.415329306829699547E+02    0.135936656920873022E+01    0.302198104400374596E+02    0.869111710578030467E+09    0.589830651884796907E+03   -0.294915325942398454E+03
    0.388309395990904207E+02    0.135827273942073545E+01    0.262578220751158149E+02    0.697424734747591496E+09    0.589809852811249129E+03   -0.294904926405624565E+03
    0.461428292568370892E+02    0.136064220485733656E+01    0.324865539903210134E+02    0.809525555868290663E+09    0.589798006388302497E+03   -0.294899003194151248E+03
    0.442128323400333514E+02    0.136020008175175389E+01    0.266253237588644929E+02    0.816542901145099640E+09    0.589794116497485902E+03   -0.294897058248742951E+03
    0.400700630667753614E+02    0.135855835729076535E+01    0.303674795533384057E+02    0.669031459267424226E+09    0.589793096411675492E+03   -0.294896548205837746E+03
    0.551746293545399311E+02    0.135929655183570386E+01    0.297173372371827718E+02    0.701545521208476305E+09    0.589790079726106910E+03   -0.294895039863053455E+03
    0.325097733347393785E+02    0.136070544730756993E+01    0.298743930256623287E+02    0.813223292409734964E+09    0.589780221445696498E+03   -0.294890110722848249E+03
    0.531549024009102169E+02    0.135857701951172372E+01    0.316763690198970771E+02    0.725158162699981928E+09    0.589772625721726399E+03   -0.294886312860863200E+03
    0.468023497534139850E+02    0.136127205340523161E+01    0.313011011625079725E+02    0.765002143985421538E+09    0.589771428580824249E+03   -0.294885714290412125E+03
    0.348062100764760274E+02    0.135885020291420644E+01    0.303083718983446033E+02    0.688110510048122406E+09    0.589768773849699983E+03   -0.294884386924849991E+03
    0.356003901533349207E+02    0.135901542424747745E+01    0.254331970107048768E+02    0.742325863746603847E+09    0.589764934868880118E+03   -0.294882467434440059E+03
    0.405412626287227340E+02    0.136107483838275223E+01    0.321885942127453930E+02    0.720612724442604899E+09    0.589747383288907031E+03   -0.294873691644453515E+03
    0.412386577814819262E+02    0.136011562751216153E+01    0.264853364828490250E+02    0.821379140564341784E+09    0.589734939365450145E+03   -0.294867469682725073E+03
    0.498246464262537074E+02    0.136089247758456811E+01    0.299906345759101178E+02    0.749045860138968706E+09    0.589502954745313104E+03   -0.294751477372656552E+03
    0.439467777969002000E+02    0.136069158775209664E+01    0.301905131340973725E+02    0.751353578130910516E+09    0.588816653891458600E+03   -0.294408326945729300E+03
    0.339560657501591763E+02    0.135913956944266334E+01    0.305305480210169513E+02    0.809206581222211123E+09    0.589254593268535018E+03   -0.294627296634267509E+03
    0.466785674754207989E+02    0.135897582491734115E+01    0.301805482045098543E+02    0.727041453394000888E+09    0.588470118341746229E+03   -0.294235059170873114E+03
    0.364532509297648843E+02    0.136024054625718849E+01    0.316254283758656562E+02    0.792427703916127801E+09    0.589040220585083944E+03   -0.294520110292541972E+03
    0.445279696693584839E+02    0.136049000182936375E+01    0.274334913156944360E+02    0.741018312884955883E+09    0.589042806015263750E+03   -0.294521403007631875E+03
    0.378529865526178142E+02    0.135958539627088904E+01    0.292113005571684283E+02    0.705871442626178265E+09    0.588816794461532481E+03   -0.294408397230766241E+03
    0.487128032895363674E+02    0.135829156202836598E+01    0.305132054368454249E+02    0.736904174218761921E+09    0.589132836034525099E+03   -0.294566418017262549E+03
    0.360518829762657163E+02    0.135969774250349129E+01    0.293302868103566823E+02    0.743301177238478065E+09    0.588630351034238174E+03   -0.294315175517119087E+03
    0.396120833961773329E+02    0.136067054951539457E+01    0.272275127785345390E+02    0.737220648277758360E+09    0.589315622922591956E+03   -0.294657811461295978E+03
    0.514146288132899727E+02    0.135814272275472914E+01    0.281147843523303358E+02    0.730315707721723199E+09    0.589574869217493756E+03   -0.294787434608746878E+03
    0.470274159983187374E+02    0.135945828239328659E+01    0.289186811897000311E+02    0.718670126116292238E+09    0.588472025845794860E+03   -0.294236012922897430E+03
    0.470274159983187374E+02    0.135945828239328659E+01    0.289186811897000311E+02    0.718670126116292238E+09    0.588472025845794860E+03   -0.294236012922897430E+03
    0.511020418436250878E+02    0.135896428598970265E+01    0.260571115689754791E+02    0.733934812201471686E+09    0.589662553893990662E+03   -0.294831276946995331E+03
    0.404854066186969774E+02    0.135882749491400889E+01    0.278375904368387594E+02    0.684391364816374779E+09    0.589239106425995715E+03   -0.294619553212997857E+03
    0.468039935613512981E+02    0.135936432655895212E+01    0.329464617181336976E+02    0.786804647009317636E+09    0.589333917019050887E+03   -0.294666958509525443E+03
    0.420106293590342830E+02    0.135966205538614826E+01    0.313567153795989313E+02    0.737770141577449560E+09    0.588429321184511423E+03   -0.294214660592255711E+03
    0.420106293590342830E+02    0.135966205538614826E+01    0.313567153795989313E+02    0.737770141577449560E+09    0.588429321184511423E+03   -0.294214660592255711E+03
    0.414809454516199096E+02    0.136083096157025318E+01    0.333012686773493343E+02    0.787767571733652115E+09    0.589711929261934756E+03   -0.294855964630967378E+03
    0.443305505656016621E+02    0.135893293671634519E+01    0.304573113360273595E+02    0.690890419259135723E+09    0.588942104911368006E+03   -0.294471052455684003E+03
    0.461176540176575500E+02    0.135887126904769806E+01    0.309526437217514037E+02    0.782430718595316529E+09    0.588835539116064410E+03   -0.294417769558032205E+03
    0.444774810812774533E+02    0.136062680127410585E+01    0.310835978224746086E+02    0.742974467632508516E+09    0.588874671349397090E+03   -0.294437335674698545E+03
    0.349410245902949512E+02    0.136024559239719856E+01    0.318798032419251101E+02    0.806885749393406272E+09    0.589394626992240660E+03   -0.294697313496120330E+03
    0.421435690884435488E+02    0.135814791207039609E+01    0.296484273646334131E+02    0.823897049357683659E+09    0.589724976942300600E+03   -0.294862488471150300E+03
    0.525172975295953535E+02    0.135852715951549174E+01    0.276206693587887067E+02    0.746835935720461726E+09    0.589615246092341977E+03   -0.294807623046170988E+03
    0.438741378335332044E+02    0.135925150804152395E+01    0.326228695191571063E+02    0.737850931730969906E+09    0.588820139284730885E+03   -0.294410069642365443E+03
    0.339590562281169142E+02    0.136015437146588591E+01    0.312952217927474905E+02    0.728804760169641256E+09    0.589320187854950973E+03   -0.294660093927475486E+03
    0.370822399959894611E+02    0.136027389795200659E+01    0.290915851350559578E+02    0.745531144755275846E+09    0.588762186957245376E+03   -0.294381093478622688E+03
    0.426618739723418514E+02    0.135910220300081419E+01    0.293713823431757319E+02    0.682586137398043275E+09    0.589003117244966461E+03   -0.294501558622483230E+03
    0.484339721567208699E+02    0.135942690942063948E+01    0.272857703633584734E+02    0.782475128319847941E+09    0.589200410136184018E+03   -0.294600205068092009E+03
    0.447703000388930121E+02    0.135797309966463309E+01    0.288163224297088725E+02    0.747354835291429162E+09    0.589086265872634385E+03   -0.294543132936317193E+03
    0.393662152873092808E+02    0.136090659300462868E+01    0.307606115681345287E+02    0.748438367284135222E+09    0.589120180826342676E+03   -0.294560090413171338E+03
    0.303700231936412735E+02    0.135993363946343115E+01    0.294979864704947197E+02    0.759520996037353635E+09    0.589549554837148435E+03   -0.294774777418574217E+03
    0.376302296330863868E+02    0.135984553970261768E+01    0.280327962063833489E+02    0.746236477035529017E+09    0.588670761654711896E+03   -0.294335380827355948E+03
    0.413530207326367858E+02    0.135923586815987507E+01    0.285938995014055557E+02    0.848631277042894483E+09    0.589447793623877260E+03   -0.294723896811938630E+03
    0.359248358216925610E+02    0.136035225997557419E+01    0.282572975527853885E+02    0.824164026273572564E+09    0.589446882845733285E+03   -0.294723441422866642E+03
    0.514829916145737556E+02    0.135949030880513266E+01    0.276956033756546631E+02    0.758930047111547828E+09    0.589275716685236603E+03   -0.294637858342618301E+03
    0.450267182534749182E+02    0.136061638384704908E+01    0.287130999813139596E+02    0.739832642053886652E+09    0.588886857333608305E+03   -0.294443428666804152E+03
    0.410636773009270826E+02    0.136110166967143509E+01    0.306521025268387746E+02    0.716490173032855272E+09    0.589523177029241992E+03   -0.294761588514620996E+03
    0.437738019536541429E+02    0.135929553266366687E+01    0.283603419871884590E+02    0.748451848825137258E+09    0.588335859572878690E+03   -0.294167929786439345E+03
    0.361327834803603665E+02    0.135911870890438102E+01    0.333338356562422859E+02    0.740944146902401090E+09    0.589528774834616343E+03   -0.294764387417308171E+03
    0.441681388913564135E+02    0.135853864211835584E+01    0.301177239006779622E+02    0.719463141424969196E+09    0.588615106228281547E+03   -0.294307553114140774E+03
    0.505488749312287240E+02    0.135962644876845595E+01    0.280543780781157714E+02    0.743662097240745068E+09    0.588988087179526474E+03   -0.294494043589763237E+03
    0.325585454571652733E+02    0.136051628988927864E+01    0.291590148803282538E+02    0.805072005068076253E+09    0.589649276290109128E+03   -0.294824638145054564E+03
    0.476054943228578367E+02    0.135903801511175248E+01    0.311839257592776136E+02    0.783791630804310441E+09    0.588958696741639642E+03   -0.294479348370819821E+03
    0.427389121075494884E+02    0.135990075218860995E+01    0.324985546633017890E+02    0.751927728647626638E+09    0.588763862800363540E+03   -0.294381931400181770E+03
    0.525309990128113000E+02    0.135878343753404418E+01    0.304525910682982470E+02    0.737863105321415901E+09    0.589293919869645833E+03   -0.294646959934822917E+03
    0.493292875209281050E+02    0.135852039290142779E+01    0.270647081941994720E+02    0.750551563223758221E+09    0.589298342366225143E+03   -0.294649171183112571E+03
    0.415875527977916235E+02    0.135829760279311906E+01    0.282245570215411981E+02    0.828449155282122731E+09    0.589708115577452077E+03   -0.294854057788726038E+03
    0.358921367239660825E+02    0.136114245847075521E+01    0.301544198255238314E+02    0.792510338001822948E+09    0.589650847969257597E+03   -0.294825423984628799E+03
    0.402526280937168792E+02    0.135890491701730265E+01    0.333586810405463368E+02    0.787220855739268184E+09    0.589456585879601789E+03   -0.294728292939800895E+03
    0.349216511206027320E+02    0.135941966091625144E+01    0.288856761404958462E+02    0.707221480612596750E+09    0.589159188776137626E+03   -0.294579594388068813E+03
    0.508131302365709416E+02    0.135930657189960558E+01    0.263937818312504007E+02    0.734961628808314323E+09    0.589465698698018628E+03   -0.294732849349009314E+03
    0.451005173999100748E+02    0.135975578852779488E+01    0.277294560522374987E+02    0.675628966110942364E+09    0.589399858785326387E+03   -0.294699929392663194E+03
    0.466742857729658525E+02    0.135902952517144149E+01    0.270634841097123768E+02    0.697139547878317833E+09    0.589097418970411354E+03   -0.294548709485205677E+03
    0.488546589559340489E+02    0.135825894740227837E+01    0.303822854749108657E+02    0.710799570068448544E+09    0.589258023985150658E+03   -0.294629011992575329E+03
    0.496068396381097330E+02    0.135964528866692191E+01    0.335556355516784564E+02    0.744875370095959425E+09    0.589612016141633376E+03   -0.294806008070816688E+03
    0.401802095422039756E+02    0.135912471012500324E+01    0.315545946325965900E+02    0.807364274072843671E+09    0.589002107890479692E+03   -0.294501053945239846E+03
    0.387200667354049415E+02    0.136047510778665193E+01    0.316033976936730845E+02    0.735046154778845549E+09    0.588984053612530033E+03   -0.294492026806265017E+03
    0.311493625199458428E+02    0.135983345917608145E+01    0.279960111042653494E+02    0.745739682914262533E+09    0.589611087532540751E+03   -0.294805543766270375E+03
    0.521866233662492363E+02    0.135885144888659526E+01    0.305456369535883390E+02    0.717728746666880369E+09    0.589209835205057971E+03   -0.294604917602528985E+03
    0.385040885296362987E+02    0.136120719327227735E+01    0.285836327803521968E+02    0.757379798381915689E+09    0.589571935376699230E+03   -0.294785967688349615E+03
    0.464161178871101541E+02    0.135927376472723016E+01    0.301580964037631567E+02    0.789025007970430374E+09    0.588721520086640339E+03   -0.294360760043320170E+03
    0.416657966899898327E+02    0.135839058475322472E+01    0.288360139044009465E+02    0.705876076857558131E+09    0.588900707344859825E+03   -0.294450353672429912E+03
    0.332327018219106662E+02    0.136032161923431683E+01    0.288767718081393134E+02    0.728791295293265343E+09    0.589442112062455294E+03   -0.294721056031227647E+03
    0.381795740673101776E+02    0.135998573558404035E+01    0.284910967772129702E+02    0.776665099939598083E+09    0.588635850870070726E+03   -0.294317925435035363E+03
    0.511731595484219568E+02    0.135980071311302586E+01    0.311649303436124612E+02    0.747872782609046459E+09    0.589088184955951874E+03   -0.294544092477975937E+03
    0.407596621006124948E+02    0.135838308747630898E+01    0.290751707752397053E+02    0.740520279466116071E+09    0.588673475370895289E+03   -0.294336737685447645E+03
    0.445111393711379293E+02    0.135781898624457154E+01    0.280735725734719495E+02    0.780962639669600487E+09    0.589580852869216642E+03   -0.294790426434608321E+03
    0.394922075688095973E+02    0.135986878556227242E+01    0.310171116009224797E+02    0.798357151157957077E+09    0.588718293035400052E+03   -0.294359146517700026E+03
    0.378915115454255300E+02    0.136069474876239438E+01    0.291253711944152407E+02    0.774615511776811481E+09    0.588990420342017842E+03   -0.294495210171008921E+03
    0.367692891697160178E+02    0.136070664001541064E+01    0.311003874857664790E+02    0.825099585686501861E+09    0.589487591057037434E+03   -0.294743795528518717E+03
    0.328019889894893666E+02    0.135907813323418769E+01    0.304356055672084800E+02    0.732105006288734794E+09    0.589242380131522850E+03   -0.294621190065761425E+03
    0.466164092411756812E+02    0.135917294017025814E+01    0.290268662416594161E+02    0.754600678968284249E+09    0.588435462613668506E+03   -0.294217731306834253E+03
    0.348054457072352648E+02    0.136057233225585783E+01    0.283430689950578056E+02    0.747376513800314784E+09    0.589333417331444025E+03   -0.294666708665722012E+03
    0.439702110886518156E+02    0.136040872692445758E+01    0.273979252747598920E+02    0.814695917386582255E+09    0.589587001405118599E+03   -0.294793500702559299E+03
    0.427784311804306654E+02    0.135848413874774887E+01    0.319412098261158910E+02    0.735909931832185268E+09    0.588995734387063976E+03   -0.294497867193531988E+03
    0.513782923556137305E+02    0.135879944646977346E+01    0.304573086102934418E+02    0.738597836997215748E+09    0.589097781638403376E+03   -0.294548890819201688E+03
    0.391607077090589897E+02    0.135820280343596478E+01    0.301880356714101055E+02    0.689485205344399810E+09    0.589622181020417429E+03   -0.294811090510208714E+03
    0.444964012901105619E+02    0.136036771849436877E+01    0.280513984024723513E+02    0.790658870732628942E+09    0.589062017490994322E+03   -0.294531008745497161E+03
