    0.520444284674756616E+02    0.136416567223718088E+01    0.237320852106820368E+02    0.138532868222745085E+10    0.350356397077695419E+03   -0.175178198538847710E+03
    0.495116837567302710E+02    0.135925471928951924E+01    0.168085608853398796E+02    0.146976623123362303E+09    0.348108111569782977E+03   -0.174054055784891489E+03
    0.377029916939410725E+02    0.136031228704875629E+01    0.119267658978078579E+02    0.257485723760519862E+09    0.347230359685075427E+03   -0.173615179842537714E+03
    0.165678378742138328E+02    0.136650914653893851E+01    0.149867138208488022E+02    0.593133465508692861E+09    0.347202473229151565E+03   -0.173601236614575782E+03
    0.304344372372020793E+02    0.135667856533726749E+01    0.226627348301525871E+02    0.139471423117227292E+10    0.346797020297746940E+03   -0.173398510148873470E+03
    0.577028147029001914E+02    0.136256390453136622E+01    0.169694398785445273E+02    0.181182837529346764E+09    0.345922297658697630E+03   -0.172961148829348815E+03
    0.105063602518811443E+02    0.136052415888443012E+01    0.115365882431292146E+02    0.524131670434678018E+09    0.345894358595827612E+03   -0.172947179297913806E+03
    0.100147416047177398E+02    0.136169463600009077E+01    0.284939808965007941E+02    0.626190469473337650E+09    0.345683114693724519E+03   -0.172841557346862260E+03
    0.137656725419050776E+02    0.135914400618865527E+01    0.118172429282203488E+02    0.536646176928885579E+09    0.345671662423901580E+03   -0.172835831211950790E+03
    0.379121752440309407E+02    0.136482004251522215E+01    0.193836023187233693E+02    0.116341517547356272E+10    0.345670812570725104E+03   -0.172835406285362552E+03
    0.531004953022939574E+02    0.136649713571892062E+01    0.154789945915313751E+02    0.815825734371770978E+09    0.345523288923758059E+03   -0.172761644461879030E+03
    0.384371325934588555E+02    0.136262692713382849E+01    0.279199181797063822E+02    0.497773092725427091E+09    0.345377678584685441E+03   -0.172688839292342720E+03
    0.366655316645137148E+02    0.136069854952899250E+01    0.195814629367499080E+02    0.163913428691029757E+09    0.345256911827052136E+03   -0.172628455913526068E+03
    0.375732449958442487E+02    0.135697098832920893E+01    0.205725308928766424E+02    0.112337494736667013E+10    0.345233493406085358E+03   -0.172616746703042679E+03
    0.263353885297983901E+02    0.136208763897666008E+01    0.140255843244046439E+02    0.328056894028875649E+09    0.345120818258197232E+03   -0.172560409129098616E+03
    0.168724374919562159E+02    0.136323104755949132E+01    0.141750689047009910E+02    0.113597378040560678E+09    0.345104112438616426E+03   -0.172552056219308213E+03
    0.613458347576188672E+02    0.136183889363499389E+01    0.166972985050954499E+02    0.547443964862916231E+09    0.345086378273698017E+03   -0.172543189136849008E+03
    0.945143459762334537E+01    0.135603851397040542E+01    0.246611436579421159E+02    0.724132169847583413E+09    0.344979283150653600E+03   -0.172489641575326800E+03
    0.333288248549562027E+02    0.136496092614515652E+01    0.127234684427510292E+02    0.197635207440771103E+09    0.344793862321505173E+03   -0.172396931160752587E+03
    0.294741217988761548E+02    0.136287125283788613E+01    0.984606236937324653E+01    0.501645366080298126E+09    0.344723337834817244E+03   -0.172361668917408622E+03
    0.341063480081102766E+01    0.136330292518413976E+01    0.263263245648529001E+02    0.795608097808380246E+09    0.344611426681646378E+03   -0.172305713340823189E+03
    0.457512287679460314E+02    0.136493813057655000E+01    0.201803117999764261E+02    0.494306121777304232E+09    0.344502875898234890E+03   -0.172251437949117445E+03
    0.585937096455122983E+02    0.136405652299003810E+01    0.248485748290236366E+02    0.760605949758846402E+09    0.344452503052397674E+03   -0.172226251526198837E+03
    0.607807101520911885E+01    0.136449737789632919E+01    0.205904330335360761E+02    0.107112043155697763E+10    0.344337880433778253E+03   -0.172168940216889126E+03
    0.479148870039595494E+02    0.136099282423946666E+01    0.275129210370059312E+02    0.547619555141868353E+09    0.344325544191459585E+03   -0.172162772095729792E+03
    0.672939845800723049E+02    0.136177862045006237E+01    0.178027460027922082E+02    0.849662250529197812E+09    0.344313292963171250E+03   -0.172156646481585625E+03
    0.241816381652218695E+02    0.136451971411112627E+01    0.137110476857462693E+02    0.446237144475640178E+09    0.344238291213917364E+03   -0.172119145606958682E+03
    0.343590589209271258E+02    0.135986478457792992E+01    0.191770112427304191E+02    0.192674201738513023E+09    0.344167279160468127E+03   -0.172083639580234063E+03
    0.101023438157469663E+02    0.136532575817964497E+01    0.108711023431592757E+02    0.856250986187579632E+09    0.344158086016637355E+03   -0.172079043008318678E+03
    0.162552529718421779E+01    0.136419309199482197E+01    0.208723249903807542E+02    0.102724232885247314E+10    0.343757709245727597E+03   -0.171878854622863798E+03
    0.272188020269832052E+02    0.136157283927500905E+01    0.276951084727749191E+02    0.513872146517545521E+09    0.343660349560279030E+03   -0.171830174780139515E+03
    0.473586703783101086E+02    0.136369803145990764E+01    0.143665266137460303E+02    0.187649388422384828E+09    0.343555573808138661E+03   -0.171777786904069330E+03
    0.409458403886089002E+02    0.136616147514831510E+01    0.150460352293745636E+02    0.681811105249020219E+09    0.343548867355695847E+03   -0.171774433677847924E+03
    0.281386968703475446E+02    0.135757112042186989E+01    0.207738255704798398E+02    0.123660053095733762E+10    0.343528985751996515E+03   -0.171764492875998258E+03
    0.478211847806075667E+02    0.136247079222905976E+01    0.120711256650901575E+02    0.547375953136040568E+09    0.343502396059669763E+03   -0.171751198029834882E+03
    0.293084799224918093E+02    0.136427288884377318E+01    0.131670716388407136E+02    0.111721974954125285E+10    0.343468666015663530E+03   -0.171734333007831765E+03
    0.100950956992073362E+02    0.136192617853767128E+01    0.100103734858399118E+02    0.105860665890444958E+10    0.343234428334801635E+03   -0.171617214167400817E+03
    0.389290777545988007E+02    0.135640348170602199E+01    0.140797646177662301E+02    0.105419806597579610E+10    0.343195016272033058E+03   -0.171597508136016529E+03
    0.146511877777815709E+02    0.136142478859810145E+01    0.222334002059909501E+02    0.116906159789917254E+10    0.343165221563909597E+03   -0.171582610781954799E+03
    0.281008750573492208E+02    0.135949526687315969E+01    0.805578684088044028E+01    0.858007784766868591E+09    0.343078309215377317E+03   -0.171539154607688658E+03
    0.316828451317287900E+02    0.136241987147695354E+01    0.164860329052929586E+02    0.155314670746460140E+09    0.342987488324948231E+03   -0.171493744162474115E+03
    0.601255553827034532E+02    0.136435218668331704E+01    0.192200263985963034E+02    0.930299600723986626E+09    0.342964124768025727E+03   -0.171482062384012863E+03
    0.263329473463318067E+02    0.136176176000668536E+01    0.254373017756773230E+02    0.125873783998050332E+10    0.342937123098022994E+03   -0.171468561549011497E+03
    0.350639886630264286E+02    0.136331042649383716E+01    0.129938062894965292E+02    0.130789539109358177E+09    0.342911291119352313E+03   -0.171455645559676157E+03
    0.280315542259458255E+02    0.136142839071100608E+01    0.182480558626639642E+02    0.203757715894698173E+09    0.342805362156582987E+03   -0.171402681078291494E+03
    0.517763829165588803E+02    0.136095863817896934E+01    0.170390787983770231E+02    0.461672247463751078E+09    0.342777469044059330E+03   -0.171388734522029665E+03
    0.446361230627168766E+02    0.135961469615701191E+01    0.152011651140555752E+02    0.488392126130417526E+09    0.342706519642057515E+03   -0.171353259821028757E+03
    0.275279977997628933E+02    0.136338274714545515E+01    0.142092113941946767E+02    0.199374622119622856E+09    0.342676896230279226E+03   -0.171338448115139613E+03
    0.274115874371161432E+02    0.136577711834269366E+01    0.107123962736446607E+02    0.794312186714023352E+09    0.342655608465842988E+03   -0.171327804232921494E+03
    0.534717998354897688E+02    0.136283459025125375E+01    0.165964017683110967E+02    0.533174205323420048E+09    0.342533344622992445E+03   -0.171266672311496222E+03
    0.436164895998577009E+02    0.136111790064404325E+01    0.140671485866180443E+02    0.197054789536846280E+09    0.342508771247909124E+03   -0.171254385623954562E+03
    0.306334010306568345E+02    0.136187763634589709E+01    0.226877155300441906E+02    0.392915704024426043E+09    0.342477370920457929E+03   -0.171238685460228965E+03
    0.414283234419058957E+02    0.136397695143176478E+01    0.905159801319177149E+01    0.101241991729023266E+10    0.342399548374567075E+03   -0.171199774187283538E+03
    0.329034192092418820E+02    0.136205220854328068E+01    0.137853625860014812E+02    0.129537974679049194E+09    0.342371141292767675E+03   -0.171185570646383837E+03
    0.165834683520513053E+02    0.135876039228354695E+01    0.186645829885096077E+02    0.127376172104675007E+10    0.342250577135293327E+03   -0.171125288567646663E+03
    0.235000215313309582E+02    0.136138117895323529E+01    0.118719762106407103E+02    0.526348356537499547E+09    0.342238563276668742E+03   -0.171119281638334371E+03
    0.387974154092691705E+02    0.135679202922833420E+01    0.221970609066366968E+02    0.106070125696162057E+10    0.342223710464106830E+03   -0.171111855232053415E+03
    0.168672694761949415E+02    0.135720389939541186E+01    0.177936627320114518E+02    0.639316641526871443E+09    0.342200914567130440E+03   -0.171100457283565220E+03
    0.476762233263954442E+02    0.135859756565563528E+01    0.222919850365598542E+02    0.629410678227239966E+09    0.342166168695966235E+03   -0.171083084347983117E+03
    0.453288408184713347E+02    0.136257534470941422E+01    0.158963336447756003E+02    0.177476917216152400E+09    0.342146073358352112E+03   -0.171073036679176056E+03
    0.461618385066848305E+02    0.136603517521954365E+01    0.205507303183571253E+02    0.878811806916746736E+09    0.342108550002400136E+03   -0.171054275001200068E+03
    0.293554087505802919E+02    0.136242943446521925E+01    0.176987865297694213E+02    0.187659301678797722E+09    0.342008581884604041E+03   -0.171004290942302021E+03
    0.157030226268796937E+02    0.136015824263346841E+01    0.200479068799900872E+02    0.122613838313761616E+10    0.341989986423304288E+03   -0.170994993211652144E+03
    0.405496304165520343E+02    0.136235525747073849E+01    0.267309920856178316E+02    0.568855489136614442E+09    0.341979224958850011E+03   -0.170989612479425006E+03
    0.431907170609105577E+02    0.136469243257837380E+01    0.995432940285673240E+01    0.873192926053417444E+09    0.341972363625231708E+03   -0.170986181812615854E+03
    0.155725069643062355E+02    0.136409586312668174E+01    0.241910952521612472E+02    0.105320391159474647E+10    0.341956875310369526E+03   -0.170978437655184763E+03
    0.261607574685834159E+02    0.136184839808600011E+01    0.178879507332168188E+02    0.371870080714779496E+09    0.341953371335379416E+03   -0.170976685667689708E+03
    0.209560992706571163E+02    0.136249200000252024E+01    0.218176126959242254E+02    0.132665649463712025E+10    0.341946795535174601E+03   -0.170973397767587301E+03
    0.280107266167609446E+02    0.135874791143607765E+01    0.288079680540566656E+02    0.102192349894136286E+10    0.341844250918212538E+03   -0.170922125459106269E+03
    0.125233394695999500E+02    0.136244848794284001E+01    0.279695721138895834E+02    0.101177787829745233E+10    0.341830543658703050E+03   -0.170915271829351525E+03
    0.326654341340290131E+02    0.136186585156369233E+01    0.168745442363439260E+02    0.201068583102562577E+09    0.341812966416830534E+03   -0.170906483208415267E+03
    0.307799665676631271E+02    0.136087183440703807E+01    0.152665504556693623E+02    0.392386321327703178E+09    0.341778995608163825E+03   -0.170889497804081913E+03
    0.369099105172480648E+02    0.136519285965673176E+01    0.163015893430606731E+02    0.604567049696266294E+09    0.341714217356941731E+03   -0.170857108678470865E+03
    0.216970525943014820E+02    0.135720116085413145E+01    0.206773084070249240E+02    0.629755622560070753E+09    0.341592997626599981E+03   -0.170796498813299991E+03
    0.330317396591519881E+02    0.135934942866905106E+01    0.152639019817278321E+02    0.476506611400659025E+09    0.341575902445399493E+03   -0.170787951222699746E+03
    0.581287543241599067E+02    0.135942742411410356E+01    0.172290115628195259E+02    0.902511265630939603E+09    0.341572118657931128E+03   -0.170786059328965564E+03
    0.303437806928867140E+02    0.136138142593843692E+01    0.182879746186815346E+02    0.115402029550231743E+10    0.341530032199418201E+03   -0.170765016099709101E+03
    0.296994573588960300E+02    0.135677743634801784E+01    0.223173684830049446E+02    0.675621224838276744E+09    0.341408679614879247E+03   -0.170704339807439624E+03
    0.250995982644454045E+02    0.136320088609342727E+01    0.172994609876552765E+02    0.123829278626454258E+10    0.341361025318807947E+03   -0.170680512659403973E+03
    0.403886008935612253E+02    0.135805349790803009E+01    0.201062097391077934E+02    0.608974352699195743E+09    0.341331638520709362E+03   -0.170665819260354681E+03
    0.165277425299735441E+02    0.136020169991633111E+01    0.225047613439962966E+02    0.505456275665776491E+09    0.341308237026694542E+03   -0.170654118513347271E+03
    0.331345234856171658E+02    0.136288112724238486E+01    0.159994589321737273E+02    0.185327181831124485E+09    0.341300919383775408E+03   -0.170650459691887704E+03
    0.504783257471750986E+02    0.136039803071062315E+01    0.119454060780262452E+02    0.978546097397461295E+09    0.341229683250110384E+03   -0.170614841625055192E+03
    0.266823855261953042E+02    0.136265077773924026E+01    0.150645606595565642E+02    0.129968639541440153E+10    0.341050455795358573E+03   -0.170525227897679287E+03
    0.414721490614954220E+02    0.135858180553658681E+01    0.278405405267136743E+02    0.926506027007520437E+09    0.341028976680919641E+03   -0.170514488340459820E+03
    0.556753292264895592E+02    0.136369343155668843E+01    0.177878910512947179E+02    0.745697002949191332E+09    0.340957947938434700E+03   -0.170478973969217350E+03
    0.206834615412477554E+02    0.136005035430636512E+01    0.300468766253859378E+02    0.892854900050380826E+09    0.340946640203028778E+03   -0.170473320101514389E+03
    0.319473316496636919E+02    0.136644152901290861E+01    0.143393806296422532E+02    0.988893334196082830E+09    0.340940602477367975E+03   -0.170470301238683987E+03
    0.372983304550801265E+02    0.136111968146734919E+01    0.294521786000107930E+02    0.716792482612948775E+09    0.340914987551292199E+03   -0.170457493775646100E+03
    0.388946753356858750E+02    0.136466387104010312E+01    0.259668232070276161E+02    0.926318717100278616E+09    0.340886810638687052E+03   -0.170443405319343526E+03
    0.126021299852494018E+02    0.136397752225777813E+01    0.191692131417578011E+02    0.686489230596366525E+09    0.340820584463229920E+03   -0.170410292231614960E+03
    0.162663638725552211E+02    0.135684188826188379E+01    0.207736208447647606E+02    0.715182656939451337E+09    0.340816492901096808E+03   -0.170408246450548404E+03
    0.223928659630272477E+02    0.135609496588969458E+01    0.193835081701706820E+02    0.105869200652658558E+10    0.340747721117831816E+03   -0.170373860558915908E+03
    0.327363348392511497E+02    0.136110690106939725E+01    0.263111645858169716E+02    0.107926624988527894E+10    0.340723264145953692E+03   -0.170361632072976846E+03
    0.448717999475781681E+02    0.135896441346537444E+01    0.264966807902624275E+02    0.759810452088613510E+09    0.340716297566581261E+03   -0.170358148783290630E+03
    0.463874578467273366E+02    0.136261339628271405E+01    0.108819619956620492E+02    0.816805687036711693E+09    0.340674120717451160E+03   -0.170337060358725580E+03
    0.638914806796158086E+01    0.135960363845850263E+01    0.146752113707837051E+02    0.104373949745865214E+10    0.340632482618192626E+03   -0.170316241309096313E+03
    0.115810777864202432E+02    0.136155149655006458E+01    0.273265378683463744E+02    0.100765541610302198E+10    0.340627299212359617E+03   -0.170313649606179808E+03
    0.248413605871730390E+02    0.135906187354321673E+01    0.123523218551235772E+02    0.722691186077877402E+09    0.340608762275164281E+03   -0.170304381137582141E+03
    0.365227656660476754E+02    0.136290566643120603E+01    0.142329920356729058E+02    0.502441154669291675E+09    0.340607084121908997E+03   -0.170303542060954499E+03
    0.430972187498651991E+02    0.136602638792925579E+01    0.163018360805235609E+02    0.901529617738515973E+09    0.340603107906325704E+03   -0.170301553953162852E+03
    0.555022457877689632E+02    0.136394723337341439E+01    0.203611324631207182E+02    0.831246538842665315E+09    0.340511611773370646E+03   -0.170255805886685323E+03
    0.213643985369415574E+02    0.136033846170253070E+01    0.297574191332764144E+02    0.893290407335200906E+09    0.340323185715078864E+03   -0.170161592857539432E+03
    0.213643985369415574E+02    0.136033846170253070E+01    0.297574191332764144E+02    0.893290407335200906E+09    0.340323185715078864E+03   -0.170161592857539432E+03
    0.190222026958626316E+02    0.136163682144188769E+01    0.225187464604508740E+02    0.511250922003890693E+09    0.340309182981216509E+03   -0.170154591490608254E+03
    0.342493522726542139E+02    0.136460421426808676E+01    0.175179443907043151E+02    0.605700252712199330E+09    0.340242164369791908E+03   -0.170121082184895954E+03
    0.406017413462370840E+02    0.135874791941663342E+01    0.165006541767633017E+02    0.106182626095958984E+10    0.340240074703179516E+03   -0.170120037351589758E+03
    0.463000984960812261E+02    0.136094882168262865E+01    0.221591593235602353E+02    0.537200865423925519E+09    0.340200918417773437E+03   -0.170100459208886718E+03
    0.118337880346695012E+02    0.136237490949668527E+01    0.223062268969022632E+02    0.653627164122810602E+09    0.340197875141309510E+03   -0.170098937570654755E+03
    0.384094436735369911E+02    0.136112625707737211E+01    0.198292235731382185E+02    0.110629533667020559E+10    0.340155276698460057E+03   -0.170077638349230028E+03
    0.126079026669834935E+02    0.136326219851704655E+01    0.128883321531237325E+02    0.798000163825311780E+09    0.340105890026879592E+03   -0.170052945013439796E+03
    0.126079026669834935E+02    0.136326219851704655E+01    0.128883321531237325E+02    0.798000163825311780E+09    0.340105890026879592E+03   -0.170052945013439796E+03
    0.504962741167988014E+02    0.135826127833386967E+01    0.213124849788207769E+02    0.922879475903075814E+09    0.340069560144509751E+03   -0.170034780072254875E+03
    0.345423108073229770E+02    0.136504953201368862E+01    0.113624929732341329E+02    0.860904177985982299E+09    0.340062038891035286E+03   -0.170031019445517643E+03
    0.218200614170007192E+02    0.136309687394798873E+01    0.157001635868043632E+02    0.109894839567326212E+10    0.340056619420872437E+03   -0.170028309710436218E+03
    0.312013097814820313E+02    0.136193709338885105E+01    0.106776213918062837E+02    0.733555064912740111E+09    0.340044106688116813E+03   -0.170022053344058406E+03
    0.216352750289042035E+02    0.135949036263981449E+01    0.124535358241018166E+02    0.737254220731124997E+09    0.340036000649109269E+03   -0.170018000324554635E+03
    0.434123019025842254E+02    0.135928676245118418E+01    0.128240353828302673E+02    0.815424765345189214E+09    0.339944793812202079E+03   -0.169972396906101039E+03
    0.250930439689637019E+02    0.135887505547617482E+01    0.178474814826835626E+02    0.569403374073367715E+09    0.339942786556693420E+03   -0.169971393278346710E+03
    0.250930439689637019E+02    0.135887505547617482E+01    0.178474814826835626E+02    0.569403374073367715E+09    0.339942786556693420E+03   -0.169971393278346710E+03
    0.233866164998150481E+02    0.136104369345891252E+01    0.149558232775295785E+02    0.514151120770674884E+09    0.339929094750181662E+03   -0.169964547375090831E+03
    0.117838015561882301E+02    0.135975649788079878E+01    0.272872515097705701E+02    0.910329137314046144E+09    0.339838633033001372E+03   -0.169919316516500686E+03
    0.268793363796883256E+02    0.136075718052336025E+01    0.165231224772694709E+02    0.456376039833878100E+09    0.339827019248992144E+03   -0.169913509624496072E+03
    0.460606035458438754E+02    0.135958976491291561E+01    0.149136277590291240E+02    0.103068671913603973E+10    0.339817217017243991E+03   -0.169908608508621995E+03
    0.151341102063513038E+02    0.136007754305682682E+01    0.149799288766198746E+02    0.680819919253336310E+09    0.339758699334548169E+03   -0.169879349667274084E+03
    0.469886063547946335E+02    0.136305865712146179E+01    0.180381964259503640E+02    0.590970346871373177E+09    0.339736720679315397E+03   -0.169868360339657698E+03
    0.272233586462285473E+02    0.136388279137629809E+01    0.219674691853727886E+02    0.614740381608623028E+09    0.339729931463889102E+03   -0.169864965731944551E+03
    0.319296350083100577E+02    0.136240009370652038E+01    0.224499962485211029E+02    0.496707605265534103E+09    0.339708457755716950E+03   -0.169854228877858475E+03
    0.164495068371173900E+02    0.136085813756118990E+01    0.172815139646913281E+02    0.559087013535800099E+09    0.339674902902631402E+03   -0.169837451451315701E+03
    0.417386560950489525E+02    0.136099444387955248E+01    0.266274070146773383E+02    0.670550522797844172E+09    0.339638872125192961E+03   -0.169819436062596480E+03
    0.464071705507187389E+02    0.135915279800691557E+01    0.256466345837500604E+02    0.819692184111346364E+09    0.339582372594949561E+03   -0.169791186297474781E+03
    0.148965295755492146E+02    0.135617865422433903E+01    0.159142337242891152E+02    0.911178545787298441E+09    0.339563611491423899E+03   -0.169781805745711949E+03
    0.353170446630932346E+02    0.136249789551814771E+01    0.275909543225158913E+02    0.717224273237664342E+09    0.339498991899023849E+03   -0.169749495949511925E+03
    0.406863490425439736E+02    0.135911587376903409E+01    0.232657325736924783E+02    0.104490323083556843E+10    0.339481232725945915E+03   -0.169740616362972958E+03
    0.147739718540747447E+02    0.136173270888978992E+01    0.258352163497209908E+02    0.719910749511437178E+09    0.339477606070478487E+03   -0.169738803035239243E+03
    0.846847271879915731E+01    0.136291669026428841E+01    0.240787595766463873E+02    0.873174644571412802E+09    0.339467868085505472E+03   -0.169733934042752736E+03
    0.373898424058878618E+02    0.136288004798001228E+01    0.147442885657062899E+02    0.573713001330334902E+09    0.339440488985325374E+03   -0.169720244492662687E+03
    0.934563745119137579E+01    0.135670930248444233E+01    0.201029807837941945E+02    0.902254037240716934E+09    0.339440401653664253E+03   -0.169720200826832126E+03
    0.471048799235460791E+02    0.135870296034406834E+01    0.177824114891713130E+02    0.100915173919073951E+10    0.339430878128089716E+03   -0.169715439064044858E+03
    0.329049864376319618E+02    0.136399418261758454E+01    0.206777411993126528E+02    0.601865519731172204E+09    0.339430484146748199E+03   -0.169715242073374100E+03
    0.329049864376319618E+02    0.136399418261758454E+01    0.206777411993126528E+02    0.601865519731172204E+09    0.339430484146748199E+03   -0.169715242073374100E+03
    0.363019214628090481E+02    0.136115267474231350E+01    0.218180239732334336E+02    0.487603143707280278E+09    0.339378493480289876E+03   -0.169689246740144938E+03
    0.207129328678699878E+02    0.136319166537473846E+01    0.273048013790447683E+02    0.907885921931275129E+09    0.339372868009965146E+03   -0.169686434004982573E+03
    0.363482280185270952E+02    0.136207573473599153E+01    0.285611826675318419E+02    0.959058439230412364E+09    0.339312509214388456E+03   -0.169656254607194228E+03
    0.251694348470823392E+02    0.136354356688448508E+01    0.174455237316899741E+02    0.573005053601826429E+09    0.339298204850584852E+03   -0.169649102425292426E+03
    0.258327526379970820E+02    0.136453607973009805E+01    0.184123540738371716E+02    0.106035181673932683E+10    0.339228777358290415E+03   -0.169614388679145208E+03
    0.290589968740634532E+02    0.136172326086860429E+01    0.148828454431409405E+02    0.531142919092491865E+09    0.339197306324285364E+03   -0.169598653162142682E+03
    0.223068334786060483E+02    0.136292309361443142E+01    0.997112573552161585E+01    0.966301620300236940E+09    0.339154613615975336E+03   -0.169577306807987668E+03
    0.223068334786060483E+02    0.136292309361443142E+01    0.997112573552161585E+01    0.966301620300236940E+09    0.339154613615975336E+03   -0.169577306807987668E+03
    0.172065565956415405E+02    0.136367084283829265E+01    0.130014892604356529E+02    0.812783557377927661E+09    0.339098400994125541E+03   -0.169549200497062770E+03
    0.274682232378917917E+02    0.136176747411951959E+01    0.230278766200012299E+02    0.533483267004307508E+09    0.339097373755522483E+03   -0.169548686877761241E+03
    0.411799023862051854E+02    0.136212348266992445E+01    0.270037117003757281E+02    0.723917853164100528E+09    0.339086920236490869E+03   -0.169543460118245434E+03
    0.358509743386574300E+02    0.136214273345009707E+01    0.209493333865813476E+02    0.498171477765381515E+09    0.338979889574480467E+03   -0.169489944787240233E+03
    0.136856276996391166E+02    0.135925670235159757E+01    0.144552918455439663E+02    0.788845817597125769E+09    0.338961004918782464E+03   -0.169480502459391232E+03
    0.136856276996391166E+02    0.135925670235159757E+01    0.144552918455439663E+02    0.788845817597125769E+09    0.338961004918782464E+03   -0.169480502459391232E+03
    0.310058486835454019E+02    0.136539772004467252E+01    0.213654663095134119E+02    0.963199343964694619E+09    0.338952468284852500E+03   -0.169476234142426250E+03
    0.300499663086605473E+02    0.136270883768479045E+01    0.281181616602978366E+02    0.830552840784458995E+09    0.338927051691178292E+03   -0.169463525845589146E+03
    0.446335398636168961E+02    0.136323078889306504E+01    0.258890941906414476E+02    0.914476647956367970E+09    0.338887305435322446E+03   -0.169443652717661223E+03
    0.195224658343644357E+02    0.135720077084018875E+01    0.246846643175607134E+02    0.893304808844785094E+09    0.338864739801893677E+03   -0.169432369900946838E+03
    0.518601787841966342E+02    0.136177933648568561E+01    0.183483850371345625E+02    0.102255857643009162E+10    0.338859278245128621E+03   -0.169429639122564311E+03
    0.440938653010025163E+02    0.136423302760779519E+01    0.179370594371477914E+02    0.718025752632569313E+09    0.338859216239884347E+03   -0.169429608119942174E+03
    0.280221173930281147E+02    0.136373463251184113E+01    0.143102355010419018E+02    0.690842993576896429E+09    0.338853397296277194E+03   -0.169426698648138597E+03
    0.435697965056513468E+02    0.136238886247282531E+01    0.194596592671695667E+02    0.559574683517438650E+09    0.338806930929860641E+03   -0.169403465464930321E+03
    0.453023276069238392E+02    0.136211901283350145E+01    0.222430412322834492E+02    0.618161224577057362E+09    0.338754245979995801E+03   -0.169377122989997901E+03
    0.170008015549974125E+02    0.135767889262188324E+01    0.164309752951146812E+02    0.103715464024256992E+10    0.338740476857556359E+03   -0.169370238428778180E+03
    0.294625274131073418E+02    0.135804636616681229E+01    0.129559351803234968E+02    0.890119819320520401E+09    0.338676784481672371E+03   -0.169338392240836185E+03
    0.170574179458822996E+02    0.136414676948131675E+01    0.174872198717410292E+02    0.759115253702313781E+09    0.338649348106006869E+03   -0.169324674053003434E+03
    0.279637150948781468E+02    0.136190579848572035E+01    0.168068188016781868E+02    0.509971191796096921E+09    0.338622540143782885E+03   -0.169311270071891443E+03
    0.121039137789940607E+02    0.136076054690492154E+01    0.123381575704608135E+02    0.969575494448610187E+09    0.338610691952502918E+03   -0.169305345976251459E+03
    0.510510963883268474E+02    0.136202234150650514E+01    0.205334002757777796E+02    0.690533204884660006E+09    0.338589060682074546E+03   -0.169294530341037273E+03
    0.464250241459706885E+02    0.136021034705623167E+01    0.257903263856114222E+02    0.943610867449032903E+09    0.338536413482596004E+03   -0.169268206741298002E+03
    0.229787868304159026E+02    0.136111269123075163E+01    0.102948067562963015E+02    0.939876625650523901E+09    0.338535813312805033E+03   -0.169267906656402516E+03
    0.273129643125215686E+02    0.136553737268574005E+01    0.196223241050243615E+02    0.906196527888792634E+09    0.338495999507911279E+03   -0.169247999753955639E+03
    0.339258161450392564E+02    0.136016634542613790E+01    0.211867515632892207E+02    0.556797793320705295E+09    0.338468693465078218E+03   -0.169234346732539109E+03
    0.459185730434579327E+02    0.136178648608553154E+01    0.158643623297652407E+02    0.673294043436360478E+09    0.338463671089508409E+03   -0.169231835544754205E+03
    0.459185730434579327E+02    0.136178648608553154E+01    0.158643623297652407E+02    0.673294043436360478E+09    0.338463671089508409E+03   -0.169231835544754205E+03
    0.217467602852717086E+02    0.136015508236948701E+01    0.124022114330292510E+02    0.103456171969835222E+10    0.338455048205324772E+03   -0.169227524102662386E+03
    0.544857540312931974E+02    0.136260439317417736E+01    0.210672807927978205E+02    0.893390509160815358E+09    0.338454873180883851E+03   -0.169227436590441926E+03
    0.285089709199224295E+02    0.136165446883126373E+01    0.192271936467342073E+02    0.109715907216104364E+10    0.338442535323308164E+03   -0.169221267661654082E+03
    0.461271010495606220E+02    0.136174621391728001E+01    0.187208416778368978E+02    0.617378525871960998E+09    0.338427447415255131E+03   -0.169213723707627565E+03
    0.425642551927010899E+02    0.136190107056779919E+01    0.145409031711554171E+02    0.682356556784502149E+09    0.338420007728104792E+03   -0.169210003864052396E+03
    0.109010766148797860E+02    0.135723114565319225E+01    0.188072594363218819E+02    0.916893257444242239E+09    0.338375611558155697E+03   -0.169187805779077848E+03
    0.584436293763722770E+01    0.135947764281250327E+01    0.195177385090195941E+02    0.860411760801648736E+09    0.338357655231092281E+03   -0.169178827615546140E+03
    0.584436293763722770E+01    0.135947764281250327E+01    0.195177385090195941E+02    0.860411760801648736E+09    0.338357655231092281E+03   -0.169178827615546140E+03
    0.376583587114441087E+02    0.136029225122040454E+01    0.184800028734330333E+02    0.569112731907830596E+09    0.338342512871970484E+03   -0.169171256435985242E+03
    0.353477851642389567E+02    0.135923646802404741E+01    0.270257998615508193E+02    0.867940550698676586E+09    0.338317281229125001E+03   -0.169158640614562501E+03
    0.353477851642389567E+02    0.135923646802404741E+01    0.270257998615508193E+02    0.867940550698676586E+09    0.338317281229125001E+03   -0.169158640614562501E+03
    0.463305739468355355E+02    0.136453935731610376E+01    0.174261520001278214E+02    0.871611105031684875E+09    0.338286938375567956E+03   -0.169143469187783978E+03
    0.463305739468355355E+02    0.136453935731610376E+01    0.174261520001278214E+02    0.871611105031684875E+09    0.338286938375567956E+03   -0.169143469187783978E+03
    0.229782688311922954E+02    0.136082888983274541E+01    0.166197558186790069E+02    0.599786729675125718E+09    0.338271143699202867E+03   -0.169135571849601433E+03
    0.267731563663020573E+02    0.135788426733668044E+01    0.174227858677522001E+02    0.741892876810488224E+09    0.338255022809345007E+03   -0.169127511404672504E+03
    0.145110214287390153E+02    0.136453845838555887E+01    0.180713848051448807E+02    0.915848766461252689E+09    0.338189017023691463E+03   -0.169094508511845731E+03
    0.145110214287390153E+02    0.136453845838555887E+01    0.180713848051448807E+02    0.915848766461252689E+09    0.338189017023691463E+03   -0.169094508511845731E+03
    0.255978203903484385E+02    0.135981448377560654E+01    0.264004333104683617E+02    0.101686951031895733E+10    0.338168232867997745E+03   -0.169084116433998872E+03
    0.279010534365142284E+02    0.136099090118439192E+01    0.106595796584333229E+02    0.886284268223455191E+09    0.338165171254857228E+03   -0.169082585627428614E+03
    0.279010534365142284E+02    0.136099090118439192E+01    0.106595796584333229E+02    0.886284268223455191E+09    0.338165171254857228E+03   -0.169082585627428614E+03
    0.226212190915217093E+02    0.136107993240549230E+01    0.277502105421953580E+02    0.965136898935729861E+09    0.338154027415850351E+03   -0.169077013707925175E+03
    0.226212190915217093E+02    0.136107993240549230E+01    0.277502105421953580E+02    0.965136898935729861E+09    0.338154027415850351E+03   -0.169077013707925175E+03
    0.178408854611222623E+02    0.135937291611742084E+01    0.210430461627267213E+02    0.688852893790693998E+09    0.338114758218502288E+03   -0.169057379109251144E+03
    0.178408854611222623E+02    0.135937291611742084E+01    0.210430461627267213E+02    0.688852893790693998E+09    0.338114758218502288E+03   -0.169057379109251144E+03
    0.394649672171935819E+02    0.136421628694225117E+01    0.167484515447709299E+02    0.734054200784316778E+09    0.338086620004728445E+03   -0.169043310002364223E+03
    0.394649672171935819E+02    0.136421628694225117E+01    0.167484515447709299E+02    0.734054200784316778E+09    0.338086620004728445E+03   -0.169043310002364223E+03
    0.407100249755609838E+02    0.136465453250945945E+01    0.154317064268425401E+02    0.834751409849512100E+09    0.338078697691356922E+03   -0.169039348845678461E+03
    0.407100249755609838E+02    0.136465453250945945E+01    0.154317064268425401E+02    0.834751409849512100E+09    0.338078697691356922E+03   -0.169039348845678461E+03
    0.291508956227541169E+02    0.136493494513346780E+01    0.221030400550131212E+02    0.925558103929235339E+09    0.338075957849706811E+03   -0.169037978924853405E+03
    0.197197500301442403E+02    0.135758726029931953E+01    0.144389790440348555E+02    0.940241058657210112E+09    0.338066588207890220E+03   -0.169033294103945110E+03
    0.197197500301442403E+02    0.135758726029931953E+01    0.144389790440348555E+02    0.940241058657210112E+09    0.338066588207890220E+03   -0.169033294103945110E+03
    0.197842371969690589E+02    0.136049488509535910E+01    0.213704608237044056E+02    0.633657848469595313E+09    0.338064625089994024E+03   -0.169032312544997012E+03
    0.197842371969690589E+02    0.136049488509535910E+01    0.213704608237044056E+02    0.633657848469595313E+09    0.338064625089994024E+03   -0.169032312544997012E+03
    0.176179096841060421E+02    0.136249133847244130E+01    0.158112260011625239E+02    0.701188561950741410E+09    0.338043063786049629E+03   -0.169021531893024815E+03
    0.853136986375939799E+01    0.136148609695416356E+01    0.225807875008272241E+02    0.816632785796125650E+09    0.337996427789087534E+03   -0.168998213894543767E+03
    0.241387309858570234E+02    0.136296120203778104E+01    0.144250406108623004E+02    0.707474682056354880E+09    0.337972280305093477E+03   -0.168986140152546739E+03
    0.164176165269481338E+02    0.136058984484260836E+01    0.255872824342538614E+02    0.773268032932519555E+09    0.337937132319231466E+03   -0.168968566159615733E+03
    0.127537937699263892E+02    0.136075906196314333E+01    0.254058927324518358E+02    0.842239030552321434E+09    0.337907187706011996E+03   -0.168953593853005998E+03
    0.348918061840522000E+02    0.136057570471607114E+01    0.166094519199671922E+02    0.614226357470350981E+09    0.337901458651771804E+03   -0.168950729325885902E+03
    0.348918061840522000E+02    0.136057570471607114E+01    0.166094519199671922E+02    0.614226357470350981E+09    0.337901458651771804E+03   -0.168950729325885902E+03
    0.206251842607886609E+02    0.135955244980290879E+01    0.234566242389320010E+02    0.702854861583638668E+09    0.337896344730421617E+03   -0.168948172365210809E+03
    0.478438839465467396E+02    0.136128952114622903E+01    0.144759360778772326E+02    0.813163442256255865E+09    0.337893310664073510E+03   -0.168946655332036755E+03
    0.478438839465467396E+02    0.136128952114622903E+01    0.144759360778772326E+02    0.813163442256255865E+09    0.337893310664073510E+03   -0.168946655332036755E+03
    0.138841080761873439E+02    0.135841473376463329E+01    0.237320788501248821E+02    0.887133408635527253E+09    0.337867902731492336E+03   -0.168933951365746168E+03
    0.334362616802269059E+02    0.135812458275133219E+01    0.166512749352893152E+02    0.781047718584579468E+09    0.337813081789886269E+03   -0.168906540894943134E+03
    0.188588102691386545E+02    0.136089112618333163E+01    0.128076739313574439E+02    0.812625005617352605E+09    0.337802730809600575E+03   -0.168901365404800288E+03
    0.457533154572709790E+02    0.136202769367248866E+01    0.208673845455608813E+02    0.660468021006228805E+09    0.337795191449749154E+03   -0.168897595724874577E+03
    0.271150674939459080E+02    0.135764855677692542E+01    0.244080052630050659E+02    0.896255515991832733E+09    0.337778787581832717E+03   -0.168889393790916358E+03
    0.297617576111370497E+02    0.136170814942222940E+01    0.176805914385783396E+02    0.551436749371212363E+09    0.337774550806241223E+03   -0.168887275403120611E+03
    0.249742827710357744E+02    0.136180570178525628E+01    0.117609910303513594E+02    0.815827950665159702E+09    0.337752412346891276E+03   -0.168876206173445638E+03
    0.249742827710357744E+02    0.136180570178525628E+01    0.117609910303513594E+02    0.815827950665159702E+09    0.337752412346891276E+03   -0.168876206173445638E+03
    0.416621890452576693E+02    0.136282181858246587E+01    0.242059570811153613E+02    0.723500587462930322E+09    0.337735804173618021E+03   -0.168867902086809011E+03
    0.416621890452576693E+02    0.136282181858246587E+01    0.242059570811153613E+02    0.723500587462930322E+09    0.337735804173618021E+03   -0.168867902086809011E+03
    0.355329624830605724E+02    0.136271925309991659E+01    0.269341421525770954E+02    0.875227692315068483E+09    0.337716297364576008E+03   -0.168858148682288004E+03
    0.355329624830605724E+02    0.136271925309991659E+01    0.269341421525770954E+02    0.875227692315068483E+09    0.337716297364576008E+03   -0.168858148682288004E+03
    0.335319439525561762E+02    0.136339822914372433E+01    0.145430525371002819E+02    0.104333349468324745E+10    0.337661984978845396E+03   -0.168830992489422698E+03
    0.335319439525561762E+02    0.136339822914372433E+01    0.145430525371002819E+02    0.104333349468324745E+10    0.337661984978845396E+03   -0.168830992489422698E+03
    0.357950206492133631E+02    0.135926052617434867E+01    0.150980660388171017E+02    0.767330254366429090E+09    0.337600752949019693E+03   -0.168800376474509847E+03
    0.242129241071289627E+02    0.136373097710096092E+01    0.240381252276525643E+02    0.814010839676536083E+09    0.337600301643927310E+03   -0.168800150821963655E+03
    0.305977561687413804E+02    0.136290745404623115E+01    0.194684159474308949E+02    0.607137386361001611E+09    0.337589105523050080E+03   -0.168794552761525040E+03
    0.305977561687413804E+02    0.136290745404623115E+01    0.194684159474308949E+02    0.607137386361001611E+09    0.337589105523050080E+03   -0.168794552761525040E+03
    0.397675296114206347E+02    0.136090308972049900E+01    0.188592017724878467E+02    0.608397068409910560E+09    0.337583450379586907E+03   -0.168791725189793453E+03
    0.422887644705615813E+02    0.136143060224918888E+01    0.223957057249828928E+02    0.104059648035621607E+10    0.337535988231778447E+03   -0.168767994115889223E+03
    0.422887644705615813E+02    0.136143060224918888E+01    0.223957057249828928E+02    0.104059648035621607E+10    0.337535988231778447E+03   -0.168767994115889223E+03
    0.481197585711438620E+02    0.136057678449031738E+01    0.244514401212697408E+02    0.899553063920301080E+09    0.337510112610185445E+03   -0.168755056305092722E+03
    0.316648353445076545E+02    0.136346621252896028E+01    0.126438734240056778E+02    0.101347027310917175E+10    0.337489255305236952E+03   -0.168744627652618476E+03
    0.316648353445076545E+02    0.136346621252896028E+01    0.126438734240056778E+02    0.101347027310917175E+10    0.337489255305236952E+03   -0.168744627652618476E+03
    0.176562080876184524E+02    0.136386266855992289E+01    0.207764324101239595E+02    0.812406003543064713E+09    0.337476048912781152E+03   -0.168738024456390576E+03
    0.138114427702036338E+02    0.135810649468712219E+01    0.216985543562419458E+02    0.872669556709440947E+09    0.337462289886201688E+03   -0.168731144943100844E+03
    0.138114427702036338E+02    0.135810649468712219E+01    0.216985543562419458E+02    0.872669556709440947E+09    0.337462289886201688E+03   -0.168731144943100844E+03
    0.214050225304485870E+02    0.135792219584080076E+01    0.201112720211552194E+02    0.777614680333676219E+09    0.337457255943139273E+03   -0.168728627971569637E+03
    0.214050225304485870E+02    0.135792219584080076E+01    0.201112720211552194E+02    0.777614680333676219E+09    0.337457255943139273E+03   -0.168728627971569637E+03
    0.517823667596607677E+02    0.136108544612368942E+01    0.218118609133776715E+02    0.926911339743939161E+09    0.337446305788727727E+03   -0.168723152894363864E+03
    0.385840254691274751E+02    0.136007028452660550E+01    0.167628216229017681E+02    0.689088162751448750E+09    0.337438386573917228E+03   -0.168719193286958614E+03
    0.385840254691274751E+02    0.136007028452660550E+01    0.167628216229017681E+02    0.689088162751448750E+09    0.337438386573917228E+03   -0.168719193286958614E+03
    0.423817856906150396E+02    0.136256132010584641E+01    0.224029314542417914E+02    0.683733111463199615E+09    0.337431156450203900E+03   -0.168715578225101950E+03
    0.217763596874547680E+02    0.135908403638987219E+01    0.249838196351439876E+02    0.991911370663272381E+09    0.337399742296736861E+03   -0.168699871148368430E+03
    0.321558048480858432E+02    0.135722262782450698E+01    0.181257044849833271E+02    0.974380231007059574E+09    0.337390406467734010E+03   -0.168695203233867005E+03
    0.321558048480858432E+02    0.135722262782450698E+01    0.181257044849833271E+02    0.974380231007059574E+09    0.337390406467734010E+03   -0.168695203233867005E+03
    0.466264506889818122E+02    0.136247646918826604E+01    0.164329298860285924E+02    0.748214783004185319E+09    0.337372283703983214E+03   -0.168686141851991607E+03
    0.443576148782708799E+02    0.136139086877125792E+01    0.242325429853746819E+02    0.725473103923602819E+09    0.337356227954834367E+03   -0.168678113977417183E+03
    0.443576148782708799E+02    0.136139086877125792E+01    0.242325429853746819E+02    0.725473103923602819E+09    0.337356227954834367E+03   -0.168678113977417183E+03
    0.226961970013526511E+02    0.135876328031353810E+01    0.254547378074133803E+02    0.905844050540660977E+09    0.337335429260521892E+03   -0.168667714630260946E+03
    0.218327454563779924E+02    0.136034616995800972E+01    0.151914534854156429E+02    0.726367488450804472E+09    0.337334021174551765E+03   -0.168667010587275882E+03
    0.218327454563779924E+02    0.136034616995800972E+01    0.151914534854156429E+02    0.726367488450804472E+09    0.337334021174551765E+03   -0.168667010587275882E+03
    0.220291059637829179E+02    0.135992250096706169E+01    0.190603992421658752E+02    0.670695342456893563E+09    0.337311482576936442E+03   -0.168655741288468221E+03
    0.220291059637829179E+02    0.135992250096706169E+01    0.190603992421658752E+02    0.670695342456893563E+09    0.337311482576936442E+03   -0.168655741288468221E+03
    0.147779584204328316E+02    0.136280579022188086E+01    0.240322189165801987E+02    0.935591693763831854E+09    0.337297523188847435E+03   -0.168648761594423718E+03
    0.288354378196898260E+02    0.136221675570216161E+01    0.205113526802198578E+02    0.598626177265135884E+09    0.337291600475466339E+03   -0.168645800237733170E+03
    0.288354378196898260E+02    0.136221675570216161E+01    0.205113526802198578E+02    0.598626177265135884E+09    0.337291600475466339E+03   -0.168645800237733170E+03
    0.515331745427725139E+02    0.136197338896589115E+01    0.197482046295004530E+02    0.951968719789406538E+09    0.337244995109320257E+03   -0.168622497554660129E+03
    0.314190048907594317E+02    0.135975542874975264E+01    0.130996281828781846E+02    0.100072276308206511E+10    0.337193766289227938E+03   -0.168596883144613969E+03
    0.314190048907594317E+02    0.135975542874975264E+01    0.130996281828781846E+02    0.100072276308206511E+10    0.337193766289227938E+03   -0.168596883144613969E+03
    0.453207326704430216E+02    0.136232989793604276E+01    0.208385326661829779E+02    0.102255658019795251E+10    0.337167661535916977E+03   -0.168583830767958489E+03
    0.387537822700531436E+02    0.136236882100282330E+01    0.162848965508229568E+02    0.675282808055047154E+09    0.337145677537591723E+03   -0.168572838768795862E+03
    0.387537822700531436E+02    0.136236882100282330E+01    0.162848965508229568E+02    0.675282808055047154E+09    0.337145677537591723E+03   -0.168572838768795862E+03
    0.421780835778949879E+02    0.135940617463667590E+01    0.201494174902179921E+02    0.101205039167761993E+10    0.337110087615956672E+03   -0.168555043807978336E+03
    0.405305733133488957E+02    0.136382424340062625E+01    0.229551471865651209E+02    0.868005418328140736E+09    0.337075581933496153E+03   -0.168537790966748076E+03
    0.405305733133488957E+02    0.136382424340062625E+01    0.229551471865651209E+02    0.868005418328140736E+09    0.337075581933496153E+03   -0.168537790966748076E+03
    0.312612509999987687E+02    0.135862545795001166E+01    0.187087811778163307E+02    0.741516064935424685E+09    0.337074365213850115E+03   -0.168537182606925057E+03
    0.257561052201555718E+02    0.136100136043436670E+01    0.267513974385210638E+02    0.796930975650605083E+09    0.337061044480687883E+03   -0.168530522240343942E+03
    0.374105081764440754E+02    0.136028678887501475E+01    0.132520412293551075E+02    0.844594533506213307E+09    0.337051580624121698E+03   -0.168525790312060849E+03
    0.374105081764440754E+02    0.136028678887501475E+01    0.132520412293551075E+02    0.844594533506213307E+09    0.337051580624121698E+03   -0.168525790312060849E+03
    0.476537058377509410E+02    0.136000270703611847E+01    0.176680415340890171E+02    0.948282422762872934E+09    0.337023057744889229E+03   -0.168511528872444615E+03
    0.476537058377509410E+02    0.136000270703611847E+01    0.176680415340890171E+02    0.948282422762872934E+09    0.337023057744889229E+03   -0.168511528872444615E+03
    0.397646777238082265E+02    0.136122406453226041E+01    0.235304566359281715E+02    0.683548999695565820E+09    0.337014788552151686E+03   -0.168507394276075843E+03
    0.397646777238082265E+02    0.136122406453226041E+01    0.235304566359281715E+02    0.683548999695565820E+09    0.337014788552151686E+03   -0.168507394276075843E+03
    0.271674863717568051E+02    0.135913768560343140E+01    0.221208566059501415E+02    0.717551589342447281E+09    0.336997338109185193E+03   -0.168498669054592597E+03
    0.322310263559754517E+02    0.135880533770402834E+01    0.233877844122951650E+02    0.100241016346173823E+10    0.336978847999974562E+03   -0.168489423999987281E+03
    0.155105900977992697E+02    0.136252883763174792E+01    0.134817673684007815E+02    0.959733786993617892E+09    0.336954843429278640E+03   -0.168477421714639320E+03
    0.207141733362685514E+02    0.136428376142543706E+01    0.153042246857612252E+02    0.936780989427196264E+09    0.336948241023468995E+03   -0.168474120511734498E+03
    0.136656842793798852E+02    0.135977244447158596E+01    0.231840471329803393E+02    0.988025145497049212E+09    0.336932970057856323E+03   -0.168466485028928162E+03
    0.136656842793798852E+02    0.135977244447158596E+01    0.231840471329803393E+02    0.988025145497049212E+09    0.336932970057856323E+03   -0.168466485028928162E+03
    0.284127959148124702E+02    0.136443642112343322E+01    0.215780201402678671E+02    0.867776405082798123E+09    0.336930664254564249E+03   -0.168465332127282124E+03
    0.284127959148124702E+02    0.136443642112343322E+01    0.215780201402678671E+02    0.867776405082798123E+09    0.336930664254564249E+03   -0.168465332127282124E+03
    0.487593721535096662E+02    0.136066519562269805E+01    0.229198379548265159E+02    0.889498281823602438E+09    0.336882272347828405E+03   -0.168441136173914202E+03
    0.487593721535096662E+02    0.136066519562269805E+01    0.229198379548265159E+02    0.889498281823602438E+09    0.336882272347828405E+03   -0.168441136173914202E+03
    0.499440932740398864E+02    0.136074110067387677E+01    0.205037252103265395E+02    0.822891418197392941E+09    0.336859405972392494E+03   -0.168429702986196247E+03
    0.499440932740398864E+02    0.136074110067387677E+01    0.205037252103265395E+02    0.822891418197392941E+09    0.336859405972392494E+03   -0.168429702986196247E+03
    0.387400013721531167E+02    0.135848607261001897E+01    0.185000233050217489E+02    0.833511486278860331E+09    0.336848695343858253E+03   -0.168424347671929127E+03
    0.387400013721531167E+02    0.135848607261001897E+01    0.185000233050217489E+02    0.833511486278860331E+09    0.336848695343858253E+03   -0.168424347671929127E+03
    0.287261181595957495E+02    0.135985283553776881E+01    0.172006953635103308E+02    0.695643970398370981E+09    0.336830377394329844E+03   -0.168415188697164922E+03
    0.287261181595957495E+02    0.135985283553776881E+01    0.172006953635103308E+02    0.695643970398370981E+09    0.336830377394329844E+03   -0.168415188697164922E+03
    0.128720905685299059E+02    0.136052658670806248E+01    0.160530107076014019E+02    0.831461089497610331E+09    0.336830224089275703E+03   -0.168415112044637851E+03
    0.448831287383179500E+02    0.136063178899578241E+01    0.227031870435698728E+02    0.744487754753844142E+09    0.336814772058813446E+03   -0.168407386029406723E+03
    0.205149972565290248E+02    0.135944958134410054E+01    0.253644163141884817E+02    0.905835291887775779E+09    0.336806514383691024E+03   -0.168403257191845512E+03
    0.285564894251550783E+02    0.136324806711218471E+01    0.223980415013005363E+02    0.721067616307411194E+09    0.336793434059062974E+03   -0.168396717029531487E+03
    0.285564894251550783E+02    0.136324806711218471E+01    0.223980415013005363E+02    0.721067616307411194E+09    0.336793434059062974E+03   -0.168396717029531487E+03
    0.300246964010668940E+02    0.136460064732804542E+01    0.187777116098825978E+02    0.834349635498028874E+09    0.336787163884375786E+03   -0.168393581942187893E+03
    0.282731591557564990E+02    0.136194117948009930E+01    0.125805299741686802E+02    0.101954386610928547E+10    0.336786500477565937E+03   -0.168393250238782969E+03
    0.282731591557564990E+02    0.136194117948009930E+01    0.125805299741686802E+02    0.101954386610928547E+10    0.336786500477565937E+03   -0.168393250238782969E+03
    0.162595648907222703E+02    0.136134191556788231E+01    0.247241345968425215E+02    0.981472861846843004E+09    0.336781828822003376E+03   -0.168390914411001688E+03
    0.501653182073311044E+02    0.136145731436274553E+01    0.188950666118075610E+02    0.813535700693211675E+09    0.336776972733661466E+03   -0.168388486366830733E+03
    0.501653182073311044E+02    0.136145731436274553E+01    0.188950666118075610E+02    0.813535700693211675E+09    0.336776972733661466E+03   -0.168388486366830733E+03
    0.130260533226285133E+02    0.136154034997766415E+01    0.230744446462544062E+02    0.993216967044598222E+09    0.336755005608282829E+03   -0.168377502804141415E+03
    0.184390679232552301E+02    0.135826071043948482E+01    0.208278078254422176E+02    0.100106509909767497E+10    0.336754235479928980E+03   -0.168377117739964490E+03
    0.311394782891452095E+02    0.136483930282824750E+01    0.168767484169611635E+02    0.929215022785052538E+09    0.336738661938008136E+03   -0.168369330969004068E+03
    0.159162274281588960E+02    0.136277701675916996E+01    0.168431125921970306E+02    0.102717450795404720E+10    0.336674853185135987E+03   -0.168337426592567994E+03
    0.159162274281588960E+02    0.136277701675916996E+01    0.168431125921970306E+02    0.102717450795404720E+10    0.336674853185135987E+03   -0.168337426592567994E+03
    0.316930398984065427E+02    0.135849730966734428E+01    0.191201392071646623E+02    0.773817872249969244E+09    0.336674279495103292E+03   -0.168337139747551646E+03
    0.316930398984065427E+02    0.135849730966734428E+01    0.191201392071646623E+02    0.773817872249969244E+09    0.336674279495103292E+03   -0.168337139747551646E+03
    0.321254689160253690E+02    0.136262923728585728E+01    0.246239428603629307E+02    0.100739597602298117E+10    0.336673920960418911E+03   -0.168336960480209456E+03
    0.321254689160253690E+02    0.136262923728585728E+01    0.246239428603629307E+02    0.100739597602298117E+10    0.336673920960418911E+03   -0.168336960480209456E+03
    0.151376262446867749E+02    0.136209805598754685E+01    0.243362497896769838E+02    0.908440922730841279E+09    0.336666964376678436E+03   -0.168333482188339218E+03
    0.151376262446867749E+02    0.136209805598754685E+01    0.243362497896769838E+02    0.908440922730841279E+09    0.336666964376678436E+03   -0.168333482188339218E+03
    0.258696708319205690E+02    0.136327205500998705E+01    0.181232526088148482E+02    0.104556593261970890E+10    0.336645571329478628E+03   -0.168322785664739314E+03
    0.323828111390374431E+02    0.136194256663993496E+01    0.156797587943166477E+02    0.687837417680116892E+09    0.336644886353417746E+03   -0.168322443176708873E+03
    0.281829985259103246E+02    0.136460145129464117E+01    0.169449126165869863E+02    0.865292339698462129E+09    0.336629160405296943E+03   -0.168314580202648472E+03
    0.303048409849482105E+02    0.136262324331540796E+01    0.256669144691118447E+02    0.958272376680768728E+09    0.336618757335801433E+03   -0.168309378667900717E+03
    0.423976863806852720E+02    0.136273590606852801E+01    0.196536632379433485E+02    0.714307882763333321E+09    0.336543953901069131E+03   -0.168271976950534565E+03
    0.223841393423260726E+02    0.136016482958837681E+01    0.155844564157779306E+02    0.760793772635334849E+09    0.336542712089771840E+03   -0.168271356044885920E+03
    0.303708108846695701E+02    0.136146732002505089E+01    0.220230151326764023E+02    0.653357257989305019E+09    0.336535988043650775E+03   -0.168267994021825388E+03
    0.396877671563306720E+02    0.135915116117712831E+01    0.165074616763722801E+02    0.858465929450377226E+09    0.336510506384490782E+03   -0.168255253192245391E+03
    0.156789728214484949E+02    0.135878628786603439E+01    0.181068770233222374E+02    0.852732181070320249E+09    0.336497435776504403E+03   -0.168248717888252202E+03
    0.308270897286572136E+02    0.136105422641183393E+01    0.126225924576284871E+02    0.853096189374383211E+09    0.336479785839776696E+03   -0.168239892919888348E+03
    0.221155756838221187E+02    0.136065255126288065E+01    0.131182167049762022E+02    0.990896773476751447E+09    0.336478297230920191E+03   -0.168239148615460095E+03
    0.221155756838221187E+02    0.136065255126288065E+01    0.131182167049762022E+02    0.990896773476751447E+09    0.336478297230920191E+03   -0.168239148615460095E+03
    0.253132306650645873E+02    0.136139717861794551E+01    0.156239606728720624E+02    0.714072635951161623E+09    0.336444046900257717E+03   -0.168222023450128859E+03
    0.185380349656929297E+02    0.136326233041455458E+01    0.189653684332994956E+02    0.788853879709413767E+09    0.336414239141413589E+03   -0.168207119570706794E+03
    0.185380349656929297E+02    0.136326233041455458E+01    0.189653684332994956E+02    0.788853879709413767E+09    0.336414239141413589E+03   -0.168207119570706794E+03
    0.209742719562125153E+02    0.135907850326061430E+01    0.240915767437617809E+02    0.947292589722587109E+09    0.336411416279420223E+03   -0.168205708139710111E+03
    0.181433955595714984E+02    0.135861797554301078E+01    0.225513210190981219E+02    0.929165358670622826E+09    0.336357886541699258E+03   -0.168178943270849629E+03
    0.390607582203345061E+02    0.136388199936591636E+01    0.214859084123162525E+02    0.890337581890992880E+09    0.336273329702158833E+03   -0.168136664851079416E+03
    0.426477609900668639E+02    0.136108637775231722E+01    0.174919766522298339E+02    0.732694608640667200E+09    0.336271476911762875E+03   -0.168135738455881437E+03
    0.426477609900668639E+02    0.136108637775231722E+01    0.174919766522298339E+02    0.732694608640667200E+09    0.336271476911762875E+03   -0.168135738455881437E+03
    0.407901021870755116E+02    0.136125246473982164E+01    0.136089039611487514E+02    0.902034542898143291E+09    0.336270134165493062E+03   -0.168135067082746531E+03
    0.398040848559607170E+02    0.136086126425481524E+01    0.160744516914258639E+02    0.748731984649856210E+09    0.336259146239830216E+03   -0.168129573119915108E+03
    0.398040848559607170E+02    0.136086126425481524E+01    0.160744516914258639E+02    0.748731984649856210E+09    0.336259146239830216E+03   -0.168129573119915108E+03
    0.238164794022561743E+02    0.135882521876047768E+01    0.209557263805473326E+02    0.101865561933703136E+10    0.336243453909308869E+03   -0.168121726954654434E+03
    0.371786069574115672E+02    0.136235619933782415E+01    0.254854072977436132E+02    0.890353214606686354E+09    0.336239008806800825E+03   -0.168119504403400413E+03
    0.246890776659036781E+02    0.136407222773835968E+01    0.153501303156733186E+02    0.902837797490184784E+09    0.336237018557183774E+03   -0.168118509278591887E+03
    0.285462196299855080E+02    0.136323747369084480E+01    0.190255772233623510E+02    0.717358589472573161E+09    0.336226575855759961E+03   -0.168113287927879981E+03
    0.322773052581249829E+02    0.135908180474023332E+01    0.182322726281828622E+02    0.767227165633414507E+09    0.336207495710681656E+03   -0.168103747855340828E+03
    0.258308440359542395E+02    0.135893014335321216E+01    0.194894854551164798E+02    0.764810223522117972E+09    0.336206921520115088E+03   -0.168103460760057544E+03
    0.157888977207180030E+02    0.136309652407230653E+01    0.200856830743366395E+02    0.989013867283766389E+09    0.336195318859106465E+03   -0.168097659429553232E+03
    0.472687163074042189E+02    0.136219118745003032E+01    0.168285624602188086E+02    0.941349049887148976E+09    0.336193667353428395E+03   -0.168096833676714198E+03
    0.300094100678749953E+02    0.136329892159459076E+01    0.238672966235483770E+02    0.957519897641208768E+09    0.336188564533416411E+03   -0.168094282266708205E+03
    0.195226623450262196E+02    0.135946522764174960E+01    0.238469886978435639E+02    0.858784705608458638E+09    0.336158579066976017E+03   -0.168079289533488009E+03
    0.160464742722479841E+02    0.136070183320239058E+01    0.215782146530618526E+02    0.770930201145999432E+09    0.336158436865588442E+03   -0.168079218432794221E+03
    0.477955077325221822E+02    0.136200445301377426E+01    0.186300562805679455E+02    0.960356007798391819E+09    0.336157220912622620E+03   -0.168078610456311310E+03
    0.273898728102613447E+02    0.136081746237619883E+01    0.132925616686579815E+02    0.100125983767249072E+10    0.336137500530922352E+03   -0.168068750265461176E+03
    0.194897594769917113E+02    0.136151337103342285E+01    0.132327656533955338E+02    0.952119568550810456E+09    0.336133161332457121E+03   -0.168066580666228560E+03
    0.133332308671389352E+02    0.136038440412376316E+01    0.203473877046685914E+02    0.817511745870017052E+09    0.336118064806455095E+03   -0.168059032403227548E+03
    0.133332308671389352E+02    0.136038440412376316E+01    0.203473877046685914E+02    0.817511745870017052E+09    0.336118064806455095E+03   -0.168059032403227548E+03
    0.270725233517598198E+02    0.136402957203715003E+01    0.173394349619676440E+02    0.999914088350274682E+09    0.336092629850074104E+03   -0.168046314925037052E+03
    0.270725233517598198E+02    0.136402957203715003E+01    0.173394349619676440E+02    0.999914088350274682E+09    0.336092629850074104E+03   -0.168046314925037052E+03
    0.475606579892593757E+02    0.136086984844736181E+01    0.217697352596121725E+02    0.877158165674103260E+09    0.336062734399259966E+03   -0.168031367199629983E+03
    0.475606579892593757E+02    0.136086984844736181E+01    0.217697352596121725E+02    0.877158165674103260E+09    0.336062734399259966E+03   -0.168031367199629983E+03
    0.440811131302786237E+02    0.136193027853661563E+01    0.239345893431722594E+02    0.875855662894496441E+09    0.336059704592213848E+03   -0.168029852296106924E+03
    0.213628772782958407E+02    0.136361555077461793E+01    0.217825269423685022E+02    0.892662143580067515E+09    0.336058994721713702E+03   -0.168029497360856851E+03
    0.365771816436288404E+02    0.136298070266586047E+01    0.239119148596751501E+02    0.945119749164263129E+09    0.335989044446506227E+03   -0.167994522223253114E+03
    0.365771816436288404E+02    0.136298070266586047E+01    0.239119148596751501E+02    0.945119749164263129E+09    0.335989044446506227E+03   -0.167994522223253114E+03
    0.124711333469174068E+02    0.136002125307686361E+01    0.212142068742447876E+02    0.944809472697084785E+09    0.335987032036269056E+03   -0.167993516018134528E+03
    0.286154700603530614E+02    0.136069677085445706E+01    0.224577546956373340E+02    0.103742141219519746E+10    0.335984313432737281E+03   -0.167992156716368640E+03
    0.310056884467409759E+02    0.136356484478285456E+01    0.213562215604081160E+02    0.785601252765098453E+09    0.335949606464952808E+03   -0.167974803232476404E+03
    0.215256938261138266E+02    0.135961059827244535E+01    0.200693347404937938E+02    0.759014203180593252E+09    0.335926852418744943E+03   -0.167963426209372471E+03
    0.430693071860482632E+02    0.136248575170145214E+01    0.225415899910749715E+02    0.805458055728903055E+09    0.335916577250551654E+03   -0.167958288625275827E+03
    0.345285908279850489E+02    0.136265533932013838E+01    0.146116602981100545E+02    0.101581577194685721E+10    0.335904925461947244E+03   -0.167952462730973622E+03
    0.230666725729847713E+02    0.136072223496248035E+01    0.178638335368731944E+02    0.719772883944573522E+09    0.335895480938415801E+03   -0.167947740469207901E+03
    0.395507989167405327E+02    0.136039943454738599E+01    0.152646258586402457E+02    0.840005518271881700E+09    0.335891806526128335E+03   -0.167945903263064167E+03
    0.308020590485882089E+02    0.136301555836459865E+01    0.216452125500537136E+02    0.737933526440945506E+09    0.335879539340243298E+03   -0.167939769670121649E+03
    0.429118511324364604E+02    0.135969454464139217E+01    0.181596887674023506E+02    0.882540380122505426E+09    0.335852156138258010E+03   -0.167926078069129005E+03
    0.429118511324364604E+02    0.135969454464139217E+01    0.181596887674023506E+02    0.882540380122505426E+09    0.335852156138258010E+03   -0.167926078069129005E+03
    0.215617342573977524E+02    0.136328398377504678E+01    0.212975911686289017E+02    0.821615865659979463E+09    0.335849418423880820E+03   -0.167924709211940410E+03
    0.161065426455516665E+02    0.135981469957834267E+01    0.170008296670119705E+02    0.995259614693716884E+09    0.335848258395430605E+03   -0.167924129197715303E+03
    0.161065426455516665E+02    0.135981469957834267E+01    0.170008296670119705E+02    0.995259614693716884E+09    0.335848258395430605E+03   -0.167924129197715303E+03
    0.323238689263344980E+02    0.135967026886101672E+01    0.145510444954684264E+02    0.952685193157073140E+09    0.335845120765600200E+03   -0.167922560382800100E+03
    0.323238689263344980E+02    0.135967026886101672E+01    0.145510444954684264E+02    0.952685193157073140E+09    0.335845120765600200E+03   -0.167922560382800100E+03
    0.259758675165880284E+02    0.135906373806240821E+01    0.229141261480569938E+02    0.827215800696838856E+09    0.335813127285795133E+03   -0.167906563642897567E+03
    0.171976446167269614E+02    0.135883416196917528E+01    0.183429426707110679E+02    0.954402296779493451E+09    0.335808007268429378E+03   -0.167904003634214689E+03
    0.321281872493689704E+02    0.136136943308163771E+01    0.140286722116367173E+02    0.809603844259962201E+09    0.335781112653275443E+03   -0.167890556326637721E+03
    0.246720917083876188E+02    0.136213030550684344E+01    0.232947502565314863E+02    0.753874023006518006E+09    0.335776901167677124E+03   -0.167888450583838562E+03
    0.356184513901414590E+02    0.136335625514496495E+01    0.198915613105949589E+02    0.762850964773867130E+09    0.335773904033379779E+03   -0.167886952016689889E+03
    0.316682417371427647E+02    0.136154021276045989E+01    0.256880346777011432E+02    0.838056647623216987E+09    0.335754150933133360E+03   -0.167877075466566680E+03
    0.316682417371427647E+02    0.136154021276045989E+01    0.256880346777011432E+02    0.838056647623216987E+09    0.335754150933133360E+03   -0.167877075466566680E+03
    0.247628268859300604E+02    0.135879800715344423E+01    0.162591069267465755E+02    0.958927367879090905E+09    0.335744952482631732E+03   -0.167872476241315866E+03
    0.444595947391807300E+02    0.136147615703225977E+01    0.230567953042116542E+02    0.927031355319831491E+09    0.335724523241563588E+03   -0.167862261620781794E+03
    0.444595947391807300E+02    0.136147615703225977E+01    0.230567953042116542E+02    0.927031355319831491E+09    0.335724523241563588E+03   -0.167862261620781794E+03
    0.211889935868976060E+02    0.136161308469896714E+01    0.250060907621667390E+02    0.912408373242142916E+09    0.335715662790182819E+03   -0.167857831395091409E+03
    0.177012298729049498E+02    0.136303124490854866E+01    0.186104940900890519E+02    0.837621762869169354E+09    0.335707172611697160E+03   -0.167853586305848580E+03
    0.327280720304856061E+02    0.135845504307931098E+01    0.183941594304753444E+02    0.924040522420695543E+09    0.335705724602541636E+03   -0.167852862301270818E+03
    0.289637211038978997E+02    0.136131495975853034E+01    0.250918801294049132E+02    0.979272561776217699E+09    0.335696746015575286E+03   -0.167848373007787643E+03
    0.315118601995318244E+02    0.136392184472207090E+01    0.185465212436050670E+02    0.827809977887156129E+09    0.335695916071508805E+03   -0.167847958035754402E+03
    0.348937999090615207E+02    0.136215724090689161E+01    0.171191608897017353E+02    0.103581383252693343E+10    0.335683640093389499E+03   -0.167841820046694750E+03
    0.418488806209665185E+02    0.136087431330478159E+01    0.157872992845016942E+02    0.837973738966773033E+09    0.335682922753575838E+03   -0.167841461376787919E+03
    0.358537373573766232E+02    0.136157649588624041E+01    0.135262369255830208E+02    0.876946543648748159E+09    0.335673337880806571E+03   -0.167836668940403285E+03
    0.275560216848690231E+02    0.135909510049465942E+01    0.234485884348539493E+02    0.932971649426692843E+09    0.335652161320995958E+03   -0.167826080660497979E+03
    0.276452583807741128E+02    0.136247765186517023E+01    0.198312672590738828E+02    0.708235818604941726E+09    0.335641919051561445E+03   -0.167820959525780722E+03
    0.402365950522943550E+02    0.136167457237575240E+01    0.144923175471246140E+02    0.954120474803689003E+09    0.335618081424982734E+03   -0.167809040712491367E+03
    0.375640219862809488E+02    0.136303389965640753E+01    0.151647784344488841E+02    0.975274717805637479E+09    0.335608350932266148E+03   -0.167804175466133074E+03
    0.420296487635822515E+02    0.136206155334188872E+01    0.234600537915443503E+02    0.840600272459256649E+09    0.335591093673982414E+03   -0.167795546836991207E+03
    0.406037005907954338E+02    0.136172702116291400E+01    0.214208510537831280E+02    0.734720680283885002E+09    0.335586094669915838E+03   -0.167793047334957919E+03
    0.163034820330560564E+02    0.136267507342830640E+01    0.215060403121413799E+02    0.943094670289425492E+09    0.335584184588432663E+03   -0.167792092294216332E+03
    0.364720053662650443E+02    0.136312982951422379E+01    0.211016682888399814E+02    0.996785185069890380E+09    0.335568058608367835E+03   -0.167784029304183917E+03
    0.340093694739063466E+02    0.136256948693925928E+01    0.179571216185403628E+02    0.103301844823441172E+10    0.335567809812512223E+03   -0.167783904906256112E+03
    0.228366776213093559E+02    0.136197991498847459E+01    0.142789389266143871E+02    0.100454065224404287E+10    0.335560065867131584E+03   -0.167780032933565792E+03
    0.275415517142762631E+02    0.136034443283686213E+01    0.250702076807928158E+02    0.847899571684590340E+09    0.335541818744371881E+03   -0.167770909372185940E+03
    0.277722043834161241E+02    0.136204871873352817E+01    0.252654187834781681E+02    0.902759973714434624E+09    0.335529544247470881E+03   -0.167764772123735440E+03
    0.458063669850492730E+02    0.136062153221790205E+01    0.198809965642371900E+02    0.866749451592452884E+09    0.335528316753187369E+03   -0.167764158376593684E+03
    0.319042438523594392E+02    0.135871297597973695E+01    0.213403872997011632E+02    0.873662087087753892E+09    0.335522744859659042E+03   -0.167761372429829521E+03
    0.415243497434197621E+02    0.136106045132329201E+01    0.196666063250635119E+02    0.743936192322991729E+09    0.335522006851420656E+03   -0.167761003425710328E+03
    0.357010060465777528E+02    0.136005087618501430E+01    0.157686479234198238E+02    0.830886921613530040E+09    0.335516442652333751E+03   -0.167758221326166876E+03
    0.414967807689144124E+02    0.136178484894920948E+01    0.156351225121512041E+02    0.832180811213390946E+09    0.335499212746297189E+03   -0.167749606373148595E+03
    0.330398245553682415E+02    0.136207350826057749E+01    0.251755503377271879E+02    0.883300005258801222E+09    0.335497617923905523E+03   -0.167748808961952761E+03
    0.446461711108838770E+02    0.136191374642468177E+01    0.224799227576282377E+02    0.887807477588203311E+09    0.335496484645640862E+03   -0.167748242322820431E+03
    0.304205072927295710E+02    0.136055820442300734E+01    0.223621338045134159E+02    0.725641125645479083E+09    0.335492932189793464E+03   -0.167746466094896732E+03
    0.403038186535286229E+02    0.136342184114318021E+01    0.188608785286185814E+02    0.848120483645545125E+09    0.335481354289102853E+03   -0.167740677144551427E+03
    0.410636708596259794E+02    0.136094738949192329E+01    0.185737406491069521E+02    0.753992728926139832E+09    0.335477128824884858E+03   -0.167738564412442429E+03
    0.219228604887138516E+02    0.135951421842100717E+01    0.155132768194352870E+02    0.936872969261091232E+09    0.335467374648019472E+03   -0.167733687324009736E+03
    0.368321221012094213E+02    0.136011319011564424E+01    0.152749254074753313E+02    0.949798036631509185E+09    0.335466940915114662E+03   -0.167733470457557331E+03
    0.304821764670982098E+02    0.136279314796193018E+01    0.158495358486573750E+02    0.102163279099130642E+10    0.335466165174601599E+03   -0.167733082587300800E+03
    0.449362818592030635E+02    0.136273903168623822E+01    0.183471459513368984E+02    0.897004057933780551E+09    0.335462799821810904E+03   -0.167731399910905452E+03
    0.289704235241424115E+02    0.136352714496798377E+01    0.161206829788467516E+02    0.991321662446495414E+09    0.335459370740051384E+03   -0.167729685370025692E+03
    0.464479867148829513E+02    0.136180297670346562E+01    0.205137857251832365E+02    0.874826217373122692E+09    0.335420259252649316E+03   -0.167710129626324658E+03
    0.137828059174560824E+02    0.136226960844976630E+01    0.196426815659549874E+02    0.930386507867980242E+09    0.335402413134223025E+03   -0.167701206567111512E+03
    0.463573458016019302E+02    0.136161929497440370E+01    0.205296634602540706E+02    0.911378884991405964E+09    0.335381377706498540E+03   -0.167690688853249270E+03
    0.288808835436478049E+02    0.136231278720966964E+01    0.201210562277403788E+02    0.713850950414520860E+09    0.335378016363167831E+03   -0.167689008181583915E+03
    0.368182037131399724E+02    0.135939524656205779E+01    0.212045768213391064E+02    0.839056020613859773E+09    0.335339041150476817E+03   -0.167669520575238408E+03
    0.295250837261625882E+02    0.136294141628850274E+01    0.196800039416659871E+02    0.102403808409785521E+10    0.335338650304291036E+03   -0.167669325152145518E+03
    0.242537988164348199E+02    0.136022356050459692E+01    0.199559962921858691E+02    0.102953538844698751E+10    0.335337529808380339E+03   -0.167668764904190169E+03
    0.276102454788967222E+02    0.136193972742646885E+01    0.215510660430137051E+02    0.103051755528300631E+10    0.335333546541388841E+03   -0.167666773270694421E+03
    0.326686863728708801E+02    0.136068037654947904E+01    0.144288060484548364E+02    0.859687863202511072E+09    0.335302233782273788E+03   -0.167651116891136894E+03
    0.212558787260237878E+02    0.136135772223852514E+01    0.178550642773387089E+02    0.757864209413977742E+09    0.335300159232194630E+03   -0.167650079616097315E+03
    0.235984323353462351E+02    0.135906430920887322E+01    0.174252322638465920E+02    0.870220166342561483E+09    0.335268619379513098E+03   -0.167634309689756549E+03
    0.220325907609276790E+02    0.136328893685274322E+01    0.159464953844690918E+02    0.933594499835569859E+09    0.335247771457622150E+03   -0.167623885728811075E+03
    0.387837607748340432E+02    0.136111443729830017E+01    0.191704197477218727E+02    0.736913080141507745E+09    0.335243232183851205E+03   -0.167621616091925603E+03
    0.220566488407604275E+02    0.136341634976224091E+01    0.165654660798035245E+02    0.919662634171941996E+09    0.335225962155495665E+03   -0.167612981077747833E+03
    0.399378827341422848E+02    0.136116467037571676E+01    0.199782379307306925E+02    0.101105288277840483E+10    0.335209626788262540E+03   -0.167604813394131270E+03
    0.308904826954250957E+02    0.136281923263467730E+01    0.213873183204625512E+02    0.763864707350087047E+09    0.335206750695807386E+03   -0.167603375347903693E+03
    0.187874536850387948E+02    0.136113647473107768E+01    0.169386627448133886E+02    0.814722663271894455E+09    0.335192852244383516E+03   -0.167596426122191758E+03
    0.210869917406205403E+02    0.136336287304848214E+01    0.173275511962535980E+02    0.898284343621993542E+09    0.335192003015578905E+03   -0.167596001507789452E+03
    0.398269452451311494E+02    0.135972773109128409E+01    0.205415257943187548E+02    0.863361839223402143E+09    0.335159997035890513E+03   -0.167579998517945256E+03
    0.248451503914342524E+02    0.136225995679755862E+01    0.196292221348488241E+02    0.103007596921141469E+10    0.335140130810048959E+03   -0.167570065405024479E+03
    0.162950179962235673E+02    0.136254558997194342E+01    0.175849202068072543E+02    0.935661124176952362E+09    0.335084467220586475E+03   -0.167542233610293238E+03
    0.386833304772771172E+02    0.136020930502984561E+01    0.229077665944547384E+02    0.922940808927745223E+09    0.335069342466337162E+03   -0.167534671233168581E+03
    0.215612612778108748E+02    0.136330962626032570E+01    0.176684001088817055E+02    0.959270185210253358E+09    0.335061012253266654E+03   -0.167530506126633327E+03
    0.345538651675394419E+02    0.136346879303394886E+01    0.206678814678069962E+02    0.944954326516916871E+09    0.335061008328205730E+03   -0.167530504164102865E+03
    0.369188522154757877E+02    0.136196298473828592E+01    0.146416495876512975E+02    0.881231283323222995E+09    0.335021070432576721E+03   -0.167510535216288361E+03
    0.343634919977621252E+02    0.136061384933335239E+01    0.148879285785191442E+02    0.888912137255814195E+09    0.334977162065758080E+03   -0.167488581032879040E+03
    0.207087626982043602E+02    0.135983734576967019E+01    0.192437693002457486E+02    0.100026638982362413E+10    0.334974831017803069E+03   -0.167487415508901535E+03
    0.358484243833751108E+02    0.135935345150963616E+01    0.190027226744804416E+02    0.938802381517356992E+09    0.334972415088090997E+03   -0.167486207544045499E+03
    0.434510112960363557E+02    0.136132545406319316E+01    0.219101145301964380E+02    0.879140170153149128E+09    0.334967385971235558E+03   -0.167483692985617779E+03
    0.417952651183703239E+02    0.136205626919368417E+01    0.216000903492270240E+02    0.949628724526032805E+09    0.334953734731294503E+03   -0.167476867365647252E+03
    0.281808391386870554E+02    0.136163889276092931E+01    0.247197512124224872E+02    0.911447375083084702E+09    0.334944531252487650E+03   -0.167472265626243825E+03
    0.240201202223846906E+02    0.136009463037982403E+01    0.210948752233917851E+02    0.786286010358816266E+09    0.334929132071922254E+03   -0.167464566035961127E+03
    0.330623310250889944E+02    0.136121889994261558E+01    0.156751090356580942E+02    0.804948902719716072E+09    0.334900028809352079E+03   -0.167450014404676040E+03
    0.220408329330657047E+02    0.135975415282812762E+01    0.220289597752911135E+02    0.857987732819038153E+09    0.334875959713378677E+03   -0.167437979856689338E+03
    0.309900649231838443E+02    0.136210315646150182E+01    0.156883661044913136E+02    0.803396168643447518E+09    0.334872333096146178E+03   -0.167436166548073089E+03
    0.388305137211254703E+02    0.136322668261171076E+01    0.187546756218079551E+02    0.931554835141774416E+09    0.334865827701360558E+03   -0.167432913850680279E+03
    0.297315620428387923E+02    0.136092101885530981E+01    0.224118735272476428E+02    0.101073132062829435E+10    0.334838151774911751E+03   -0.167419075887455875E+03
    0.180427309884356575E+02    0.136193516193327557E+01    0.218282358507033152E+02    0.949838347454112530E+09    0.334828022242621103E+03   -0.167414011121310551E+03
    0.370236775361257457E+02    0.136125371579985854E+01    0.152724225802477633E+02    0.866536821029775143E+09    0.334820655612525456E+03   -0.167410327806262728E+03
    0.356890088021351062E+02    0.136325017828366923E+01    0.176417827026403344E+02    0.851667821632585883E+09    0.334817701391993182E+03   -0.167408850695996591E+03
    0.353050894075208461E+02    0.135984101845197602E+01    0.214341539039423346E+02    0.961406196754182458E+09    0.334794751772349855E+03   -0.167397375886174927E+03
    0.261783699147694939E+02    0.136090454737385014E+01    0.228721671958704391E+02    0.788869881261023641E+09    0.334756266212259447E+03   -0.167378133106129724E+03
    0.323021771559562865E+02    0.136306444447308039E+01    0.159426729988313252E+02    0.871131414058154821E+09    0.334744156829719543E+03   -0.167372078414859772E+03
    0.410525732945593305E+02    0.136143673008011223E+01    0.165309581256100344E+02    0.882757305184925795E+09    0.334707485077433716E+03   -0.167353742538716858E+03
    0.422970990493221706E+02    0.136184258842704464E+01    0.191793068694486095E+02    0.955020754566847801E+09    0.334672168741326573E+03   -0.167336084370663286E+03
    0.350729386242210737E+02    0.136197882981667395E+01    0.230941920136720995E+02    0.819639393375622988E+09    0.334662243105385357E+03   -0.167331121552692679E+03
    0.362506876604218249E+02    0.136174874369876719E+01    0.232334257670625703E+02    0.949982457712884784E+09    0.334662076251341034E+03   -0.167331038125670517E+03
    0.332227102859504626E+02    0.136248121743437323E+01    0.196731509532212741E+02    0.767926338619149446E+09    0.334635714237119828E+03   -0.167317857118559914E+03
    0.342111172142385627E+02    0.135952709279920936E+01    0.209998895270468751E+02    0.885657420832751989E+09    0.334635337107942064E+03   -0.167317668553971032E+03
    0.327564277921792666E+02    0.136327727984525104E+01    0.165695459438388184E+02    0.902903820524505973E+09    0.334634518659735079E+03   -0.167317259329867539E+03
    0.365349066805935934E+02    0.136156271414634644E+01    0.226417084490151375E+02    0.945857642256021619E+09    0.334343782255476413E+03   -0.167171891127738206E+03
    0.275451295931775171E+02    0.135991121356138933E+01    0.215570013202193032E+02    0.878116523972531557E+09    0.334161488749789157E+03   -0.167080744374894579E+03
    0.283066435627303292E+02    0.136170313287260103E+01    0.166194316711137340E+02    0.871952158406221390E+09    0.333737341003293068E+03   -0.166868670501646534E+03
    0.379609881069531312E+02    0.136277523204928608E+01    0.191952620924094646E+02    0.873128521683485031E+09    0.334286622642561383E+03   -0.167143311321280692E+03
    0.240996870390426068E+02    0.136074084498783709E+01    0.237083737091556834E+02    0.880358234182133913E+09    0.334624625531788695E+03   -0.167312312765894347E+03
    0.291637534094988133E+02    0.136180364835271162E+01    0.232813193611008451E+02    0.931425018644510627E+09    0.334221940430558789E+03   -0.167110970215279394E+03
    0.323834649885670700E+02    0.136236537756837905E+01    0.211759573148231830E+02    0.893366449765914917E+09    0.333714731747704604E+03   -0.166857365873852302E+03
    0.218192235953770570E+02    0.136251759878803669E+01    0.163577291219547938E+02    0.939545551308118224E+09    0.334430186087253333E+03   -0.167215093043626666E+03
    0.228678391781408692E+02    0.136250227193721019E+01    0.211143151895918493E+02    0.976772350687518120E+09    0.334524816942803682E+03   -0.167262408471401841E+03
    0.324627061125679077E+02    0.136207556463900570E+01    0.177120342294267665E+02    0.866948911118199944E+09    0.333585642174811255E+03   -0.166792821087405628E+03
    0.257192438976572397E+02    0.136003039310113372E+01    0.176690673642494929E+02    0.835630530554864049E+09    0.334494998564111768E+03   -0.167247499282055884E+03
    0.282595886654409725E+02    0.136206406823105186E+01    0.187718701367998904E+02    0.923867930254474163E+09    0.333269333385105483E+03   -0.166634666692552742E+03
    0.282595886654409725E+02    0.136206406823105186E+01    0.187718701367998904E+02    0.923867930254474163E+09    0.333269333385105483E+03   -0.166634666692552742E+03
    0.291177507195105996E+02    0.136134151249318047E+01    0.235188876100387070E+02    0.861697519735908866E+09    0.334256021493889307E+03   -0.167128010746944653E+03
    0.304706767970760559E+02    0.135980894306891997E+01    0.166877887418319872E+02    0.941635097694844604E+09    0.334532747129275435E+03   -0.167266373564637718E+03
    0.240769782990398582E+02    0.136217326291545704E+01    0.194473668549686174E+02    0.872094614055373430E+09    0.333694258887627143E+03   -0.166847129443813571E+03
    0.242978448671262797E+02    0.136023196118638023E+01    0.159986493337189231E+02    0.884861662082198143E+09    0.334621739848656944E+03   -0.167310869924328472E+03
    0.344011752227988339E+02    0.136242775901534685E+01    0.185544660738319571E+02    0.822853747496134281E+09    0.334089534191290909E+03   -0.167044767095645454E+03
    0.283477123941385045E+02    0.136009050097610995E+01    0.226158518610557486E+02    0.908129441631000400E+09    0.334263455396004929E+03   -0.167131727698002464E+03
    0.292208268430313822E+02    0.136271642065529552E+01    0.196885803536158726E+02    0.888095286875507474E+09    0.333739828792531398E+03   -0.166869914396265699E+03
    0.271556444538077848E+02    0.136229061950570940E+01    0.204609927375729086E+02    0.824775233433857799E+09    0.333991639368023016E+03   -0.166995819684011508E+03
    0.245136504688690984E+02    0.136188795107187466E+01    0.195496055454153037E+02    0.775045841499514937E+09    0.334506841098922337E+03   -0.167253420549461168E+03
    0.270010489192589489E+02    0.135999294587576980E+01    0.168622722769483353E+02    0.861563154484200716E+09    0.334489117225454322E+03   -0.167244558612727161E+03
    0.304144507686274750E+02    0.136125419559164240E+01    0.213993962803958091E+02    0.827636352298712373E+09    0.333731892603436506E+03   -0.166865946301718253E+03
    0.295651151197489774E+02    0.136249780939688647E+01    0.175480878049810940E+02    0.866451579668983817E+09    0.333801960530898327E+03   -0.166900980265449164E+03
    0.337055069130829423E+02    0.136204090250290388E+01    0.194198523347257250E+02    0.812089235809921265E+09    0.333902424038411937E+03   -0.166951212019205968E+03
    0.378665570604187778E+02    0.136202133080321097E+01    0.216836185194472719E+02    0.908801074495671391E+09    0.334094462319049285E+03   -0.167047231159524642E+03
    0.318365592429631299E+02    0.136068776143856218E+01    0.229173127934126448E+02    0.823095887582755208E+09    0.334399160436848661E+03   -0.167199580218424330E+03
    0.272013698623766906E+02    0.136271220234626012E+01    0.210370447754383143E+02    0.846213021877481461E+09    0.334259548927450282E+03   -0.167129774463725141E+03
    0.269664792834416858E+02    0.136047311311967256E+01    0.186217091167504414E+02    0.994050913090870380E+09    0.334099429098941755E+03   -0.167049714549470878E+03
    0.349542664906504896E+02    0.136246785233856671E+01    0.219403164560870998E+02    0.944464386296637177E+09    0.334328066751319056E+03   -0.167164033375659528E+03
    0.365581067253004619E+02    0.136135533721711144E+01    0.203800219066546262E+02    0.834200425685014248E+09    0.333827559407933109E+03   -0.166913779703966554E+03
    0.401586091210072240E+02    0.136206498657481467E+01    0.194506801583452322E+02    0.805771765910027504E+09    0.334614913149991480E+03   -0.167307456574995740E+03
    0.176150354516090566E+02    0.136177401686844224E+01    0.204452328180385230E+02    0.946750669584272265E+09    0.334463526075663253E+03   -0.167231763037831627E+03
    0.278878979965938427E+02    0.136235837092453549E+01    0.181379368619456720E+02    0.101410417727850401E+10    0.334414990579840946E+03   -0.167207495289920473E+03
    0.339524450286009341E+02    0.136114131407493133E+01    0.234110068736102477E+02    0.855248404552943707E+09    0.334346324308841986E+03   -0.167173162154420993E+03
    0.218715691834990160E+02    0.136101375944997605E+01    0.189422155612621950E+02    0.853526677870309114E+09    0.333919823949331430E+03   -0.166959911974665715E+03
    0.235726882088453493E+02    0.136157671576829364E+01    0.152672265641631189E+02    0.968403516385095716E+09    0.334525911030030557E+03   -0.167262955515015278E+03
    0.252926865897269124E+02    0.136035713967222227E+01    0.206184364925145900E+02    0.817888743589799285E+09    0.334218790023768747E+03   -0.167109395011884374E+03
    0.243830315184504265E+02    0.136183624773472078E+01    0.184790993321978192E+02    0.836256932136130929E+09    0.333857502705476918E+03   -0.166928751352738459E+03
    0.252178095897080112E+02    0.136205695830867191E+01    0.172203443622020949E+02    0.100457816944280636E+10    0.334303346829229554E+03   -0.167151673414614777E+03
    0.384409084429455064E+02    0.136105411623701333E+01    0.184658434233824700E+02    0.835687488165470958E+09    0.334175828203693868E+03   -0.167087914101846934E+03
    0.381278081105949624E+02    0.136205506263958598E+01    0.220407468440436993E+02    0.929861119938012719E+09    0.334344228486533780E+03   -0.167172114243266890E+03
    0.281085954718595268E+02    0.136113875002504447E+01    0.177815503762577336E+02    0.822234507951782346E+09    0.333888316614338464E+03   -0.166944158307169232E+03
    0.236940589477076813E+02    0.136090328659270243E+01    0.154196018917718867E+02    0.930332937640840054E+09    0.334434905070205502E+03   -0.167217452535102751E+03
    0.292329374646968922E+02    0.136232225735204793E+01    0.165875913369428041E+02    0.896973457050851107E+09    0.333787285851924707E+03   -0.166893642925962354E+03
    0.346739102177029608E+02    0.136276111824121982E+01    0.162883083479785213E+02    0.939971577043216109E+09    0.334369067885582751E+03   -0.167184533942791376E+03
    0.277675880412825364E+02    0.136216453778918600E+01    0.167446230263663125E+02    0.850138460787516117E+09    0.334005849863137882E+03   -0.167002924931568941E+03
    0.262165451009541535E+02    0.136222900321063789E+01    0.216127105978534608E+02    0.798273096031515598E+09    0.334514963946004343E+03   -0.167257481973002172E+03
    0.281654287619010759E+02    0.136071673976353114E+01    0.184563336349667040E+02    0.863250496011995673E+09    0.333554066939865493E+03   -0.166777033469932746E+03
    0.223077467821195015E+02    0.136089067738219693E+01    0.208352169443525597E+02    0.826100477196775198E+09    0.334202253545479266E+03   -0.167101126772739633E+03
    0.362740422200356463E+02    0.136035145357549059E+01    0.180037872544225444E+02    0.909098677979229689E+09    0.334077540402046452E+03   -0.167038770201023226E+03
    0.340527198945476854E+02    0.136206898785432751E+01    0.217487852878678112E+02    0.853120960552089214E+09    0.333921713985826727E+03   -0.166960856992913364E+03
    0.326150262085836786E+02    0.136020193522052901E+01    0.198550256195567059E+02    0.855839202306889176E+09    0.333908407305195908E+03   -0.166954203652597954E+03
    0.251392311708458926E+02    0.136090739492195145E+01    0.211947577882489888E+02    0.990160659490592480E+09    0.334134212629168644E+03   -0.167067106314584322E+03
    0.264992950727876462E+02    0.136158620039933442E+01    0.191602527335204336E+02    0.836175842265416622E+09    0.333588629753977045E+03   -0.166794314876988523E+03
    0.254219383259604896E+02    0.136266673586708986E+01    0.188334195226428029E+02    0.951348559600194693E+09    0.333880910241871504E+03   -0.166940455120935752E+03
    0.316734520526024887E+02    0.136244377537800854E+01    0.191362334003891874E+02    0.813236372080555558E+09    0.334055984757627414E+03   -0.167027992378813707E+03
    0.337511806197886770E+02    0.136164402714227450E+01    0.188595620477740766E+02    0.790200565723141193E+09    0.334062276301535235E+03   -0.167031138150767617E+03
    0.227582097169993816E+02    0.136194653463631887E+01    0.207214679916743911E+02    0.974846528551513791E+09    0.334067846317851149E+03   -0.167033923158925575E+03
    0.286126556974051098E+02    0.136241278915230568E+01    0.216574674157872664E+02    0.861421040880407929E+09    0.333994112064470642E+03   -0.166997056032235321E+03
    0.346685031230069711E+02    0.136296722867823927E+01    0.182905094472184722E+02    0.946564348497810960E+09    0.334214451333490445E+03   -0.167107225666745222E+03
    0.329758064165710465E+02    0.136143497434906480E+01    0.157655113869206716E+02    0.917900267656570196E+09    0.333995742187826863E+03   -0.166997871093913432E+03
    0.332788669987708658E+02    0.136147444079762070E+01    0.226879073390945081E+02    0.988014837156486154E+09    0.334606532030973199E+03   -0.167303266015486599E+03
    0.361071007796584311E+02    0.136101069059270352E+01    0.208197479174140945E+02    0.961622986699132085E+09    0.333963209308828823E+03   -0.166981604654414411E+03
    0.217085533533497852E+02    0.136223943674700720E+01    0.203871080560675217E+02    0.947925979262230515E+09    0.334041459261221576E+03   -0.167020729630610788E+03
    0.361416069013761714E+02    0.136037199247337082E+01    0.197043247413638980E+02    0.924487983705395460E+09    0.333927960699588311E+03   -0.166963980349794156E+03
    0.283260882625686854E+02    0.136000196361065306E+01    0.192265028356723136E+02    0.934455369773051262E+09    0.333815330205307191E+03   -0.166907665102653596E+03
    0.235996718034247372E+02    0.136056594944109932E+01    0.163998759812019728E+02    0.943276878937100649E+09    0.334213078867088598E+03   -0.167106539433544299E+03
    0.349284492334058925E+02    0.136175927160889199E+01    0.165747066681886643E+02    0.941019748324031830E+09    0.333879910399061032E+03   -0.166939955199530516E+03
    0.280043800570888735E+02    0.136205587064796152E+01    0.204596701054812939E+02    0.101649263941019416E+10    0.334492073292906866E+03   -0.167246036646453433E+03
    0.395772773582031050E+02    0.136233768927200027E+01    0.182399374328448225E+02    0.853907746950682163E+09    0.334351737821802601E+03   -0.167175868910901301E+03
    0.242969303478271286E+02    0.136117105755252688E+01    0.206478387236045613E+02    0.907959790955688000E+09    0.333440007936173743E+03   -0.166720003968086871E+03
    0.242969303478271286E+02    0.136117105755252688E+01    0.206478387236045613E+02    0.907959790955688000E+09    0.333440007936173743E+03   -0.166720003968086871E+03
    0.377187698253124211E+02    0.136112243847455261E+01    0.219992804808392890E+02    0.820944919525675058E+09    0.334380366232917993E+03   -0.167190183116458996E+03
    0.318878382018403528E+02    0.136168899381601927E+01    0.212178906346861815E+02    0.868608582005972505E+09    0.333472699872718806E+03   -0.166736349936359403E+03
    0.314082359616235998E+02    0.136314858704149566E+01    0.169098925656796588E+02    0.857286772726984501E+09    0.334608369705516452E+03   -0.167304184852758226E+03
    0.177548619038757174E+02    0.136214268114587811E+01    0.194796694807017055E+02    0.935185488442773223E+09    0.334442295176167818E+03   -0.167221147588083909E+03
    0.269203165048672091E+02    0.136218357278895530E+01    0.223242641146944081E+02    0.952033987818790078E+09    0.334172859328083405E+03   -0.167086429664041702E+03
    0.358833949275526720E+02    0.136137673305838103E+01    0.165977667281427088E+02    0.808595102045616984E+09    0.334589319861745594E+03   -0.167294659930872797E+03
    0.367750758429986249E+02    0.136138742048076367E+01    0.207863737406715998E+02    0.990918149352279902E+09    0.334390942697825324E+03   -0.167195471348912662E+03
    0.258293030971303033E+02    0.135992777286533673E+01    0.218208357337803314E+02    0.913245855367778182E+09    0.334201785408404760E+03   -0.167100892704202380E+03
    0.317700952717334459E+02    0.136086049673344411E+01    0.234860320566280585E+02    0.951462683883023262E+09    0.334485101311590711E+03   -0.167242550655795355E+03
    0.173665023109761378E+02    0.136191882407671527E+01    0.171939399824429309E+02    0.927632807330492973E+09    0.334601537346975931E+03   -0.167300768673487966E+03
    0.200700250278815417E+02    0.136237240688180106E+01    0.193512584078139689E+02    0.843047432307205915E+09    0.334568943377722235E+03   -0.167284471688861117E+03
    0.208839473283377970E+02    0.136232712782666776E+01    0.210715089149746824E+02    0.905091750641203523E+09    0.334270863386233714E+03   -0.167135431693116857E+03
    0.301674056266141619E+02    0.136194631676052880E+01    0.190557806164383052E+02    0.957056929127108932E+09    0.333380831282175791E+03   -0.166690415641087895E+03
    0.331654188470334219E+02    0.136063881277409182E+01    0.176892580942692206E+02    0.959121038311895013E+09    0.333876963839816597E+03   -0.166938481919908298E+03
    0.332106355174609078E+02    0.136106375968741000E+01    0.189055312544536172E+02    0.906433478641041398E+09    0.333288096134245052E+03   -0.166644048067122526E+03
    0.261779353739442833E+02    0.135955920602811897E+01    0.198753976625212445E+02    0.915472574045286894E+09    0.334200418552049086E+03   -0.167100209276024543E+03
    0.252390490828666252E+02    0.136116853235996182E+01    0.191333679157543841E+02    0.779939118523956418E+09    0.334329192163818675E+03   -0.167164596081909337E+03
    0.298362607012619598E+02    0.136006023521045583E+01    0.203848148110445671E+02    0.100242539022122347E+10    0.334608897973908142E+03   -0.167304448986954071E+03
    0.276444656518547269E+02    0.136158355280132026E+01    0.163558404386674070E+02    0.899560282370826721E+09    0.333699189832264892E+03   -0.166849594916132446E+03
    0.292116380141554295E+02    0.136144318553600274E+01    0.232736090717776776E+02    0.806199722267385840E+09    0.334553722372251514E+03   -0.167276861186125757E+03
    0.368504760155217710E+02    0.136209098346223567E+01    0.199548693827102213E+02    0.904741326503735781E+09    0.333664918077565517E+03   -0.166832459038782758E+03
    0.368504760155217710E+02    0.136209098346223567E+01    0.199548693827102213E+02    0.904741326503735781E+09    0.333664918077565517E+03   -0.166832459038782758E+03
