    0.755528286148170878E+02    0.135292314277562320E+01    0.256110276862014601E+02    0.402231526775652111E+09    0.621308897292921529E+03   -0.310654448646460764E+03
    0.688253419098625443E+02    0.135328188656304049E+01    0.194881813868374039E+02    0.578786055108621955E+09    0.618672297592250857E+03   -0.309336148796125428E+03
    0.702579164858661471E+02    0.136319171851711030E+01    0.190222351303952664E+02    0.797974048661597610E+09    0.618087878251957818E+03   -0.309043939125978909E+03
    0.758923198622700141E+02    0.135954045195897999E+01    0.212223762062415133E+02    0.373855357992366016E+09    0.615495432213150252E+03   -0.307747716106575126E+03
    0.303896876021386149E+02    0.136431018790663883E+01    0.301862194608338790E+02    0.589597509961194158E+09    0.613851913912658347E+03   -0.306925956956329173E+03
    0.875150678270763223E+02    0.135859567842994400E+01    0.346312391345544057E+02    0.809734152309804201E+09    0.613430161489659667E+03   -0.306715080744829834E+03
    0.591726346413570496E+02    0.135885403685891326E+01    0.367679587184178942E+02    0.385049621978761733E+09    0.613361244503774742E+03   -0.306680622251887371E+03
    0.480187327722250927E+02    0.135525809036007128E+01    0.383553514934745792E+02    0.483814173160656750E+09    0.613156105397823808E+03   -0.306578052698911904E+03
    0.733633042738150181E+02    0.136281753258562888E+01    0.210595869742391493E+02    0.703166712333354354E+09    0.613095680921523012E+03   -0.306547840460761506E+03
    0.314736745714023698E+02    0.135934650422974879E+01    0.227049207290508086E+02    0.482656462143071890E+09    0.612722819288484743E+03   -0.306361409644242372E+03
    0.708130945282165953E+02    0.135323007636228287E+01    0.343093392817170795E+02    0.732478205370658636E+09    0.611948795204507292E+03   -0.305974397602253646E+03
    0.492153412698970385E+02    0.136172008652501897E+01    0.433307075339542038E+02    0.821804019743895531E+09    0.611776288983472909E+03   -0.305888144491736455E+03
    0.721603552778526023E+02    0.136187068578443848E+01    0.377139339265526772E+02    0.826030473637995005E+09    0.611329365017937789E+03   -0.305664682508968895E+03
    0.359492723225433295E+02    0.135735397494400711E+01    0.389356823356750326E+02    0.924291289629791021E+09    0.611228110795330963E+03   -0.305614055397665481E+03
    0.476787455691120527E+02    0.135962502295604981E+01    0.269556695261262966E+02    0.355980480941997886E+09    0.610974601504171460E+03   -0.305487300752085730E+03
    0.755615066324790376E+02    0.136138165429528635E+01    0.309664270908331147E+02    0.840823247926556706E+09    0.610592160015038644E+03   -0.305296080007519322E+03
    0.244227388308704398E+02    0.135970078015799678E+01    0.243903460952996518E+02    0.768491062797313452E+09    0.610503396109397954E+03   -0.305251698054698977E+03
    0.562671972780227350E+02    0.135454810193766151E+01    0.225874258551528690E+02    0.716238094771660089E+09    0.610178192517254843E+03   -0.305089096258627421E+03
    0.747029185150335167E+02    0.135661420250561426E+01    0.229090116746232937E+02    0.552872365361874342E+09    0.609842360152282026E+03   -0.304921180076141013E+03
    0.319239258690880838E+02    0.135990148413107304E+01    0.224949293599100457E+02    0.561525080381139874E+09    0.609828080580827077E+03   -0.304914040290413539E+03
    0.440513699804306569E+02    0.135703760389186434E+01    0.198167620440490353E+02    0.724161135802227139E+09    0.609763204533872681E+03   -0.304881602266936341E+03
    0.427814333899200108E+02    0.136324897547016355E+01    0.217684617751260596E+02    0.662360120679870844E+09    0.609706287701746987E+03   -0.304853143850873494E+03
    0.457853107374570101E+02    0.135349379761270860E+01    0.344574634931777624E+02    0.600988626362732291E+09    0.609668258668833005E+03   -0.304834129334416502E+03
    0.534190000727506629E+02    0.136185031951214763E+01    0.402309139106624229E+02    0.575047540075299263E+09    0.609546132916529928E+03   -0.304773066458264964E+03
    0.844379843219349056E+02    0.135968748053394606E+01    0.340065422184284287E+02    0.736810778493661642E+09    0.608944148674441976E+03   -0.304472074337220988E+03
    0.640808167767219743E+02    0.136334866096393359E+01    0.267498529864214127E+02    0.539909318208818674E+09    0.608930320840225249E+03   -0.304465160420112625E+03
    0.779565272569409728E+02    0.135726864033337402E+01    0.377375901081871916E+02    0.561150216307343483E+09    0.608829297423030653E+03   -0.304414648711515326E+03
    0.618876124777910590E+02    0.135561698833992939E+01    0.320445837406849989E+02    0.877518409854993224E+09    0.608776289946297197E+03   -0.304388144973148599E+03
    0.567290994196701490E+02    0.135715602777925315E+01    0.244962086937642418E+02    0.870272232892423749E+09    0.608746129683477761E+03   -0.304373064841738881E+03
    0.543258086949484849E+02    0.135824350861142329E+01    0.448904745567317107E+02    0.763452432914484501E+09    0.608712385283387562E+03   -0.304356192641693781E+03
    0.861976574444322239E+02    0.135960659768069170E+01    0.295241849007580264E+02    0.669515947616495967E+09    0.608670543013882479E+03   -0.304335271506941240E+03
    0.626061787049672915E+02    0.135355421463283898E+01    0.334058273249617201E+02    0.633139804237996221E+09    0.608629786358991396E+03   -0.304314893179495698E+03
    0.555036878249450183E+02    0.135624669877755166E+01    0.412158951540972041E+02    0.580057574616969347E+09    0.608541727543961770E+03   -0.304270863771980885E+03
    0.792039493352090886E+02    0.136108984460567384E+01    0.347159084714371531E+02    0.750949478720611811E+09    0.608429604405486089E+03   -0.304214802202743044E+03
    0.841706861407958513E+02    0.136017949843097918E+01    0.342586727432677236E+02    0.687636322174781084E+09    0.608346388514586579E+03   -0.304173194257293289E+03
    0.428998876160839089E+02    0.136231533968926244E+01    0.324748059919726586E+02    0.873671259355026007E+09    0.608173452968599349E+03   -0.304086726484299675E+03
    0.536654594049368754E+02    0.135693198763215506E+01    0.221902806555431269E+02    0.800301352138382673E+09    0.608053747339863094E+03   -0.304026873669931547E+03
    0.821938935078832884E+02    0.135972085536629295E+01    0.366237320846887400E+02    0.629044736964353561E+09    0.608016662655056734E+03   -0.304008331327528367E+03
    0.521930023922934154E+02    0.136026488268489021E+01    0.400928323679330134E+02    0.553628392134258151E+09    0.607951105467657726E+03   -0.303975552733828863E+03
    0.452093672177497368E+02    0.135488907404243331E+01    0.397462578208291859E+02    0.720702098053607464E+09    0.607902220627528322E+03   -0.303951110313764161E+03
    0.309956836898933901E+02    0.135813505791267186E+01    0.329592328764808684E+02    0.551177630419004798E+09    0.607557522854429180E+03   -0.303778761427214590E+03
    0.348674111576700341E+02    0.136301708920046982E+01    0.297704882410624485E+02    0.673834889265396953E+09    0.607544831687009719E+03   -0.303772415843504859E+03
    0.621050036267880259E+02    0.136205393430030752E+01    0.239532471089529473E+02    0.523327491265753388E+09    0.607503302913404241E+03   -0.303751651456702120E+03
    0.676355086733537405E+02    0.136057194582752605E+01    0.269570016705516444E+02    0.468395278328799427E+09    0.607481193316731606E+03   -0.303740596658365803E+03
    0.448419798900521371E+02    0.135648624074789770E+01    0.290353829413133262E+02    0.892882941798665524E+09    0.607473571619402946E+03   -0.303736785809701473E+03
    0.496160823795519690E+02    0.135663306196447442E+01    0.261014057137018014E+02    0.470757055964527428E+09    0.607448595355987891E+03   -0.303724297677993945E+03
    0.475958801596060681E+02    0.136047059880595822E+01    0.204341692899738838E+02    0.570431739830886006E+09    0.607436483663843319E+03   -0.303718241831921659E+03
    0.412176902222243413E+02    0.135538207615463602E+01    0.254854975442404381E+02    0.591465989315410137E+09    0.607370548022604453E+03   -0.303685274011302226E+03
    0.278970475332271590E+02    0.136049078102183296E+01    0.354678563132200608E+02    0.691826940398294091E+09    0.607316867380434587E+03   -0.303658433690217294E+03
    0.843665274287809552E+02    0.135814310189069443E+01    0.323923066423306594E+02    0.666216270716734409E+09    0.607303635506347746E+03   -0.303651817753173873E+03
    0.259577525408185892E+02    0.135878505919955295E+01    0.356544890754308454E+02    0.717886396075251579E+09    0.607285569469606912E+03   -0.303642784734803456E+03
    0.503404021423313921E+02    0.136330593860656379E+01    0.347463822566648091E+02    0.772022208038147807E+09    0.607284740248474577E+03   -0.303642370124237289E+03
    0.253467586568849690E+02    0.135977812891615768E+01    0.327058251430850717E+02    0.768341409503965974E+09    0.607194690921034407E+03   -0.303597345460517204E+03
    0.654241636817760934E+02    0.136201451787836558E+01    0.224811366691403975E+02    0.614828298811751366E+09    0.607185127812148721E+03   -0.303592563906074361E+03
    0.616762764069331766E+02    0.135777970876345355E+01    0.357038976433477089E+02    0.481363700741080523E+09    0.607134019462157767E+03   -0.303567009731078883E+03
    0.444882573921615005E+02    0.135880337139421048E+01    0.288514591076989859E+02    0.452194219142332375E+09    0.607125046479030289E+03   -0.303562523239515144E+03
    0.727628098164227453E+02    0.135767167883591600E+01    0.229869437479550811E+02    0.663645456810402989E+09    0.607096553871658898E+03   -0.303548276935829449E+03
    0.608525898512546988E+02    0.136303776720675640E+01    0.306897709202416102E+02    0.556643414653321028E+09    0.606936836140976538E+03   -0.303468418070488269E+03
    0.330662421817448617E+02    0.136055793477419229E+01    0.320287572130971014E+02    0.556687214082159400E+09    0.606906218559356603E+03   -0.303453109279678301E+03
    0.463367082442679958E+02    0.136020832260374358E+01    0.247061810830617716E+02    0.483880378987501562E+09    0.606886202280596763E+03   -0.303443101140298381E+03
    0.357703541911276304E+02    0.136088426523473971E+01    0.233686397803739645E+02    0.718314822799422741E+09    0.606852662508174944E+03   -0.303426331254087472E+03
    0.580071865162733502E+02    0.135809505929375129E+01    0.223840895608126544E+02    0.508713801211549401E+09    0.606730404779792252E+03   -0.303365202389896126E+03
    0.766159443152615864E+02    0.136054297653257894E+01    0.250363262379833849E+02    0.660189585311149597E+09    0.606669934061727872E+03   -0.303334967030863936E+03
    0.359219784801235846E+02    0.135541677604006794E+01    0.277263516512029753E+02    0.699193324907290101E+09    0.606597804181408719E+03   -0.303298902090704360E+03
    0.468091757308245349E+02    0.135452340723295506E+01    0.289354012738842883E+02    0.771045706609489560E+09    0.606585262659189766E+03   -0.303292631329594883E+03
    0.453769283485633323E+02    0.135515827656958354E+01    0.251351547332771759E+02    0.679990525154636741E+09    0.606572462516704718E+03   -0.303286231258352359E+03
    0.294520317908631988E+02    0.136051574009893383E+01    0.267827480733623737E+02    0.701129917696034789E+09    0.606568045964678390E+03   -0.303284022982339195E+03
    0.589880743287421723E+02    0.135536720650943776E+01    0.340710438299433847E+02    0.535819520934062600E+09    0.606474411110354026E+03   -0.303237205555177013E+03
    0.721379705409449485E+02    0.135852390426647829E+01    0.229272127714688700E+02    0.589152488238231897E+09    0.606472044901210438E+03   -0.303236022450605219E+03
    0.567060639745797843E+02    0.136212830941599328E+01    0.339345055447364246E+02    0.833484479046858311E+09    0.606445338626730972E+03   -0.303222669313365486E+03
    0.684683959651749916E+02    0.136170640268637277E+01    0.364022271123430414E+02    0.599910838927176714E+09    0.606360625861275139E+03   -0.303180312930637569E+03
    0.686288657646257860E+02    0.135541968116209466E+01    0.294572381765102129E+02    0.749298229931128025E+09    0.606340708729859216E+03   -0.303170354364929608E+03
    0.658982713902508266E+02    0.135690381246673719E+01    0.412050924917198316E+02    0.684650634991140246E+09    0.606339261297489202E+03   -0.303169630648744601E+03
    0.317622300082151803E+02    0.135996934808317183E+01    0.251080578109477770E+02    0.696088641559795022E+09    0.606318518255282356E+03   -0.303159259127641178E+03
    0.475691258580064229E+02    0.135796516773784659E+01    0.406035158833421974E+02    0.595621046087767005E+09    0.606293535889979466E+03   -0.303146767944989733E+03
    0.654069611926506838E+02    0.135786675896124787E+01    0.375921346871652133E+02    0.842145968670755506E+09    0.606289478478613319E+03   -0.303144739239306659E+03
    0.787241462707359148E+02    0.135827295502759449E+01    0.313920814651741935E+02    0.758941931294174194E+09    0.606265802384722065E+03   -0.303132901192361032E+03
    0.422545894625696690E+02    0.136266880742646168E+01    0.251170472023922180E+02    0.695082902762338281E+09    0.606257358649602111E+03   -0.303128679324801055E+03
    0.331060170408243906E+02    0.136133523179359650E+01    0.330117331520010566E+02    0.620588690010344505E+09    0.606249240362456476E+03   -0.303124620181228238E+03
    0.638171228805451989E+02    0.135573972334832082E+01    0.245374380974797930E+02    0.636933198303168774E+09    0.606246247601390792E+03   -0.303123123800695396E+03
    0.392757170399597086E+02    0.136281651966487871E+01    0.328192616288277037E+02    0.684986443436051965E+09    0.606131592763281560E+03   -0.303065796381640780E+03
    0.647085288160981804E+02    0.135980961360748798E+01    0.245174138375082933E+02    0.496404056347282588E+09    0.606107468349772716E+03   -0.303053734174886358E+03
    0.483031399628411720E+02    0.136056061791718097E+01    0.271257629194466432E+02    0.869211368797075987E+09    0.606020362836018876E+03   -0.303010181418009438E+03
    0.552819230640838128E+02    0.135645207076090069E+01    0.392181650664506734E+02    0.584419743154073834E+09    0.606009093944713072E+03   -0.303004546972356536E+03
    0.326621688750283710E+02    0.135749086554233811E+01    0.371220118088245812E+02    0.666210133087117672E+09    0.605974967791668632E+03   -0.302987483895834316E+03
    0.752575799868693309E+02    0.135732058059124983E+01    0.304317348183772438E+02    0.769570222642549038E+09    0.605947694831541412E+03   -0.302973847415770706E+03
    0.521964494598554083E+02    0.135532060068442672E+01    0.285331278117601173E+02    0.535409440829881787E+09    0.605945696071825068E+03   -0.302972848035912534E+03
    0.663539966132302368E+02    0.136207468866981185E+01    0.275140885240559463E+02    0.761341406910005808E+09    0.605941759605173843E+03   -0.302970879802586921E+03
    0.513598791560267571E+02    0.135773890165965838E+01    0.410815118200818716E+02    0.814916955099692583E+09    0.605931177123215548E+03   -0.302965588561607774E+03
    0.576763367152530080E+02    0.135813234747217670E+01    0.427577456433222522E+02    0.698155011755240202E+09    0.605930089150779509E+03   -0.302965044575389754E+03
    0.318394478923914512E+02    0.135825398219758631E+01    0.287306922537366383E+02    0.817735809431631088E+09    0.605915320897145534E+03   -0.302957660448572767E+03
    0.688826753325365075E+02    0.136216254627932498E+01    0.342175557419217711E+02    0.624038135165408015E+09    0.605805926793539470E+03   -0.302902963396769735E+03
    0.328771160995305323E+02    0.136041546650139145E+01    0.259869645771724223E+02    0.750934293640427709E+09    0.605798787971573347E+03   -0.302899393985786674E+03
    0.425194124548826267E+02    0.135552690948105803E+01    0.264117248040550869E+02    0.740184185423083782E+09    0.605769852259774893E+03   -0.302884926129887447E+03
    0.727423525026622571E+02    0.136068317738348887E+01    0.362239728250737230E+02    0.594708554785025835E+09    0.605748424838208280E+03   -0.302874212419104140E+03
    0.344675541634380806E+02    0.136182129835446686E+01    0.276299800569780665E+02    0.669847270384507656E+09    0.605744117524740659E+03   -0.302872058762370330E+03
    0.547210616403216150E+02    0.135881446243017523E+01    0.327732875291826602E+02    0.468125212870638013E+09    0.605739654002417183E+03   -0.302869827001208591E+03
    0.703891358002967422E+02    0.135726411513930301E+01    0.263081973755527052E+02    0.531582754646297872E+09    0.605736153289091590E+03   -0.302868076644545795E+03
    0.682619210682567825E+02    0.135837454453279149E+01    0.233675507029234204E+02    0.716777908559893250E+09    0.605715678235255496E+03   -0.302857839117627748E+03
    0.336005454081998209E+02    0.135747292497642436E+01    0.351029337247164221E+02    0.829633357544978023E+09    0.605695277480506320E+03   -0.302847638740253160E+03
    0.580678248328931090E+02    0.135742779866607499E+01    0.348836328610581106E+02    0.496964963713690937E+09    0.605689275764324975E+03   -0.302844637882162488E+03
    0.538802302984215160E+02    0.135810120951618329E+01    0.214743947411531479E+02    0.702858098257813454E+09    0.605644646034500852E+03   -0.302822323017250426E+03
    0.605618534511392426E+02    0.135625366261673208E+01    0.378369587921060102E+02    0.805375729970731378E+09    0.605591774122555989E+03   -0.302795887061277995E+03
    0.485927872660207640E+02    0.136175030733690083E+01    0.333413977496241287E+02    0.846316766214880228E+09    0.605583621356568528E+03   -0.302791810678284264E+03
    0.703819113037928901E+02    0.136074251870202767E+01    0.263679743981226551E+02    0.534999236040534914E+09    0.605575059833433556E+03   -0.302787529916716778E+03
    0.423732600129509436E+02    0.135862889266702602E+01    0.414816405102160815E+02    0.716272522860010982E+09    0.605561767158002453E+03   -0.302780883579001227E+03
    0.362323999592747796E+02    0.136026144936504512E+01    0.267549934103377574E+02    0.813181120823399544E+09    0.605558395116622705E+03   -0.302779197558311353E+03
    0.569043396842360067E+02    0.135689818576953303E+01    0.383742878511986376E+02    0.561407991658605099E+09    0.605554394915820012E+03   -0.302777197457910006E+03
    0.432644627097871606E+02    0.135869657725813542E+01    0.373278345440305941E+02    0.553838511079078674E+09    0.605542784973315975E+03   -0.302771392486657987E+03
    0.698370456712262495E+02    0.135883210239019903E+01    0.279176262257083359E+02    0.493836246692952037E+09    0.605536245660852728E+03   -0.302768122830426364E+03
    0.383571529592457239E+02    0.135814075261098521E+01    0.328444021799693147E+02    0.531038032876890123E+09    0.605502561399833780E+03   -0.302751280699916890E+03
    0.383571529592457239E+02    0.135814075261098521E+01    0.328444021799693147E+02    0.531038032876890123E+09    0.605502561399833780E+03   -0.302751280699916890E+03
    0.722344840637942127E+02    0.136094528937456527E+01    0.257444150861388721E+02    0.700424701041286588E+09    0.605464182946126925E+03   -0.302732091473063463E+03
    0.680387626241885215E+02    0.135914357875499570E+01    0.362165072681721725E+02    0.823455668077975988E+09    0.605445711168905746E+03   -0.302722855584452873E+03
    0.535374968303999310E+02    0.135947652363936133E+01    0.334152533072695945E+02    0.483825847570253193E+09    0.605434077801470494E+03   -0.302717038900735247E+03
    0.422163500619119887E+02    0.136283902283751890E+01    0.280247843654794835E+02    0.696741754238134980E+09    0.605422895189984615E+03   -0.302711447594992308E+03
    0.366260399810868336E+02    0.135919662778703132E+01    0.394917595721785801E+02    0.718747838089565873E+09    0.605363778615169622E+03   -0.302681889307584811E+03
    0.687804423307171504E+02    0.136046811478904983E+01    0.372367127652624106E+02    0.585491866526500106E+09    0.605349323629172659E+03   -0.302674661814586329E+03
    0.738019362255123781E+02    0.135885105692417918E+01    0.373041307267653934E+02    0.754515348342180490E+09    0.605289674533285734E+03   -0.302644837266642867E+03
    0.642902340078258590E+02    0.135886127748636909E+01    0.239810275174525138E+02    0.771531170268377781E+09    0.605279489394568827E+03   -0.302639744697284414E+03
    0.502846665109768196E+02    0.136082213022912035E+01    0.220060335979555042E+02    0.705692416330048680E+09    0.605277783891139052E+03   -0.302638891945569526E+03
    0.421748856043387761E+02    0.135672803353552940E+01    0.328470493012050468E+02    0.538271764779689789E+09    0.605194407158781587E+03   -0.302597203579390793E+03
    0.630270653540026231E+02    0.136089470998759388E+01    0.284887831275135959E+02    0.821330606583239317E+09    0.605153412553381827E+03   -0.302576706276690913E+03
    0.757136802189734226E+02    0.136115251257007763E+01    0.298346766778010988E+02    0.647924093802954912E+09    0.605092132215288757E+03   -0.302546066107644378E+03
    0.533679855577087707E+02    0.135453133453099661E+01    0.329959893099099162E+02    0.675895488322694182E+09    0.605057672162111999E+03   -0.302528836081055999E+03
    0.573905915590134370E+02    0.136017303924163113E+01    0.242231588775813265E+02    0.795652270975956082E+09    0.605057006110668340E+03   -0.302528503055334170E+03
    0.606356769448017872E+02    0.135952330613385763E+01    0.219360236842282106E+02    0.593977687051600933E+09    0.604987800668806358E+03   -0.302493900334403179E+03
    0.762835160340247995E+02    0.135808587894229826E+01    0.275442071341936376E+02    0.585123028113590240E+09    0.604979487327879156E+03   -0.302489743663939578E+03
    0.617128057004134121E+02    0.136200913580834748E+01    0.339824100092612014E+02    0.777542498054589868E+09    0.604919494669404457E+03   -0.302459747334702229E+03
    0.562503254972693227E+02    0.136073715457959588E+01    0.400836463942450436E+02    0.670405317454929233E+09    0.604907625105172997E+03   -0.302453812552586498E+03
    0.759104979955556871E+02    0.135980193097856272E+01    0.356611716588500300E+02    0.634708474858162999E+09    0.604853819823537151E+03   -0.302426909911768576E+03
    0.676053304215801063E+02    0.136010919978896849E+01    0.354556335982312945E+02    0.549045715433750153E+09    0.604808293676984704E+03   -0.302404146838492352E+03
    0.484156354152557356E+02    0.136075514727065094E+01    0.223421620594964061E+02    0.672327044046392322E+09    0.604772921134752210E+03   -0.302386460567376105E+03
    0.730725766439229574E+02    0.136143023726544721E+01    0.307099649814167890E+02    0.615990882768649936E+09    0.604740243780791047E+03   -0.302370121890395524E+03
    0.730725766439229574E+02    0.136143023726544721E+01    0.307099649814167890E+02    0.615990882768649936E+09    0.604740243780791047E+03   -0.302370121890395524E+03
    0.623912189225562983E+02    0.135980075572018633E+01    0.385188188868883259E+02    0.580857171780917287E+09    0.604739190115187512E+03   -0.302369595057593756E+03
    0.390515442984466858E+02    0.135932282788292880E+01    0.254700311628769818E+02    0.568131639557775497E+09    0.604710838369668409E+03   -0.302355419184834204E+03
    0.390515442984466858E+02    0.135932282788292880E+01    0.254700311628769818E+02    0.568131639557775497E+09    0.604710838369668409E+03   -0.302355419184834204E+03
    0.532558472713585047E+02    0.136043111266958805E+01    0.399004217736786444E+02    0.647149727833836198E+09    0.604694727040204384E+03   -0.302347363520102192E+03
    0.446527011735564372E+02    0.135576081344390142E+01    0.272934193492401107E+02    0.609620066764479280E+09    0.604685975361433748E+03   -0.302342987680716874E+03
    0.427927283866205030E+02    0.136237336212774807E+01    0.332941542925693241E+02    0.742166338820665479E+09    0.604634151446643841E+03   -0.302317075723321921E+03
    0.638154663879861275E+02    0.135955515711934716E+01    0.275250189488725745E+02    0.817802682395530224E+09    0.604630104752548959E+03   -0.302315052376274480E+03
    0.638154663879861275E+02    0.135955515711934716E+01    0.275250189488725745E+02    0.817802682395530224E+09    0.604630104752548959E+03   -0.302315052376274480E+03
    0.515367507176380286E+02    0.135794424497725275E+01    0.413291666199077810E+02    0.750883275263923645E+09    0.604618994123811035E+03   -0.302309497061905518E+03
    0.515367507176380286E+02    0.135794424497725275E+01    0.413291666199077810E+02    0.750883275263923645E+09    0.604618994123811035E+03   -0.302309497061905518E+03
    0.481628387800866236E+02    0.135549348925051394E+01    0.374550960486996019E+02    0.710777545348263144E+09    0.604611592977421992E+03   -0.302305796488710996E+03
    0.494313584591155433E+02    0.135895596833460863E+01    0.380900827606555481E+02    0.563386615662541986E+09    0.604609813487708493E+03   -0.302304906743854247E+03
    0.594084041836459988E+02    0.135548351592125083E+01    0.365516823980387073E+02    0.741821952491162300E+09    0.604597297216490801E+03   -0.302298648608245401E+03
    0.436916758037313286E+02    0.135925696707042554E+01    0.228341019627549677E+02    0.679336420428668499E+09    0.604540822738171528E+03   -0.302270411369085764E+03
    0.778631620522624530E+02    0.135782743986659038E+01    0.320586396158275235E+02    0.634374809726484418E+09    0.604509808683813503E+03   -0.302254904341906752E+03
    0.592815748275729888E+02    0.136242068649384951E+01    0.319328366317564551E+02    0.592239965678012133E+09    0.604502604514985819E+03   -0.302251302257492910E+03
    0.592815748275729888E+02    0.136242068649384951E+01    0.319328366317564551E+02    0.592239965678012133E+09    0.604502604514985819E+03   -0.302251302257492910E+03
    0.708063932304499559E+02    0.135607965680343767E+01    0.316463146786551128E+02    0.705215669407016873E+09    0.604496097574934993E+03   -0.302248048787467496E+03
    0.629200976661941525E+02    0.135938190820590821E+01    0.406780144971135584E+02    0.713714641387820005E+09    0.604492099286355028E+03   -0.302246049643177514E+03
    0.497987445792980239E+02    0.135802950953811785E+01    0.354990606401767934E+02    0.867521207350355148E+09    0.604483981786227673E+03   -0.302241990893113837E+03
    0.331052775058213911E+02    0.135982543145736390E+01    0.344308784620255253E+02    0.779279141878251076E+09    0.604450605140524885E+03   -0.302225302570262443E+03
    0.469611969018044064E+02    0.136155175149976548E+01    0.268851037472815797E+02    0.552167866969344258E+09    0.604376749126558934E+03   -0.302188374563279467E+03
    0.469611969018044064E+02    0.136155175149976548E+01    0.268851037472815797E+02    0.552167866969344258E+09    0.604376749126558934E+03   -0.302188374563279467E+03
    0.572353633020862276E+02    0.135791928744768464E+01    0.396180696515812798E+02    0.605655351132361770E+09    0.604360852765903019E+03   -0.302180426382951509E+03
    0.384549905762539908E+02    0.136180088326340121E+01    0.279919518148058586E+02    0.683296080855924487E+09    0.604295046068108832E+03   -0.302147523034054416E+03
    0.477618622879705441E+02    0.136239402599498338E+01    0.268999094082610206E+02    0.713468243039461017E+09    0.604269834222329564E+03   -0.302134917111164782E+03
    0.474595136762540406E+02    0.136089330019255961E+01    0.301435254324405335E+02    0.845811417737729430E+09    0.604267547784105318E+03   -0.302133773892052659E+03
    0.518225823916037669E+02    0.136271516021516170E+01    0.307883562558749730E+02    0.626484981545952320E+09    0.604256050059287873E+03   -0.302128025029643936E+03
    0.642175809766538350E+02    0.135577202706858713E+01    0.280316392812454787E+02    0.697829523678010464E+09    0.604239984360217477E+03   -0.302119992180108738E+03
    0.602598554160973237E+02    0.135890751231513751E+01    0.226172777716209588E+02    0.601763260985560417E+09    0.604217882025014205E+03   -0.302108941012507103E+03
    0.543125173913622135E+02    0.136025152591624776E+01    0.223625306209599088E+02    0.671873275449849010E+09    0.604200147912996954E+03   -0.302100073956498477E+03
    0.554875812881470907E+02    0.135676691477815781E+01    0.318807546243795379E+02    0.842770573147104621E+09    0.604195819486597998E+03   -0.302097909743298999E+03
    0.380947068542011849E+02    0.136144115511653840E+01    0.344948755068746138E+02    0.690985451053656697E+09    0.604183325972650209E+03   -0.302091662986325105E+03
    0.593688893061436289E+02    0.135877450936794464E+01    0.224662554914395329E+02    0.658382570874528646E+09    0.604155593034726053E+03   -0.302077796517363026E+03
    0.593688893061436289E+02    0.135877450936794464E+01    0.224662554914395329E+02    0.658382570874528646E+09    0.604155593034726053E+03   -0.302077796517363026E+03
    0.697350000296587780E+02    0.135859062889080651E+01    0.356037192453411393E+02    0.785998885967694044E+09    0.604130362642922364E+03   -0.302065181321461182E+03
    0.733334394529429403E+02    0.136093275312681050E+01    0.303831488563003447E+02    0.694278856396795034E+09    0.604108434107057178E+03   -0.302054217053528589E+03
    0.647538102587945588E+02    0.135844988420572066E+01    0.367559859910912579E+02    0.554992164303155899E+09    0.604107993103325384E+03   -0.302053996551662692E+03
    0.578456033513514498E+02    0.136170022681100233E+01    0.352895015972039729E+02    0.598890149816268206E+09    0.604101748783722314E+03   -0.302050874391861157E+03
    0.707518241449301968E+02    0.135955124986168974E+01    0.379692020119508555E+02    0.689416278496479034E+09    0.604090106789071683E+03   -0.302045053394535842E+03
    0.707518241449301968E+02    0.135955124986168974E+01    0.379692020119508555E+02    0.689416278496479034E+09    0.604090106789071683E+03   -0.302045053394535842E+03
    0.685846111218107666E+02    0.135878102624037855E+01    0.242722215277115225E+02    0.663065634601617455E+09    0.604065020808940517E+03   -0.302032510404470258E+03
    0.357943699339651076E+02    0.135943951612937686E+01    0.279074122582703090E+02    0.605416534608987331E+09    0.604036850273277537E+03   -0.302018425136638768E+03
    0.349074948518607258E+02    0.135951617168460070E+01    0.297873382152199611E+02    0.604394431377822042E+09    0.604013399078723637E+03   -0.302006699539361819E+03
    0.349074948518607258E+02    0.135951617168460070E+01    0.297873382152199611E+02    0.604394431377822042E+09    0.604013399078723637E+03   -0.302006699539361819E+03
    0.527638577232032375E+02    0.135779046416657545E+01    0.233238879692092702E+02    0.699524452625526547E+09    0.603864304848951633E+03   -0.301932152424475817E+03
    0.527638577232032375E+02    0.135779046416657545E+01    0.233238879692092702E+02    0.699524452625526547E+09    0.603864304848951633E+03   -0.301932152424475817E+03
    0.725093394578343435E+02    0.136027765665989708E+01    0.337140125854261967E+02    0.599208942974600554E+09    0.603842405846643487E+03   -0.301921202923321744E+03
    0.725093394578343435E+02    0.136027765665989708E+01    0.337140125854261967E+02    0.599208942974600554E+09    0.603842405846643487E+03   -0.301921202923321744E+03
    0.387891982744995971E+02    0.135683017363033365E+01    0.293238888557000976E+02    0.784508617554038405E+09    0.603837813938540648E+03   -0.301918906969270324E+03
    0.387891982744995971E+02    0.135683017363033365E+01    0.293238888557000976E+02    0.784508617554038405E+09    0.603837813938540648E+03   -0.301918906969270324E+03
    0.536599319511138830E+02    0.135620330180273907E+01    0.309504421511126999E+02    0.812119494685387731E+09    0.603810124047570866E+03   -0.301905062023785433E+03
    0.661030643262431425E+02    0.136050997745840774E+01    0.298440822281267231E+02    0.531912764795312464E+09    0.603801132397478909E+03   -0.301900566198739455E+03
    0.499413183245010259E+02    0.135839960580516750E+01    0.286068068766909498E+02    0.500913661498360336E+09    0.603772107838811849E+03   -0.301886053919405924E+03
    0.499413183245010259E+02    0.135839960580516750E+01    0.286068068766909498E+02    0.500913661498360336E+09    0.603772107838811849E+03   -0.301886053919405924E+03
    0.708074896843259580E+02    0.135915065348203923E+01    0.369847707617628885E+02    0.732983578151405334E+09    0.603748861749190382E+03   -0.301874430874595191E+03
    0.493189278312151771E+02    0.135515706442460782E+01    0.310589999735661877E+02    0.673675993144296408E+09    0.603712291998055434E+03   -0.301856145999027717E+03
    0.720751255354055758E+02    0.135717226925611256E+01    0.291658203925148634E+02    0.698960182880451798E+09    0.603700990034862912E+03   -0.301850495017431456E+03
    0.608190756351250812E+02    0.135620338450197164E+01    0.373672630231887126E+02    0.720556241698903203E+09    0.603610212477333107E+03   -0.301805106238666554E+03
    0.349765572107220777E+02    0.136065884842731277E+01    0.323025261553649656E+02    0.691147483311535358E+09    0.603599292850169604E+03   -0.301799646425084802E+03
    0.444472544449570179E+02    0.135651500669457103E+01    0.354858014693744579E+02    0.795080167459054828E+09    0.603464509425991764E+03   -0.301732254712995882E+03
    0.444472544449570179E+02    0.135651500669457103E+01    0.354858014693744579E+02    0.795080167459054828E+09    0.603464509425991764E+03   -0.301732254712995882E+03
    0.531454000793108534E+02    0.135945035874192555E+01    0.318060882691608811E+02    0.852808355172023773E+09    0.603387577863770844E+03   -0.301693788931885422E+03
    0.604094704995566687E+02    0.135713952806831206E+01    0.338510745521928200E+02    0.813639787240447283E+09    0.603377372365516180E+03   -0.301688686182758090E+03
    0.406309366659823183E+02    0.135946632283109281E+01    0.269857698773699859E+02    0.576035133330668449E+09    0.603360610645055431E+03   -0.301680305322527715E+03
    0.406309366659823183E+02    0.135946632283109281E+01    0.269857698773699859E+02    0.576035133330668449E+09    0.603360610645055431E+03   -0.301680305322527715E+03
    0.390825256199937883E+02    0.136097750880783774E+01    0.277671862489319956E+02    0.733288333539093733E+09    0.603357489201376893E+03   -0.301678744600688447E+03
    0.390825256199937883E+02    0.136097750880783774E+01    0.277671862489319956E+02    0.733288333539093733E+09    0.603357489201376893E+03   -0.301678744600688447E+03
    0.734663641845041866E+02    0.135922280815158847E+01    0.329533561110903577E+02    0.727890648851109147E+09    0.603333539632622433E+03   -0.301666769816311216E+03
    0.734663641845041866E+02    0.135922280815158847E+01    0.329533561110903577E+02    0.727890648851109147E+09    0.603333539632622433E+03   -0.301666769816311216E+03
    0.427070901113686503E+02    0.136178206363105692E+01    0.300804374139751260E+02    0.751175916229955792E+09    0.603305314183553946E+03   -0.301652657091776973E+03
    0.427070901113686503E+02    0.136178206363105692E+01    0.300804374139751260E+02    0.751175916229955792E+09    0.603305314183553946E+03   -0.301652657091776973E+03
    0.629536197074884143E+02    0.135895891450611650E+01    0.390179737485815892E+02    0.639726721534087539E+09    0.603295632276406423E+03   -0.301647816138203211E+03
    0.547753063428119518E+02    0.135914858548978135E+01    0.402458573020183650E+02    0.719314061137870669E+09    0.603295327345587339E+03   -0.301647663672793669E+03
    0.547753063428119518E+02    0.135914858548978135E+01    0.402458573020183650E+02    0.719314061137870669E+09    0.603295327345587339E+03   -0.301647663672793669E+03
    0.744190298291372301E+02    0.135861938881468514E+01    0.316161813542619505E+02    0.593974531838173151E+09    0.603291942238847355E+03   -0.301645971119423677E+03
    0.647608281059352464E+02    0.135875313922502361E+01    0.319389065322882466E+02    0.812327475144513130E+09    0.603280640295258991E+03   -0.301640320147629495E+03
    0.400107651340223001E+02    0.135993134681864403E+01    0.261875534550857552E+02    0.739413403105470777E+09    0.603264281127295817E+03   -0.301632140563647908E+03
    0.620959714494067825E+02    0.135933901606090490E+01    0.263016056077229550E+02    0.775329520895486474E+09    0.603216577625413720E+03   -0.301608288812706860E+03
    0.620959714494067825E+02    0.135933901606090490E+01    0.263016056077229550E+02    0.775329520895486474E+09    0.603216577625413720E+03   -0.301608288812706860E+03
    0.422495559984066915E+02    0.135794108042316619E+01    0.375255387198162538E+02    0.651456537049999833E+09    0.603205450666527668E+03   -0.301602725333263834E+03
    0.422495559984066915E+02    0.135794108042316619E+01    0.375255387198162538E+02    0.651456537049999833E+09    0.603205450666527668E+03   -0.301602725333263834E+03
    0.492431420271102596E+02    0.136076585102504621E+01    0.246255388152503798E+02    0.606134433566998839E+09    0.603173377745746052E+03   -0.301586688872873026E+03
    0.506087908556439103E+02    0.136052879005612803E+01    0.239093868741440723E+02    0.691275240009567142E+09    0.603163039934403173E+03   -0.301581519967201586E+03
    0.506087908556439103E+02    0.136052879005612803E+01    0.239093868741440723E+02    0.691275240009567142E+09    0.603163039934403173E+03   -0.301581519967201586E+03
    0.414429936924490718E+02    0.135961058241771804E+01    0.270333394936816944E+02    0.576262044812855721E+09    0.603159639268346496E+03   -0.301579819634173248E+03
    0.630912933440537813E+02    0.136110416334533246E+01    0.274316206571442898E+02    0.742362184213653803E+09    0.603144722475099343E+03   -0.301572361237549671E+03
    0.630912933440537813E+02    0.136110416334533246E+01    0.274316206571442898E+02    0.742362184213653803E+09    0.603144722475099343E+03   -0.301572361237549671E+03
    0.467202683043334446E+02    0.135683621163887214E+01    0.259757318817196108E+02    0.648046020827211142E+09    0.603118876233018341E+03   -0.301559438116509170E+03
    0.532845466513323416E+02    0.136138757764742691E+01    0.353384515176718068E+02    0.617784439447928071E+09    0.603101954361461139E+03   -0.301550977180730570E+03
    0.558207177095320475E+02    0.136136686791805039E+01    0.249655823594161674E+02    0.676033666235859990E+09    0.603055496826857620E+03   -0.301527748413428810E+03
    0.558207177095320475E+02    0.136136686791805039E+01    0.249655823594161674E+02    0.676033666235859990E+09    0.603055496826857620E+03   -0.301527748413428810E+03
    0.480639541686835656E+02    0.135946775453996316E+01    0.310496357318979967E+02    0.525124318866326272E+09    0.603052034662816823E+03   -0.301526017331408411E+03
    0.480639541686835656E+02    0.135946775453996316E+01    0.310496357318979967E+02    0.525124318866326272E+09    0.603052034662816823E+03   -0.301526017331408411E+03
    0.499951225978361506E+02    0.135717037444650757E+01    0.355832472862851716E+02    0.816203716687609196E+09    0.603034022053808940E+03   -0.301517011026904470E+03
    0.499951225978361506E+02    0.135717037444650757E+01    0.355832472862851716E+02    0.816203716687609196E+09    0.603034022053808940E+03   -0.301517011026904470E+03
    0.487928135005268047E+02    0.136116171922762441E+01    0.254843311368748999E+02    0.717855618545624256E+09    0.603033141922200457E+03   -0.301516570961100228E+03
    0.463158229811581919E+02    0.135780526070381335E+01    0.390993082100178526E+02    0.709279786521102309E+09    0.603021200336033871E+03   -0.301510600168016936E+03
    0.463158229811581919E+02    0.135780526070381335E+01    0.390993082100178526E+02    0.709279786521102309E+09    0.603021200336033871E+03   -0.301510600168016936E+03
    0.574489837598671826E+02    0.136136789885712362E+01    0.259244212576916588E+02    0.592558175799875021E+09    0.603016422746600256E+03   -0.301508211373300128E+03
    0.574489837598671826E+02    0.136136789885712362E+01    0.259244212576916588E+02    0.592558175799875021E+09    0.603016422746600256E+03   -0.301508211373300128E+03
    0.578552855754690114E+02    0.135842992563932952E+01    0.349269805952723473E+02    0.540783461320530057E+09    0.602994807589862262E+03   -0.301497403794931131E+03
    0.369133043100201377E+02    0.135717471481288765E+01    0.335989988283671792E+02    0.698932976610768557E+09    0.602981600509763666E+03   -0.301490800254881833E+03
    0.726556385135619394E+02    0.135801564098932981E+01    0.338658612271024424E+02    0.621472863283442616E+09    0.602960754107271782E+03   -0.301480377053635891E+03
    0.726556385135619394E+02    0.135801564098932981E+01    0.338658612271024424E+02    0.621472863283442616E+09    0.602960754107271782E+03   -0.301480377053635891E+03
    0.542756656668138149E+02    0.136200565314543054E+01    0.340514488399717123E+02    0.695899210498380661E+09    0.602916529921622669E+03   -0.301458264960811334E+03
    0.542756656668138149E+02    0.136200565314543054E+01    0.340514488399717123E+02    0.695899210498380661E+09    0.602916529921622669E+03   -0.301458264960811334E+03
    0.584363986914300284E+02    0.136064220684951742E+01    0.306757172779171583E+02    0.804724068214760184E+09    0.602910373538233216E+03   -0.301455186769116608E+03
    0.422988201095792888E+02    0.135655218604587646E+01    0.357363098209181089E+02    0.714611874978137016E+09    0.602890007006187261E+03   -0.301445003503093631E+03
    0.392792890538995891E+02    0.135734750689623529E+01    0.335094710884127167E+02    0.786766382654515862E+09    0.602874761474027537E+03   -0.301437380737013768E+03
    0.485174222291133646E+02    0.136209078476397782E+01    0.316156271260648616E+02    0.658435907204913020E+09    0.602840762869731975E+03   -0.301420381434865988E+03
    0.600887690136262762E+02    0.135625137130072981E+01    0.362836220395924869E+02    0.673154844824892402E+09    0.602806645410031365E+03   -0.301403322705015682E+03
    0.519627104686345831E+02    0.136017426664962371E+01    0.311279257631614250E+02    0.829035535230810881E+09    0.602805515630436730E+03   -0.301402757815218365E+03
    0.400654038818253326E+02    0.135788317688187687E+01    0.314013473825510161E+02    0.589179793515451670E+09    0.602781923801989478E+03   -0.301390961900994739E+03
    0.489273855848824155E+02    0.136183109783742706E+01    0.297646864350100522E+02    0.748464927958207846E+09    0.602704022260121519E+03   -0.301352011130060760E+03
    0.489273855848824155E+02    0.136183109783742706E+01    0.297646864350100522E+02    0.748464927958207846E+09    0.602704022260121519E+03   -0.301352011130060760E+03
    0.430367717246527306E+02    0.135990017440879063E+01    0.254103977988499530E+02    0.669601043739920974E+09    0.602703108676148872E+03   -0.301351554338074436E+03
    0.430367717246527306E+02    0.135990017440879063E+01    0.254103977988499530E+02    0.669601043739920974E+09    0.602703108676148872E+03   -0.301351554338074436E+03
    0.385841470335394661E+02    0.135991882275145248E+01    0.284296632640090294E+02    0.753310736255758882E+09    0.602696615078714785E+03   -0.301348307539357393E+03
    0.385841470335394661E+02    0.135991882275145248E+01    0.284296632640090294E+02    0.753310736255758882E+09    0.602696615078714785E+03   -0.301348307539357393E+03
    0.582033121505353961E+02    0.136202185691188649E+01    0.300342010871680678E+02    0.639588341534704566E+09    0.602664173450077783E+03   -0.301332086725038891E+03
    0.582033121505353961E+02    0.136202185691188649E+01    0.300342010871680678E+02    0.639588341534704566E+09    0.602664173450077783E+03   -0.301332086725038891E+03
    0.574442756397475662E+02    0.135912621034752079E+01    0.390129055222126127E+02    0.654530983388696551E+09    0.602663867840745752E+03   -0.301331933920372876E+03
    0.568164660379997812E+02    0.136094904290332464E+01    0.366753211844667888E+02    0.734575390335831642E+09    0.602644129305000888E+03   -0.301322064652500444E+03
    0.580720751202546950E+02    0.136104620585279035E+01    0.252582358061747385E+02    0.645566414516770959E+09    0.602629812056006131E+03   -0.301314906028003065E+03
    0.535524167464668110E+02    0.136123291323617135E+01    0.254853501676730865E+02    0.639673236975299597E+09    0.602613710332405390E+03   -0.301306855166202695E+03
    0.675593627347332557E+02    0.136102736453528594E+01    0.326228030548406238E+02    0.637647470532108784E+09    0.602612341733320136E+03   -0.301306170866660068E+03
    0.491952601901932738E+02    0.135863973047129227E+01    0.392853881817871837E+02    0.704999475689138532E+09    0.602591562639474887E+03   -0.301295781319737443E+03
    0.491952601901932738E+02    0.135863973047129227E+01    0.392853881817871837E+02    0.704999475689138532E+09    0.602591562639474887E+03   -0.301295781319737443E+03
    0.509453586307644173E+02    0.136059048110438807E+01    0.247534881727890941E+02    0.639660029800410628E+09    0.602575223605718293E+03   -0.301287611802859146E+03
    0.509453586307644173E+02    0.136059048110438807E+01    0.247534881727890941E+02    0.639660029800410628E+09    0.602575223605718293E+03   -0.301287611802859146E+03
    0.667631942012996404E+02    0.135805561193240076E+01    0.322207394611371853E+02    0.775804451197056293E+09    0.602544959209705894E+03   -0.301272479604852947E+03
    0.667631942012996404E+02    0.135805561193240076E+01    0.322207394611371853E+02    0.775804451197056293E+09    0.602544959209705894E+03   -0.301272479604852947E+03
    0.433522688098845563E+02    0.136075262533358976E+01    0.348548051728608570E+02    0.763367243951304793E+09    0.602538529944631250E+03   -0.301269264972315625E+03
    0.687397142353793953E+02    0.135716137708549378E+01    0.319567097571683831E+02    0.606479514112673998E+09    0.602505671908629438E+03   -0.301252835954314719E+03
    0.687397142353793953E+02    0.135716137708549378E+01    0.319567097571683831E+02    0.606479514112673998E+09    0.602505671908629438E+03   -0.301252835954314719E+03
    0.666840053655136700E+02    0.135767136252612919E+01    0.294593272079892117E+02    0.749051759466804147E+09    0.602492810606617127E+03   -0.301246405303308563E+03
    0.666840053655136700E+02    0.135767136252612919E+01    0.294593272079892117E+02    0.749051759466804147E+09    0.602492810606617127E+03   -0.301246405303308563E+03
    0.486490223979691550E+02    0.135663130697700063E+01    0.269952611041001305E+02    0.675725929705580711E+09    0.602441247403031412E+03   -0.301220623701515706E+03
    0.486490223979691550E+02    0.135663130697700063E+01    0.269952611041001305E+02    0.675725929705580711E+09    0.602441247403031412E+03   -0.301220623701515706E+03
    0.572711598791216971E+02    0.135965761926916295E+01    0.386484105451882627E+02    0.716077509998074055E+09    0.602406445837530555E+03   -0.301203222918765277E+03
    0.535453167019203775E+02    0.135856275429797835E+01    0.378861604815420279E+02    0.783407342532786489E+09    0.602380420345900347E+03   -0.301190210172950174E+03
    0.690229254225338309E+02    0.135885940727638843E+01    0.270272161589959374E+02    0.672759142625048637E+09    0.602368503151745472E+03   -0.301184251575872736E+03
    0.690229254225338309E+02    0.135885940727638843E+01    0.270272161589959374E+02    0.672759142625048637E+09    0.602368503151745472E+03   -0.301184251575872736E+03
    0.631562095860951800E+02    0.136136201586545957E+01    0.297296451389200627E+02    0.608957469581317782E+09    0.602343869039790889E+03   -0.301171934519895444E+03
    0.503687666824948295E+02    0.136020851889771222E+01    0.345916703792758256E+02    0.578004565712283134E+09    0.602330681874299216E+03   -0.301165340937149608E+03
    0.680398034678908346E+02    0.135953697367063753E+01    0.362243273382706761E+02    0.680006893216533303E+09    0.602319201459911710E+03   -0.301159600729955855E+03
    0.692642860500190096E+02    0.135989082237415149E+01    0.347106317310690429E+02    0.687708120410197496E+09    0.602269312178344308E+03   -0.301134656089172154E+03
    0.692642860500190096E+02    0.135989082237415149E+01    0.347106317310690429E+02    0.687708120410197496E+09    0.602269312178344308E+03   -0.301134656089172154E+03
    0.439716480682118416E+02    0.136067079765514598E+01    0.282336994264877248E+02    0.607369577969644308E+09    0.602266661030437263E+03   -0.301133330515218631E+03
    0.439716480682118416E+02    0.136067079765514598E+01    0.282336994264877248E+02    0.607369577969644308E+09    0.602266661030437263E+03   -0.301133330515218631E+03
    0.698282484084983395E+02    0.135944069842227000E+01    0.319760454233471663E+02    0.731015413949864507E+09    0.602248867500235633E+03   -0.301124433750117817E+03
    0.636036589474665419E+02    0.135712109632158007E+01    0.295957486391074731E+02    0.746471245795730591E+09    0.602245449885654352E+03   -0.301122724942827176E+03
    0.636036589474665419E+02    0.135712109632158007E+01    0.295957486391074731E+02    0.746471245795730591E+09    0.602245449885654352E+03   -0.301122724942827176E+03
    0.675772656041600186E+02    0.135894809011964846E+01    0.278308178098990240E+02    0.573669283924277067E+09    0.602235097388362874E+03   -0.301117548694181437E+03
    0.537261901674680544E+02    0.136100023239040890E+01    0.281160634294716658E+02    0.567572256247549891E+09    0.602223276746230454E+03   -0.301111638373115227E+03
    0.416928192369673454E+02    0.135804451815291283E+01    0.282590176284720549E+02    0.760944655422459722E+09    0.602218346997653725E+03   -0.301109173498826863E+03
    0.656858826724505462E+02    0.135802844813745183E+01    0.366282648826159800E+02    0.723578531701840043E+09    0.602192215229404269E+03   -0.301096107614702134E+03
    0.566474266580519199E+02    0.135907973376254465E+01    0.300469350639629162E+02    0.812760653706292868E+09    0.602191729908277466E+03   -0.301095864954138733E+03
    0.599353678659920419E+02    0.136056678086736071E+01    0.293374504891177565E+02    0.554965934237219930E+09    0.602177601188290623E+03   -0.301088800594145312E+03
    0.599353678659920419E+02    0.136056678086736071E+01    0.293374504891177565E+02    0.554965934237219930E+09    0.602177601188290623E+03   -0.301088800594145312E+03
    0.532500773182586045E+02    0.136052092623737653E+01    0.258049132134476125E+02    0.593722443840249300E+09    0.602167924244552523E+03   -0.301083962122276262E+03
    0.594985187755840244E+02    0.135869149135649048E+01    0.262071059472458217E+02    0.746760567336020350E+09    0.602153251883099983E+03   -0.301076625941549992E+03
    0.443023050665353466E+02    0.136148612026428939E+01    0.307568564314691031E+02    0.674704608360134840E+09    0.602148866901140423E+03   -0.301074433450570211E+03
    0.550642463581738610E+02    0.135919645824531532E+01    0.366414340271868113E+02    0.792325753284074068E+09    0.602136796567624060E+03   -0.301068398283812030E+03
    0.659939942041166745E+02    0.135953771115157851E+01    0.358449588461568709E+02    0.625295681764930129E+09    0.602130145288601739E+03   -0.301065072644300869E+03
    0.659939942041166745E+02    0.135953771115157851E+01    0.358449588461568709E+02    0.625295681764930129E+09    0.602130145288601739E+03   -0.301065072644300869E+03
    0.594419398023246401E+02    0.135641650887373522E+01    0.317726840833671105E+02    0.747695252875394106E+09    0.602117599792064311E+03   -0.301058799896032156E+03
    0.518668748613981094E+02    0.136158584542323879E+01    0.316454224564144333E+02    0.619338837327009678E+09    0.602108889740818654E+03   -0.301054444870409327E+03
    0.596585108720499875E+02    0.136008193843144665E+01    0.253655535646566683E+02    0.612353256077646613E+09    0.602104366672449828E+03   -0.301052183336224914E+03
    0.596585108720499875E+02    0.136008193843144665E+01    0.253655535646566683E+02    0.612353256077646613E+09    0.602104366672449828E+03   -0.301052183336224914E+03
    0.664122472948792222E+02    0.135882058707464703E+01    0.270123181012847695E+02    0.589602929334052205E+09    0.602103927840618780E+03   -0.301051963920309390E+03
    0.427594877323410998E+02    0.135936655450529731E+01    0.337701130785052257E+02    0.602650948408539414E+09    0.602102794138531408E+03   -0.301051397069265704E+03
    0.427594877323410998E+02    0.135936655450529731E+01    0.337701130785052257E+02    0.602650948408539414E+09    0.602102794138531408E+03   -0.301051397069265704E+03
    0.682989056194675754E+02    0.135739067407227010E+01    0.336932941340671306E+02    0.634295340447597980E+09    0.602098516632871565E+03   -0.301049258316435782E+03
    0.596143678877891432E+02    0.135761812666273518E+01    0.380124642342082097E+02    0.696450906150471807E+09    0.602089800828823400E+03   -0.301044900414411700E+03
    0.641875240164791734E+02    0.136031569403336450E+01    0.266922791308805856E+02    0.615893720885935545E+09    0.602073108843186333E+03   -0.301036554421593166E+03
    0.574192534766744274E+02    0.136142962760238717E+01    0.330547145944582539E+02    0.626149267644759893E+09    0.602063346793609412E+03   -0.301031673396804706E+03
    0.574192534766744274E+02    0.136142962760238717E+01    0.330547145944582539E+02    0.626149267644759893E+09    0.602063346793609412E+03   -0.301031673396804706E+03
    0.468562577739165818E+02    0.136160566103820013E+01    0.293976384947343625E+02    0.696915047196059465E+09    0.602057057381924892E+03   -0.301028528690962446E+03
    0.542376502331705623E+02    0.135903905729908114E+01    0.335712923472697966E+02    0.818368735991896749E+09    0.602013659175768908E+03   -0.301006829587884454E+03
    0.542376502331705623E+02    0.135903905729908114E+01    0.335712923472697966E+02    0.818368735991896749E+09    0.602013659175768908E+03   -0.301006829587884454E+03
    0.634329502407239119E+02    0.136036420584244300E+01    0.280084848726083031E+02    0.728375170835423708E+09    0.602000947352732737E+03   -0.301000473676366369E+03
    0.443545414402490437E+02    0.135677156771896246E+01    0.298808848581108606E+02    0.646972229190277576E+09    0.601978113881799572E+03   -0.300989056940899786E+03
    0.526344473763759879E+02    0.135898972712849608E+01    0.334932626100800093E+02    0.819411639028092980E+09    0.601961997282558968E+03   -0.300980998641279484E+03
    0.526344473763759879E+02    0.135898972712849608E+01    0.334932626100800093E+02    0.819411639028092980E+09    0.601961997282558968E+03   -0.300980998641279484E+03
    0.602432838314221968E+02    0.135685427442686612E+01    0.293327486468390148E+02    0.738850939099420547E+09    0.601955965770370312E+03   -0.300977982885185156E+03
    0.602432838314221968E+02    0.135685427442686612E+01    0.293327486468390148E+02    0.738850939099420547E+09    0.601955965770370312E+03   -0.300977982885185156E+03
    0.588025415191558665E+02    0.135771710151732439E+01    0.262161084972560978E+02    0.600607469577402949E+09    0.601949112749718779E+03   -0.300974556374859390E+03
    0.591526236196959871E+02    0.135881266030535341E+01    0.257711910799265880E+02    0.580541841861013770E+09    0.601928434646536402E+03   -0.300964217323268201E+03
    0.693622863806158989E+02    0.135932820130110321E+01    0.318173987694835532E+02    0.721930592813227654E+09    0.601922357133636638E+03   -0.300961178566818319E+03
    0.693622863806158989E+02    0.135932820130110321E+01    0.318173987694835532E+02    0.721930592813227654E+09    0.601922357133636638E+03   -0.300961178566818319E+03
    0.475844467107756728E+02    0.135887456953589125E+01    0.255264868751970724E+02    0.640731929468629599E+09    0.601909407297881216E+03   -0.300954703648940608E+03
    0.568550323044177830E+02    0.135866564986961302E+01    0.385740236076211431E+02    0.693524946435179591E+09    0.601884950970390037E+03   -0.300942475485195018E+03
    0.568550323044177830E+02    0.135866564986961302E+01    0.385740236076211431E+02    0.693524946435179591E+09    0.601884950970390037E+03   -0.300942475485195018E+03
    0.587699962630774664E+02    0.136036018658782054E+01    0.327824148082621534E+02    0.783376323273895621E+09    0.601872745794128150E+03   -0.300936372897064075E+03
    0.601169517008535692E+02    0.135784528001556404E+01    0.291132074779050498E+02    0.551206996725272775E+09    0.601864386973193177E+03   -0.300932193486596589E+03
    0.601169517008535692E+02    0.135784528001556404E+01    0.291132074779050498E+02    0.551206996725272775E+09    0.601864386973193177E+03   -0.300932193486596589E+03
    0.630114347140465512E+02    0.135879364019467475E+01    0.306362579432954867E+02    0.782561808869073153E+09    0.601858926453239633E+03   -0.300929463226619816E+03
    0.630114347140465512E+02    0.135879364019467475E+01    0.306362579432954867E+02    0.782561808869073153E+09    0.601858926453239633E+03   -0.300929463226619816E+03
    0.480997869553597681E+02    0.135630264798733657E+01    0.321651987285459384E+02    0.650886054611808300E+09    0.601854401340964159E+03   -0.300927200670482080E+03
    0.480997869553597681E+02    0.135630264798733657E+01    0.321651987285459384E+02    0.650886054611808300E+09    0.601854401340964159E+03   -0.300927200670482080E+03
    0.699420582379714517E+02    0.135800665573355928E+01    0.331716163801077855E+02    0.642130285692618608E+09    0.601850824806977698E+03   -0.300925412403488849E+03
    0.492382111319828581E+02    0.135881427956445111E+01    0.342850407328820097E+02    0.811683739721547008E+09    0.601843420068153364E+03   -0.300921710034076682E+03
    0.492382111319828581E+02    0.135881427956445111E+01    0.342850407328820097E+02    0.811683739721547008E+09    0.601843420068153364E+03   -0.300921710034076682E+03
    0.702914115185385668E+02    0.135871389530015474E+01    0.341664568477289876E+02    0.662583046642488003E+09    0.601841891711031849E+03   -0.300920945855515924E+03
    0.580039970602286843E+02    0.135998033426750475E+01    0.345096307299007989E+02    0.784670523782769322E+09    0.601830451017493601E+03   -0.300915225508746801E+03
    0.467774335723082331E+02    0.135717865267859716E+01    0.277605911654790312E+02    0.715133764555021405E+09    0.601829667547323197E+03   -0.300914833773661599E+03
    0.405446717204669014E+02    0.135806505335221006E+01    0.313169516845346330E+02    0.629546903190142751E+09    0.601822364352681461E+03   -0.300911182176340731E+03
    0.454567188563243363E+02    0.136042652749883075E+01    0.311087331583910220E+02    0.783979279715519071E+09    0.601794268956230781E+03   -0.300897134478115390E+03
    0.540918367543110037E+02    0.135697784823942302E+01    0.321197899049896094E+02    0.573688808262660623E+09    0.601786966330409541E+03   -0.300893483165204771E+03
    0.490220016125236668E+02    0.135673636678704201E+01    0.323877848891022637E+02    0.608751457415871143E+09    0.601776529001359791E+03   -0.300888264500679895E+03
    0.477933596721880747E+02    0.136062551373481888E+01    0.335224965017527268E+02    0.614092487380488634E+09    0.601766110500484046E+03   -0.300883055250242023E+03
    0.477933596721880747E+02    0.136062551373481888E+01    0.335224965017527268E+02    0.614092487380488634E+09    0.601766110500484046E+03   -0.300883055250242023E+03
    0.701328474453751767E+02    0.135900897243480645E+01    0.311453586157204043E+02    0.612482876766465783E+09    0.601756165013547161E+03   -0.300878082506773580E+03
    0.441085728716142782E+02    0.136067148719850217E+01    0.328238966777504118E+02    0.641929164715492487E+09    0.601755551353049668E+03   -0.300877775676524834E+03
    0.567903640985042202E+02    0.135784957890800029E+01    0.333614847762958107E+02    0.559597278405099034E+09    0.601742171343377549E+03   -0.300871085671688775E+03
    0.567903640985042202E+02    0.135784957890800029E+01    0.333614847762958107E+02    0.559597278405099034E+09    0.601742171343377549E+03   -0.300871085671688775E+03
    0.480541968788249036E+02    0.135717179711574332E+01    0.366244585689634619E+02    0.698122560076823354E+09    0.601738536805291005E+03   -0.300869268402645503E+03
    0.484218770133503469E+02    0.135755884023636963E+01    0.329756843897315690E+02    0.579144765982314587E+09    0.601726798198434608E+03   -0.300863399099217304E+03
    0.533287314119255171E+02    0.135684697136969401E+01    0.312139706542012405E+02    0.582796607507942319E+09    0.601704731803627283E+03   -0.300852365901813641E+03
    0.606777499483633918E+02    0.135857245604735377E+01    0.363848488837627713E+02    0.611133563848369241E+09    0.601694246521326818E+03   -0.300847123260663409E+03
    0.545739733994284535E+02    0.135938664101827245E+01    0.250768611004952398E+02    0.648017069647388220E+09    0.601686039035941349E+03   -0.300843019517970674E+03
    0.548614556789891665E+02    0.136167958435508729E+01    0.308168935308615097E+02    0.665793662097235560E+09    0.601684606537905552E+03   -0.300842303268952776E+03
    0.463961663033246197E+02    0.135737588301537970E+01    0.276998058905506994E+02    0.711503921877856612E+09    0.601671733660826703E+03   -0.300835866830413352E+03
    0.611441029514123144E+02    0.135827370732317743E+01    0.259135928849074766E+02    0.663788426903408289E+09    0.601671395053197671E+03   -0.300835697526598835E+03
    0.555390328971170746E+02    0.136120280569250385E+01    0.285322648711562934E+02    0.722947689478485107E+09    0.601665768509594386E+03   -0.300832884254797193E+03
    0.422037823298393917E+02    0.135733016170471421E+01    0.305921316370227245E+02    0.739856146831836224E+09    0.601654548075889011E+03   -0.300827274037944505E+03
    0.415456768279495066E+02    0.136049286004991377E+01    0.305954951430959845E+02    0.715772547091527939E+09    0.601616239638270144E+03   -0.300808119819135072E+03
    0.440422440133901603E+02    0.135718254038492114E+01    0.296028117342922243E+02    0.649186493916377425E+09    0.601616218053355851E+03   -0.300808109026677926E+03
    0.504838681464829406E+02    0.135807407717468553E+01    0.258916010413880500E+02    0.648902000334325552E+09    0.601615932280735251E+03   -0.300807966140367625E+03
    0.653866801500528396E+02    0.136042853932164953E+01    0.319052412839361850E+02    0.717079441886116624E+09    0.601608700365862774E+03   -0.300804350182931387E+03
    0.424799608313214492E+02    0.136064142894769691E+01    0.325416894279061424E+02    0.678879338167680740E+09    0.601602965314526500E+03   -0.300801482657263250E+03
    0.406109468327094376E+02    0.135837570145575071E+01    0.308399996677280015E+02    0.637728658574586153E+09    0.601580551993477684E+03   -0.300790275996738842E+03
    0.406109468327094376E+02    0.135837570145575071E+01    0.308399996677280015E+02    0.637728658574586153E+09    0.601580551993477684E+03   -0.300790275996738842E+03
    0.629760686239542977E+02    0.136057177596838108E+01    0.316116368642764165E+02    0.597064840471951365E+09    0.601561483682191351E+03   -0.300780741841095676E+03
    0.669907204466863817E+02    0.135821685318453644E+01    0.281864683911450591E+02    0.635454564157735825E+09    0.601559726152743792E+03   -0.300779863076371896E+03
    0.623856403749055204E+02    0.135854893451229453E+01    0.285328970873130210E+02    0.752876048980333328E+09    0.601537564061025478E+03   -0.300768782030512739E+03
    0.552361903140675423E+02    0.135674999092494031E+01    0.280838282894496132E+02    0.664278414533923149E+09    0.601533717102688342E+03   -0.300766858551344171E+03
    0.484001392429790585E+02    0.136106983116556690E+01    0.341001634719512623E+02    0.692451017341854215E+09    0.601533297566407896E+03   -0.300766648783203948E+03
    0.558601034663908891E+02    0.136038752322695866E+01    0.322489559686891809E+02    0.571085453657116890E+09    0.601524492956618360E+03   -0.300762246478309180E+03
    0.619148992383291414E+02    0.135846982574055630E+01    0.373022086115104941E+02    0.696508817164945126E+09    0.601516720985966231E+03   -0.300758360492983115E+03
    0.606895954177687713E+02    0.136013137402223894E+01    0.347051263820474460E+02    0.613436623038964748E+09    0.601498786261155715E+03   -0.300749393130577857E+03
    0.501107249756649225E+02    0.136096363928999131E+01    0.272024379787324868E+02    0.675804383381512880E+09    0.601488479272463792E+03   -0.300744239636231896E+03
    0.478945541386373037E+02    0.136071124629454610E+01    0.316611029941308004E+02    0.609089750851750851E+09    0.601469523522098825E+03   -0.300734761761049413E+03
    0.493241521258176476E+02    0.136066258272003004E+01    0.298252668612142173E+02    0.593236609640794158E+09    0.601436015351945116E+03   -0.300718007675972558E+03
    0.623052063503652960E+02    0.136067987096576126E+01    0.278784080419845139E+02    0.661772610039788008E+09    0.601423997278430306E+03   -0.300711998639215153E+03
    0.595496643375971715E+02    0.135858273889699399E+01    0.302217946730561913E+02    0.782352512507234931E+09    0.601384997033943819E+03   -0.300692498516971909E+03
    0.436368059366176055E+02    0.136055025604758040E+01    0.310971054402410800E+02    0.737752092531768203E+09    0.601372181815743147E+03   -0.300686090907871574E+03
    0.532501030657621186E+02    0.135761871845176718E+01    0.343941946854814518E+02    0.784206271135539055E+09    0.601369244859547507E+03   -0.300684622429773754E+03
    0.631157156556588461E+02    0.135683985932927831E+01    0.310114362637770711E+02    0.664466976053575397E+09    0.601363628724921227E+03   -0.300681814362460614E+03
    0.628589703014502845E+02    0.136080670759407041E+01    0.300067722382090238E+02    0.700974069947580457E+09    0.601356689436595843E+03   -0.300678344718297922E+03
    0.452098025671486710E+02    0.135992653168390931E+01    0.303586093592350714E+02    0.600846574875939608E+09    0.601336036572506941E+03   -0.300668018286253471E+03
    0.487143868585968391E+02    0.136107698492219820E+01    0.328459564462943021E+02    0.720692586129845738E+09    0.601327302744393364E+03   -0.300663651372196682E+03
    0.523879905439110161E+02    0.136136876940361762E+01    0.321931846675505113E+02    0.666625572092337728E+09    0.601314991888780128E+03   -0.300657495944390064E+03
    0.619290455150761900E+02    0.136011958017174073E+01    0.293820378401960447E+02    0.579284320725124478E+09    0.601313378781162328E+03   -0.300656689390581164E+03
    0.580297944010813538E+02    0.135774833069966627E+01    0.369070090188438087E+02    0.670864922506833673E+09    0.601301620795293275E+03   -0.300650810397646637E+03
    0.463784643786565809E+02    0.135690682381524730E+01    0.328842717352415690E+02    0.737941450597128987E+09    0.601297634563860584E+03   -0.300648817281930292E+03
    0.654403084339451624E+02    0.136030740376306047E+01    0.332186091126939402E+02    0.672125490502079010E+09    0.601287854480580677E+03   -0.300643927240290338E+03
    0.579679207681772013E+02    0.135875541083060813E+01    0.315695168820614533E+02    0.791220677250124097E+09    0.601270370095810108E+03   -0.300635185047905054E+03
    0.581221073498307561E+02    0.135980466379598042E+01    0.357444281894055607E+02    0.631286461931485772E+09    0.601243320659503070E+03   -0.300621660329751535E+03
    0.547224288861424952E+02    0.135818467678359167E+01    0.269460792207290858E+02    0.724712299108216524E+09    0.601222705233525858E+03   -0.300611352616762929E+03
    0.601451651403532210E+02    0.136015695412363891E+01    0.300067652852952556E+02    0.573665804690230370E+09    0.601221426437279206E+03   -0.300610713218639603E+03
    0.445066215450164080E+02    0.135926774067078471E+01    0.357880798570951981E+02    0.688733939577969074E+09    0.601220810470612605E+03   -0.300610405235306303E+03
    0.430310890206321943E+02    0.135922189582424235E+01    0.352498662728011780E+02    0.702231734187906981E+09    0.601213315378814286E+03   -0.300606657689407143E+03
    0.448549107037684820E+02    0.135968607703127953E+01    0.323184530241593606E+02    0.612992473153202415E+09    0.601211364083143735E+03   -0.300605682041571868E+03
    0.505830906900504047E+02    0.135969034469020644E+01    0.283421154832634521E+02    0.767312122381593823E+09    0.601192661634241972E+03   -0.300596330817120986E+03
    0.499105309981855711E+02    0.135989600001119038E+01    0.335724713837910400E+02    0.782549591085396528E+09    0.601188100617841542E+03   -0.300594050308920771E+03
    0.531285370070271199E+02    0.136093615769692744E+01    0.325170729621044785E+02    0.625562270780440569E+09    0.601184243683561817E+03   -0.300592121841780909E+03
    0.453914385277888570E+02    0.135722724862714972E+01    0.328818804834640304E+02    0.745477746530906796E+09    0.601169155420846778E+03   -0.300584577710423389E+03
    0.580001957748780015E+02    0.135887191527595363E+01    0.359766702642958052E+02    0.617474216450309396E+09    0.601165444286375646E+03   -0.300582722143187823E+03
    0.523703467805270577E+02    0.136076708983935157E+01    0.273500644158556305E+02    0.669770303858429313E+09    0.601127563204707940E+03   -0.300563781602353970E+03
    0.470208344104000417E+02    0.135973617656005596E+01    0.343371737414353788E+02    0.630711539071643829E+09    0.601125495753772270E+03   -0.300562747876886135E+03
    0.474702255916326692E+02    0.135807754474740139E+01    0.310690046804682929E+02    0.585733709614760399E+09    0.601125207013793784E+03   -0.300562603506896892E+03
    0.587834025984780411E+02    0.135668620609679902E+01    0.310896834278699288E+02    0.650782088987795591E+09    0.601121048369894538E+03   -0.300560524184947269E+03
    0.618969005074384455E+02    0.135848298621255315E+01    0.295224843399322658E+02    0.567847620961521029E+09    0.601117714995186816E+03   -0.300558857497593408E+03
    0.603560843477018594E+02    0.135972850355106001E+01    0.305009555240993109E+02    0.763565306151444197E+09    0.601114246453575674E+03   -0.300557123226787837E+03
    0.542635652928226833E+02    0.135763214914936725E+01    0.323215203669668796E+02    0.577261522623891830E+09    0.601100873515143917E+03   -0.300550436757571958E+03
    0.489753916052662319E+02    0.135704827993126464E+01    0.343958517566344781E+02    0.732933011590994835E+09    0.601091560049974873E+03   -0.300545780024987437E+03
    0.568718178117553776E+02    0.135652888809976679E+01    0.315596894139375976E+02    0.680698314436114311E+09    0.601091070174388051E+03   -0.300545535087194025E+03
    0.620297648079135300E+02    0.136008811214431957E+01    0.276962988749711698E+02    0.633583266997236013E+09    0.601088445775599894E+03   -0.300544222887799947E+03
    0.673426770336859022E+02    0.135810269200847733E+01    0.306040017096901771E+02    0.683172799809643984E+09    0.601087841802473804E+03   -0.300543920901236902E+03
    0.640292053330020536E+02    0.135915435045816668E+01    0.336412232951064425E+02    0.743466106196309328E+09    0.601076845635377481E+03   -0.300538422817688740E+03
    0.499833754873526672E+02    0.135763718047641913E+01    0.300709258919908891E+02    0.588587637591510057E+09    0.601072413808492229E+03   -0.300536206904246114E+03
    0.603457470046017050E+02    0.135761864926623499E+01    0.280469846971955654E+02    0.628354783137212634E+09    0.601043142773801605E+03   -0.300521571386900803E+03
    0.563400479356029109E+02    0.135684783028821787E+01    0.345100244470739028E+02    0.699694394419036746E+09    0.601021501407420146E+03   -0.300510750703710073E+03
    0.630982513695083327E+02    0.135942605025344387E+01    0.334838442168208275E+02    0.744941244582912683E+09    0.601011475666526849E+03   -0.300505737833263424E+03
    0.631555088763507442E+02    0.135738473028591455E+01    0.297687864900054606E+02    0.687516721537701488E+09    0.601006510498601529E+03   -0.300503255249300764E+03
    0.485633050023412807E+02    0.135692227356067230E+01    0.300133275848561709E+02    0.671566746093519926E+09    0.600989273684900354E+03   -0.300494636842450177E+03
    0.578878371959743987E+02    0.136003263024879750E+01    0.269718384951880452E+02    0.631702542503420472E+09    0.600980556809488235E+03   -0.300490278404744117E+03
    0.523531749540044231E+02    0.135907111540583569E+01    0.263556644243644733E+02    0.636661487323342323E+09    0.600979533014669414E+03   -0.300489766507334707E+03
    0.538570356386779423E+02    0.136064437484004230E+01    0.286608876215411748E+02    0.724227431763428092E+09    0.600975688313849219E+03   -0.300487844156924609E+03
    0.489180743868652002E+02    0.136092406710877567E+01    0.300084930431903878E+02    0.711055085259196043E+09    0.600969789069510625E+03   -0.300484894534755313E+03
    0.478109801452759058E+02    0.135919195079084210E+01    0.363072159016514249E+02    0.686407793952127337E+09    0.600961489992418592E+03   -0.300480744996209296E+03
    0.424921869627231459E+02    0.135781087631419028E+01    0.325122092742987761E+02    0.687592289007713795E+09    0.600960995103812820E+03   -0.300480497551906410E+03
    0.445893864775591524E+02    0.135737915868531389E+01    0.308788674927428382E+02    0.710695118434711933E+09    0.600960991062204926E+03   -0.300480495531102463E+03
    0.529691663490268922E+02    0.136110986833128611E+01    0.317184687440679411E+02    0.708448163944637299E+09    0.600941611266616974E+03   -0.300470805633308487E+03
    0.473195264349211229E+02    0.135906074227156926E+01    0.293944707025002643E+02    0.590844831217724919E+09    0.600939336199371610E+03   -0.300469668099685805E+03
    0.639839461123848636E+02    0.136038318065652764E+01    0.320088989986372781E+02    0.656965295591930151E+09    0.600930953591914204E+03   -0.300465476795957102E+03
    0.447180871630454249E+02    0.136009835940737145E+01    0.292066092761614549E+02    0.661081135501845717E+09    0.600910937845651347E+03   -0.300455468922825673E+03
    0.483292989800654311E+02    0.135953893863003117E+01    0.358268746441797177E+02    0.674809218951711655E+09    0.600903550194672107E+03   -0.300451775097336053E+03
    0.635317449009271229E+02    0.136025979872414937E+01    0.295523472838612520E+02    0.640923817724472404E+09    0.600903508320318224E+03   -0.300451754160159112E+03
    0.517718341373692397E+02    0.135813189871008522E+01    0.348505195610416152E+02    0.772199589906492233E+09    0.600892747129729514E+03   -0.300446373564864757E+03
    0.479379901565895636E+02    0.135733983815365256E+01    0.300083668129244465E+02    0.638290665094093204E+09    0.600882219275130979E+03   -0.300441109637565489E+03
    0.629411458541873330E+02    0.135777043769205252E+01    0.334732168661757044E+02    0.723913721283896565E+09    0.600869699327612580E+03   -0.300434849663806290E+03
    0.612106954355485655E+02    0.135856356493721520E+01    0.360904312864287959E+02    0.709057366630805850E+09    0.600860739667379221E+03   -0.300430369833689610E+03
    0.606512991952818794E+02    0.135881341188938731E+01    0.270960669645157566E+02    0.633707879826841474E+09    0.600845777753151765E+03   -0.300422888876575882E+03
    0.635945179887810212E+02    0.135860623043188200E+01    0.292820954034518728E+02    0.608580298100136042E+09    0.600685765637324039E+03   -0.300342882818662019E+03
    0.652834096111634210E+02    0.135956294215448459E+01    0.312886513034728324E+02    0.633213478877334118E+09    0.600672651528712322E+03   -0.300336325764356161E+03
    0.579315076127540181E+02    0.136037361459312711E+01    0.324595430170809749E+02    0.691524958317419648E+09    0.600245741407833066E+03   -0.300122870703916533E+03
    0.500542625610339158E+02    0.135980641256218804E+01    0.279824033343685272E+02    0.658716641375746369E+09    0.600425631796922062E+03   -0.300212815898461031E+03
    0.492133383255360073E+02    0.135952271686320980E+01    0.288085628078173670E+02    0.721955905414273620E+09    0.600382293722587178E+03   -0.300191146861293589E+03
    0.472870499751930780E+02    0.135958268680183281E+01    0.305872231474732423E+02    0.709827194130718112E+09    0.600073977943483897E+03   -0.300036988971741948E+03
    0.584348269813548242E+02    0.135885791684712665E+01    0.279667234416677069E+02    0.712971657683873892E+09    0.600547187808358672E+03   -0.300273593904179336E+03
    0.533854495449338771E+02    0.135949073560577638E+01    0.306830231370693802E+02    0.749887292814867496E+09    0.600148595458951831E+03   -0.300074297729475916E+03
    0.558401108799518298E+02    0.135839791476767746E+01    0.339685470131903031E+02    0.693775863409693837E+09    0.599686274709082568E+03   -0.299843137354541284E+03
    0.617562063730425734E+02    0.135872275081431981E+01    0.346021148047117890E+02    0.715239433852239847E+09    0.600456106193121173E+03   -0.300228053096560586E+03
    0.473718394313123525E+02    0.135842008798936997E+01    0.314317151337499894E+02    0.621428405177497387E+09    0.600390601897879833E+03   -0.300195300948939916E+03
    0.559166139383784326E+02    0.135844584162423487E+01    0.290172487089141065E+02    0.573570674494212508E+09    0.600747980752608100E+03   -0.300373990376304050E+03
    0.550213883111884741E+02    0.135945240245363563E+01    0.295548646680308629E+02    0.720970906155857444E+09    0.600008769927951789E+03   -0.300004384963975895E+03
    0.555845767409556970E+02    0.135864746989267315E+01    0.318889830042209006E+02    0.624432208467743039E+09    0.599731079605547620E+03   -0.299865539802773810E+03
    0.555845767409556970E+02    0.135864746989267315E+01    0.318889830042209006E+02    0.624432208467743039E+09    0.599731079605547620E+03   -0.299865539802773810E+03
    0.623388734274824685E+02    0.135958883000991859E+01    0.306304165199302538E+02    0.671337155772953153E+09    0.600081615790041496E+03   -0.300040807895020748E+03
    0.535900116205398831E+02    0.136082892793821242E+01    0.316083638514436664E+02    0.665127321041448474E+09    0.600508840698672202E+03   -0.300254420349336101E+03
    0.597958699733465693E+02    0.135856501496455628E+01    0.288584964897678873E+02    0.610707127900178552E+09    0.600347749153696213E+03   -0.300173874576848107E+03
    0.537306333812598425E+02    0.136028368983878445E+01    0.285272654272779711E+02    0.666675715532012224E+09    0.600318576621756392E+03   -0.300159288310878196E+03
    0.635755280247140533E+02    0.135956457425932142E+01    0.307929662431373359E+02    0.695400301376390457E+09    0.600370014269846365E+03   -0.300185007134923183E+03
    0.602253606330753470E+02    0.135854389034900547E+01    0.306131439991593410E+02    0.677834117703954339E+09    0.599704150506533438E+03   -0.299852075253266719E+03
    0.555096953303224367E+02    0.136041843388438832E+01    0.314849281802180627E+02    0.745911830212949753E+09    0.600676897696588867E+03   -0.300338448848294433E+03
    0.507814506527531790E+02    0.135833801929597509E+01    0.279904656234406595E+02    0.656828369071415901E+09    0.600338766562310411E+03   -0.300169383281155206E+03
    0.606394212576728648E+02    0.135993462472233428E+01    0.300254575706582330E+02    0.735442217198670506E+09    0.600781523000780226E+03   -0.300390761500390113E+03
    0.447721944084756487E+02    0.135931817151348566E+01    0.319014510369724782E+02    0.656203094057945967E+09    0.600409731724674430E+03   -0.300204865862337215E+03
    0.526174767621160981E+02    0.135975454366619153E+01    0.303409393845155293E+02    0.610791334658049345E+09    0.600204577613135825E+03   -0.300102288806567913E+03
    0.468516329201972468E+02    0.135753160979197629E+01    0.326918748597560409E+02    0.648871318547743917E+09    0.600698323429535094E+03   -0.300349161714767547E+03
    0.619883192305498270E+02    0.135919496906208948E+01    0.348508050814989403E+02    0.725549550471910954E+09    0.600758789377076369E+03   -0.300379394688538184E+03
    0.655704648521664666E+02    0.135835837319197905E+01    0.306828599768644175E+02    0.699292302676215887E+09    0.600721414993582130E+03   -0.300360707496791065E+03
    0.500077810684966551E+02    0.136085412985216880E+01    0.300489820750789711E+02    0.654014010654894829E+09    0.600774050312829445E+03   -0.300387025156414722E+03
    0.591446306472515815E+02    0.135765281947186067E+01    0.294452840793929873E+02    0.637175860645805717E+09    0.600431089708740501E+03   -0.300215544854370251E+03
    0.504079199958748063E+02    0.136040528155440721E+01    0.302310383125093018E+02    0.689159226409466624E+09    0.600207818350100979E+03   -0.300103909175050489E+03
    0.639299255950066225E+02    0.135965528098783750E+01    0.311757186190919704E+02    0.657516067744201303E+09    0.600347449720154941E+03   -0.300173724860077471E+03
    0.462126506927253544E+02    0.135833072905068386E+01    0.341795400535772274E+02    0.665157448215168238E+09    0.600491354767661164E+03   -0.300245677383830582E+03
    0.487038686483044785E+02    0.135872196383563404E+01    0.312032610207484353E+02    0.761065500603275061E+09    0.600312221137810639E+03   -0.300156110568905319E+03
    0.503584350946193240E+02    0.135976637721544891E+01    0.329027419887105452E+02    0.745654661583441973E+09    0.600260583172598331E+03   -0.300130291586299165E+03
    0.589425855919396042E+02    0.136003473222308591E+01    0.313452920396183430E+02    0.661496010576787114E+09    0.599966663072243477E+03   -0.299983331536121739E+03
    0.626549390161314932E+02    0.135923176704518411E+01    0.291313474150813754E+02    0.642358389287089348E+09    0.600327847572229643E+03   -0.300163923786114822E+03
    0.564568782502246549E+02    0.135916068996993911E+01    0.339646206682001193E+02    0.724380699691704988E+09    0.599943375511528529E+03   -0.299971687755764265E+03
    0.548485835598384028E+02    0.136074162317968095E+01    0.323428224323962255E+02    0.673106205660017133E+09    0.600462589780646340E+03   -0.300231294890323170E+03
    0.536839873940960999E+02    0.135781827548466616E+01    0.325424819517246249E+02    0.691126095642863989E+09    0.599717471047135177E+03   -0.299858735523567589E+03
    0.530440262940879137E+02    0.135967932897579824E+01    0.303332314972588506E+02    0.682835163907411218E+09    0.599615180776698480E+03   -0.299807590388349240E+03
    0.472483446573975030E+02    0.136008615473577388E+01    0.305423280868419589E+02    0.744103611410903454E+09    0.600656210033457342E+03   -0.300328105016728671E+03
    0.516181678888167070E+02    0.135743698914288902E+01    0.302425337242138141E+02    0.651359500766819835E+09    0.600296083664857520E+03   -0.300148041832428760E+03
    0.569724369328400044E+02    0.135984460457943235E+01    0.276654098866584661E+02    0.673257524324457288E+09    0.600423167310801091E+03   -0.300211583655400545E+03
    0.547389135915409710E+02    0.135823089416298637E+01    0.310655410984723979E+02    0.718356797542640805E+09    0.599759752422943848E+03   -0.299879876211471924E+03
    0.614559408552202484E+02    0.135976330886073460E+01    0.313719447921253263E+02    0.710071019805326104E+09    0.600284305476372879E+03   -0.300142152738186439E+03
    0.492212079496415100E+02    0.135824357457162059E+01    0.319432186997742136E+02    0.622809365565268636E+09    0.600224095374546778E+03   -0.300112047687273389E+03
    0.556670246682202219E+02    0.135867905408736167E+01    0.276836608605384988E+02    0.685018133264559627E+09    0.600237437103051207E+03   -0.300118718551525603E+03
    0.467270809924311834E+02    0.135830485667522316E+01    0.310602909946128669E+02    0.677606901691717505E+09    0.599994227934431819E+03   -0.299997113967215910E+03
    0.557955231366589928E+02    0.136021178483104510E+01    0.301989534579635404E+02    0.620305436844476104E+09    0.600312818801790286E+03   -0.300156409400895143E+03
    0.563469532698066189E+02    0.135912981386030784E+01    0.329909510705683289E+02    0.703688120027992368E+09    0.599556447772495289E+03   -0.299778223886247645E+03
    0.504430561615872506E+02    0.135720139921804384E+01    0.306906718801473204E+02    0.699625505742879629E+09    0.600438212585232122E+03   -0.300219106292616061E+03
    0.594618941582077909E+02    0.135849364070298817E+01    0.297201831768701972E+02    0.648293576559407592E+09    0.599850671329563738E+03   -0.299925335664781869E+03
    0.555442597794614557E+02    0.135683764752811808E+01    0.328532158707054265E+02    0.661902622048193455E+09    0.600748127368563132E+03   -0.300374063684281566E+03
    0.587218166738974787E+02    0.136026984919358562E+01    0.307160556527228614E+02    0.675663426738192916E+09    0.600111234099972194E+03   -0.300055617049986097E+03
    0.501438551517543161E+02    0.135811086114520196E+01    0.325981986766848308E+02    0.642615362226312399E+09    0.600006303413468459E+03   -0.300003151706734229E+03
    0.469810681690482070E+02    0.135883844210356886E+01    0.332735260377160103E+02    0.707571800246353984E+09    0.599979758805453912E+03   -0.299989879402726956E+03
    0.472231582703485344E+02    0.135774536214686758E+01    0.287339238019989445E+02    0.695641562158988595E+09    0.600722219591694511E+03   -0.300361109795847256E+03
    0.544585562958192924E+02    0.135807810726733891E+01    0.310453610367694992E+02    0.627249056781442881E+09    0.599883831304060323E+03   -0.299941915652030161E+03
    0.546833788665239808E+02    0.135822212094526318E+01    0.300408191208074378E+02    0.586312434656534910E+09    0.600467768260247908E+03   -0.300233884130123954E+03
    0.661980612168022731E+02    0.135863067454633213E+01    0.333496968309800437E+02    0.649918799062765837E+09    0.600749316660138334E+03   -0.300374658330069167E+03
    0.647427932148872713E+02    0.135846274363118757E+01    0.331269092539679590E+02    0.660254687771039128E+09    0.600419160263111394E+03   -0.300209580131555697E+03
    0.528234724418247126E+02    0.136079944182510859E+01    0.318352075872874067E+02    0.730907468778718114E+09    0.600795523567855071E+03   -0.300397761783927535E+03
    0.521360521382326638E+02    0.135890099724049285E+01    0.327374197440817056E+02    0.786883351802198529E+09    0.600783162955168791E+03   -0.300391581477584396E+03
    0.569572705961942773E+02    0.136029272595118034E+01    0.322924809750402630E+02    0.664016087046303630E+09    0.600109481228748564E+03   -0.300054740614374282E+03
    0.578673510195310143E+02    0.135915658468836731E+01    0.284137593624602118E+02    0.653352252953833699E+09    0.600005892675429550E+03   -0.300002946337714775E+03
    0.589508871930630178E+02    0.136058379157823550E+01    0.308238231894161459E+02    0.664613482827568531E+09    0.600414109115075689E+03   -0.300207054557537845E+03
    0.478552976877212828E+02    0.135791363620185246E+01    0.314925658306353284E+02    0.731921654036039472E+09    0.600253364724929042E+03   -0.300126682362464521E+03
    0.620245608397073696E+02    0.135738105240102280E+01    0.309491751716653987E+02    0.635453818103025913E+09    0.600747987522007747E+03   -0.300373993761003874E+03
    0.516985692193173776E+02    0.135890436203618292E+01    0.332469251826481056E+02    0.641248001994473457E+09    0.599836588146309623E+03   -0.299918294073154811E+03
    0.580325592247204227E+02    0.135937036644072307E+01    0.314732956738979155E+02    0.652961206914531112E+09    0.599591689502447935E+03   -0.299795844751223967E+03
    0.485401130035052191E+02    0.135729679874011411E+01    0.298021454294246091E+02    0.685960985005005479E+09    0.600617044521148841E+03   -0.300308522260574421E+03
    0.551423833939399088E+02    0.135947764827766537E+01    0.313794616825389099E+02    0.646312625436944485E+09    0.599599992254026574E+03   -0.299799996127013287E+03
    0.481443651126168817E+02    0.135745787404187168E+01    0.337049821591071179E+02    0.746774258716312051E+09    0.600784454746745723E+03   -0.300392227373372862E+03
    0.626558262808669966E+02    0.135873941034404422E+01    0.312823079111641640E+02    0.647361759636326909E+09    0.599979194162321164E+03   -0.299989597081160582E+03
    0.494517353757784974E+02    0.136018378205903412E+01    0.338130246334425166E+02    0.654004410182288885E+09    0.600639607452576683E+03   -0.300319803726288342E+03
    0.577228580457400540E+02    0.135818192857510445E+01    0.302231729255987283E+02    0.693372782526364684E+09    0.599758678315045358E+03   -0.299879339157522679E+03
    0.525837602122005094E+02    0.135815741572010928E+01    0.353169889204365788E+02    0.698230640026998639E+09    0.600189960139116693E+03   -0.300094980069558346E+03
    0.615476910584059524E+02    0.136028997065505775E+01    0.318848388156575524E+02    0.689800217680636168E+09    0.600482671124629292E+03   -0.300241335562314646E+03
    0.458476945379679677E+02    0.135904221776211309E+01    0.314905671046791014E+02    0.670735999207837939E+09    0.600035392479397615E+03   -0.300017696239698807E+03
    0.573091341289985152E+02    0.136036399712553546E+01    0.290124179391652319E+02    0.665791466843390107E+09    0.600331341299792712E+03   -0.300165670649896356E+03
    0.558227753772364963E+02    0.135950855656465963E+01    0.299117859234218919E+02    0.595356659638129711E+09    0.600282725068302739E+03   -0.300141362534151369E+03
    0.513546834923573385E+02    0.135950158897987494E+01    0.282878512313660053E+02    0.625283997153217435E+09    0.600358108839579927E+03   -0.300179054419789964E+03
    0.552670867944323376E+02    0.135855504835865148E+01    0.322759802090047145E+02    0.632777519672226310E+09    0.599684264683341212E+03   -0.299842132341670606E+03
    0.440858574666524703E+02    0.135802436180020791E+01    0.305388064675915558E+02    0.718608139715079784E+09    0.600728002809269128E+03   -0.300364001404634564E+03
    0.502370374474182384E+02    0.135801886858768750E+01    0.321501732380155403E+02    0.743834788280629754E+09    0.600125479397615095E+03   -0.300062739698807547E+03
    0.614533340444503509E+02    0.135813271826911652E+01    0.298039269254015800E+02    0.628602248660930991E+09    0.600301490756801854E+03   -0.300150745378400927E+03
    0.565908179845538584E+02    0.135810980401105441E+01    0.312902921404936301E+02    0.653958559859067321E+09    0.599637015003743613E+03   -0.299818507501871807E+03
    0.565908179845538584E+02    0.135810980401105441E+01    0.312902921404936301E+02    0.653958559859067321E+09    0.599637015003743613E+03   -0.299818507501871807E+03
