    0.813501038124195617E+02    0.135766732084490593E+01    0.109122838409214769E+02    0.298436659098328389E+08    0.121387757589096140E+03   -0.606938787945480698E+02
    0.697788073361435011E+02    0.137306878702960899E+01    0.113595640648338438E+02    0.388723612026495114E+08    0.119549946073151730E+03   -0.597749730365758651E+02
    0.234304530013395436E+02    0.135907747335642992E+01    0.129844151391282878E+02    0.400687301514634323E+10    0.119190432501464485E+03   -0.595952162507322427E+02
    0.104644033342143402E+03    0.136129393800369103E+01    0.218304935736814691E+02    0.105794245641989186E+09    0.118759708904421132E+03   -0.593798544522105658E+02
    0.211224758145007918E+02    0.135994068498127474E+01    0.105944408718178700E+02    0.300339501069510691E+08    0.118337351664456776E+03   -0.591686758322283879E+02
    0.612294975297454442E+02    0.136845805894464401E+01    0.366203585373614544E+02    0.301097353394970059E+09    0.118100876876204097E+03   -0.590504384381020486E+02
    0.960240779777931266E+02    0.135619094606026525E+01    0.195225256446742961E+02    0.129220234144867301E+09    0.117965429509282345E+03   -0.589827147546411723E+02
    0.267956934587502680E+02    0.136704316128244852E+01    0.197321204599021769E+02    0.378374898642487377E+08    0.117318742943785352E+03   -0.586593714718926762E+02
    0.462104621786718255E+02    0.135979979862330391E+01    0.361554099221956378E+02    0.261800068376768637E+10    0.117125668735993514E+03   -0.585628343679967571E+02
    0.950550436973571777E+02    0.136289960538730748E+01    0.825588703155517578E+01    0.126108917317065144E+10    0.116948606631966896E+03   -0.584743033159834482E+02
    0.828769067750651516E+02    0.136090999652428235E+01    0.238961870122546536E+02    0.613496597512461841E+08    0.116803684962279334E+03   -0.584018424811396670E+02
    0.451287106845127006E+01    0.134098866949138085E+01    0.101607919858966298E+02    0.184479168700638860E+09    0.116542181385640745E+03   -0.582710906928203727E+02
    0.656270292058081051E+01    0.135733294338617227E+01    0.198973966870419225E+02    0.401362140544225797E+08    0.116376281316425093E+03   -0.581881406582125464E+02
    0.261707509168828487E+02    0.136974851200986159E+01    0.315775017558430164E+02    0.202881005543336779E+09    0.116368979322852468E+03   -0.581844896614262339E+02
    0.346420767790410800E+01    0.136542522473749872E+01    0.379646242088328449E+02    0.209390818905786842E+09    0.116152177592523742E+03   -0.580760887962618710E+02
    0.375449027738348278E+02    0.137766512862819579E+01    0.293475753446693126E+02    0.691570218541254878E+09    0.116040285044614478E+03   -0.580201425223072391E+02
    0.192198791376660409E+02    0.137613963997661659E+01    0.369526673478292622E+02    0.725504487291510820E+09    0.116010081408258571E+03   -0.580050407041292857E+02
    0.300361403075328148E+02    0.137025318415468744E+01    0.287658177860719739E+02    0.199994856613501638E+09    0.115758697663464773E+03   -0.578793488317323863E+02
    0.672075879880732003E+02    0.136676359705258266E+01    0.368856189902368881E+01    0.182391735500337458E+10    0.115712577094385779E+03   -0.578562885471928894E+02
    0.102026797094787902E+01    0.134815541426469254E+01    0.158805465433351394E+02    0.793806665203844607E+08    0.115659189954610980E+03   -0.578295949773054900E+02
    0.657059038050031745E+02    0.137574106208122982E+01    0.384569381888292883E+01    0.133155964679823518E+10    0.115658300476437631E+03   -0.578291502382188156E+02
    0.257361444237817913E+02    0.138045994380188652E+01    0.154329979893721916E+02    0.191204495198775840E+10    0.115620505731005267E+03   -0.578102528655026333E+02
    0.306558609008789062E+01    0.134861594038854316E+01    0.358410477638244629E+01    0.240720589321122050E+09    0.115575907253072188E+03   -0.577879536265360940E+02
    0.406364751778521693E+02    0.139020300146791542E+01    0.181088167652909737E+01    0.657389598569400191E+09    0.115335532677144599E+03   -0.576677663385722994E+02
    0.842483311749529804E+02    0.135794561248951640E+01    0.402019406242438322E+02    0.655882748322323203E+09    0.115300616114608061E+03   -0.576503080573040307E+02
    0.338232878840804219E+02    0.136357199876901070E+01    0.461332049247751463E+01    0.344644299695108607E+08    0.115168165228885215E+03   -0.575840826144426075E+02
    0.756879565455137566E+02    0.137123581375382653E+01    0.134415097093356746E+02    0.553357265853346229E+09    0.114988335835145136E+03   -0.574941679175725682E+02
    0.866207867589997704E+02    0.136973271872453051E+01    0.138629467766604932E+02    0.845310807519353390E+09    0.114870591532634748E+03   -0.574352957663173740E+02
    0.488727579168129793E+02    0.135548859701921298E+01    0.270535082230927877E+02    0.119842286302097842E+09    0.114854965525138098E+03   -0.574274827625690492E+02
    0.523568916760158913E+02    0.135575307365534070E+01    0.141100210381396565E+02    0.466220627338420972E+08    0.114803208141865980E+03   -0.574016040709329900E+02
    0.231804172996676563E+02    0.136377086697029681E+01    0.572140709084900436E+02    0.877695601248852491E+09    0.114682120913105464E+03   -0.573410604565527322E+02
    0.639877783721170079E+01    0.137576260406860329E+01    0.236545344546829277E+02    0.206880571213241363E+10    0.114617704773726331E+03   -0.573088523868631654E+02
    0.193613560955185910E+02    0.137730387753825489E+01    0.102342880768065516E+02    0.261866116723857522E+09    0.114596437123280140E+03   -0.572982185616400699E+02
    0.137077811153397455E+02    0.136200641201903738E+01    0.427987674720414404E+02    0.318460985339217126E+09    0.114562101218567975E+03   -0.572810506092839873E+02
    0.676598509909542969E+02    0.137034389876330764E+01    0.405105377431805724E+01    0.510541258846370578E+09    0.114559450403199122E+03   -0.572797252015995610E+02
    0.576733898620007182E+02    0.138001069769821427E+01    0.509512555181549853E+01    0.766399569146972537E+09    0.114444987112254751E+03   -0.572224935561273753E+02
    0.338637787539765966E+02    0.134912316014064104E+01    0.947256619250447685E+01    0.143930896313237071E+09    0.114403729233298606E+03   -0.572018646166493028E+02
    0.570349248324898497E+02    0.137243580485813510E+01    0.291157884857176015E+02    0.643742005905308366E+09    0.114341366921511224E+03   -0.571706834607556118E+02
    0.181052526234101876E+02    0.137482561474464648E+01    0.299034423777086396E+02    0.552094848764312029E+09    0.114322781308957630E+03   -0.571613906544788151E+02
    0.752761731710582609E+02    0.136656471596221052E+01    0.109105014208179121E+02    0.126713514019673705E+09    0.114290982243083093E+03   -0.571454911215415464E+02
    0.592450601586526844E+02    0.137157328923153599E+01    0.702105554626728789E+01    0.457337838916516483E+09    0.114034487095214885E+03   -0.570172435476074426E+02
    0.140145427629917911E+02    0.136568028351807258E+01    0.341271368480730430E+02    0.229938587475973129E+09    0.114009938449552124E+03   -0.570049692247760618E+02
    0.192259591923950381E+02    0.137109206772764480E+01    0.282785969563103663E+02    0.212921909827647376E+10    0.113903973717662268E+03   -0.569519868588311340E+02
    0.214000791792416969E+02    0.133968483684504069E+01    0.346548856447480063E+02    0.156395124124799299E+10    0.113835936579518062E+03   -0.569179682897590311E+02
    0.123707447886000637E+02    0.136765202403464237E+01    0.218472327506696473E+02    0.662317248875847012E+08    0.113786274147897871E+03   -0.568931370739489353E+02
    0.579133629798889160E+02    0.135835001373373054E+01    0.144042372703552246E+02    0.196651434492334795E+10    0.113759835082056526E+03   -0.568799175410282629E+02
    0.281702876091003418E+02    0.138092659985949440E+01    0.161960721015930176E+01    0.890003394528826773E+08    0.113749641635366771E+03   -0.568748208176833856E+02
    0.681667956567832505E+02    0.135328738801651971E+01    0.587501473127036622E+01    0.672619944276101351E+09    0.113664413328483533E+03   -0.568322066642417667E+02
    0.434522921788626704E+01    0.135338307332686991E+01    0.318301690838328533E+02    0.219339728180658102E+10    0.113646571642488780E+03   -0.568232858212443901E+02
    0.193345512699986060E+02    0.136715576256473170E+01    0.240596310265939264E-01    0.221344024118097162E+10    0.113605214878411090E+03   -0.568026074392055449E+02
    0.625588522308857833E+02    0.135873568075675166E+01    0.160185613537737681E+01    0.127074892165267065E+09    0.113603830794263416E+03   -0.568019153971317081E+02
    0.188623648660258461E+02    0.135868088251767283E+01    0.442749038070921941E+02    0.411021885686198890E+09    0.113560859668544907E+03   -0.567804298342724536E+02
    0.494937044438009579E+02    0.134923708853287949E+01    0.100432769411275302E+02    0.583207021957996130E+09    0.113502667368748348E+03   -0.567513336843741740E+02
    0.526870353824175286E+01    0.135908436208722438E+01    0.339209815676175950E+02    0.233990755224383450E+10    0.113440608568082723E+03   -0.567203042840413616E+02
    0.511614183411605055E+02    0.136645778712592936E+01    0.218145393442455884E+02    0.106340891534105524E+09    0.113394960131070377E+03   -0.566974800655351885E+02
    0.406303387365915540E+02    0.135336234403455125E+01    0.427251783822366065E+02    0.120093129484841943E+10    0.113361163480200162E+03   -0.566805817401000809E+02
    0.236981036823305686E+02    0.135424270210347597E+01    0.432542254464447424E+02    0.570867706416667700E+09    0.113306671519556943E+03   -0.566533357597784715E+02
    0.661267890216909677E+02    0.135232978404941151E+01    0.226210731482162792E+02    0.113504799897761583E+10    0.113304103520098835E+03   -0.566520517600494173E+02
    0.645430589154102705E+02    0.137304549315429836E+01    0.833076364339354392E+01    0.707575214977363825E+09    0.113295528018271114E+03   -0.566477640091355568E+02
    0.533612023213294933E+02    0.137115765601985329E+01    0.191807192243071540E+02    0.458834027883033633E+09    0.113212683639445402E+03   -0.566063418197227008E+02
    0.424854755570413829E+02    0.135511575656821659E+01    0.391012484675955676E+02    0.513895301796333492E+09    0.113155741776371613E+03   -0.565778708881858066E+02
    0.412723105398821559E+02    0.137612158240483695E+01    0.248218212002807697E+02    0.912296122870505333E+09    0.113100564888553635E+03   -0.565502824442768173E+02
    0.607777569551203243E+02    0.135655701313574761E+01    0.112338453601993091E+02    0.219993223738179684E+09    0.113099491676327517E+03   -0.565497458381637585E+02
    0.340410324067604506E+02    0.137324461522160357E+01    0.763962841563966499E+01    0.721617693880070150E+08    0.113041360326064208E+03   -0.565206801630321038E+02
    0.217766716149886506E+02    0.137332753630866078E+01    0.116888776431491817E+02    0.146168707318190694E+09    0.113035351018018815E+03   -0.565176755090094076E+02
    0.382383050443562809E+02    0.135504539604314700E+01    0.243984704071194329E+02    0.191112504901944757E+09    0.112969162299546184E+03   -0.564845811497730921E+02
    0.297102928161621094E+02    0.137370108069299768E+01    0.144941747188568115E+02    0.403720691929437041E+09    0.112952024269871032E+03   -0.564760121349355160E+02
    0.357427000999450684E+02    0.135875418658957936E+01    0.325483560562133789E+02    0.222796965641760647E+09    0.112928836760601271E+03   -0.564644183803006356E+02
    0.206723938855874145E+02    0.137483696843136705E+01    0.368169251196222014E+01    0.141172907209642857E+09    0.112918622037900832E+03   -0.564593110189504159E+02
    0.389408819297271265E+02    0.137214210338869780E+01    0.846152706991919956E+01    0.387452320792505503E+09    0.112891057994876590E+03   -0.564455289974382950E+02
    0.376027412477566543E+02    0.135716582403858976E+01    0.226733316845684385E+02    0.215317869080168772E+10    0.112885205173220641E+03   -0.564426025866103203E+02
    0.199401072118267342E+01    0.137799008835208747E+01    0.480382862262116639E+01    0.405632826929008603E+09    0.112858603453224234E+03   -0.564293017266121169E+02
    0.212900783265267073E+02    0.134307835299142497E+01    0.316622314767495858E+02    0.820017657695284486E+09    0.112840641467420014E+03   -0.564203207337100068E+02
    0.305040941307304827E+02    0.137140009552445807E+01    0.858937040754488956E+00    0.150537052898764104E+09    0.112828397279765682E+03   -0.564141986398828408E+02
    0.677292014124009114E+02    0.135774043652277587E+01    0.325390636880535098E+02    0.113154715539710951E+10    0.112816915095418636E+03   -0.564084575477093182E+02
    0.813032223538670564E+02    0.135674075994612586E+01    0.168316982757488951E+02    0.770797577404352069E+09    0.112725412043305397E+03   -0.563627060216526985E+02
    0.492131667932418111E+02    0.136639479922763485E+01    0.465397247363505606E+01    0.302194995697309792E+09    0.112694444735236132E+03   -0.563472223676180661E+02
    0.612395506174391855E+02    0.135967557094807656E+01    0.460832093507626173E+01    0.141594689452487260E+09    0.112642319184019044E+03   -0.563211595920095220E+02
    0.215047001758786713E+02    0.136500441678484941E+01    0.508998940666563371E+02    0.970322254294024348E+09    0.112602983290258919E+03   -0.563014916451294596E+02
    0.308914005290833238E+01    0.136611436464901170E+01    0.466127165397951089E+02    0.135680214015496373E+10    0.112554942736589354E+03   -0.562774713682946768E+02
    0.198685634685075243E+02    0.135312728305417673E+01    0.118575142555966657E+02    0.943978407196796387E+08    0.112447273147630455E+03   -0.562236365738152273E+02
    0.121704230244249478E+01    0.136975619381756641E+01    0.248793096617914458E+02    0.216796523120961857E+10    0.112433602959012546E+03   -0.562168014795062732E+02
    0.671905266712066407E+01    0.136723414040618918E+01    0.214028142482575632E+02    0.110608163309526920E+09    0.112406562636101540E+03   -0.562032813180507702E+02
    0.671905266712066407E+01    0.136723414040618918E+01    0.214028142482575632E+02    0.110608163309526920E+09    0.112406562636101540E+03   -0.562032813180507702E+02
    0.604916054447210172E+02    0.136594359881118876E+01    0.163986342462438550E+02    0.177554309031362414E+09    0.112405801015928944E+03   -0.562029005079644719E+02
    0.659382737318619974E+02    0.135960100653462534E+01    0.149792015345338818E+02    0.189458886847230345E+09    0.112388386400114598E+03   -0.561941932000572990E+02
    0.158357734916775357E+02    0.135513003033634782E+01    0.295983082109281881E+01    0.345329622700200915E+09    0.112343802572175491E+03   -0.561719012860877456E+02
    0.619739039161860248E+02    0.135964992215411562E+01    0.699971625717428214E+01    0.163818660991532415E+09    0.112343634493703405E+03   -0.561718172468517025E+02
    0.588758625156213071E+02    0.136433129630743988E+01    0.962360894847546433E+01    0.322252831097373605E+09    0.112297732597100122E+03   -0.561488662985500611E+02
    0.136630725731108473E+02    0.137116167614286066E+01    0.127946011016805050E+01    0.145857556327679217E+09    0.112279542756409739E+03   -0.561397713782048697E+02
    0.450341804157964916E+02    0.135752826943943550E+01    0.429657245806732391E+02    0.129593724047134304E+10    0.112251816483157967E+03   -0.561259082415789834E+02
    0.160052105386394992E+02    0.136996791675679686E+01    0.184637974737112054E+01    0.358653549503403425E+09    0.112236935157863797E+03   -0.561184675789318987E+02
    0.497961308896836670E+02    0.136618552364140244E+01    0.491087926360228444E+01    0.576255823161838576E+08    0.112217420757551906E+03   -0.561087103787759531E+02
    0.593449214572865031E+02    0.136066944594797912E+01    0.218373584096565665E+02    0.161355274603367805E+09    0.112184794241534050E+03   -0.560923971207670249E+02
    0.257070264774854316E+02    0.136644563631489691E+01    0.289443681208574652E+02    0.287558492092508316E+09    0.112166319848607088E+03   -0.560831599243035441E+02
    0.235430211035146399E+02    0.136221136290585032E+01    0.231616399818991781E+02    0.734832262626754791E+08    0.112117533535321357E+03   -0.560587667676606785E+02
    0.408771634101867676E+02    0.136116442910088709E+01    0.265011489391326904E+02    0.149782389899023056E+09    0.112098879772422549E+03   -0.560494398862112746E+02
    0.739987976555446352E+02    0.136248628188503074E+01    0.224176476554402555E+02    0.500078523995799363E+09    0.112066238779735755E+03   -0.560331193898678777E+02
    0.667710421255870870E+02    0.136744936547687046E+01    0.272507407615591219E+02    0.105495011901121926E+10    0.112034937429997939E+03   -0.560174687149989694E+02
    0.343426935455403779E+02    0.136803000281508735E+01    0.196205023277629707E+02    0.198687215714266038E+10    0.112032721015476710E+03   -0.560163605077383551E+02
    0.147814045411553767E+02    0.136751045045240960E+01    0.246743013113087528E+02    0.237122104273039043E+09    0.111992732950758068E+03   -0.559963664753790340E+02
    0.126814453981122792E+02    0.137515259120493294E+01    0.201101797532553661E+02    0.163642168944472980E+10    0.111957568899273355E+03   -0.559787844496366773E+02
    0.587316805577221004E+02    0.135900272216799722E+01    0.145618569853934900E+02    0.138802856529521435E+09    0.111890225839994372E+03   -0.559451129199971859E+02
    0.153322140545890218E+02    0.137032761575776973E+01    0.343579638244811703E+01    0.113492334830623701E+09    0.111827243022721333E+03   -0.559136215113606667E+02
    0.527834107948193463E+02    0.136417362023363986E+01    0.584420723115042939E+01    0.395977528621375978E+09    0.111811816579868008E+03   -0.559059082899340041E+02
    0.438737235898166915E+02    0.136132018614853023E+01    0.735702979247520439E+01    0.183369139961038852E+10    0.111762238193215808E+03   -0.558811190966079039E+02
    0.413332883825484387E+02    0.136342574144455053E+01    0.366542153962976114E+01    0.285390132952335835E+09    0.111755122926648568E+03   -0.558775614633242839E+02
    0.413332883825484387E+02    0.136342574144455053E+01    0.366542153962976114E+01    0.285390132952335835E+09    0.111755122926648568E+03   -0.558775614633242839E+02
    0.744852755663410164E+02    0.136379895691014030E+01    0.256424790553603330E+02    0.622779659415297985E+09    0.111670250183856893E+03   -0.558351250919284467E+02
    0.744852755663410164E+02    0.136379895691014030E+01    0.256424790553603330E+02    0.622779659415297985E+09    0.111670250183856893E+03   -0.558351250919284467E+02
    0.108332947499082994E+02    0.136886020692950172E+01    0.178555570187540003E+01    0.105788314966034219E+09    0.111648134861467383E+03   -0.558240674307336917E+02
    0.211425440424411626E+02    0.136619501525694775E+01    0.108905751619456637E+01    0.363887870099090517E+09    0.111644019664848798E+03   -0.558220098324243992E+02
    0.125050917439470428E+02    0.136594019421670332E+01    0.174771130974656614E+02    0.224307692426957560E+10    0.111588880070401700E+03   -0.557944400352008500E+02
    0.690072598965403188E+02    0.136272274742378863E+01    0.186134151618940962E+02    0.476251581053783774E+09    0.111515486547285406E+03   -0.557577432736427028E+02
    0.199291939360041042E+02    0.135885826480153593E+01    0.417099821902074623E+02    0.158198804347691512E+10    0.111446136963956604E+03   -0.557230684819783022E+02
    0.199291939360041042E+02    0.135885826480153593E+01    0.417099821902074623E+02    0.158198804347691512E+10    0.111446136963956604E+03   -0.557230684819783022E+02
    0.224412081847063938E+02    0.136017862554934599E+01    0.456599774906682470E+02    0.132767282931316662E+10    0.111440517138368548E+03   -0.557202585691842742E+02
    0.431635161488529278E+02    0.136666644734811893E+01    0.249031695854240454E+02    0.174180742425565076E+10    0.111414689966609572E+03   -0.557073449833047860E+02
    0.431635161488529278E+02    0.136666644734811893E+01    0.249031695854240454E+02    0.174180742425565076E+10    0.111414689966609572E+03   -0.557073449833047860E+02
    0.173204698645542621E+01    0.137828370336036121E+01    0.141230953289935144E+02    0.151155016895888782E+10    0.111370835318988128E+03   -0.556854176594940640E+02
    0.173204698645542621E+01    0.137828370336036121E+01    0.141230953289935144E+02    0.151155016895888782E+10    0.111370835318988128E+03   -0.556854176594940640E+02
    0.351513036058806136E+02    0.136922522691758952E+01    0.152695887724783450E+02    0.381756132564387023E+09    0.111305365680883682E+03   -0.556526828404418410E+02
    0.272173933021001488E+02    0.136132289977917065E+01    0.949794895222657587E+00    0.383050950503085613E+09    0.111241895696833723E+03   -0.556209478484168613E+02
    0.272173933021001488E+02    0.136132289977917065E+01    0.949794895222657587E+00    0.383050950503085613E+09    0.111241895696833723E+03   -0.556209478484168613E+02
    0.170958132327052219E+02    0.137757940072297536E+01    0.113353084892178444E+02    0.615411470830728412E+09    0.111230556627726997E+03   -0.556152783138634987E+02
    0.156859110573209506E+02    0.136605189665310967E+01    0.318711164168219874E+02    0.189863029881313300E+10    0.111204394649320847E+03   -0.556021973246604233E+02
    0.231494178274706499E+02    0.135875906869737251E+01    0.361296665723129138E+02    0.418020946928431749E+09    0.111203998763299666E+03   -0.556019993816498328E+02
    0.376315872292172173E+02    0.137344069296017679E+01    0.207063044764482740E+02    0.690548517604409933E+09    0.111192058824135728E+03   -0.555960294120678640E+02
    0.376315872292172173E+02    0.137344069296017679E+01    0.207063044764482740E+02    0.690548517604409933E+09    0.111192058824135728E+03   -0.555960294120678640E+02
    0.694628128141243337E+02    0.135906617656444206E+01    0.147492502529743437E+02    0.649741071148612142E+09    0.111120734329784881E+03   -0.555603671648924404E+02
    0.694628128141243337E+02    0.135906617656444206E+01    0.147492502529743437E+02    0.649741071148612142E+09    0.111120734329784881E+03   -0.555603671648924404E+02
    0.511579700361761169E+02    0.135851294525379251E+01    0.431670017784031046E+02    0.864079838264219403E+09    0.111081936238305161E+03   -0.555409681191525806E+02
    0.430479049233926858E+02    0.136578210765450225E+01    0.142366220611884167E+02    0.253360845122247696E+09    0.111058748655157586E+03   -0.555293743275787932E+02
    0.430479049233926858E+02    0.136578210765450225E+01    0.142366220611884167E+02    0.253360845122247696E+09    0.111058748655157586E+03   -0.555293743275787932E+02
    0.543438711347617627E+02    0.135450711258476497E+01    0.331357857837724055E+02    0.976918328163693190E+09    0.111025885705258801E+03   -0.555129428526294006E+02
    0.543438711347617627E+02    0.135450711258476497E+01    0.331357857837724055E+02    0.976918328163693190E+09    0.111025885705258801E+03   -0.555129428526294006E+02
    0.983590781447687057E+01    0.136412322906887895E+01    0.144826065524470615E+01    0.104387351670120269E+09    0.111013355378356167E+03   -0.555066776891780833E+02
    0.983590781447687057E+01    0.136412322906887895E+01    0.144826065524470615E+01    0.104387351670120269E+09    0.111013355378356167E+03   -0.555066776891780833E+02
    0.294700047905972191E+02    0.136673338208446471E+01    0.328478904501802571E+01    0.936029386997621208E+08    0.111007407636858261E+03   -0.555037038184291305E+02
    0.294700047905972191E+02    0.136673338208446471E+01    0.328478904501802571E+01    0.936029386997621208E+08    0.111007407636858261E+03   -0.555037038184291305E+02
    0.548964981518381236E+02    0.135889374525488593E+01    0.130938424697655686E+01    0.717288115973396659E+09    0.111005799054668159E+03   -0.555028995273340797E+02
    0.240721342546015507E+02    0.135643958767375294E+01    0.195095824234144111E+02    0.306827408272666872E+09    0.110963601778827780E+03   -0.554818008894138899E+02
    0.510569936474121349E+02    0.136191394855056203E+01    0.292964211138431700E+02    0.424507512889099181E+09    0.110942781907233879E+03   -0.554713909536169396E+02
    0.510569936474121349E+02    0.136191394855056203E+01    0.292964211138431700E+02    0.424507512889099181E+09    0.110942781907233879E+03   -0.554713909536169396E+02
    0.401699339547660017E+02    0.136201642733731965E+01    0.278889794120704408E+02    0.332037074010523856E+09    0.110905868225646742E+03   -0.554529341128233710E+02
    0.510924409161942208E+02    0.136212641068318807E+01    0.136555209906044919E+02    0.138657375428270668E+09    0.110874549271953271E+03   -0.554372746359766353E+02
    0.330214801099422601E+02    0.137409509941583896E+01    0.854777680329301681E+01    0.627725401871466398E+09    0.110872221981002141E+03   -0.554361109905010707E+02
    0.309857907751711403E+01    0.136687892384588183E+01    0.190255442533474941E+02    0.242494272559586883E+09    0.110858897448917290E+03   -0.554294487244586449E+02
    0.309857907751711403E+01    0.136687892384588183E+01    0.190255442533474941E+02    0.242494272559586883E+09    0.110858897448917290E+03   -0.554294487244586449E+02
    0.179832030802503660E+02    0.136168584677973858E+01    0.868003122804602789E+00    0.866829787686823159E+08    0.110858478835101749E+03   -0.554292394175508747E+02
    0.279239504784155024E+01    0.136325798240491047E+01    0.470357521153451330E+02    0.748165814244711399E+09    0.110846672860256518E+03   -0.554233364301282592E+02
    0.279239504784155024E+01    0.136325798240491047E+01    0.470357521153451330E+02    0.748165814244711399E+09    0.110846672860256518E+03   -0.554233364301282592E+02
    0.703556225116187850E+01    0.136087199162926353E+01    0.298855800998358623E+01    0.127722939087144807E+09    0.110802833902899835E+03   -0.554014169514499173E+02
    0.103491551330396128E+02    0.136281545462432296E+01    0.328310495670896287E+02    0.190657099653007030E+10    0.110774381705598671E+03   -0.553871908527993355E+02
    0.319745358256030556E+02    0.135604209680660981E+01    0.275150274639992745E+02    0.449078955835651577E+09    0.110725250642299514E+03   -0.553626253211497570E+02
    0.213522753091952389E+02    0.135752271433994132E+01    0.351691067911668185E+02    0.164276748769111204E+10    0.110670906909502037E+03   -0.553354534547510184E+02
    0.213522753091952389E+02    0.135752271433994132E+01    0.351691067911668185E+02    0.164276748769111204E+10    0.110670906909502037E+03   -0.553354534547510184E+02
    0.273943311721499256E+02    0.136313728798508471E+01    0.446689199979324911E+02    0.700676659145752668E+09    0.110632341533516325E+03   -0.553161707667581624E+02
    0.661782368389317384E+02    0.136071255730213547E+01    0.272639233951746931E+02    0.633963057006220222E+09    0.110602804866863863E+03   -0.553014024334319316E+02
    0.342093321684325558E+01    0.136696878395343169E+01    0.379589920202424267E+02    0.599019623940305471E+09    0.110595417463879755E+03   -0.552977087319398777E+02
    0.411121047295348419E+02    0.136178907846032127E+01    0.571249313250439439E+01    0.752137922493377477E+08    0.110589682196046169E+03   -0.552948410980230847E+02
    0.940064562907835466E+01    0.136003793207108381E+01    0.414803406344584218E+02    0.554679541078501940E+09    0.110582973533838953E+03   -0.552914867669194763E+02
    0.940064562907835466E+01    0.136003793207108381E+01    0.414803406344584218E+02    0.554679541078501940E+09    0.110582973533838953E+03   -0.552914867669194763E+02
    0.662919560507935302E+02    0.136571795497517501E+01    0.106752293911203893E+02    0.771311111957391381E+09    0.110572005875793295E+03   -0.552860029378966473E+02
    0.615215780907643932E+02    0.135654594934856410E+01    0.259061665568318737E+02    0.720103462002273560E+09    0.110566140082111247E+03   -0.552830700410556233E+02
    0.474451325846831153E+02    0.136267930494496592E+01    0.116032790786622506E+02    0.805601120867714286E+08    0.110540560403967945E+03   -0.552702802019839723E+02
    0.204994606312572429E+02    0.135412115622783125E+01    0.321999027076863484E+02    0.636011976045587182E+09    0.110484364514524117E+03   -0.552421822572620584E+02
    0.204994606312572429E+02    0.135412115622783125E+01    0.321999027076863484E+02    0.636011976045587182E+09    0.110484364514524117E+03   -0.552421822572620584E+02
    0.242063828154566316E+02    0.136466797042182453E+01    0.340303190992227087E+02    0.457373954696127474E+09    0.110459792829316029E+03   -0.552298964146580147E+02
    0.179568588752757883E+02    0.135519924770817446E+01    0.631821602046086817E+01    0.164988043888735032E+10    0.110441624852802761E+03   -0.552208124264013804E+02
    0.179568588752757883E+02    0.135519924770817446E+01    0.631821602046086817E+01    0.164988043888735032E+10    0.110441624852802761E+03   -0.552208124264013804E+02
    0.149333477020263672E+02    0.136351826819485744E+01    0.423468291759490967E+02    0.116845532349800396E+10    0.110419235388196938E+03   -0.552096176940984691E+02
    0.208803157240435127E+02    0.136399370599545544E+01    0.223280723619458179E+02    0.186294870970130473E+09    0.110404071227722838E+03   -0.552020356138614190E+02
    0.412788327863965065E+02    0.136269986085294481E+01    0.565357773900808791E+01    0.150820551224680257E+10    0.110398631643254845E+03   -0.551993158216274225E+02
    0.532899709711798266E+02    0.136681935326308746E+01    0.338772386791381024E+02    0.867291225466876864E+09    0.110393028359566756E+03   -0.551965141797833780E+02
    0.532899709711798266E+02    0.136681935326308746E+01    0.338772386791381024E+02    0.867291225466876864E+09    0.110393028359566756E+03   -0.551965141797833780E+02
    0.328175218038182237E+02    0.136024947923154960E+01    0.436679251172627119E+02    0.692939222421078086E+09    0.110388725438736373E+03   -0.551943627193681863E+02
    0.328175218038182237E+02    0.136024947923154960E+01    0.436679251172627119E+02    0.692939222421078086E+09    0.110388725438736373E+03   -0.551943627193681863E+02
    0.201445159142444368E+02    0.136708901640158520E+01    0.247427429584774039E+02    0.183474682282605362E+10    0.110377626159814895E+03   -0.551888130799074474E+02
    0.492574666147472797E+02    0.136622223664056053E+01    0.987054955033286774E+01    0.118050264901960731E+10    0.110351776029582709E+03   -0.551758880147913544E+02
    0.440170425955077249E+02    0.136077276707416917E+01    0.308655140228131337E+02    0.146922634237213087E+10    0.110340349107779417E+03   -0.551701745538897086E+02
    0.370834762165383651E+02    0.136427367617189321E+01    0.133795421817854887E+02    0.290043857630532384E+09    0.110338514769896960E+03   -0.551692573849484802E+02
    0.257744022112991438E+02    0.137311579766028613E+01    0.152591648016146877E+02    0.114910664846245408E+10    0.110284605570716536E+03   -0.551423027853582681E+02
    0.407088233184606239E+02    0.135792023905983439E+01    0.714509287129769799E+01    0.509133102554575026E+09    0.110267699892006988E+03   -0.551338499460034939E+02
    0.235037784333979722E+02    0.136743553186961364E+01    0.308062649246739610E+02    0.154818191376806283E+10    0.110265374733656870E+03   -0.551326873668284350E+02
    0.235037784333979722E+02    0.136743553186961364E+01    0.308062649246739610E+02    0.154818191376806283E+10    0.110265374733656870E+03   -0.551326873668284350E+02
    0.156932894413745228E+02    0.136389826247931745E+01    0.486407604506475355E+01    0.746462787851485759E+08    0.110238773941594971E+03   -0.551193869707974855E+02
    0.160137620499518860E+02    0.135798358664458196E+01    0.181628524099884636E+02    0.306878129762647510E+09    0.110172843178571497E+03   -0.550864215892857487E+02
    0.160137620499518860E+02    0.135798358664458196E+01    0.181628524099884636E+02    0.306878129762647510E+09    0.110172843178571497E+03   -0.550864215892857487E+02
    0.277072913629895616E+02    0.137420887347181586E+01    0.154794899305139229E+02    0.716163523124926567E+09    0.110147790925148229E+03   -0.550738954625741144E+02
    0.277072913629895616E+02    0.137420887347181586E+01    0.154794899305139229E+02    0.716163523124926567E+09    0.110147790925148229E+03   -0.550738954625741144E+02
    0.335041688766471637E+02    0.136453387169326001E+01    0.266625902615333317E+02    0.391044140897892475E+09    0.110141992730795749E+03   -0.550709963653978747E+02
    0.243767738608699496E+02    0.136404647016558722E+01    0.820410592218287604E+01    0.205266582960117280E+09    0.110135110429306778E+03   -0.550675552146533889E+02
    0.243767738608699496E+02    0.136404647016558722E+01    0.820410592218287604E+01    0.205266582960117280E+09    0.110135110429306778E+03   -0.550675552146533889E+02
    0.225094588820555366E+02    0.136460633282885357E+01    0.662304619767634417E+01    0.159189535500167370E+09    0.110114226851617147E+03   -0.550571134258085735E+02
    0.225094588820555366E+02    0.136460633282885357E+01    0.662304619767634417E+01    0.159189535500167370E+09    0.110114226851617147E+03   -0.550571134258085735E+02
    0.112524973784017170E+02    0.137132792941212101E+01    0.106289576025664338E+02    0.168397560353102517E+10    0.110111177862905180E+03   -0.550555889314525899E+02
    0.112524973784017170E+02    0.137132792941212101E+01    0.106289576025664338E+02    0.168397560353102517E+10    0.110111177862905180E+03   -0.550555889314525899E+02
    0.312828982423169144E+02    0.136792025674047624E+01    0.130770317449616122E+02    0.424237150271389484E+09    0.110100775762147663E+03   -0.550503878810738314E+02
    0.669630187179644025E+02    0.136150605862239460E+01    0.293406195876752491E+02    0.843476085553721189E+09    0.110093335408694941E+03   -0.550466677043474704E+02
    0.669630187179644025E+02    0.136150605862239460E+01    0.293406195876752491E+02    0.843476085553721189E+09    0.110093335408694941E+03   -0.550466677043474704E+02
    0.388376872689230197E+02    0.135236244967314745E+01    0.541248510259428706E+01    0.921860262519942045E+09    0.110091437027103609E+03   -0.550457185135518046E+02
    0.203987847073368727E+02    0.136671522808797818E+01    0.230900168039309435E+02    0.380953200632346332E+09    0.110085703994711423E+03   -0.550428519973557115E+02
    0.203987847073368727E+02    0.136671522808797818E+01    0.230900168039309435E+02    0.380953200632346332E+09    0.110085703994711423E+03   -0.550428519973557115E+02
    0.824466332067270891E+01    0.136563373021595114E+01    0.193823437489945434E+02    0.301718646924544036E+09    0.110084704958909569E+03   -0.550423524794547845E+02
    0.443108112355771908E+02    0.137165478640045713E+01    0.127337556847534010E+02    0.749580637501780748E+09    0.110079056806358182E+03   -0.550395284031790908E+02
    0.443108112355771908E+02    0.137165478640045713E+01    0.127337556847534010E+02    0.749580637501780748E+09    0.110079056806358182E+03   -0.550395284031790908E+02
    0.241402459737508117E+02    0.135903871841815782E+01    0.159189841888511410E+02    0.239553579984824717E+09    0.110069883748743550E+03   -0.550349418743717749E+02
    0.241402459737508117E+02    0.135903871841815782E+01    0.159189841888511410E+02    0.239553579984824717E+09    0.110069883748743550E+03   -0.550349418743717749E+02
    0.340785842342831771E+02    0.136327058530324630E+01    0.168612277884379367E+02    0.256857145750663608E+09    0.110042071978842387E+03   -0.550210359894211933E+02
    0.281709989295698335E+02    0.136344638882547065E+01    0.155912393527508097E+02    0.127617715591308236E+09    0.110039893699426941E+03   -0.550199468497134703E+02
    0.340216362838438400E+02    0.135509258729271864E+01    0.333814548992235904E+01    0.110933710223033261E+10    0.110004790508967346E+03   -0.550023952544836732E+02
    0.156580010330377029E+02    0.136429103034539079E+01    0.593883000979104736E+01    0.815642465606994629E+08    0.110002833234246111E+03   -0.550014166171230556E+02
    0.156580010330377029E+02    0.136429103034539079E+01    0.593883000979104736E+01    0.815642465606994629E+08    0.110002833234246111E+03   -0.550014166171230556E+02
    0.281684725294203808E+02    0.135753572896356722E+01    0.332482998098608249E+02    0.522825815467406869E+09    0.109982118672731985E+03   -0.549910593363659927E+02
    0.281684725294203808E+02    0.135753572896356722E+01    0.332482998098608249E+02    0.522825815467406869E+09    0.109982118672731985E+03   -0.549910593363659927E+02
    0.425295090358979966E+01    0.135276145369393852E+01    0.324379114156254218E+02    0.792618780964756608E+09    0.109981046836875876E+03   -0.549905234184379381E+02
    0.425295090358979966E+01    0.135276145369393852E+01    0.324379114156254218E+02    0.792618780964756608E+09    0.109981046836875876E+03   -0.549905234184379381E+02
    0.608085999737873717E+01    0.136166146488291884E+01    0.671739826536199303E+01    0.825316784527511150E+08    0.109979650205329946E+03   -0.549898251026649731E+02
    0.107578289046999842E+02    0.135636451331194841E+01    0.432799031267742720E+02    0.814545599666859865E+09    0.109951983671268763E+03   -0.549759918356343817E+02
    0.164142946441311963E+02    0.137200949414699935E+01    0.215107544114850047E+01    0.647657329184874058E+09    0.109927786548778158E+03   -0.549638932743890791E+02
    0.300884182920916174E+02    0.136252352491530160E+01    0.125759757373932324E+02    0.113910907741057098E+09    0.109919435118853428E+03   -0.549597175594267142E+02
    0.300884182920916174E+02    0.136252352491530160E+01    0.125759757373932324E+02    0.113910907741057098E+09    0.109919435118853428E+03   -0.549597175594267142E+02
    0.156702884858904152E+02    0.135926620132493015E+01    0.158596282850648418E+02    0.200457815549027383E+09    0.109917818640578844E+03   -0.549589093202894219E+02
    0.333882358052979242E+02    0.136072484465886157E+01    0.164769862933788254E+02    0.309224571535170615E+09    0.109878024882873859E+03   -0.549390124414369296E+02
    0.248350706476832528E+02    0.136205119927491070E+01    0.393402609550318516E+02    0.119162507677860308E+10    0.109866486556531640E+03   -0.549332432782658202E+02
    0.341009577612896919E+02    0.137280804768814257E+01    0.181659523514104428E+02    0.762021092399854779E+09    0.109857820350540351E+03   -0.549289101752701754E+02
    0.341009577612896919E+02    0.137280804768814257E+01    0.181659523514104428E+02    0.762021092399854779E+09    0.109857820350540351E+03   -0.549289101752701754E+02
    0.344691599653747147E+02    0.136276624966990512E+01    0.114629138662729027E+02    0.158593598513851583E+09    0.109850600485735072E+03   -0.549253002428675359E+02
    0.443335953692198927E+02    0.136449243929120101E+01    0.154852969169378571E+02    0.148855711887263942E+10    0.109821823097416342E+03   -0.549109115487081709E+02
    0.379763784596103307E+02    0.136843557345448286E+01    0.132990697684946535E+01    0.765619503224894285E+09    0.109804022444781268E+03   -0.549020112223906338E+02
    0.571487264322871713E+01    0.135977412642187279E+01    0.336548926067779561E+02    0.164757101452848315E+10    0.109799902999999375E+03   -0.548999514999996876E+02
    0.413606171758747294E+02    0.136881619045875547E+01    0.158540476347545756E+02    0.552001590530301690E+09    0.109796684276381512E+03   -0.548983421381907561E+02
    0.358417421783208567E+02    0.135957297762990326E+01    0.402837082629349155E+02    0.105786260591769266E+10    0.109790672564488702E+03   -0.548953362822443509E+02
    0.247619168697436720E+02    0.136217016531632562E+01    0.192457655955070024E+02    0.185633176215244412E+09    0.109781412635993718E+03   -0.548907063179968588E+02
    0.247619168697436720E+02    0.136217016531632562E+01    0.192457655955070024E+02    0.185633176215244412E+09    0.109781412635993718E+03   -0.548907063179968588E+02
    0.130389928817749023E+02    0.135715870620929047E+01    0.386014580726623535E+02    0.115675160530775881E+10    0.109765601835044237E+03   -0.548828009175221183E+02
    0.510933930271351713E+02    0.136338219299617092E+01    0.152654655466423321E+02    0.115098560445598149E+10    0.109749251221783425E+03   -0.548746256108917123E+02
    0.995263855669264963E+01    0.137161044388166231E+01    0.371026106152291391E+01    0.613127187505298018E+09    0.109730114554350422E+03   -0.548650572771752110E+02
    0.170238621883144567E+02    0.136136461066949521E+01    0.124178896909214576E+02    0.815538740961392820E+08    0.109711134980261420E+03   -0.548555674901307100E+02
    0.366940756716658356E+02    0.136373788657458328E+01    0.408568163974922953E+02    0.776760596696525693E+09    0.109688361375216203E+03   -0.548441806876081017E+02
    0.547097409161282044E+02    0.136396624210604078E+01    0.705573010324575023E+01    0.103294071489364231E+10    0.109679861756537804E+03   -0.548399308782689019E+02
    0.420598983764648438E+02    0.136526493031300511E+01    0.148247599601745605E+02    0.437904147336146176E+09    0.109679814246170281E+03   -0.548399071230851405E+02
    0.227014999463131666E+02    0.135102832452353105E+01    0.119615378587797743E+02    0.111832461252769923E+10    0.109676470681517529E+03   -0.548382353407587644E+02
    0.206383790269759260E+02    0.136772735225977238E+01    0.621374163238419008E+01    0.487836332234391034E+09    0.109675443500187527E+03   -0.548377217500937633E+02
    0.206383790269759260E+02    0.136772735225977238E+01    0.621374163238419008E+01    0.487836332234391034E+09    0.109675443500187527E+03   -0.548377217500937633E+02
    0.415567427023349580E+02    0.136070625075037444E+01    0.410693479488741353E+01    0.111709779613956380E+10    0.109668576097880262E+03   -0.548342880489401310E+02
    0.331713336845750906E+01    0.136013656532133531E+01    0.394719438055736163E+02    0.132385291693482542E+10    0.109656662605843309E+03   -0.548283313029216544E+02
    0.224517449458596161E+02    0.136216851433106201E+01    0.634601729805000492E+01    0.409978439332149148E+09    0.109651777198082783E+03   -0.548258885990413916E+02
    0.208863682895479421E+02    0.136363253132600493E+01    0.105085671869856991E+02    0.160421757011859298E+09    0.109601766630603578E+03   -0.548008833153017889E+02
    0.442900366183932004E+01    0.137522527743702905E+01    0.801285633285634269E+01    0.119934007286357856E+10    0.109595928649724371E+03   -0.547979643248621855E+02
    0.461797677010596246E+02    0.136605398756215668E+01    0.146594527458703752E+02    0.509841918595487237E+09    0.109568323934066001E+03   -0.547841619670330005E+02
    0.376251239493119698E+02    0.136978430701060017E+01    0.140108959403580453E+02    0.613109089868161678E+09    0.109559747886407280E+03   -0.547798739432036399E+02
    0.376251239493119698E+02    0.136978430701060017E+01    0.140108959403580453E+02    0.613109089868161678E+09    0.109559747886407280E+03   -0.547798739432036399E+02
    0.441636132689072198E+02    0.135816894128948573E+01    0.481861074112924115E+01    0.722000435904553771E+09    0.109513633026067311E+03   -0.547568165130336553E+02
    0.185878717303179535E+02    0.137846821391455632E+01    0.535792947193641655E+01    0.947081230965477347E+09    0.109507069927885127E+03   -0.547535349639425633E+02
    0.375606905918330654E+02    0.136353159260086487E+01    0.166097336388376604E+02    0.387283705910716653E+09    0.109499805098631612E+03   -0.547499025493158058E+02
    0.375606905918330654E+02    0.136353159260086487E+01    0.166097336388376604E+02    0.387283705910716653E+09    0.109499805098631612E+03   -0.547499025493158058E+02
    0.345276954462154961E+02    0.135507073872458772E+01    0.347058625907472020E+02    0.894019302173851609E+09    0.109448827364617244E+03   -0.547244136823086222E+02
    0.345276954462154961E+02    0.135507073872458772E+01    0.347058625907472020E+02    0.894019302173851609E+09    0.109448827364617244E+03   -0.547244136823086222E+02
    0.408347039038616728E+02    0.136732591644119550E+01    0.532587981135808608E+01    0.699738582211163640E+09    0.109389187953254662E+03   -0.546945939766273312E+02
    0.476071758423139570E+02    0.136308713067376885E+01    0.184837615926253278E+02    0.134757217335951138E+10    0.109378900304659069E+03   -0.546894501523295347E+02
    0.590570802402527217E+01    0.136642272703969403E+01    0.153409918680269253E+01    0.595380742014370680E+09    0.109367012661823395E+03   -0.546835063309116975E+02
    0.345425854838834567E+02    0.135876808058622300E+01    0.339782212125880747E+02    0.112303618947670007E+10    0.109363036686872448E+03   -0.546815183434362240E+02
    0.543436879682395180E+01    0.137635518648666566E+01    0.116475158310049114E+02    0.107853176244738984E+10    0.109330603353862500E+03   -0.546653016769312501E+02
    0.351142170971736363E+02    0.136209109411025087E+01    0.347362522969009575E+02    0.575274401625256062E+09    0.109302826242556350E+03   -0.546514131212781749E+02
    0.484728993118716589E+00    0.136016819886364493E+01    0.270967329939345412E+02    0.423700804141195714E+09    0.109288695698930269E+03   -0.546443478494651345E+02
    0.484728993118716589E+00    0.136016819886364493E+01    0.270967329939345412E+02    0.423700804141195714E+09    0.109288695698930269E+03   -0.546443478494651345E+02
    0.467172511974503593E+02    0.135923101653479050E+01    0.355311884266734310E+02    0.981730353819509864E+09    0.109275563320203645E+03   -0.546377816601018225E+02
    0.855577802083133321E+01    0.135258136063053169E+01    0.201658983062804289E+02    0.129892901088468790E+10    0.109262368284010989E+03   -0.546311841420054947E+02
    0.472363968340410310E+02    0.136227274627903738E+01    0.219526329810262482E+02    0.117653166366183686E+10    0.109226769731794548E+03   -0.546133848658972738E+02
    0.430673408778552727E+02    0.135913151271196386E+01    0.181267914246608726E+02    0.133462999161353564E+10    0.109199231026052104E+03   -0.545996155130260519E+02
    0.430673408778552727E+02    0.135913151271196386E+01    0.181267914246608726E+02    0.133462999161353564E+10    0.109199231026052104E+03   -0.545996155130260519E+02
    0.332436385534494647E+02    0.136392981095741694E+01    0.384510986062410041E+02    0.732258455124932766E+09    0.109143086656525725E+03   -0.545715433282628624E+02
    0.203813572990342067E+02    0.135987519768602838E+01    0.373524601727063228E+02    0.112422592065362263E+10    0.109110996651399745E+03   -0.545554983256998725E+02
    0.203813572990342067E+02    0.135987519768602838E+01    0.373524601727063228E+02    0.112422592065362263E+10    0.109110996651399745E+03   -0.545554983256998725E+02
    0.212302741601270313E+02    0.135775122466413012E+01    0.154222260798623161E+02    0.456615002589478910E+09    0.109094254845552399E+03   -0.545471274227761995E+02
    0.622176072006636982E+01    0.135702039851601808E+01    0.453960323528464471E+01    0.138398351304479885E+10    0.109087052327550069E+03   -0.545435261637750344E+02
    0.622176072006636982E+01    0.135702039851601808E+01    0.453960323528464471E+01    0.138398351304479885E+10    0.109087052327550069E+03   -0.545435261637750344E+02
    0.350927639078769005E+02    0.136269987194296460E+01    0.348291403928115884E+02    0.110046494376015186E+10    0.109080913725312485E+03   -0.545404568626562423E+02
    0.382643598866808929E+02    0.136030007288160348E+01    0.166836195664077067E+02    0.449514662363807082E+09    0.109062974234649175E+03   -0.545314871173245876E+02
    0.230180535797700863E+02    0.136201191618911532E+01    0.264547066718099622E+02    0.161499447104272914E+10    0.109059601586805584E+03   -0.545298007934027922E+02
    0.348413699370610246E+02    0.136190891045030726E+01    0.268731747300559487E+01    0.685170520276014924E+09    0.109023656263268805E+03   -0.545118281316344024E+02
    0.127637011145655528E+02    0.136562074643634479E+01    0.187674380347771375E+01    0.132291397200839758E+10    0.108994698215378378E+03   -0.544973491076891889E+02
    0.277133741305625634E+02    0.137097786669421451E+01    0.713508798315015103E+01    0.736605826863742232E+09    0.108986068432316387E+03   -0.544930342161581933E+02
    0.556137342803881296E+02    0.135813553379655261E+01    0.152209932537781363E+02    0.848637833566176176E+09    0.108957647613312588E+03   -0.544788238066562940E+02
    0.399091772462937726E+02    0.136298409666930920E+01    0.126807649823043400E+01    0.915778992653556824E+09    0.108949350247031163E+03   -0.544746751235155813E+02
    0.399091772462937726E+02    0.136298409666930920E+01    0.126807649823043400E+01    0.915778992653556824E+09    0.108949350247031163E+03   -0.544746751235155813E+02
    0.233007394086956836E+02    0.136188399790370007E+01    0.294647793278696319E+02    0.470720544934777141E+09    0.108935421669899512E+03   -0.544677108349497558E+02
    0.107231680859230156E+02    0.135612503281569996E+01    0.977739359223981097E+01    0.627580195794578195E+09    0.108928921738569386E+03   -0.544644608692846930E+02
    0.369373996550232988E+02    0.137028760774172120E+01    0.219431620067977313E+02    0.848866479176927686E+09    0.108923001858424470E+03   -0.544615009292122352E+02
    0.325980329051649633E+02    0.135773160482748523E+01    0.976079889074578055E+01    0.609489596525096178E+09    0.108920268396098692E+03   -0.544601341980493459E+02
    0.369515432641149744E+02    0.136493996250634408E+01    0.205478465702738440E+02    0.139825176295851302E+10    0.108887676288519685E+03   -0.544438381442598427E+02
    0.369515432641149744E+02    0.136493996250634408E+01    0.205478465702738440E+02    0.139825176295851302E+10    0.108887676288519685E+03   -0.544438381442598427E+02
    0.165791996969054196E+02    0.136031142102299141E+01    0.340789158925621365E+02    0.136244434493424034E+10    0.108887168804558570E+03   -0.544435844022792850E+02
    0.264092378599272166E+02    0.136587946288696704E+01    0.326198888054929625E+02    0.110817579862077212E+10    0.108875534185880042E+03   -0.544377670929400210E+02
    0.396578415888945912E+02    0.135627922267726242E+01    0.713904509508488783E+01    0.844818766003961325E+09    0.108858844324029207E+03   -0.544294221620146033E+02
    0.349368973217283108E+01    0.136826620922929520E+01    0.348285603569538722E+02    0.990178207290573239E+09    0.108852697772955423E+03   -0.544263488864777116E+02
    0.372316074296566981E+02    0.136229667289585921E+01    0.261750963856672776E+02    0.136629817264795661E+10    0.108851459550202378E+03   -0.544257297751011890E+02
    0.286124915329471960E+02    0.136738667119170687E+01    0.112818326442626926E+02    0.536349019114822567E+09    0.108844485114301591E+03   -0.544222425571507955E+02
    0.340188451656732198E+02    0.135432806894696989E+01    0.182269250951508468E+02    0.764184821857675910E+09    0.108827757021345263E+03   -0.544138785106726317E+02
    0.126311770059633037E+02    0.136781564477931505E+01    0.290026611895401238E+02    0.121097965356542063E+10    0.108807615331050613E+03   -0.544038076655253064E+02
    0.173023708585989766E+02    0.136790705601669393E+01    0.277880155449088129E+02    0.128608411642582917E+10    0.108791157678221367E+03   -0.543955788391106836E+02
    0.161747828629506643E+02    0.136572792949859734E+01    0.271608178170576586E+02    0.150621532852004099E+10    0.108788205213145744E+03   -0.543941026065728721E+02
    0.386902778327002679E+02    0.136752612079588576E+01    0.207483990451173810E+02    0.623484576860557556E+09    0.108773622600792464E+03   -0.543868113003962321E+02
    0.596898450262776148E+01    0.136256886776427977E+01    0.104648372599862913E+02    0.167641435294923329E+10    0.108767909054238345E+03   -0.543839545271191724E+02
    0.287043577583552718E+02    0.136841114438568900E+01    0.131253255840056475E+02    0.570729619203596830E+09    0.108758084452437089E+03   -0.543790422262185444E+02
    0.133046845564820657E+02    0.135601634142878735E+01    0.237785029152881897E+02    0.138673416520764613E+10    0.108757399048700123E+03   -0.543786995243500613E+02
    0.488285410010791097E+02    0.135686758274353036E+01    0.148163981118418864E+02    0.814819989276728630E+09    0.108754297122465942E+03   -0.543771485612329712E+02
    0.253564965008061716E+01    0.135757331259958658E+01    0.397371888098431469E+02    0.901789543183465958E+09    0.108726303355492391E+03   -0.543631516777461954E+02
    0.193048499043233477E+02    0.137046824755358498E+01    0.158161139004797713E+01    0.875210832910989046E+09    0.108719153186236383E+03   -0.543595765931181916E+02
    0.218217647964477912E+02    0.135743975780611703E+01    0.302830102415772302E+02    0.116649648732575893E+10    0.108703205124620453E+03   -0.543516025623102266E+02
    0.128531150388046260E+02    0.136590855482659501E+01    0.740948807658332065E+01    0.148218822019530058E+10    0.108701368474239601E+03   -0.543506842371198005E+02
    0.420045996722037174E+02    0.136043680228588482E+01    0.285471962386993958E+02    0.598586740754503369E+09    0.108699538052612098E+03   -0.543497690263060491E+02
    0.149889541724937221E+02    0.136582776347539903E+01    0.355128046687261456E+01    0.129032906040486002E+10    0.108669250331539672E+03   -0.543346251657698360E+02
    0.683114060243409771E+01    0.137346649238938290E+01    0.505906102381639400E+01    0.106750234255578744E+10    0.108662742687560211E+03   -0.543313713437801056E+02
    0.290227879711248065E+02    0.135761704089368029E+01    0.250082778549687248E+02    0.569758224034228325E+09    0.108633593994669212E+03   -0.543167969973346061E+02
    0.273404902283066384E+02    0.136749740854613622E+01    0.243220523914566371E+02    0.584197429289372683E+09    0.108616470000854463E+03   -0.543082350004272314E+02
    0.380311264661411386E+02    0.135838151367013360E+01    0.473001937684679863E+01    0.100833347862464285E+10    0.108611507246492693E+03   -0.543057536232463463E+02
    0.258572912719240939E+02    0.136458442970487348E+01    0.247590043339301396E+02    0.478444651611789227E+09    0.108609510171909449E+03   -0.543047550859547243E+02
    0.472819445082299055E+02    0.136251507575087993E+01    0.283025034154205990E+02    0.661800447139472008E+09    0.108604308288474371E+03   -0.543021541442371856E+02
    0.210493842496932047E+02    0.135231123569302136E+01    0.137614817104554135E+02    0.937795636448869467E+09    0.108587229772301839E+03   -0.542936148861509196E+02
    0.210493842496932047E+02    0.135231123569302136E+01    0.137614817104554135E+02    0.937795636448869467E+09    0.108587229772301839E+03   -0.542936148861509196E+02
    0.357574913176137557E+02    0.136321965396443878E+01    0.243125356191030484E+02    0.133905660600661516E+10    0.108538228089605354E+03   -0.542691140448026772E+02
    0.162073226699011599E+02    0.136302129117774307E+01    0.115905104641522829E+02    0.438816756534812450E+09    0.108522248823264505E+03   -0.542611244116322524E+02
    0.162073226699011599E+02    0.136302129117774307E+01    0.115905104641522829E+02    0.438816756534812450E+09    0.108522248823264505E+03   -0.542611244116322524E+02
    0.335603968865571858E+02    0.136132277350748110E+01    0.102394944084998674E+02    0.131125144257432675E+10    0.108516313713799207E+03   -0.542581568568996033E+02
    0.105969139492038655E+01    0.135849743173740722E+01    0.376471033530256989E+02    0.751025350669243574E+09    0.108512011201520238E+03   -0.542560056007601190E+02
    0.415341210879784555E+02    0.136168319467507648E+01    0.230783587205862410E+02    0.538705663861252785E+09    0.108495873586564130E+03   -0.542479367932820651E+02
    0.196411675405080022E+01    0.137171743264294066E+01    0.224943168055524119E+02    0.814154208554399490E+09    0.108479033598863026E+03   -0.542395167994315130E+02
    0.209684979655801378E+02    0.136622218595939637E+01    0.725601480136484511E+01    0.131907485960028291E+10    0.108469695467125263E+03   -0.542348477335626313E+02
    0.256160265776783413E+01    0.135791697603860362E+01    0.194843863750059683E+02    0.523226791149234891E+09    0.108465367017215499E+03   -0.542326835086077494E+02
    0.147968284482096479E+00    0.135217534112123361E+01    0.144790019537020775E+02    0.987859219723412871E+09    0.108461813742669719E+03   -0.542309068713348594E+02
    0.732238194217979732E+01    0.137188836770881561E+01    0.207401833424842188E+02    0.104795434252023387E+10    0.108452039096047542E+03   -0.542260195480237712E+02
    0.176912978197073372E+02    0.136269747189309576E+01    0.139063978599786253E+02    0.429034659420517504E+09    0.108439046258138944E+03   -0.542195231290694721E+02
    0.296105621277985120E+00    0.136030394252372178E+01    0.400793409463699248E+02    0.852738985432706356E+09    0.108410607638041824E+03   -0.542053038190209122E+02
    0.296105621277985120E+00    0.136030394252372178E+01    0.400793409463699248E+02    0.852738985432706356E+09    0.108410607638041824E+03   -0.542053038190209122E+02
    0.370688107689486657E+02    0.136261260719358646E+01    0.207676506472655120E+02    0.132468650958534074E+10    0.108399093131134720E+03   -0.541995465655673598E+02
    0.478659375495338111E+02    0.135934918085316570E+01    0.144198808509285321E+02    0.103210407780484235E+10    0.108385467243737907E+03   -0.541927336218689533E+02
    0.514948056239424332E+02    0.135879129422404898E+01    0.188672649938504122E+02    0.789455349151233912E+09    0.108378490507365612E+03   -0.541892452536828060E+02
    0.161109470868401168E+02    0.135835086540210281E+01    0.144506589080107517E+02    0.524300665801257610E+09    0.108355651578907185E+03   -0.541778257894535926E+02
    0.386356565602669235E+02    0.136555475318293507E+01    0.553363383138481524E+01    0.803360497711638331E+09    0.108354144273402284E+03   -0.541770721367011419E+02
    0.174181240132021209E+02    0.136805468781521822E+01    0.237324874149082419E+02    0.113058215648059034E+10    0.108351848970048849E+03   -0.541759244850244244E+02
    0.213692309322896357E+01    0.136508014586182069E+01    0.118190779687058747E+02    0.155440440637432265E+10    0.108349464651311621E+03   -0.541747323256558104E+02
    0.412356178484287117E+01    0.136555568515520531E+01    0.258543006589568094E+02    0.520651601868794858E+09    0.108345812680613292E+03   -0.541729063403066462E+02
    0.777973562225253601E+00    0.136978703813245151E+01    0.100855563604260645E+02    0.661561155233092308E+09    0.108341594161681371E+03   -0.541707970808406856E+02
    0.130246801477290290E+02    0.136456610800684253E+01    0.884940292707989462E+00    0.758338509932650208E+09    0.108341397090052737E+03   -0.541706985450263687E+02
    0.273682636189232333E+02    0.136200223551796529E+01    0.348306335383841841E+02    0.671900185366594911E+09    0.108328085855364947E+03   -0.541640429276824733E+02
    0.347418638417723358E+02    0.135533505747928329E+01    0.130782965289021398E+02    0.849434328158727765E+09    0.108306726284013763E+03   -0.541533631420068815E+02
    0.100367022786460893E+02    0.136237370667816649E+01    0.193689553045746798E+02    0.160945645636714602E+10    0.108299797741811943E+03   -0.541498988709059716E+02
    0.420195474427370073E+02    0.135859186254063125E+01    0.285785989421300073E+02    0.102425955796197128E+10    0.108292504110025561E+03   -0.541462520550127806E+02
    0.407494213657859632E+02    0.136318327976258225E+01    0.310349506677419171E+02    0.103544832678439546E+10    0.108279010801947209E+03   -0.541395054009736043E+02
    0.327502552563594023E+02    0.136563271942583153E+01    0.300214948754597870E+02    0.683565971150446653E+09    0.108264041167299126E+03   -0.541320205836495632E+02
    0.138147801667178722E+02    0.136689421578867387E+01    0.319942899083413828E+02    0.709194060465964198E+09    0.108255983169945011E+03   -0.541279915849725057E+02
    0.174605874767998657E+02    0.136467259303156219E+01    0.144794916464388663E+02    0.463924275897753239E+09    0.108251595390028399E+03   -0.541257976950141995E+02
    0.246139255285149794E+02    0.135501467991891467E+01    0.278962830057509379E+02    0.859316935749116778E+09    0.108229352813265564E+03   -0.541146764066327819E+02
    0.262024560472535306E+02    0.136734438041029827E+01    0.765244802283846060E+01    0.690865220704747319E+09    0.108208549124536773E+03   -0.541042745622683867E+02
    0.334875601695094716E+02    0.136128201487914890E+01    0.201024864873464324E+02    0.506888815319498897E+09    0.108199693774385537E+03   -0.540998468871927685E+02
    0.194286343430695574E+02    0.137091464717887113E+01    0.206697358921196717E+02    0.816153299135558486E+09    0.108189805633259795E+03   -0.540949028166298973E+02
    0.404828150316589586E+02    0.136070338229938947E+01    0.114852792160092338E+02    0.664575523758558631E+09    0.108183181516093924E+03   -0.540915907580469622E+02
    0.414818155904075248E+01    0.136446039091457494E+01    0.370879910242473088E+02    0.101487041416695523E+10    0.108129958500624554E+03   -0.540649792503122768E+02
    0.182809697247183145E+02    0.136221322592241623E+01    0.284287114793908842E+02    0.532868943488813281E+09    0.108086759953640097E+03   -0.540433799768200487E+02
    0.305927366877278786E+02    0.136432939220429028E+01    0.136857774128926550E+02    0.122208945647281456E+10    0.108086297198389971E+03   -0.540431485991949856E+02
    0.438684713331099552E+01    0.135780284670575635E+01    0.197319786650284641E+02    0.577851492650479674E+09    0.108069247801559598E+03   -0.540346239007797990E+02
    0.124702631644537654E+02    0.136857814217949070E+01    0.105226076001537034E+02    0.112149654689178967E+10    0.108062045347391120E+03   -0.540310226736955599E+02
    0.215774577970609549E+02    0.135916506613177335E+01    0.186693655508422722E+02    0.138248051441583467E+10    0.108048620029552893E+03   -0.540243100147764466E+02
    0.219285563571797226E+02    0.136285080487433352E+01    0.170165917164087546E+02    0.466456709080055654E+09    0.108046689746764059E+03   -0.540233448733820296E+02
    0.530273904089096426E+01    0.135898146946221776E+01    0.117184223513447936E+02    0.572689021052742958E+09    0.108046313491453361E+03   -0.540231567457266806E+02
    0.968394375053727074E+01    0.136494440630485836E+01    0.684682697378282956E+01    0.115177433814362669E+10    0.108039186017524941E+03   -0.540195930087624703E+02
    0.291609785849458980E+02    0.136026875130645553E+01    0.238086039725082550E+02    0.116346402956299734E+10    0.108034573077477958E+03   -0.540172865387389791E+02
    0.303420590487846127E+02    0.136431039852034908E+01    0.223889559916161893E+02    0.125024933039879465E+10    0.108012562086130686E+03   -0.540062810430653428E+02
    0.454809430764222924E+02    0.136364221848747436E+01    0.281203197160456213E+02    0.971147304523585558E+09    0.108011658469067569E+03   -0.540058292345337847E+02
    0.749973219204722419E+01    0.135650839244308008E+01    0.181232003285490428E+02    0.113831836222686267E+10    0.108009128902491369E+03   -0.540045644512456846E+02
    0.641105140901949699E+01    0.135843847095321002E+01    0.283580306783903993E+02    0.628404946553502083E+09    0.108007683382844490E+03   -0.540038416914222452E+02
    0.555307803700273794E+01    0.136262936603769891E+01    0.189283594952209313E+02    0.155130417963339162E+10    0.107986592559332166E+03   -0.539932962796660831E+02
    0.121059696738235445E+02    0.136277240880996642E+01    0.254190411282941469E+02    0.144847110723427773E+10    0.107957616482216508E+03   -0.539788082411082542E+02
    0.293717861293683775E+02    0.136374436658087461E+01    0.207222581567894650E+02    0.519072001025805771E+09    0.107950517318856271E+03   -0.539752586594281354E+02
    0.234264586788124589E+02    0.136953635736038182E+01    0.175987631218997684E+02    0.732428935308688283E+09    0.107949547491273705E+03   -0.539747737456368526E+02
    0.485269476726692730E+02    0.136177614126606761E+01    0.119813753980842019E+02    0.843116576731555223E+09    0.107943306548325495E+03   -0.539716532741627475E+02
    0.169457517095306542E+01    0.135965011184797158E+01    0.664725814169063867E+01    0.684922223324529409E+09    0.107926805812221147E+03   -0.539634029061105736E+02
    0.340745874886232514E+02    0.135945605342323383E+01    0.337934505058945547E+02    0.821421393781058669E+09    0.107920443138891770E+03   -0.539602215694458849E+02
    0.217674005760538947E+01    0.136064865325527062E+01    0.302303188963344418E+02    0.606456758392511129E+09    0.107917241712370171E+03   -0.539586208561850853E+02
    0.202220357694206498E+02    0.136448406803836453E+01    0.160821027949668292E+02    0.498497673803808391E+09    0.107915310253055424E+03   -0.539576551265277118E+02
    0.588998660123117368E+01    0.136860532576198124E+01    0.559842333734140141E+01    0.755410920048829317E+09    0.107909462746293002E+03   -0.539547313731465010E+02
    0.161849618905604373E+02    0.137133307213514266E+01    0.165336511517348228E+02    0.874154967651423335E+09    0.107883326657546078E+03   -0.539416633287730392E+02
    0.202982611435294622E+02    0.136175070241169038E+01    0.337008964701156017E+02    0.678909591777656794E+09    0.107868850993613364E+03   -0.539344254968066821E+02
    0.577573923780384124E+01    0.136681664167165051E+01    0.467645222517351389E+01    0.108224603437041903E+10    0.107866084461198341E+03   -0.539330422305991704E+02
    0.633425618538586122E+01    0.135736220749133341E+01    0.444199045289064021E+01    0.847428144789169073E+09    0.107843394334166561E+03   -0.539216971670832805E+02
    0.168407092409043102E+02    0.136606019028601922E+01    0.245553776804565294E+01    0.882549920777194977E+09    0.107817036273610057E+03   -0.539085181368050286E+02
    0.872608443319778715E+01    0.136455619397074779E+01    0.124406176879849806E+02    0.524525859228226781E+09    0.107811998918598704E+03   -0.539059994592993519E+02
    0.247268096686138605E+02    0.136503821752836396E+01    0.715817719136426778E+01    0.691960196059627414E+09    0.107799620636119585E+03   -0.538998103180597923E+02
    0.164609805618440674E+02    0.136263492177010126E+01    0.140487987506633960E+02    0.502051457907493770E+09    0.107780109645526693E+03   -0.538900548227633465E+02
    0.249230488947494884E+02    0.135952014485842754E+01    0.112424363380515988E+02    0.111324771752709675E+10    0.107773432249141308E+03   -0.538867161245706541E+02
    0.130522303992382565E+02    0.136809310321910838E+01    0.272313661580498696E+02    0.105221492682829535E+10    0.107769162628026550E+03   -0.538845813140132748E+02
    0.200605738284689608E+02    0.136634918277039885E+01    0.187188374730479836E+02    0.126398802971956635E+10    0.107730788177575548E+03   -0.538653940887877738E+02
    0.262805158068507616E+02    0.136000833815775635E+01    0.293125798637570476E+02    0.109010079268539834E+10    0.107730707468842553E+03   -0.538653537344212765E+02
    0.536754720692290199E+01    0.137122269422516707E+01    0.812539454332518396E+01    0.887325081786751270E+09    0.107729364279319924E+03   -0.538646821396599620E+02
    0.439832335640083159E+02    0.136588337345030642E+01    0.218479688783758519E+02    0.844518219810128331E+09    0.107713847515384430E+03   -0.538569237576922148E+02
    0.170599447478709756E+02    0.136650063644735287E+01    0.194616555279278138E+02    0.121180865666672325E+10    0.107709606521248503E+03   -0.538548032606242515E+02
    0.261326019694132015E+02    0.136853771331276186E+01    0.839743782653281734E+01    0.991388340095560670E+09    0.107707993252536482E+03   -0.538539966262682412E+02
    0.451312068548501770E+02    0.135893639430241442E+01    0.203377544245459916E+02    0.855279372951605797E+09    0.107699179377634493E+03   -0.538495896888172467E+02
    0.136935205473917012E+02    0.136494778219709745E+01    0.352198057074179403E+02    0.867136382248720407E+09    0.107687805595307822E+03   -0.538439027976539109E+02
    0.533329649925466054E+01    0.136020473496905359E+01    0.761800291036893995E+01    0.112324840004166269E+10    0.107683856942939855E+03   -0.538419284714699273E+02
    0.539016641533258323E+01    0.136257266316826620E+01    0.343676675824219870E+02    0.716707114579192996E+09    0.107647696869920580E+03   -0.538238484349602899E+02
    0.335022239335773762E+02    0.136598279306357862E+01    0.288458487693672616E+02    0.934364176123468995E+09    0.107647121402138168E+03   -0.538235607010690842E+02
    0.395384066398689882E+02    0.136298408818913752E+01    0.307159254598347857E+02    0.846145903795444131E+09    0.107636114864042398E+03   -0.538180574320211988E+02
    0.492778157526045302E+01    0.136603308239062793E+01    0.146385261191953280E+02    0.136747711430070448E+10    0.107630534550181977E+03   -0.538152672750909886E+02
    0.117157952785886241E+02    0.136832131407045421E+01    0.439394915533641317E+01    0.978810585902235270E+09    0.107625825880839841E+03   -0.538129129404199205E+02
    0.311252954329150278E+02    0.136520206505852104E+01    0.310446237646648591E+02    0.844373594481154919E+09    0.107576782066904940E+03   -0.537883910334524700E+02
    0.179655895220139072E+02    0.135820121143988204E+01    0.164058158856449765E+02    0.655274131950876713E+09    0.107568165552665803E+03   -0.537840827763329017E+02
    0.219600935193330429E+02    0.135696576281279579E+01    0.139264557472907029E+02    0.107103151739191842E+10    0.107555028408805995E+03   -0.537775142044029977E+02
    0.278802544524878182E+00    0.136069743487550565E+01    0.361403547478602150E+02    0.873948630330178142E+09    0.107554761938412540E+03   -0.537773809692062699E+02
    0.228002822417327096E+02    0.136402750602302492E+01    0.148599501742099402E+02    0.552650817229507208E+09    0.107554672465648636E+03   -0.537773362328243181E+02
    0.151220888736464332E+02    0.135495987752564617E+01    0.204599158922196480E+02    0.100036193156674588E+10    0.107554399085379544E+03   -0.537771995426897718E+02
    0.167458795239293288E+02    0.135939236318604140E+01    0.128713822722855529E+02    0.642807782697572947E+09    0.107524612250624074E+03   -0.537623061253120369E+02
    0.179055972920327058E+02    0.136711991112036824E+01    0.501450614616887602E+01    0.896435696283944130E+09    0.107521614473096179E+03   -0.537608072365480893E+02
    0.247795716923115350E+02    0.135919806451535918E+01    0.563172856963639479E+01    0.970400417634068489E+09    0.107515209728294010E+03   -0.537576048641470052E+02
    0.231638826438084031E+02    0.136358228873454612E+01    0.173182060461945291E+02    0.129581833302835298E+10    0.107509056491803335E+03   -0.537545282459016676E+02
    0.356407081779238055E+02    0.135793106936545938E+01    0.204308325758703191E+02    0.101447880745380986E+10    0.107482323683736411E+03   -0.537411618418682053E+02
    0.332599994099872598E+01    0.135890038533909507E+01    0.156805435187993556E+02    0.122302770715243268E+10    0.107477256105294728E+03   -0.537386280526473641E+02
    0.307454307311191286E+02    0.136774934083117738E+01    0.181819713037551445E+02    0.770515725661976218E+09    0.107466504593380108E+03   -0.537332522966900541E+02
    0.136943825665845309E+01    0.135610134702374197E+01    0.226660219412774673E+02    0.795360624930092454E+09    0.107459089221981543E+03   -0.537295446109907715E+02
    0.255571369420645240E+02    0.136270283284524862E+01    0.270686047638911589E+02    0.628793766612506270E+09    0.107452561442809298E+03   -0.537262807214046489E+02
    0.209513448197602425E+01    0.137011226083319992E+01    0.170673387674213402E+02    0.104242552684003472E+10    0.107431070046587905E+03   -0.537155350232939526E+02
    0.301534847044167087E+02    0.136022540428328331E+01    0.778717320257510082E+01    0.794195814664011240E+09    0.107426647998797733E+03   -0.537133239993988667E+02
    0.153259035818980252E+02    0.136661603196420844E+01    0.949944864687940260E+01    0.701622450271934509E+09    0.107415125246275736E+03   -0.537075626231378678E+02
    0.346509615962890152E+02    0.135961941085054527E+01    0.996500609749532096E+01    0.826637689607427239E+09    0.107409198690971110E+03   -0.537045993454855548E+02
    0.414786157621550977E+01    0.135908294540317076E+01    0.189905674520892092E+02    0.122178889624849200E+10    0.107404894496964616E+03   -0.537024472484823079E+02
    0.258492321738653565E+02    0.136246261944340885E+01    0.319573293436950472E+02    0.732086360358239174E+09    0.107401473727045840E+03   -0.537007368635229199E+02
    0.120627185996929889E+02    0.135847451323743673E+01    0.514812283465495568E+01    0.991592469271427989E+09    0.107398170949705616E+03   -0.536990854748528079E+02
    0.220211799473049865E+02    0.136911225759870536E+01    0.201036362597537348E+02    0.899977841395593524E+09    0.107369558811861197E+03   -0.536847794059305983E+02
    0.260732371062017343E+02    0.136362259509564532E+01    0.196534121147844409E+02    0.673560094507925510E+09    0.106851761620633326E+03   -0.534258808103166629E+02
    0.228054922642430959E+02    0.136196335237201716E+01    0.136357935178583247E+02    0.716915557838635206E+09    0.106685299449477412E+03   -0.533426497247387061E+02
    0.107789281961581764E+02    0.136953456129045414E+01    0.171187701440026636E+02    0.832563831878830075E+09    0.107169959223071942E+03   -0.535849796115359709E+02
    0.187665860403967031E+02    0.136568960358162350E+01    0.230361538011972087E+02    0.110765462643574858E+10    0.107347972119549382E+03   -0.536739860597746912E+02
    0.336680719644650068E+02    0.136049103006559657E+01    0.113833711802019089E+02    0.970750336038626552E+09    0.107063619588109049E+03   -0.535318097940545243E+02
    0.206949467285758750E+02    0.135918960222017704E+01    0.186327622225997480E+02    0.805719468233456373E+09    0.106421772924032155E+03   -0.532108864620160773E+02
    0.127333812156628774E+02    0.136215106678496589E+01    0.267064475771444592E+02    0.971077215649054050E+09    0.106157472026056780E+03   -0.530787360130283901E+02
    0.211366298966420345E+02    0.135888153575981518E+01    0.180944215109994424E+02    0.101992979880449069E+10    0.106599953379031234E+03   -0.532999766895156171E+02
    0.187979542156541584E+02    0.136134017012870467E+01    0.270743802934936504E+02    0.703117835106170297E+09    0.106822482655522634E+03   -0.534112413277613172E+02
    0.181934015670826383E+02    0.136311019600741212E+01    0.247165115924801171E+02    0.776806179677884459E+09    0.106215844697977587E+03   -0.531079223489887937E+02
    0.352056996214965734E+01    0.136234066046989200E+01    0.325617904084686032E+02    0.978163553185199857E+09    0.106905604181110988E+03   -0.534528020905554939E+02
    0.219648001247243201E+02    0.135949786512969650E+01    0.222767399523116794E+02    0.915141600098466754E+09    0.106341867905711240E+03   -0.531709339528556200E+02
    0.228357399406332675E+02    0.136047591721366690E+01    0.269199970778604971E+02    0.828753470140252829E+09    0.106475139987897080E+03   -0.532375699939485401E+02
    0.143701068095853763E+02    0.136249632468260251E+01    0.297447461928912098E+02    0.718976959200324893E+09    0.106906566296490183E+03   -0.534532831482450916E+02
    0.131530650465118519E+02    0.136599468739656582E+01    0.130545383010493428E+02    0.100559453830861950E+10    0.106366909688050100E+03   -0.531834548440250501E+02
    0.272032724366489376E+02    0.136422546902910424E+01    0.161903522772139752E+02    0.106137510967183721E+10    0.106871433024869560E+03   -0.534357165124347802E+02
    0.224239538574107868E+02    0.136153002232133802E+01    0.296499271244715494E+02    0.106440469293915689E+10    0.107228950283148919E+03   -0.536144751415744594E+02
    0.219573314360348633E+02    0.136274137951337604E+01    0.214117545925845363E+02    0.646435442967398286E+09    0.106890155387364842E+03   -0.534450776936824212E+02
    0.222619986116267299E+02    0.135911395353835318E+01    0.160774440481655638E+02    0.100583602239665580E+10    0.106574413673891186E+03   -0.532872068369455931E+02
    0.799109541401086876E+01    0.136473119271610632E+01    0.105570671217642573E+02    0.107072893528574622E+10    0.106761161693713319E+03   -0.533805808468566596E+02
    0.104305375573397825E+02    0.136223464928299265E+01    0.191309460104669604E+02    0.106583523463255191E+10    0.106245428007248108E+03   -0.531227140036240542E+02
    0.315087435836259502E+02    0.136584386367210064E+01    0.219557723360644701E+02    0.877909056210492849E+09    0.106829940299371913E+03   -0.534149701496859564E+02
    0.116426011376695087E+02    0.135793582835468829E+01    0.127129209323237422E+02    0.921491682729954958E+09    0.106666281583653785E+03   -0.533331407918268923E+02
    0.230760991639898769E+02    0.135928644317389247E+01    0.835767067115479811E+01    0.838922629691353440E+09    0.107119879569173946E+03   -0.535599397845869731E+02
    0.131122093409248142E+01    0.136133022055741293E+01    0.264175487849766242E+02    0.718926473208584428E+09    0.106674593570745429E+03   -0.533372967853727147E+02
    0.586616871432978737E+01    0.136321340361715237E+01    0.148333635200844185E+02    0.109602271225285316E+10    0.106589062295078165E+03   -0.532945311475390824E+02
    0.214561909458169664E+01    0.136352898303842807E+01    0.188336056874054627E+02    0.578371301993763208E+09    0.107137401759696388E+03   -0.535687008798481941E+02
    0.277310708904981951E+01    0.135940391933716187E+01    0.127975798321360976E+02    0.108525719996573353E+10    0.106919424847692454E+03   -0.534597124238462271E+02
    0.174419880392045847E+02    0.136415370217533805E+01    0.643286316870304020E+01    0.822078644856042624E+09    0.106987058452715019E+03   -0.534935292263575093E+02
    0.235296626486909446E+02    0.136465551769767646E+01    0.110947672544533109E+02    0.736929679656811476E+09    0.106936479960364693E+03   -0.534682399801823465E+02
    0.179008726812621042E+02    0.135834653435580588E+01    0.203453466023595517E+02    0.904508415901123285E+09    0.106451534759035724E+03   -0.532257673795178619E+02
    0.847338047222958934E+01    0.136744377863241873E+01    0.140752697880769020E+02    0.931300398438536525E+09    0.106458520162216985E+03   -0.532292600811084924E+02
    0.962358463854709800E+00    0.136431098821419061E+01    0.107033564245269943E+02    0.718111861177425742E+09    0.106851267467473320E+03   -0.534256337337366602E+02
    0.712643962698735489E+01    0.136418088213316491E+01    0.117261349815716418E+02    0.823550416811370134E+09    0.106188194379805282E+03   -0.530940971899026408E+02
    0.279937726750635534E+02    0.136085255504672853E+01    0.251299604869307842E+02    0.103309903800483096E+10    0.106830999946710847E+03   -0.534154999733554234E+02
    0.123982883873554073E+01    0.136929452792733364E+01    0.134006991651444523E+02    0.106017048663474321E+10    0.107298513573272572E+03   -0.536492567866362862E+02
    0.288706608618255025E+02    0.136021556700780111E+01    0.167015128145225304E+02    0.698985326439828515E+09    0.107061132733114505E+03   -0.535305663665572524E+02
    0.672463824598667603E+01    0.136029537200895967E+01    0.160766193842887155E+02    0.661824877261894941E+09    0.106954140205036325E+03   -0.534770701025181623E+02
    0.138802417143780410E+02    0.136190819661956919E+01    0.170680145237450489E+02    0.982671670528867364E+09    0.105865827211306225E+03   -0.529329136056531127E+02
    0.101052185114471094E+02    0.136963264808208751E+01    0.124080907147485711E+02    0.824114153826645494E+09    0.107245874456253176E+03   -0.536229372281265881E+02
    0.367278698648344601E+02    0.136408401050864203E+01    0.261398171674143072E+02    0.743834013417707920E+09    0.107332378676401859E+03   -0.536661893382009296E+02
    0.107378752233917201E+02    0.136479603027460139E+01    0.113797492679869023E+02    0.842588009277375340E+09    0.106259657759018296E+03   -0.531298288795091480E+02
    0.109427495252702958E+02    0.136363183547823774E+01    0.205531081385551104E+02    0.726395156379157782E+09    0.106230683769889495E+03   -0.531153418849447476E+02
    0.459539469570007064E+01    0.136426279100823522E+01    0.166190411377048619E+02    0.890749018569879770E+09    0.105829185444772079E+03   -0.529145927223860397E+02
    0.459539469570007064E+01    0.136426279100823522E+01    0.166190411377048619E+02    0.890749018569879770E+09    0.105829185444772079E+03   -0.529145927223860397E+02
    0.294274812432838651E+00    0.136122354181206817E+01    0.300025089095322066E+02    0.940066383744747877E+09    0.106551732275241108E+03   -0.532758661376205538E+02
    0.803808298565121859E+01    0.136207854947392693E+01    0.154182092096664789E+02    0.134201423359152532E+10    0.107292137368675498E+03   -0.536460686843377488E+02
    0.105657375873797754E+02    0.136197888161553160E+01    0.196167732166119499E+02    0.121015145133007622E+10    0.107091168452089050E+03   -0.535455842260445252E+02
    0.181699099760934288E+02    0.136159620510024304E+01    0.145479744906539974E+02    0.100499026132781625E+10    0.106138656209294496E+03   -0.530693281046472478E+02
    0.241177984597903183E+02    0.136302853115266887E+01    0.324297420307055191E+02    0.928188552378081560E+09    0.107125305308559490E+03   -0.535626526542797450E+02
    0.300459084032419419E+02    0.136285585388769004E+01    0.248034383442319672E+02    0.960311853036199450E+09    0.106543329556791718E+03   -0.532716647783958592E+02
    0.408664889342909676E+00    0.136062551868727200E+01    0.225578562583744109E+02    0.814776939280353189E+09    0.106092748969158322E+03   -0.530463744845791609E+02
    0.841661985321447936E+01    0.136605764194377000E+01    0.209945968928051094E+02    0.641406502467167497E+09    0.107195404940783888E+03   -0.535977024703919440E+02
    0.472995985518168904E+01    0.136360973652909334E+01    0.170430582011439391E+02    0.960743658854354262E+09    0.105766118522295571E+03   -0.528830592611477854E+02
    0.120967727122189803E+02    0.135776258870662003E+01    0.281804604002098280E+02    0.103898594741218448E+10    0.107194294299593508E+03   -0.535971471497967542E+02
    0.157404934587520930E+02    0.136409258608010409E+01    0.212476124695857500E+02    0.693960585939485073E+09    0.106531252072050535E+03   -0.532656260360252674E+02
    0.134639655912163803E+01    0.135799235584693934E+01    0.291892464932798745E+02    0.761172274103103638E+09    0.107368131476079782E+03   -0.536840657380398909E+02
    0.193326154113891526E+02    0.136110229885473921E+01    0.169748149798775252E+02    0.104095055005693388E+10    0.106327075639368161E+03   -0.531635378196840804E+02
    0.269782801103323555E+01    0.135987026240360831E+01    0.970624840358764729E+01    0.710108137993023038E+09    0.107271766109772699E+03   -0.536358830548863494E+02
    0.972940718947307381E+01    0.136233498516779283E+01    0.698589599981951537E+01    0.931444381223489881E+09    0.106604670923394252E+03   -0.533023354616971261E+02
    0.111369517066690644E+02    0.136387770127519570E+01    0.177995334028999679E+02    0.127425949347013259E+10    0.107117630384720087E+03   -0.535588151923600435E+02
    0.179935254462327450E+02    0.136380311306246393E+01    0.321005904985568549E+02    0.750572805499531031E+09    0.107238507959775049E+03   -0.536192539798875245E+02
    0.356513387104625465E+02    0.136151151041553953E+01    0.127456167913018472E+02    0.825875660385710239E+09    0.106931806882283723E+03   -0.534659034411418617E+02
    0.393059327529901168E+02    0.136562056868950399E+01    0.165829601339819703E+02    0.890400031020107031E+09    0.107233600972429230E+03   -0.536168004862146148E+02
    0.141730695744134181E+02    0.136094343370814785E+01    0.331959789268628924E+02    0.102431011363923562E+10    0.107240977517483543E+03   -0.536204887587417716E+02
    0.204959170259644168E+02    0.136251017621401660E+01    0.172744345695942734E+02    0.772134420427545547E+09    0.106134781677977230E+03   -0.530673908389886151E+02
    0.512104581012792259E+01    0.136172176157304414E+01    0.158126626749160053E+02    0.782088055611781716E+09    0.106046870812596893E+03   -0.530234354062984465E+02
    0.162139214566804455E+02    0.136436076176810905E+01    0.208636559498296705E+02    0.106975209090901840E+10    0.106535829788735612E+03   -0.532679148943678058E+02
    0.120193410187642851E+02    0.136681869925915733E+01    0.114566927872132425E+02    0.100385675476707661E+10    0.106614226785731390E+03   -0.533071133928656948E+02
    0.147865963307549944E+02    0.136067413900984313E+01    0.214119629020436868E+02    0.957570997465171814E+09    0.105962968872923568E+03   -0.529814844364617841E+02
    0.202346598065974277E+02    0.136379347846978782E+01    0.197561316646434335E+02    0.814494723528181791E+09    0.106003874245116990E+03   -0.530019371225584948E+02
    0.232952899037753376E+02    0.136144544230334263E+01    0.215810321831293024E+02    0.980509897426676273E+09    0.106160799633897867E+03   -0.530803998169489333E+02
    0.189484792705231229E+02    0.135958074845108023E+01    0.332120771615199288E+02    0.874119382321509600E+09    0.107225164839108544E+03   -0.536125824195542720E+02
    0.225163348137443400E+02    0.136124868329463866E+01    0.104922250160919468E+02    0.793713057610195518E+09    0.106649612823857694E+03   -0.533248064119288472E+02
    0.860949220246654434E+01    0.136253048657789355E+01    0.120726449379435543E+02    0.101483908297663379E+10    0.106133580696526707E+03   -0.530667903482633534E+02
