    0.174148840739033837E+02    0.101995738143718873E+01    0.800787690581567375E+02    0.357780176479161501E+09    0.303389398201569179E+03   -0.151694699100784590E+03
    0.344380232478392401E+02    0.102028539621789993E+01    0.843503034298886121E+02    0.222963976419177383E+09    0.303218014275916744E+03   -0.151609007137958372E+03
    0.330698169013597862E+02    0.102247649772881921E+01    0.754493236444839965E+02    0.163885549378221095E+09    0.302968218671431373E+03   -0.151484109335715686E+03
    0.394408194131135517E+02    0.102989169773757694E+01    0.943141845759197821E+02    0.293828418086535990E+09    0.302138499035427174E+03   -0.151069249517713587E+03
    0.153219811543320112E+02    0.102923811282259714E+01    0.867245519711695181E+02    0.174717135415647817E+10    0.301852969764335512E+03   -0.150926484882167756E+03
    0.230118456795563660E+02    0.102346028365523023E+01    0.945024924013421810E+02    0.852920675593779683E+08    0.301651114208663216E+03   -0.150825557104331608E+03
    0.145096518364730116E+02    0.101840051644192142E+01    0.863425115061174324E+02    0.972201038272651076E+09    0.301187072760608089E+03   -0.150593536380304045E+03
    0.988010433230219398E+01    0.102793310630847334E+01    0.979528877671033200E+02    0.118829490996337295E+09    0.300832106300846192E+03   -0.150416053150423096E+03
    0.121784162325786873E+02    0.102867885803964465E+01    0.767301395336198482E+02    0.212265771083945781E+09    0.300564352865463434E+03   -0.150282176432731717E+03
    0.974350978249919741E+01    0.101959068240637341E+01    0.937171773646544324E+02    0.160010046458987504E+09    0.300483446524927217E+03   -0.150241723262463609E+03
    0.535196129457481717E+02    0.102407063254817543E+01    0.996810386527911731E+02    0.554763218693025112E+09    0.299744968674172924E+03   -0.149872484337086462E+03
    0.173572157892640462E+02    0.102789348131317504E+01    0.794577135603577887E+02    0.230489165684520155E+09    0.299594219410159440E+03   -0.149797109705079720E+03
    0.315752216953862970E+02    0.102863910316503149E+01    0.838373386354036398E+02    0.199009519669660509E+09    0.299585199158083697E+03   -0.149792599579041848E+03
    0.111602895601470777E+02    0.102049983155476354E+01    0.921112077231137647E+02    0.123758382984502506E+10    0.299427073240528557E+03   -0.149713536620264279E+03
    0.170508622718439962E+01    0.103363958473939910E+01    0.939736771811589335E+02    0.766470609190774202E+09    0.299403424986756704E+03   -0.149701712493378352E+03
    0.119293765301364445E+02    0.102857929981280227E+01    0.837929097960162039E+02    0.128938220421125606E+09    0.299199544654316242E+03   -0.149599772327158121E+03
    0.193593817022910066E+02    0.102271383211179723E+01    0.845067422448980921E+02    0.114431491195487618E+10    0.299081688372164876E+03   -0.149540844186082438E+03
    0.270380301075228040E+02    0.102248655444761671E+01    0.806941729520405744E+02    0.154223705226294190E+09    0.299043537017319807E+03   -0.149521768508659903E+03
    0.738725305883938255E+01    0.102063977597952138E+01    0.767367097419744653E+02    0.111549908431177720E+09    0.298894297295439173E+03   -0.149447148647719587E+03
    0.703841833896721791E+01    0.102613421995517551E+01    0.774533825315795781E+02    0.755645817735107988E+08    0.298729303840562125E+03   -0.149364651920281062E+03
    0.192929103848926111E+02    0.103117732827768593E+01    0.879648848942011767E+02    0.648562410318826914E+09    0.298589066698775753E+03   -0.149294533349387876E+03
    0.447055310452823491E+02    0.102354877124424792E+01    0.915043739547696902E+02    0.678193240363682032E+09    0.298467952046439905E+03   -0.149233976023219952E+03
    0.213321219171708094E+02    0.102387598122594881E+01    0.806258182558422902E+02    0.228719466054876685E+09    0.298387272886917344E+03   -0.149193636443458672E+03
    0.313612412407908856E+02    0.102245793940991514E+01    0.853251676686569880E+02    0.169109162010557801E+09    0.298246275646679635E+03   -0.149123137823339817E+03
    0.425434677352881929E+00    0.102052923529159711E+01    0.859388476974897486E+02    0.233728672009961069E+09    0.298129247485516714E+03   -0.149064623742758357E+03
    0.107984756999964802E+02    0.102817558941977638E+01    0.850907965099578405E+02    0.287492575850443065E+09    0.298066276927133345E+03   -0.149033138463566672E+03
    0.760074975813139453E+01    0.102072956042901763E+01    0.959938043493358037E+02    0.139687469615380120E+10    0.297908114894069627E+03   -0.148954057447034813E+03
    0.117133639427493641E+01    0.103043604138323919E+01    0.899283384097097240E+02    0.204239985943929911E+09    0.297854838235731791E+03   -0.148927419117865895E+03
    0.610095194635445193E+01    0.101826774308866841E+01    0.985887606832822598E+02    0.608919656600128174E+09    0.297712033798080199E+03   -0.148856016899040100E+03
    0.370887163419543553E+01    0.102524808103278242E+01    0.784748570840588968E+02    0.219531224996619940E+09    0.297623566029742562E+03   -0.148811783014871281E+03
    0.196422998411127239E+02    0.102600889083285596E+01    0.866361492428227251E+02    0.129019584071284294E+09    0.297575334073718807E+03   -0.148787667036859403E+03
    0.146478194705841211E+02    0.103285666052345459E+01    0.993406594489770356E+02    0.801199169424384356E+09    0.297568403084140812E+03   -0.148784201542070406E+03
    0.253542283256020937E+02    0.102711255549214764E+01    0.810791841111879137E+02    0.172868814166548043E+09    0.297426812585145967E+03   -0.148713406292572984E+03
    0.428289836722823125E+02    0.102773677713049749E+01    0.978051635484048489E+02    0.406433627410004616E+09    0.297367676602352333E+03   -0.148683838301176166E+03
    0.699430068033690144E+01    0.102921920716073134E+01    0.829723202568447533E+02    0.169210216939948410E+09    0.297352961781708984E+03   -0.148676480890854492E+03
    0.355513432841069772E+02    0.102718326659061132E+01    0.932555141033438559E+02    0.195771844855987072E+09    0.297342758069201068E+03   -0.148671379034600534E+03
    0.346721086892569907E+01    0.102227673367785910E+01    0.819364218614191202E+02    0.229729319257106930E+09    0.297307088189442652E+03   -0.148653544094721326E+03
    0.190789041617408870E+02    0.102531747804546036E+01    0.813477198016135929E+02    0.422302092618367255E+09    0.297305763968929739E+03   -0.148652881984464869E+03
    0.105786145587883791E+02    0.102339640923550701E+01    0.758552789674106265E+02    0.118433372928531572E+09    0.297216032323718935E+03   -0.148608016161859467E+03
    0.375455665613648861E+02    0.102985521276364445E+01    0.940489542386771404E+02    0.733379188312635541E+09    0.297212541604613818E+03   -0.148606270802306909E+03
    0.112254151065010781E+02    0.102665091948980458E+01    0.785303292850888397E+02    0.975304497761195004E+08    0.297200999878114430E+03   -0.148600499939057215E+03
    0.438792116629590900E+01    0.102928412100367161E+01    0.861757735529173772E+02    0.350051328453832507E+09    0.297102115148690586E+03   -0.148551057574345293E+03
    0.109353909951317920E+02    0.102865125358492171E+01    0.932279700388573218E+02    0.156835602173505604E+09    0.297080156438916447E+03   -0.148540078219458223E+03
    0.410719250897050685E+02    0.102612136605040183E+01    0.923480959009877154E+02    0.589651812137672544E+09    0.297012716381612279E+03   -0.148506358190806139E+03
    0.102605820242572570E+02    0.103176126456562267E+01    0.904719570511175419E+02    0.871280922264103413E+09    0.297000137409308991E+03   -0.148500068704654495E+03
    0.344774255678527979E+02    0.102636959547728979E+01    0.975468749511444457E+02    0.193444478663044393E+09    0.296960906609498181E+03   -0.148480453304749091E+03
    0.200908820503980978E+01    0.102446136757664630E+01    0.804923897533214046E+02    0.132051387345213205E+09    0.296901513029176499E+03   -0.148450756514588250E+03
    0.147267221904812668E+02    0.101874767683038181E+01    0.961233653215352035E+02    0.751214054342213154E+09    0.296804281700195816E+03   -0.148402140850097908E+03
    0.792174532374614859E+01    0.102109884474258994E+01    0.979796810157291986E+02    0.175167731930897981E+09    0.296788830536982232E+03   -0.148394415268491116E+03
    0.268456068758161805E+02    0.102318301094644193E+01    0.969154747860215338E+02    0.145386750796479535E+10    0.296695822091698233E+03   -0.148347911045849116E+03
    0.677129292264372129E+01    0.102262067750850583E+01    0.828903330719352027E+02    0.100368165183231413E+09    0.296672589453669787E+03   -0.148336294726834893E+03
    0.119789246939855829E+02    0.102458307212179922E+01    0.818435116157807414E+02    0.928214190757932812E+08    0.296591666418340310E+03   -0.148295833209170155E+03
    0.142503386181101792E+02    0.102554863004276831E+01    0.931725119791093732E+02    0.113556500234325409E+09    0.296551712619938314E+03   -0.148275856309969157E+03
    0.127487271676122713E+02    0.101970499520901003E+01    0.916001071784451995E+02    0.969439596310937166E+09    0.296537567318624156E+03   -0.148268783659312078E+03
    0.170233370518542548E+01    0.102730726277830331E+01    0.988977546613549521E+02    0.160340214076785207E+09    0.296512772177591501E+03   -0.148256386088795750E+03
    0.149377663420873468E+02    0.102926954803170601E+01    0.861491264860920722E+02    0.599931848737131596E+09    0.296411459997165650E+03   -0.148205729998582825E+03
    0.304638953400811996E+01    0.102507086953977899E+01    0.847000506283884960E+02    0.271364220851312697E+09    0.296411332834512677E+03   -0.148205666417256339E+03
    0.282826652293535084E+02    0.102394792491040243E+01    0.863580609968906145E+02    0.211864706437086463E+09    0.296395162135723353E+03   -0.148197581067861677E+03
    0.226060412344542314E+02    0.102061454583090394E+01    0.905218944553212594E+02    0.998637909277951837E+09    0.296383511174952559E+03   -0.148191755587476280E+03
    0.183554655024769389E+02    0.102629405644412319E+01    0.899841356971408146E+02    0.122283193322754693E+10    0.296362252748326739E+03   -0.148181126374163370E+03
    0.132505261202138378E+02    0.102057996919802085E+01    0.899038665132446795E+02    0.104201669672686255E+10    0.296337110619465875E+03   -0.148168555309732938E+03
    0.656036843712826645E+01    0.102473920966276544E+01    0.819600125402561304E+02    0.376606998330626249E+09    0.296312230469283008E+03   -0.148156115234641504E+03
    0.235714110207674885E+02    0.102570284106723686E+01    0.848262191170886979E+02    0.608101806735605240E+09    0.296232097599040912E+03   -0.148116048799520456E+03
    0.310754083474564951E+02    0.102836277927161879E+01    0.931786207493141063E+02    0.107722392970386910E+10    0.296222129119518513E+03   -0.148111064559759257E+03
    0.217499846356761743E+02    0.103028395003009243E+01    0.888439124284385855E+02    0.938250841136475205E+09    0.296188547343907885E+03   -0.148094273671953943E+03
    0.341499996411668789E+02    0.102867143238017489E+01    0.982789776498221954E+02    0.107433617652298164E+10    0.296160477222223392E+03   -0.148080238611111696E+03
    0.166151645012881914E+02    0.102580104609088463E+01    0.804257646549513936E+02    0.194092331329387337E+09    0.296046409865044325E+03   -0.148023204932522162E+03
    0.212499328565387415E+02    0.102770391763516122E+01    0.910529141094309438E+02    0.113084749423336577E+10    0.296004330821520114E+03   -0.148002165410760057E+03
    0.176757504587092384E+02    0.102562102695652113E+01    0.836000109210470583E+02    0.105285320652175593E+10    0.295883820260017274E+03   -0.147941910130008637E+03
    0.887598593018075199E+01    0.102918002415294141E+01    0.946747542392105714E+02    0.247178048967653304E+09    0.295845624047527224E+03   -0.147922812023763612E+03
    0.221055698508660363E+02    0.102009044799722393E+01    0.996701406387671938E+02    0.398733346834952414E+09    0.295844820796118483E+03   -0.147922410398059242E+03
    0.170224923974122930E+02    0.102296779193975618E+01    0.841293846927912909E+02    0.111432832065384850E+09    0.295733505550431460E+03   -0.147866752775215730E+03
    0.120578016979945470E+02    0.102615178016826603E+01    0.939113608930014294E+02    0.155518381143123627E+10    0.295704207253009713E+03   -0.147852103626504856E+03
    0.451089136798986559E+02    0.102757494563250140E+01    0.997544331310373025E+02    0.718793262944150686E+09    0.295703629706437880E+03   -0.147851814853218940E+03
    0.147687620975238310E+01    0.102103153133422686E+01    0.868486373756125118E+02    0.650364997356577992E+09    0.295679842347085980E+03   -0.147839921173542990E+03
    0.112151058696051020E+02    0.102688605782540021E+01    0.792678507018706000E+02    0.112144973802865967E+09    0.295678212150497245E+03   -0.147839106075248623E+03
    0.339461590363668648E+02    0.102998814719672893E+01    0.965733448636866569E+02    0.744713155172551751E+09    0.295661410545015485E+03   -0.147830705272507743E+03
    0.217972757358753846E+02    0.102212684332929604E+01    0.939673339028353638E+02    0.311005786241683602E+09    0.295630245633747450E+03   -0.147815122816873725E+03
    0.414174431687579414E+01    0.102075223046959618E+01    0.872566276333225801E+02    0.916281799863320112E+09    0.295519243689184805E+03   -0.147759621844592402E+03
    0.153325510899428608E+02    0.101985508849064255E+01    0.964959946368469446E+02    0.430365782994112849E+09    0.295495566557929692E+03   -0.147747783278964846E+03
    0.306572476087945205E+02    0.102193104336964269E+01    0.914467741332871640E+02    0.695911102127847791E+09    0.295462004108092970E+03   -0.147731002054046485E+03
    0.127926404442128927E+02    0.102240471551743850E+01    0.849668184890438170E+02    0.424296815831364930E+09    0.295432571063235855E+03   -0.147716285531617928E+03
    0.283170689510089026E+02    0.102721895277344633E+01    0.991666523283202537E+02    0.115205655663839746E+10    0.295427681902451127E+03   -0.147713840951225563E+03
    0.802908367231122533E+01    0.102371212911034770E+01    0.883696805506777565E+02    0.112083309263291335E+10    0.295410819351903569E+03   -0.147705409675951785E+03
    0.342939529213767846E+01    0.102672212167666754E+01    0.828112947893662721E+02    0.451460057982942760E+09    0.295387897438810569E+03   -0.147693948719405284E+03
    0.193356125298806063E+02    0.102820280013051368E+01    0.963189031971546541E+02    0.116982630632631564E+10    0.295384977360724065E+03   -0.147692488680362032E+03
    0.200377553795840306E+02    0.102653653062563643E+01    0.830997176207412735E+02    0.842665718105265856E+09    0.295379296730748933E+03   -0.147689648365374467E+03
    0.218599130010348697E+01    0.102973206846115084E+01    0.890671004768209542E+02    0.393408042741068721E+09    0.295371184904267921E+03   -0.147685592452133960E+03
    0.116508992000894995E+02    0.102537368305131005E+01    0.868684098917305789E+02    0.253836628050867468E+09    0.295332975696147685E+03   -0.147666487848073842E+03
    0.204224568253023975E+02    0.102466049950770532E+01    0.865586552814816628E+02    0.154587159835131049E+09    0.295298213652885011E+03   -0.147649106826442505E+03
    0.118634462772981895E+02    0.102320967047713474E+01    0.904333845512270642E+02    0.143370411868917853E+09    0.295273334699404529E+03   -0.147636667349702265E+03
    0.183551500574728954E+01    0.102260841296264404E+01    0.862643025162858379E+02    0.151907719517300129E+09    0.295235618358126771E+03   -0.147617809179063386E+03
    0.153377678360555230E+02    0.102842635031131602E+01    0.871671383598274190E+02    0.105327114344373930E+10    0.295227568816176927E+03   -0.147613784408088463E+03
    0.195093580039930856E+02    0.103142718553073753E+01    0.998300632491805402E+02    0.844007959527834296E+09    0.295194949730806115E+03   -0.147597474865403058E+03
    0.188976244817003867E+02    0.102089069194995941E+01    0.913263565480950490E+02    0.435475039061792970E+09    0.295154387313522705E+03   -0.147577193656761352E+03
    0.312803903487004611E+02    0.102344938950927644E+01    0.911312772695494004E+02    0.404168136215072334E+09    0.295147526209259013E+03   -0.147573763104629506E+03
    0.304399890153011548E+02    0.102899650868933512E+01    0.919238938372495227E+02    0.887678569573518872E+09    0.295127033586177163E+03   -0.147563516793088581E+03
    0.262781288727930509E+02    0.102047821414702078E+01    0.947356676467926917E+02    0.756512820112485170E+09    0.295114722470802690E+03   -0.147557361235401345E+03
    0.202942651101923843E+02    0.102258361647042850E+01    0.923740983306895487E+02    0.241232537508119941E+09    0.295113404194933310E+03   -0.147556702097466655E+03
    0.213311491621723448E+02    0.102596692782038090E+01    0.871845193388695634E+02    0.365893378187484205E+09    0.295103215218869821E+03   -0.147551607609434910E+03
    0.228555066858328608E+02    0.102731646023654166E+01    0.977143981131304002E+02    0.198169288473301679E+09    0.295080537029353081E+03   -0.147540268514676541E+03
    0.183595962244786968E+02    0.102798526590169192E+01    0.963935951200323160E+02    0.198857151317290455E+09    0.295071045404034408E+03   -0.147535522702017204E+03
    0.296894224283903228E+02    0.102366114912193873E+01    0.880173421601976571E+02    0.875800852301857591E+09    0.295056357727609736E+03   -0.147528178863804868E+03
    0.332248211127497726E+02    0.102530482053619476E+01    0.979461373731509894E+02    0.336405570903861046E+09    0.294980342232190992E+03   -0.147490171116095496E+03
    0.595860958134162200E+01    0.102127703052448493E+01    0.967138814107873941E+02    0.288602280062530398E+09    0.294959950119132088E+03   -0.147479975059566044E+03
    0.235100920074769846E+02    0.102680309518559598E+01    0.979576295281096918E+02    0.194625714941898167E+09    0.294906087771981788E+03   -0.147453043885990894E+03
    0.354823822572696272E+02    0.102617857804445300E+01    0.967694478217786553E+02    0.106538700949258780E+10    0.294892960240959837E+03   -0.147446480120479919E+03
    0.713254519488638117E+01    0.102277797879831289E+01    0.985874660754466419E+02    0.138594935632572031E+10    0.294885751450833936E+03   -0.147442875725416968E+03
    0.601749357443873656E+01    0.102798586444945550E+01    0.921055351037793031E+02    0.290951371738187015E+09    0.294877372886476678E+03   -0.147438686443238339E+03
    0.249688850308796901E+02    0.102834598566284341E+01    0.909823223200557152E+02    0.542298999502287149E+09    0.294839154816170492E+03   -0.147419577408085246E+03
    0.408376659610783577E+02    0.102302609205322237E+01    0.980389364868482005E+02    0.834933393429782271E+09    0.294804422011529027E+03   -0.147402211005764514E+03
    0.408376659610783577E+02    0.102302609205322237E+01    0.980389364868482005E+02    0.834933393429782271E+09    0.294804422011529027E+03   -0.147402211005764514E+03
    0.130715492607910342E+02    0.102735311892320302E+01    0.904021550096168625E+02    0.245240245299540550E+09    0.294665014464269461E+03   -0.147332507232134731E+03
    0.198444444657854682E+02    0.103015134048590440E+01    0.967588622462704677E+02    0.459684300269719303E+09    0.294641599851262185E+03   -0.147320799925631093E+03
    0.743932631979351822E+01    0.103000181765973342E+01    0.987750041225789204E+02    0.108679846545538735E+10    0.294636224563048586E+03   -0.147318112281524293E+03
    0.483928320495345865E+01    0.102436358947857631E+01    0.831976575864282353E+02    0.163206679964443743E+09    0.294543901349425482E+03   -0.147271950674712741E+03
    0.197961830619212833E+02    0.102169422928217868E+01    0.967449819675272096E+02    0.336664865301894605E+09    0.294517860581790899E+03   -0.147258930290895449E+03
    0.122289408746315686E+01    0.102500556124270403E+01    0.890149906744122319E+02    0.110834888456138420E+10    0.294506950963781378E+03   -0.147253475481890689E+03
    0.241533011018582968E+02    0.102183414467241862E+01    0.922320526464436199E+02    0.589531199536927223E+09    0.294503995897372079E+03   -0.147251997948686039E+03
    0.241533011018582968E+02    0.102183414467241862E+01    0.922320526464436199E+02    0.589531199536927223E+09    0.294503995897372079E+03   -0.147251997948686039E+03
    0.232265590560970558E+02    0.102307257436654120E+01    0.949316256325089824E+02    0.219681642094875902E+09    0.294477018224934739E+03   -0.147238509112467369E+03
    0.281549674750179655E+02    0.102960660198453469E+01    0.958031208117295421E+02    0.680258688583834648E+09    0.294428929730834284E+03   -0.147214464865417142E+03
    0.190004660884749157E+02    0.103097444636788649E+01    0.972789749838631934E+02    0.831029359405057907E+09    0.294401445865419134E+03   -0.147200722932709567E+03
    0.325462464467099437E+02    0.102309502422860032E+01    0.936249254326902332E+02    0.974628151107600331E+09    0.294306052929023508E+03   -0.147153026464511754E+03
    0.325462464467099437E+02    0.102309502422860032E+01    0.936249254326902332E+02    0.974628151107600331E+09    0.294306052929023508E+03   -0.147153026464511754E+03
    0.254990624986773362E+01    0.102899509193715333E+01    0.890116231822463391E+02    0.572245340094193935E+09    0.294284889054509961E+03   -0.147142444527254980E+03
    0.141692737604081422E+02    0.102637063153823682E+01    0.994296242830970556E+02    0.127097920219977784E+10    0.294259656443801646E+03   -0.147129828221900823E+03
    0.153919530715947488E+02    0.102173605858904581E+01    0.877518000756720653E+02    0.760727630165350676E+09    0.294245372724458775E+03   -0.147122686362229388E+03
    0.222041964652807842E+02    0.102681559698364411E+01    0.939980396575884214E+02    0.324463688924388111E+09    0.294237498082932859E+03   -0.147118749041466430E+03
    0.109614166258727543E+02    0.102399383149569601E+01    0.978586160582424043E+02    0.137996709595384574E+10    0.294233789539048644E+03   -0.147116894769524322E+03
    0.173529425387956628E+02    0.102217090756095863E+01    0.872350069801969994E+02    0.774874729869466543E+09    0.294208383121996064E+03   -0.147104191560998032E+03
    0.629263681906000727E+01    0.103069357421103169E+01    0.988370978992740135E+02    0.102319659365592623E+10    0.294161178899376978E+03   -0.147080589449688489E+03
    0.313893588787250515E+02    0.102509637664490438E+01    0.896235299958451037E+02    0.830247145031059384E+09    0.294106132556503439E+03   -0.147053066278251720E+03
    0.313893588787250515E+02    0.102509637664490438E+01    0.896235299958451037E+02    0.830247145031059384E+09    0.294106132556503439E+03   -0.147053066278251720E+03
    0.357074776866672607E+02    0.102800896828084376E+01    0.996287827075050387E+02    0.619272506646607876E+09    0.294041342039849383E+03   -0.147020671019924691E+03
    0.357074776866672607E+02    0.102800896828084376E+01    0.996287827075050387E+02    0.619272506646607876E+09    0.294041342039849383E+03   -0.147020671019924691E+03
    0.742954671788544552E+01    0.102760340019651730E+01    0.934064882139758339E+02    0.245402783957453400E+09    0.294018594097288599E+03   -0.147009297048644299E+03
    0.742954671788544552E+01    0.102760340019651730E+01    0.934064882139758339E+02    0.245402783957453400E+09    0.294018594097288599E+03   -0.147009297048644299E+03
    0.188126464290538955E+02    0.102970982510971276E+01    0.968289644406776233E+02    0.425527120850231111E+09    0.294018523502686605E+03   -0.147009261751343303E+03
    0.188126464290538955E+02    0.102970982510971276E+01    0.968289644406776233E+02    0.425527120850231111E+09    0.294018523502686605E+03   -0.147009261751343303E+03
    0.148361735838369557E+01    0.102931588761188153E+01    0.920245715600448193E+02    0.391582967974885583E+09    0.293958721071405591E+03   -0.146979360535702796E+03
    0.365078541851608751E+01    0.102174758063692073E+01    0.898159152170325541E+02    0.377476754472210288E+09    0.293939398242005439E+03   -0.146969699121002719E+03
    0.194019408081713394E+02    0.102690567852285808E+01    0.890705972041542964E+02    0.381574472459289730E+09    0.293925937247264415E+03   -0.146962968623632207E+03
    0.160213836166882437E+02    0.102553295290596935E+01    0.892877991856553876E+02    0.169021458137342036E+09    0.293896897519384197E+03   -0.146948448759692099E+03
    0.346821188728044483E+01    0.102301994648393513E+01    0.853274627491100972E+02    0.743052214343931913E+09    0.293867193363585784E+03   -0.146933596681792892E+03
    0.191987860399106025E+01    0.102726701646616014E+01    0.880822594629204048E+02    0.199325614948693514E+09    0.293805597173332842E+03   -0.146902798586666421E+03
    0.170046577029975197E+02    0.102394257618989415E+01    0.878149649354741086E+02    0.552547324486351848E+09    0.293803457899045213E+03   -0.146901728949522607E+03
    0.170046577029975197E+02    0.102394257618989415E+01    0.878149649354741086E+02    0.552547324486351848E+09    0.293803457899045213E+03   -0.146901728949522607E+03
    0.101027025640101087E+02    0.102805810243517870E+01    0.897386787342519483E+02    0.376549148212122679E+09    0.293775079314359459E+03   -0.146887539657179730E+03
    0.846375423725384302E+01    0.102938121230712132E+01    0.886762021444366155E+02    0.868135398382851362E+09    0.293754135964665238E+03   -0.146877067982332619E+03
    0.172245345182651697E+02    0.102693288047614728E+01    0.962872112306341563E+02    0.203254241456833422E+09    0.293738995699766065E+03   -0.146869497849883032E+03
    0.382970945184653910E+01    0.102762880685699032E+01    0.997868419874415054E+02    0.246597641648602277E+09    0.293738550227817882E+03   -0.146869275113908941E+03
    0.516874628677623438E+01    0.102990097528166125E+01    0.926658354107639610E+02    0.604206096309999824E+09    0.293738051402787278E+03   -0.146869025701393639E+03
    0.516874628677623438E+01    0.102990097528166125E+01    0.926658354107639610E+02    0.604206096309999824E+09    0.293738051402787278E+03   -0.146869025701393639E+03
    0.119017715391063250E+01    0.102223725238635543E+01    0.876852529400962197E+02    0.427351326921420574E+09    0.293733191806736784E+03   -0.146866595903368392E+03
    0.119017715391063250E+01    0.102223725238635543E+01    0.876852529400962197E+02    0.427351326921420574E+09    0.293733191806736784E+03   -0.146866595903368392E+03
    0.155120041167843894E+02    0.102187847902104667E+01    0.884181307538803622E+02    0.832187686022174954E+09    0.293732599898391982E+03   -0.146866299949195991E+03
    0.864025717996353393E+01    0.102432831101164168E+01    0.872096262897471348E+02    0.164926582009299159E+09    0.293724613444951615E+03   -0.146862306722475807E+03
    0.601277972924067061E+01    0.102657324379720727E+01    0.962972991866144099E+02    0.117231785080308080E+10    0.293676264954769977E+03   -0.146838132477384988E+03
    0.342955579324242166E+02    0.102787308661454557E+01    0.971441110452161354E+02    0.684749158320702791E+09    0.293608412867345123E+03   -0.146804206433672562E+03
    0.342955579324242166E+02    0.102787308661454557E+01    0.971441110452161354E+02    0.684749158320702791E+09    0.293608412867345123E+03   -0.146804206433672562E+03
    0.437925392596498431E+00    0.102589215170708359E+01    0.884415889194585247E+02    0.222690216291968524E+09    0.293586066065025364E+03   -0.146793033032512682E+03
    0.437925392596498431E+00    0.102589215170708359E+01    0.884415889194585247E+02    0.222690216291968524E+09    0.293586066065025364E+03   -0.146793033032512682E+03
    0.726140331654721116E+01    0.102606874837116768E+01    0.914946948220865437E+02    0.110796590893268847E+10    0.293572619942325332E+03   -0.146786309971162666E+03
    0.238222376349493317E+02    0.102148908717420395E+01    0.934332563011979147E+02    0.731026664087869287E+09    0.293567989803855994E+03   -0.146783994901927997E+03
    0.200082394389917475E+02    0.102550285474153302E+01    0.884919596166144800E+02    0.514440370296326578E+09    0.293558588014623922E+03   -0.146779294007311961E+03
    0.191359499876410837E+02    0.102146025838243193E+01    0.913835100203268809E+02    0.751947773035376310E+09    0.293513414657025635E+03   -0.146756707328512817E+03
    0.191359499876410837E+02    0.102146025838243193E+01    0.913835100203268809E+02    0.751947773035376310E+09    0.293513414657025635E+03   -0.146756707328512817E+03
    0.216002702138928449E+02    0.102083157295709226E+01    0.999642793338007891E+02    0.516419815831868112E+09    0.293512132501306382E+03   -0.146756066250653191E+03
    0.140326561795936122E+01    0.102843071073008474E+01    0.876983946439924011E+02    0.959228678095160961E+09    0.293504343970760544E+03   -0.146752171985380272E+03
    0.102936522637182537E+01    0.102240021210723642E+01    0.883547998931286429E+02    0.643484548231835008E+09    0.293496828204298879E+03   -0.146748414102149439E+03
    0.328631597698819249E+02    0.102484777692981788E+01    0.982674410483336658E+02    0.390850706945682287E+09    0.293467025046795470E+03   -0.146733512523397735E+03
    0.218208679663615968E+02    0.102099234135168837E+01    0.983439939149837699E+02    0.578879378387411594E+09    0.293407552803555859E+03   -0.146703776401777930E+03
    0.176337376167619411E+02    0.102388472011252918E+01    0.931805872753370181E+02    0.225645266314550638E+09    0.293340268466198268E+03   -0.146670134233099134E+03
    0.374968598871581946E+02    0.102653259029217514E+01    0.990911772739797954E+02    0.658442829564141631E+09    0.293331100419434676E+03   -0.146665550209717338E+03
    0.374968598871581946E+02    0.102653259029217514E+01    0.990911772739797954E+02    0.658442829564141631E+09    0.293331100419434676E+03   -0.146665550209717338E+03
    0.297254187410910262E+02    0.102767497843784694E+01    0.922763192184339403E+02    0.815738374498494864E+09    0.293319899547034197E+03   -0.146659949773517098E+03
    0.306585609763185403E+02    0.102243568219706393E+01    0.993767001931974221E+02    0.536861694088976920E+09    0.293309375353830546E+03   -0.146654687676915273E+03
    0.202719977732682537E+02    0.102816567150776117E+01    0.999332190505320312E+02    0.349950400727818131E+09    0.293285190579679806E+03   -0.146642595289839903E+03
    0.304869453129190333E+02    0.102893301947682514E+01    0.995683276670351773E+02    0.876311693979772210E+09    0.293203486204932688E+03   -0.146601743102466344E+03
    0.304869453129190333E+02    0.102893301947682514E+01    0.995683276670351773E+02    0.876311693979772210E+09    0.293203486204932688E+03   -0.146601743102466344E+03
    0.113934958107151196E+02    0.102627005986556163E+01    0.854996002754167534E+02    0.861894243716233611E+09    0.293195964049066788E+03   -0.146597982024533394E+03
    0.113934958107151196E+02    0.102627005986556163E+01    0.854996002754167534E+02    0.861894243716233611E+09    0.293195964049066788E+03   -0.146597982024533394E+03
    0.165946875513387511E+02    0.102573733977434123E+01    0.864615492151841352E+02    0.875600279943490505E+09    0.293166782523294444E+03   -0.146583391261647222E+03
    0.316630823026113468E+02    0.102656171470875557E+01    0.931399753926133656E+02    0.885098625107568741E+09    0.293163683124404258E+03   -0.146581841562202129E+03
    0.680235913919752555E+01    0.102929736222337076E+01    0.928761210601918634E+02    0.501489487945975482E+09    0.293160984099822031E+03   -0.146580492049911015E+03
    0.680235913919752555E+01    0.102929736222337076E+01    0.928761210601918634E+02    0.501489487945975482E+09    0.293160984099822031E+03   -0.146580492049911015E+03
    0.140777955001195991E+02    0.102876549414138307E+01    0.925649280076639229E+02    0.524021494444717884E+09    0.293113986859173394E+03   -0.146556993429586697E+03
    0.269585654247230870E+02    0.102817931733585621E+01    0.948061660833920428E+02    0.662594983586219788E+09    0.293107868363206137E+03   -0.146553934181603069E+03
    0.224569439709019303E+01    0.102300871015729555E+01    0.990157512449460597E+02    0.227369833069188148E+09    0.293067733319543208E+03   -0.146533866659771604E+03
    0.224569439709019303E+01    0.102300871015729555E+01    0.990157512449460597E+02    0.227369833069188148E+09    0.293067733319543208E+03   -0.146533866659771604E+03
    0.137174969936920341E+02    0.102219545205067552E+01    0.901395110662353432E+02    0.679374233638134956E+09    0.293028894434393237E+03   -0.146514447217196619E+03
    0.145022013141701152E+02    0.102993886911850274E+01    0.957115588819044376E+02    0.957269202943639159E+09    0.293026547512832224E+03   -0.146513273756416112E+03
    0.306629455830304352E+02    0.102501137556083299E+01    0.992571326500832640E+02    0.378231610996602476E+09    0.293015387955840993E+03   -0.146507693977920496E+03
    0.306629455830304352E+02    0.102501137556083299E+01    0.992571326500832640E+02    0.378231610996602476E+09    0.293015387955840993E+03   -0.146507693977920496E+03
    0.161298000367743661E+02    0.102416003836892200E+01    0.921218214612651138E+02    0.194835605355638415E+09    0.293011562303621417E+03   -0.146505781151810709E+03
    0.111695988520014158E+02    0.103033013551043728E+01    0.993523227797965092E+02    0.968738053428745747E+09    0.292994375489820186E+03   -0.146497187744910093E+03
    0.131229923227086029E+02    0.102696782067412196E+01    0.976234869535478111E+02    0.296493887894779086E+09    0.292984587707614423E+03   -0.146492293853807212E+03
    0.477824996169581695E+01    0.102306900284706503E+01    0.987477740509775543E+02    0.236299407572936147E+09    0.292979371492962059E+03   -0.146489685746481030E+03
    0.477824996169581695E+01    0.102306900284706503E+01    0.987477740509775543E+02    0.236299407572936147E+09    0.292979371492962059E+03   -0.146489685746481030E+03
    0.130951172018718278E+02    0.102408717835080387E+01    0.878581415900136022E+02    0.437629226038548529E+09    0.292956849915237854E+03   -0.146478424957618927E+03
    0.441128136312541486E+01    0.102699105297915838E+01    0.857713869795216652E+02    0.817736358102601767E+09    0.292947284802378306E+03   -0.146473642401189153E+03
    0.116927754396886954E+02    0.102131563863479524E+01    0.928283510687630837E+02    0.661968955913795114E+09    0.292900831234610450E+03   -0.146450415617305225E+03
    0.116927754396886954E+02    0.102131563863479524E+01    0.928283510687630837E+02    0.661968955913795114E+09    0.292900831234610450E+03   -0.146450415617305225E+03
    0.247690185558008968E+01    0.103020241466136064E+01    0.937702642806247724E+02    0.796048191987700701E+09    0.292831028476859444E+03   -0.146415514238429722E+03
    0.247690185558008968E+01    0.103020241466136064E+01    0.937702642806247724E+02    0.796048191987700701E+09    0.292831028476859444E+03   -0.146415514238429722E+03
    0.678706089473081775E+01    0.102622613525326600E+01    0.896727105997763800E+02    0.181536429486098796E+09    0.292813851256212899E+03   -0.146406925628106450E+03
    0.678706089473081775E+01    0.102622613525326600E+01    0.896727105997763800E+02    0.181536429486098796E+09    0.292813851256212899E+03   -0.146406925628106450E+03
    0.167766598460900518E+02    0.102920588966125970E+01    0.942255569411422726E+02    0.658265979870877743E+09    0.292799582432874786E+03   -0.146399791216437393E+03
    0.167766598460900518E+02    0.102920588966125970E+01    0.942255569411422726E+02    0.658265979870877743E+09    0.292799582432874786E+03   -0.146399791216437393E+03
    0.339620247633535000E+01    0.102071764833565681E+01    0.933885312240692684E+02    0.796602852022064924E+09    0.292779972260437546E+03   -0.146389986130218773E+03
    0.130069301306345686E+02    0.102628016859111493E+01    0.884993162006877299E+02    0.402881978296501458E+09    0.292763253886793791E+03   -0.146381626943396896E+03
    0.196086664659226315E+02    0.102868868038521977E+01    0.970104146197665784E+02    0.436515225985685527E+09    0.292737265306898223E+03   -0.146368632653449112E+03
    0.139483130516010707E+02    0.102527474292925569E+01    0.872845674533310643E+02    0.913316573662065744E+09    0.292668754068749308E+03   -0.146334377034374654E+03
    0.559720581477509338E+01    0.102585854119813824E+01    0.863796998385384853E+02    0.739142069253321409E+09    0.292666367823580401E+03   -0.146333183911790201E+03
    0.315921363402979622E+02    0.102649948613730468E+01    0.971868146212067359E+02    0.595460363981159329E+09    0.292658424005157940E+03   -0.146329212002578970E+03
    0.287401084137411544E+02    0.102171477784140019E+01    0.991258298814216516E+02    0.737609459436512709E+09    0.292656331597920996E+03   -0.146328165798960498E+03
    0.506169316003201075E+01    0.102343241325271572E+01    0.882110186188107690E+02    0.670042447746735334E+09    0.292621881842392668E+03   -0.146310940921196334E+03
    0.506169316003201075E+01    0.102343241325271572E+01    0.882110186188107690E+02    0.670042447746735334E+09    0.292621881842392668E+03   -0.146310940921196334E+03
    0.621616476243783556E+01    0.102970699620281803E+01    0.981533935119178267E+02    0.468238674964467168E+09    0.292615105001337042E+03   -0.146307552500668521E+03
    0.621616476243783556E+01    0.102970699620281803E+01    0.981533935119178267E+02    0.468238674964467168E+09    0.292615105001337042E+03   -0.146307552500668521E+03
    0.161252328813886230E+02    0.102773067527739337E+01    0.917330153373480499E+02    0.529971622422016263E+09    0.292588432635786660E+03   -0.146294216317893330E+03
    0.270055522090991502E+02    0.102738419142572113E+01    0.957569680634180713E+02    0.584328799508562207E+09    0.292578367183270984E+03   -0.146289183591635492E+03
    0.359616628952606154E+01    0.102474862398429734E+01    0.868339097740113743E+02    0.946169373195063353E+09    0.292567706767966797E+03   -0.146283853383983399E+03
    0.268786967154220324E+01    0.102554602897985481E+01    0.905250787440063363E+02    0.353069005817804635E+09    0.292559096964044954E+03   -0.146279548482022477E+03
    0.286231092534845821E+02    0.102280595080680303E+01    0.954079757188265489E+02    0.724785180926310778E+09    0.292539657533997683E+03   -0.146269828766998842E+03
    0.114527553490753817E+02    0.102584559153252730E+01    0.929919770782751982E+02    0.108109247659062791E+10    0.292522088687779103E+03   -0.146261044343889552E+03
    0.114527553490753817E+02    0.102584559153252730E+01    0.929919770782751982E+02    0.108109247659062791E+10    0.292522088687779103E+03   -0.146261044343889552E+03
    0.281576132865323210E+02    0.102734654330632136E+01    0.933848949942765501E+02    0.850263988322557569E+09    0.292518682315017031E+03   -0.146259341157508516E+03
    0.281576132865323210E+02    0.102734654330632136E+01    0.933848949942765501E+02    0.850263988322557569E+09    0.292518682315017031E+03   -0.146259341157508516E+03
    0.302964367392056459E+02    0.102527893849743434E+01    0.937581992299164995E+02    0.875224991577830911E+09    0.292511968013464696E+03   -0.146255984006732348E+03
    0.302964367392056459E+02    0.102527893849743434E+01    0.937581992299164995E+02    0.875224991577830911E+09    0.292511968013464696E+03   -0.146255984006732348E+03
    0.123839490096040343E+02    0.102748158952701174E+01    0.929143881673703902E+02    0.366844891513958752E+09    0.292503484365369673E+03   -0.146251742182684836E+03
    0.103960270200019771E+02    0.102098267754276995E+01    0.989654118353157912E+02    0.412129058185342729E+09    0.292494239795360727E+03   -0.146247119897680363E+03
    0.103960270200019771E+02    0.102098267754276995E+01    0.989654118353157912E+02    0.412129058185342729E+09    0.292494239795360727E+03   -0.146247119897680363E+03
    0.242777964723235087E+02    0.102285884304214814E+01    0.962570225820423389E+02    0.414349249557284951E+09    0.292464852687616826E+03   -0.146232426343808413E+03
    0.184450303240806619E+02    0.102731582461659032E+01    0.905055364288269431E+02    0.996148793475914240E+09    0.292462442944577333E+03   -0.146231221472288667E+03
    0.184450303240806619E+02    0.102731582461659032E+01    0.905055364288269431E+02    0.996148793475914240E+09    0.292462442944577333E+03   -0.146231221472288667E+03
    0.302413164789945625E+02    0.102653873727621003E+01    0.976978228376028426E+02    0.519617210137686372E+09    0.292462090396019732E+03   -0.146231045198009866E+03
    0.247282909661023709E+02    0.102813474559570750E+01    0.955608577315236687E+02    0.972243215576619983E+09    0.292460778526952197E+03   -0.146230389263476098E+03
    0.268629174525260801E+02    0.102501683040687919E+01    0.978735966648163469E+02    0.374245346027339160E+09    0.292441968284745201E+03   -0.146220984142372600E+03
    0.844580654779653450E+01    0.102382967908243683E+01    0.879461155488739337E+02    0.928511446809569716E+09    0.292371762943833460E+03   -0.146185881471916730E+03
    0.960230034598557225E+01    0.102849385184365127E+01    0.989941243954285426E+02    0.365001435498295009E+09    0.292345208850983909E+03   -0.146172604425491954E+03
    0.576908889413842996E+01    0.102848722981566776E+01    0.898169033554764269E+02    0.767811681313224554E+09    0.292335092650676586E+03   -0.146167546325338293E+03
    0.836639193007668958E+01    0.102379470466343991E+01    0.877027915874768524E+02    0.738564754403274179E+09    0.292328608267501920E+03   -0.146164304133750960E+03
    0.207219737782154700E+01    0.102086205854712286E+01    0.967213116230300329E+02    0.608181877168190360E+09    0.292327871261236737E+03   -0.146163935630618369E+03
    0.207219737782154700E+01    0.102086205854712286E+01    0.967213116230300329E+02    0.608181877168190360E+09    0.292327871261236737E+03   -0.146163935630618369E+03
    0.880541942369703534E+01    0.102259955952110815E+01    0.944384694123449435E+02    0.355820666815940976E+09    0.292302819339567009E+03   -0.146151409669783504E+03
    0.168128540414708070E+02    0.102361861367642759E+01    0.917238490132932185E+02    0.390948412294784784E+09    0.292298132976626221E+03   -0.146149066488313110E+03
    0.168128540414708070E+02    0.102361861367642759E+01    0.917238490132932185E+02    0.390948412294784784E+09    0.292298132976626221E+03   -0.146149066488313110E+03
    0.163365334711022960E+02    0.102396108796132279E+01    0.907848888559752396E+02    0.586468514612981319E+09    0.292294884230196658E+03   -0.146147442115098329E+03
    0.101207145360733435E+02    0.102468651191786098E+01    0.921170458566104173E+02    0.106204817435187650E+10    0.292283914000720188E+03   -0.146141957000360094E+03
    0.420529988979165026E+01    0.102569721172725559E+01    0.884417456603889178E+02    0.407521999660829604E+09    0.292243720070489758E+03   -0.146121860035244879E+03
    0.525210536147443552E+01    0.102480791635967838E+01    0.868191178089432469E+02    0.779744325218176842E+09    0.292225212140531312E+03   -0.146112606070265656E+03
    0.163144095710800805E+02    0.102447096678677041E+01    0.982668697523829167E+02    0.324225571507457733E+09    0.292186540181842474E+03   -0.146093270090921237E+03
    0.663925768851063469E+00    0.103025452089172909E+01    0.976834923760671927E+02    0.754536931916559577E+09    0.292169750953231926E+03   -0.146084875476615963E+03
    0.663925768851063469E+00    0.103025452089172909E+01    0.976834923760671927E+02    0.754536931916559577E+09    0.292169750953231926E+03   -0.146084875476615963E+03
    0.151547981934577241E+02    0.102745347005072385E+01    0.923651226739588509E+02    0.411148364781561077E+09    0.292113856202070053E+03   -0.146056928101035027E+03
    0.175799819729460474E+02    0.102448463745425444E+01    0.913869967910034404E+02    0.570876625582679629E+09    0.292100443423793649E+03   -0.146050221711896825E+03
    0.250796103338635756E+01    0.102482538669850842E+01    0.934680894123555248E+02    0.337783233513454199E+09    0.292087752945063130E+03   -0.146043876472531565E+03
    0.250796103338635756E+01    0.102482538669850842E+01    0.934680894123555248E+02    0.337783233513454199E+09    0.292087752945063130E+03   -0.146043876472531565E+03
    0.307977162173714802E+02    0.102477761753073393E+01    0.994446884013317884E+02    0.510925031960233450E+09    0.292079845061171000E+03   -0.146039922530585500E+03
    0.292401228499063004E+01    0.102360355982739648E+01    0.893574349372914156E+02    0.478626757733092070E+09    0.292052734838110439E+03   -0.146026367419055219E+03
    0.237573830781331132E+02    0.102824377672510536E+01    0.949115934161963395E+02    0.746844981166394234E+09    0.291989465220829743E+03   -0.145994732610414871E+03
    0.256111772960671757E+02    0.102614144479661862E+01    0.945735247643254127E+02    0.624015372960183978E+09    0.291959687540765231E+03   -0.145979843770382615E+03
    0.228440173657185390E+02    0.102858121139584946E+01    0.952170380484366063E+02    0.796451897318667531E+09    0.291942489438531311E+03   -0.145971244719265655E+03
    0.228440173657185390E+02    0.102858121139584946E+01    0.952170380484366063E+02    0.796451897318667531E+09    0.291942489438531311E+03   -0.145971244719265655E+03
    0.851941141603755625E+01    0.102751685028306672E+01    0.948265237972152875E+02    0.362252595207496881E+09    0.291920185964438986E+03   -0.145960092982219493E+03
    0.113453157092179069E+02    0.102582119736956101E+01    0.926553120355187758E+02    0.105493392498715937E+10    0.291916152562488321E+03   -0.145958076281244161E+03
    0.113453157092179069E+02    0.102582119736956101E+01    0.926553120355187758E+02    0.105493392498715937E+10    0.291916152562488321E+03   -0.145958076281244161E+03
    0.942580122209185767E+01    0.102201224959131709E+01    0.962436849217178576E+02    0.383640202010646045E+09    0.291890292033039429E+03   -0.145945146016519715E+03
    0.942580122209185767E+01    0.102201224959131709E+01    0.962436849217178576E+02    0.383640202010646045E+09    0.291890292033039429E+03   -0.145945146016519715E+03
    0.278025252208627514E+02    0.102591343405303914E+01    0.952692114585074279E+02    0.958602987606000185E+09    0.291886482796572409E+03   -0.145943241398286204E+03
    0.278025252208627514E+02    0.102591343405303914E+01    0.952692114585074279E+02    0.958602987606000185E+09    0.291886482796572409E+03   -0.145943241398286204E+03
    0.260914721671434862E+02    0.102346209233522467E+01    0.967631091201020581E+02    0.968588884630932212E+09    0.291861614165336164E+03   -0.145930807082668082E+03
    0.293059873795065009E+02    0.102398850790787832E+01    0.983090827114261145E+02    0.963765919837401032E+09    0.291855424156407594E+03   -0.145927712078203797E+03
    0.349823013042846611E+02    0.102661408091921502E+01    0.999728977279430211E+02    0.810166375521771550E+09    0.291847519707488857E+03   -0.145923759853744428E+03
    0.349823013042846611E+02    0.102661408091921502E+01    0.999728977279430211E+02    0.810166375521771550E+09    0.291847519707488857E+03   -0.145923759853744428E+03
    0.236532560798421834E+02    0.102472343282325085E+01    0.972542529424875397E+02    0.104002441033779073E+10    0.291835376575281543E+03   -0.145917688287640772E+03
    0.167651755919687595E+02    0.102832495735731766E+01    0.963821562199702413E+02    0.516309269029909492E+09    0.291835145579317611E+03   -0.145917572789658806E+03
    0.131629121960893292E+01    0.102512790940465193E+01    0.882869376191605255E+02    0.725914308022501349E+09    0.291816518628620202E+03   -0.145908259314310101E+03
    0.305835322257324300E+02    0.102535950593556713E+01    0.985062103559938009E+02    0.957607750261201620E+09    0.291777756211049621E+03   -0.145888878105524810E+03
    0.838185921649154153E+01    0.102496705417503842E+01    0.943783429508990395E+02    0.342360821062233567E+09    0.291751064486866653E+03   -0.145875532243433327E+03
    0.838185921649154153E+01    0.102496705417503842E+01    0.943783429508990395E+02    0.342360821062233567E+09    0.291751064486866653E+03   -0.145875532243433327E+03
    0.792524980812045143E+01    0.102142579273009004E+01    0.972344171688542644E+02    0.941514542235427856E+09    0.291696648047949679E+03   -0.145848324023974840E+03
    0.554236450211337939E+00    0.102143413697806418E+01    0.966990693090040168E+02    0.474556260283129334E+09    0.291656423692249007E+03   -0.145828211846124503E+03
    0.934488387726418956E+00    0.102563358704018626E+01    0.909901157102129332E+02    0.386587030679110348E+09    0.291638742295518000E+03   -0.145819371147759000E+03
    0.163086649658815510E+02    0.102223368425079442E+01    0.990953622929724247E+02    0.101328773074612546E+10    0.291599700824700108E+03   -0.145799850412350054E+03
    0.163086649658815510E+02    0.102223368425079442E+01    0.990953622929724247E+02    0.101328773074612546E+10    0.291599700824700108E+03   -0.145799850412350054E+03
    0.895130142706955567E+01    0.102333616481109857E+01    0.901316822458800004E+02    0.878704906507087827E+09    0.291587127804067393E+03   -0.145793563902033696E+03
    0.233873772346911508E+02    0.102760035395639071E+01    0.945428724650296886E+02    0.722650713873146057E+09    0.291576306038267944E+03   -0.145788153019133972E+03
    0.923622615535800406E+01    0.102211340645019622E+01    0.943706709157249293E+02    0.492446806839749157E+09    0.291575693380732673E+03   -0.145787846690366337E+03
    0.923622615535800406E+01    0.102211340645019622E+01    0.943706709157249293E+02    0.492446806839749157E+09    0.291575693380732673E+03   -0.145787846690366337E+03
    0.233831317528211748E+02    0.102797684888911656E+01    0.950947966391769199E+02    0.792621068991671681E+09    0.291481728497292409E+03   -0.145740864248646204E+03
    0.335123839307633498E+01    0.102512448361920394E+01    0.937148758037203748E+02    0.354521845358234107E+09    0.291445440120633862E+03   -0.145722720060316931E+03
    0.335123839307633498E+01    0.102512448361920394E+01    0.937148758037203748E+02    0.354521845358234107E+09    0.291445440120633862E+03   -0.145722720060316931E+03
    0.171190753360291765E+02    0.102191895936238941E+01    0.989418332321254468E+02    0.523486212038231194E+09    0.291438507259351638E+03   -0.145719253629675819E+03
    0.171190753360291765E+02    0.102191895936238941E+01    0.989418332321254468E+02    0.523486212038231194E+09    0.291438507259351638E+03   -0.145719253629675819E+03
    0.159485826481506532E+02    0.102800490978715575E+01    0.941313304710125038E+02    0.947728571758697152E+09    0.291434188822771830E+03   -0.145717094411385915E+03
    0.294720160890897187E+01    0.102275801989853954E+01    0.978404607790917140E+02    0.354591205597743809E+09    0.291425338447502213E+03   -0.145712669223751107E+03
    0.294720160890897187E+01    0.102275801989853954E+01    0.978404607790917140E+02    0.354591205597743809E+09    0.291425338447502213E+03   -0.145712669223751107E+03
    0.127223893517043081E+02    0.102323581656376716E+01    0.940184859706581904E+02    0.389216153872689366E+09    0.291424237824781642E+03   -0.145712118912390821E+03
    0.771852720875043818E+01    0.102566055335208772E+01    0.909920789835081081E+02    0.555689441841544986E+09    0.291383928987594402E+03   -0.145691964493797201E+03
    0.690105822460632012E+00    0.102389144009322886E+01    0.906095195373320337E+02    0.456452268035527766E+09    0.291373384339367135E+03   -0.145686692169683567E+03
    0.690105822460632012E+00    0.102389144009322886E+01    0.906095195373320337E+02    0.456452268035527766E+09    0.291373384339367135E+03   -0.145686692169683567E+03
    0.594198296796052539E+01    0.102927200878717540E+01    0.998285114170695778E+02    0.578938882365960598E+09    0.291363425765553700E+03   -0.145681712882776850E+03
    0.662994606710704382E+01    0.102576479510582175E+01    0.886416090412785991E+02    0.831005038724876046E+09    0.291360134907335691E+03   -0.145680067453667846E+03
    0.214643290434662326E+01    0.102673967419903445E+01    0.919487078434299718E+02    0.102137845586346090E+10    0.291356402833626703E+03   -0.145678201416813351E+03
    0.498487694228814604E+01    0.102606007912856878E+01    0.910746229129551779E+02    0.594373503122009397E+09    0.291293396931539519E+03   -0.145646698465769759E+03
    0.498487694228814604E+01    0.102606007912856878E+01    0.910746229129551779E+02    0.594373503122009397E+09    0.291293396931539519E+03   -0.145646698465769759E+03
    0.703168263370081359E+01    0.102579924479982765E+01    0.892203104193996808E+02    0.740610902512113810E+09    0.291292724423840241E+03   -0.145646362211920120E+03
    0.703168263370081359E+01    0.102579924479982765E+01    0.892203104193996808E+02    0.740610902512113810E+09    0.291292724423840241E+03   -0.145646362211920120E+03
    0.196323007416919104E+02    0.102890272724209697E+01    0.990979821599207895E+02    0.698130146402916431E+09    0.291278740200925085E+03   -0.145639370100462543E+03
    0.223529490205519998E+02    0.102620316337781370E+01    0.957236760594528420E+02    0.545511175386495709E+09    0.291269303302197329E+03   -0.145634651651098665E+03
    0.138080097499852812E+02    0.102292228840304467E+01    0.943653228917222719E+02    0.535516901356317043E+09    0.291251513413469979E+03   -0.145625756706734990E+03
    0.138080097499852812E+02    0.102292228840304467E+01    0.943653228917222719E+02    0.535516901356317043E+09    0.291251513413469979E+03   -0.145625756706734990E+03
    0.160133420164046889E+02    0.102437926442867822E+01    0.904051619547207537E+02    0.781821084540286779E+09    0.291249380782093112E+03   -0.145624690391046556E+03
    0.407975200373709779E+01    0.102448373968577955E+01    0.914073154541325437E+02    0.395516397886023581E+09    0.291231794159368576E+03   -0.145615897079684288E+03
    0.380773926753771264E+01    0.102243860617934090E+01    0.938122866057377394E+02    0.462085242814577401E+09    0.291225363120619363E+03   -0.145612681560309682E+03
    0.380773926753771264E+01    0.102243860617934090E+01    0.938122866057377394E+02    0.462085242814577401E+09    0.291225363120619363E+03   -0.145612681560309682E+03
    0.128447719775345490E+02    0.102801831741220240E+01    0.967094478377295417E+02    0.442641903255287528E+09    0.291225315720142646E+03   -0.145612657860071323E+03
    0.133190695998997488E+01    0.102256146475872822E+01    0.981332660547342073E+02    0.369819945063741684E+09    0.291200325977083708E+03   -0.145600162988541854E+03
    0.197980815867204605E+02    0.102621938998010642E+01    0.946958518413733401E+02    0.549825251659436345E+09    0.291188371510544812E+03   -0.145594185755272406E+03
    0.276336255468352920E+01    0.102333026212175149E+01    0.906391337746573384E+02    0.853743165455733776E+09    0.291179218501166815E+03   -0.145589609250583408E+03
    0.276336255468352920E+01    0.102333026212175149E+01    0.906391337746573384E+02    0.853743165455733776E+09    0.291179218501166815E+03   -0.145589609250583408E+03
    0.307229563481896495E+01    0.102471557364927390E+01    0.907867375813339947E+02    0.443669869227274656E+09    0.291148161922848374E+03   -0.145574080961424187E+03
    0.201558676506706043E+02    0.102516633952043246E+01    0.952330826453465988E+02    0.416921933600876510E+09    0.291133967943192147E+03   -0.145566983971596073E+03
    0.246331783488330736E+02    0.102552530944669384E+01    0.990373070201975310E+02    0.434269281670192480E+09    0.291088753229176177E+03   -0.145544376614588089E+03
    0.210975605947671099E+02    0.102872347420473287E+01    0.987532125371909757E+02    0.768105484695438266E+09    0.291081278773167696E+03   -0.145540639386583848E+03
    0.210975605947671099E+02    0.102872347420473287E+01    0.987532125371909757E+02    0.768105484695438266E+09    0.291081278773167696E+03   -0.145540639386583848E+03
    0.236101865509765005E+02    0.102478719415013675E+01    0.935100728761251929E+02    0.826163843453837633E+09    0.291076447763995930E+03   -0.145538223881997965E+03
    0.964034898925891603E+01    0.102534665328109797E+01    0.895551527458285506E+02    0.778226285512767076E+09    0.291045231763665015E+03   -0.145522615881832508E+03
    0.214471629644861821E+02    0.102393697558760621E+01    0.972788670446124542E+02    0.419290626212398410E+09    0.291031055826318038E+03   -0.145515527913159019E+03
    0.870116949186154898E+01    0.102379030270092164E+01    0.921748302994196820E+02    0.632631203866580367E+09    0.291024419167804353E+03   -0.145512209583902177E+03
    0.870116949186154898E+01    0.102379030270092164E+01    0.921748302994196820E+02    0.632631203866580367E+09    0.291024419167804353E+03   -0.145512209583902177E+03
    0.138712080947160121E+02    0.102366951505630643E+01    0.979906495911197339E+02    0.362185728330142021E+09    0.290980834438080024E+03   -0.145490417219040012E+03
    0.887167583582217745E+01    0.102665310581186375E+01    0.925889346851253237E+02    0.505643615936031103E+09    0.290934979477583397E+03   -0.145467489738791699E+03
    0.756578279678443177E+01    0.102938083292133720E+01    0.999450667797816124E+02    0.671797152635449409E+09    0.290925839619525846E+03   -0.145462919809762923E+03
    0.474593138330772035E+01    0.102132012296384200E+01    0.998279046393808898E+02    0.625226476267905831E+09    0.290904964139307936E+03   -0.145452482069653968E+03
    0.474593138330772035E+01    0.102132012296384200E+01    0.998279046393808898E+02    0.625226476267905831E+09    0.290904964139307936E+03   -0.145452482069653968E+03
    0.282941127883370847E+01    0.102570059014886672E+01    0.916452591278130058E+02    0.441521318428501725E+09    0.290901929376276712E+03   -0.145450964688138356E+03
    0.196326184042680438E+02    0.102677880442139591E+01    0.992423720986296303E+02    0.103138238678767502E+10    0.290886929391746548E+03   -0.145443464695873274E+03
    0.126534545529272435E+02    0.102767768431999507E+01    0.932473509865132115E+02    0.879333952527886748E+09    0.290884733590125563E+03   -0.145442366795062782E+03
    0.285865491436076091E+02    0.102390739551292964E+01    0.985203123614409719E+02    0.738015195552625895E+09    0.290881923937795818E+03   -0.145440961968897909E+03
    0.285865491436076091E+02    0.102390739551292964E+01    0.985203123614409719E+02    0.738015195552625895E+09    0.290881923937795818E+03   -0.145440961968897909E+03
    0.723586297928092037E+01    0.102238165889349730E+01    0.955187345835923907E+02    0.595668680316243410E+09    0.290870838716681874E+03   -0.145435419358340937E+03
    0.723586297928092037E+01    0.102238165889349730E+01    0.955187345835923907E+02    0.595668680316243410E+09    0.290870838716681874E+03   -0.145435419358340937E+03
    0.394276601295183893E+01    0.102754169604017354E+01    0.985825861756388804E+02    0.381020466762395740E+09    0.290849075342328376E+03   -0.145424537671164188E+03
    0.394276601295183893E+01    0.102754169604017354E+01    0.985825861756388804E+02    0.381020466762395740E+09    0.290849075342328376E+03   -0.145424537671164188E+03
    0.119197472403896487E+02    0.102711218753523448E+01    0.937219744467436016E+02    0.622027109029553294E+09    0.290832846604069687E+03   -0.145416423302034843E+03
    0.167260594984898814E+00    0.102274363271767821E+01    0.944984950427620589E+02    0.609101079357155085E+09    0.290832502962965407E+03   -0.145416251481482703E+03
    0.219568800394102546E+02    0.102582093170673216E+01    0.970735188755500502E+02    0.505009459705804229E+09    0.290819687235318952E+03   -0.145409843617659476E+03
    0.764966574313124248E+01    0.102842697780075176E+01    0.965046296454508621E+02    0.937749893785549998E+09    0.290810034391294039E+03   -0.145405017195647019E+03
    0.661979881661621317E+01    0.102760869977342062E+01    0.930075521999710304E+02    0.688937257640183449E+09    0.290786144801295109E+03   -0.145393072400647554E+03
    0.661979881661621317E+01    0.102760869977342062E+01    0.930075521999710304E+02    0.688937257640183449E+09    0.290786144801295109E+03   -0.145393072400647554E+03
    0.866408086117017184E+01    0.102812583895960463E+01    0.969612164228395272E+02    0.589773035733607054E+09    0.290677342348380307E+03   -0.145338671174190154E+03
    0.292043357323649930E-01    0.102262505892798217E+01    0.973876498436511469E+02    0.399248425389142990E+09    0.290674596875641612E+03   -0.145337298437820806E+03
    0.292043357323649930E-01    0.102262505892798217E+01    0.973876498436511469E+02    0.399248425389142990E+09    0.290674596875641612E+03   -0.145337298437820806E+03
    0.827913489065008612E+01    0.102252785084865216E+01    0.965722721427480622E+02    0.435185135453267038E+09    0.290674116896575129E+03   -0.145337058448287564E+03
    0.827913489065008612E+01    0.102252785084865216E+01    0.965722721427480622E+02    0.435185135453267038E+09    0.290674116896575129E+03   -0.145337058448287564E+03
    0.228596123327325706E+01    0.102319854287008116E+01    0.940866493137322664E+02    0.578976163915009379E+09    0.290670288516327844E+03   -0.145335144258163922E+03
    0.857442808374116083E+01    0.102610769358515097E+01    0.975522986700010222E+02    0.360646388826794446E+09    0.290641246248584650E+03   -0.145320623124292325E+03
    0.857442808374116083E+01    0.102610769358515097E+01    0.975522986700010222E+02    0.360646388826794446E+09    0.290641246248584650E+03   -0.145320623124292325E+03
    0.270398767096777837E+01    0.102436968795256877E+01    0.926141079437545471E+02    0.606105045498024583E+09    0.290633509221590089E+03   -0.145316754610795044E+03
    0.130830537718332867E+02    0.102260723830468825E+01    0.974594122124856028E+02    0.535684150883835018E+09    0.290602819490799902E+03   -0.145301409745399951E+03
    0.180964797494286458E+02    0.102597824248707026E+01    0.942127001392597805E+02    0.939956196776090145E+09    0.290599227526346624E+03   -0.145299613763173312E+03
    0.215926250913552664E+02    0.102455717292904813E+01    0.980089620926202940E+02    0.459618892954815686E+09    0.290585938487082444E+03   -0.145292969243541222E+03
    0.154981456221575584E+02    0.102620237431900385E+01    0.960054936485296508E+02    0.102074119074357069E+10    0.290573736710969797E+03   -0.145286868355484899E+03
    0.154981456221575584E+02    0.102620237431900385E+01    0.960054936485296508E+02    0.102074119074357069E+10    0.290573736710969797E+03   -0.145286868355484899E+03
    0.155299926401936865E+02    0.102295686092473925E+01    0.946882623946559505E+02    0.723906228188301802E+09    0.290563138308795203E+03   -0.145281569154397602E+03
    0.111160332764182215E+02    0.102621209742767672E+01    0.926763683072960305E+02    0.665632372000054479E+09    0.290553961641770513E+03   -0.145276980820885257E+03
    0.520353687801606934E+01    0.102555843995083373E+01    0.930156497017229640E+02    0.569574098591047525E+09    0.290546990452433647E+03   -0.145273495226216824E+03
    0.520353687801606934E+01    0.102555843995083373E+01    0.930156497017229640E+02    0.569574098591047525E+09    0.290546990452433647E+03   -0.145273495226216824E+03
    0.142221073785309748E+01    0.102300542222188851E+01    0.946466689540865502E+02    0.454967228547140479E+09    0.290531561009080463E+03   -0.145265780504540231E+03
    0.142221073785309748E+01    0.102300542222188851E+01    0.946466689540865502E+02    0.454967228547140479E+09    0.290531561009080463E+03   -0.145265780504540231E+03
    0.201753334257893648E+02    0.102485739498405448E+01    0.969056355253011077E+02    0.514979092590888143E+09    0.290523927705643416E+03   -0.145261963852821708E+03
    0.925782187534773371E+01    0.102389116111718659E+01    0.923555027746020016E+02    0.696296031291377664E+09    0.290513828925103724E+03   -0.145256914462551862E+03
    0.205820059873563466E+02    0.102441683078774126E+01    0.980809400959594200E+02    0.994874091872843027E+09    0.290507180717514416E+03   -0.145253590358757208E+03
    0.948265042626336041E+00    0.102806397572599950E+01    0.962750099938563579E+02    0.650088375297807932E+09    0.290506806728138145E+03   -0.145253403364069072E+03
    0.911367227737195940E+01    0.102383964106799064E+01    0.936910300210939369E+02    0.502906625912905335E+09    0.290503692136043071E+03   -0.145251846068021536E+03
    0.104132041021765787E+02    0.102713383808142855E+01    0.945111117948867445E+02    0.981434227036538959E+09    0.290489763272455775E+03   -0.145244881636227888E+03
    0.151375667523352071E+02    0.102352074738802368E+01    0.953739439599273879E+02    0.630404045418817401E+09    0.290487298092749143E+03   -0.145243649046374571E+03
    0.110975887891485883E+02    0.102646088888682541E+01    0.987068892984409985E+02    0.371309393535475373E+09    0.290483846999323362E+03   -0.145241923499661681E+03
    0.158205690871167466E+02    0.102416422515560623E+01    0.959761499791707564E+02    0.415613906826955676E+09    0.290468436537558489E+03   -0.145234218268779244E+03
    0.158205690871167466E+02    0.102416422515560623E+01    0.959761499791707564E+02    0.415613906826955676E+09    0.290468436537558489E+03   -0.145234218268779244E+03
    0.197833842103743685E+02    0.102328651253472080E+01    0.973741029465256958E+02    0.890458723824892640E+09    0.290465206168281611E+03   -0.145232603084140806E+03
    0.527353276891629807E+01    0.102133111030934320E+01    0.999989046567899749E+02    0.814879157521882296E+09    0.290458925544410363E+03   -0.145229462772205181E+03
    0.462064043198615337E+01    0.102465210834772957E+01    0.928913706378400548E+02    0.493408176209499002E+09    0.290450061241993694E+03   -0.145225030620996847E+03
    0.909571462885367055E+01    0.102277491534967480E+01    0.963657109837104571E+02    0.526026740921307206E+09    0.290434989221933620E+03   -0.145217494610966810E+03
    0.132500712342442928E+00    0.102523118038137762E+01    0.931150605635526176E+02    0.624890242293949723E+09    0.290409676856573753E+03   -0.145204838428286877E+03
    0.110560871374931651E+02    0.102659035235890483E+01    0.919577372981899117E+02    0.844704660247099638E+09    0.290406439554654582E+03   -0.145203219777327291E+03
    0.110560871374931651E+02    0.102659035235890483E+01    0.919577372981899117E+02    0.844704660247099638E+09    0.290406439554654582E+03   -0.145203219777327291E+03
    0.120157165821676220E+02    0.102479164564987801E+01    0.957876984863752909E+02    0.390864851124288023E+09    0.290396161258977941E+03   -0.145198080629488970E+03
    0.250294017125230752E+02    0.102528975870599526E+01    0.967444739834836724E+02    0.746739095080607057E+09    0.290357082720361063E+03   -0.145178541360180532E+03
    0.978827085602737568E+00    0.102462761546558134E+01    0.940471601138363980E+02    0.402374103958196521E+09    0.290323437071528588E+03   -0.145161718535764294E+03
    0.978827085602737568E+00    0.102462761546558134E+01    0.940471601138363980E+02    0.402374103958196521E+09    0.290323437071528588E+03   -0.145161718535764294E+03
    0.249283009729994198E+02    0.102602449860323741E+01    0.996104776438665738E+02    0.640855668708845615E+09    0.290322741476120939E+03   -0.145161370738060469E+03
    0.131186413682398886E+02    0.102573280187424376E+01    0.940999085596202747E+02    0.639983942785664558E+09    0.290320063877533187E+03   -0.145160031938766593E+03
    0.115990597874081729E+02    0.102617017060719462E+01    0.927941818047041522E+02    0.888972971390816331E+09    0.290300376438847650E+03   -0.145150188219423825E+03
    0.189856987658821836E+02    0.102614279373061223E+01    0.977875914812425862E+02    0.496765498332243443E+09    0.290286726815818611E+03   -0.145143363407909305E+03
    0.147290427373844590E+02    0.102707171661364360E+01    0.975809994676834123E+02    0.470419697169382870E+09    0.290267755601676811E+03   -0.145133877800838405E+03
    0.147290427373844590E+02    0.102707171661364360E+01    0.975809994676834123E+02    0.470419697169382870E+09    0.290267755601676811E+03   -0.145133877800838405E+03
    0.107282937069079622E+02    0.102719174326405338E+01    0.980112694364176775E+02    0.101859993363706338E+10    0.290261795639124671E+03   -0.145130897819562335E+03
    0.893650091058356111E+01    0.102469609280495422E+01    0.919333987776928439E+02    0.737978087848751187E+09    0.290250292604793231E+03   -0.145125146302396615E+03
    0.286265737477331594E+01    0.102321921836156560E+01    0.951706287082365066E+02    0.449022830470520616E+09    0.290247691625761149E+03   -0.145123845812880575E+03
    0.286265737477331594E+01    0.102321921836156560E+01    0.951706287082365066E+02    0.449022830470520616E+09    0.290247691625761149E+03   -0.145123845812880575E+03
    0.545700943276168893E+01    0.102296071071221339E+01    0.960803922121929901E+02    0.574667635357962132E+09    0.290245738890181542E+03   -0.145122869445090771E+03
    0.152801080695415870E+02    0.102762840494808616E+01    0.999871159525695532E+02    0.524141480833922088E+09    0.290237107852544000E+03   -0.145118553926272000E+03
    0.108008438224161463E+02    0.102761200459549173E+01    0.978166274497900332E+02    0.534091545231341839E+09    0.290231126607890133E+03   -0.145115563303945066E+03
    0.146058681568026074E+02    0.102546689221849285E+01    0.988349359628660977E+02    0.386699928838590026E+09    0.290223514562685523E+03   -0.145111757281342761E+03
    0.187325828828158407E+02    0.102600196645305775E+01    0.977556971497484994E+02    0.503020152058302641E+09    0.290217568117608664E+03   -0.145108784058804332E+03
    0.100406532583414325E+02    0.102510975550862615E+01    0.944778124134388833E+02    0.991884798378572106E+09    0.290214926250411736E+03   -0.145107463125205868E+03
    0.113625815479360259E+02    0.102610649838390700E+01    0.957750971254899355E+02    0.408187211498112202E+09    0.290206611512324571E+03   -0.145103305756162285E+03
    0.233584695008525411E+01    0.102553549514013809E+01    0.937624558054901343E+02    0.488491751160135984E+09    0.290203812278972634E+03   -0.145101906139486317E+03
    0.787313016390691800E+01    0.102839616811117018E+01    0.980443736626917257E+02    0.675466006067883372E+09    0.290189705162983671E+03   -0.145094852581491836E+03
    0.124465619691935494E+02    0.102582287781531534E+01    0.939891317611896397E+02    0.947508400884568214E+09    0.290186208631124998E+03   -0.145093104315562499E+03
    0.128526998156484762E+02    0.102670840754619808E+01    0.931157557177606776E+02    0.846545374819068193E+09    0.290177182210063791E+03   -0.145088591105031895E+03
    0.140810556578400536E+01    0.102755829810319055E+01    0.962234534541992872E+02    0.623213247137505293E+09    0.290173055362837829E+03   -0.145086527681418914E+03
    0.997916290749225965E+01    0.102645112213665723E+01    0.957321527231613061E+02    0.420479886579100311E+09    0.290165392976604437E+03   -0.145082696488302219E+03
    0.119748313933273707E+02    0.102557319937026659E+01    0.953445110317631190E+02    0.428922953198749661E+09    0.290158857736621940E+03   -0.145079428868310970E+03
    0.334896517630340940E+01    0.102595354118968496E+01    0.938976676539195125E+02    0.608017150133460402E+09    0.290157324701145285E+03   -0.145078662350572642E+03
    0.200163157572011663E+02    0.102402138538122545E+01    0.965042747268155381E+02    0.874139905717473626E+09    0.290153667462577801E+03   -0.145076833731288900E+03
    0.194481134506375355E+02    0.102399726504886646E+01    0.998859910559637143E+02    0.982995972189476967E+09    0.290149475962818428E+03   -0.145074737981409214E+03
    0.196380187165303681E+02    0.102446936485577522E+01    0.969326495795702670E+02    0.920855185486437440E+09    0.290142938159391122E+03   -0.145071469079695561E+03
    0.570356600866410712E+01    0.102233011813196062E+01    0.991022590248916515E+02    0.522278094822797179E+09    0.290139033803623704E+03   -0.145069516901811852E+03
    0.489356776335513555E+01    0.102296676833005873E+01    0.943908542977948599E+02    0.710261675577964664E+09    0.290135201045538963E+03   -0.145067600522769482E+03
    0.144529955169741564E+01    0.102641643253175574E+01    0.953540349044643847E+02    0.418912448199419022E+09    0.290132357926830480E+03   -0.145066178963415240E+03
    0.100010067755453704E+02    0.102242631538728923E+01    0.969698013697490921E+02    0.854266279506966829E+09    0.290127633150672636E+03   -0.145063816575336318E+03
    0.813488653223661728E+01    0.102761670398765070E+01    0.955844467424620774E+02    0.895095461238799691E+09    0.290105438850084283E+03   -0.145052719425042142E+03
    0.572083415240455206E+01    0.102330397211175739E+01    0.981432903499624842E+02    0.393147848708355308E+09    0.290097000224690305E+03   -0.145048500112345153E+03
    0.222178056094803900E+02    0.102655614790371286E+01    0.970196082591758966E+02    0.850839478872298837E+09    0.290089529966483951E+03   -0.145044764983241976E+03
    0.956893424157685857E+01    0.102504171110034115E+01    0.920146197448884777E+02    0.821865329195237398E+09    0.290080678521678237E+03   -0.145040339260839119E+03
    0.211372644641420813E+02    0.102399550917375892E+01    0.997236909063132373E+02    0.580267236809987307E+09    0.290078753093475086E+03   -0.145039376546737543E+03
    0.119602929287626480E+01    0.102765409505153782E+01    0.993517768110236119E+02    0.462135622437798381E+09    0.290078454656336248E+03   -0.145039227328168124E+03
    0.569099402542235211E+01    0.102516608822014965E+01    0.941653071608822785E+02    0.588905090021497011E+09    0.290074754015367262E+03   -0.145037377007683631E+03
    0.217069547378465515E+02    0.102502104356839596E+01    0.999229227460122615E+02    0.548184046366778135E+09    0.290068229565343245E+03   -0.145034114782671622E+03
    0.747748500940556315E+01    0.102630212425805412E+01    0.994431561395274173E+02    0.378771511106529653E+09    0.290044003057757664E+03   -0.145022001528878832E+03
    0.560283165550208295E+01    0.102501896592429098E+01    0.971113810546461877E+02    0.102309823278920031E+10    0.290034420211057636E+03   -0.145017210105528818E+03
    0.158217107889053157E+02    0.102590034189316848E+01    0.943255164248688942E+02    0.872837019856339455E+09    0.290031842004680129E+03   -0.145015921002340065E+03
    0.121088566896366014E+02    0.102470911787172714E+01    0.955213939329911028E+02    0.441399299730787337E+09    0.290024716872805527E+03   -0.145012358436402764E+03
    0.821708435787856040E+01    0.102304158906766918E+01    0.958213374033487781E+02    0.657084398356712699E+09    0.290021555745615899E+03   -0.145010777872807950E+03
    0.487123136629145925E+01    0.102428631074138288E+01    0.946538344040848330E+02    0.563885644572228551E+09    0.290017838934769429E+03   -0.145008919467384715E+03
    0.112791098966960117E+02    0.102636339437559210E+01    0.931315886242175566E+02    0.734338588274873137E+09    0.290002106675605376E+03   -0.145001053337802688E+03
    0.619516894048528233E+01    0.102794212698825627E+01    0.997059202716210393E+02    0.555879726602309704E+09    0.289990956253607010E+03   -0.144995478126803505E+03
    0.184560562181823751E+01    0.102292187543742341E+01    0.966311370063799444E+02    0.623065385103746653E+09    0.289979429909253838E+03   -0.144989714954626919E+03
    0.217931353475956620E+02    0.102518950019699706E+01    0.983601341979390327E+02    0.901195492752079129E+09    0.289978515027220851E+03   -0.144989257513610426E+03
    0.210867128451719594E+02    0.102517848316518134E+01    0.999132339247791492E+02    0.555057710294045210E+09    0.289957101937459299E+03   -0.144978550968729650E+03
    0.141209305380623906E+01    0.102707911556631704E+01    0.987340769681047732E+02    0.412199096288943052E+09    0.289956806952948682E+03   -0.144978403476474341E+03
    0.146804994907614415E+02    0.102778855742092445E+01    0.987983435862167596E+02    0.894926746555299163E+09    0.289951312986594701E+03   -0.144975656493297350E+03
    0.361352590019453723E+01    0.102640784488940073E+01    0.951845502006666351E+02    0.493365594654254258E+09    0.289951244059888154E+03   -0.144975622029944077E+03
    0.624869328579000705E+01    0.102290750581102419E+01    0.958738129449105685E+02    0.671797442621832013E+09    0.289950078907102352E+03   -0.144975039453551176E+03
    0.102907760182134211E+02    0.102576175855458596E+01    0.935577168339992511E+02    0.690257696397836447E+09    0.289949536324005066E+03   -0.144974768162002533E+03
    0.191441508716361177E+02    0.102399688808994616E+01    0.991378229172854191E+02    0.572434305427368641E+09    0.289947532245958769E+03   -0.144973766122979384E+03
    0.926461887406492579E+01    0.102864581648395248E+01    0.997934065933667682E+02    0.829489913087037563E+09    0.289943654416938102E+03   -0.144971827208469051E+03
    0.125220488782493966E+02    0.102672602350449060E+01    0.990858965787391952E+02    0.414232316910213768E+09    0.289924626097533348E+03   -0.144962313048766674E+03
    0.111296788377785223E+02    0.102522957380806079E+01    0.954616533103704370E+02    0.579827271080901146E+09    0.289907269894501212E+03   -0.144953634947250606E+03
    0.178781396517934006E+02    0.102408726370757397E+01    0.988417415975483209E+02    0.516399989519383729E+09    0.289893035314656402E+03   -0.144946517657328201E+03
    0.142936156985520402E+01    0.102276276352322748E+01    0.979226038427587895E+02    0.603662926432785749E+09    0.289844281338095811E+03   -0.144922140669047906E+03
    0.194602209034728517E+02    0.102470953605487636E+01    0.991458980171974105E+02    0.952661666781574726E+09    0.289827013058089051E+03   -0.144913506529044525E+03
    0.169640655066705222E+02    0.102772301076523398E+01    0.976945381857422461E+02    0.755043300068544745E+09    0.289826489173788730E+03   -0.144913244586894365E+03
    0.272316305977465190E+01    0.102718487694125526E+01    0.972830303604672935E+02    0.525243535612711549E+09    0.289824608963355445E+03   -0.144912304481677722E+03
    0.314447352959219062E+01    0.102545892124158788E+01    0.947458012551616804E+02    0.611356178568469048E+09    0.289817847605992370E+03   -0.144908923802996185E+03
    0.205471164052209510E+02    0.102413792538658099E+01    0.964088018415318260E+02    0.794440611819203019E+09    0.289801975180832414E+03   -0.144900987590416207E+03
    0.960800070280838092E+01    0.102814602618636575E+01    0.989132202946293120E+02    0.866598691257791758E+09    0.289790428209776621E+03   -0.144895214104888311E+03
    0.150189603236152092E+01    0.102734973117747419E+01    0.991963950895804345E+02    0.468156936389229357E+09    0.289785249349580113E+03   -0.144892624674790056E+03
    0.223739155049769245E+01    0.102695690128926342E+01    0.987534700483419812E+02    0.421699047302953959E+09    0.289780291833872980E+03   -0.144890145916936490E+03
    0.143476699793854721E+02    0.102345276053999457E+01    0.996140695647241046E+02    0.452955740963340878E+09    0.289776619442936578E+03   -0.144888309721468289E+03
    0.296392817898531202E+01    0.102663999706534637E+01    0.998505230303138660E+02    0.397675476624079645E+09    0.289735997376687806E+03   -0.144867998688343903E+03
    0.765331590527782435E+01    0.102502769595948062E+01    0.993600859873259026E+02    0.384769536339670360E+09    0.289729796152567587E+03   -0.144864898076283794E+03
    0.109349321200255339E+00    0.102401893379062048E+01    0.960640655055706389E+02    0.544160115162060738E+09    0.289703819786884992E+03   -0.144851909893442496E+03
    0.119667077358162910E+02    0.102639152712088277E+01    0.950921076723031433E+02    0.679289853293151736E+09    0.289702601226443107E+03   -0.144851300613221554E+03
    0.140970285071891865E+02    0.102611833150605691E+01    0.999801082587457870E+02    0.694027993518572927E+09    0.288466920220721079E+03   -0.144233460110360539E+03
    0.651390814688602582E+01    0.102658143230538590E+01    0.998434267630539267E+02    0.601869600585143328E+09    0.288766366234450288E+03   -0.144383183117225144E+03
    0.113166668327197986E+02    0.102499517150289576E+01    0.999462159985511818E+02    0.559875180820574999E+09    0.288873550819893808E+03   -0.144436775409946904E+03
    0.845202003117126210E+01    0.102718795048223011E+01    0.998028281705018401E+02    0.794022850348915100E+09    0.288420642835212902E+03   -0.144210321417606451E+03
    0.845202003117126210E+01    0.102718795048223011E+01    0.998028281705018401E+02    0.794022850348915100E+09    0.288420642835212902E+03   -0.144210321417606451E+03
    0.622440003421353349E+01    0.102800404726204975E+01    0.986858465764026107E+02    0.740399864733960986E+09    0.289327799577980556E+03   -0.144663899788990278E+03
    0.508793433160307718E+01    0.102707726736206517E+01    0.996740459805943573E+02    0.679175769425815463E+09    0.288616879918876521E+03   -0.144308439959438260E+03
    0.884620662643330746E+01    0.102702057079094233E+01    0.985715621323359414E+02    0.541096510907346129E+09    0.289500559707163120E+03   -0.144750279853581560E+03
    0.781132853373291702E+01    0.102764410039166032E+01    0.998879483169131959E+02    0.831977352915614486E+09    0.288915146263758572E+03   -0.144457573131879286E+03
    0.217180547101126571E+02    0.102559598326147716E+01    0.977435287472774235E+02    0.743285916002597451E+09    0.289572245100137479E+03   -0.144786122550068740E+03
    0.152348904314072033E+02    0.102503649467489155E+01    0.984916047537308827E+02    0.939877962636286259E+09    0.289387830031070735E+03   -0.144693915015535367E+03
    0.118938677300539446E+02    0.102602531049958912E+01    0.985980772166598456E+02    0.792859803535662413E+09    0.288338880129713459E+03   -0.144169440064856730E+03
    0.118938677300539446E+02    0.102602531049958912E+01    0.985980772166598456E+02    0.792859803535662413E+09    0.288338880129713459E+03   -0.144169440064856730E+03
    0.812810735004388896E+01    0.102415697690816221E+01    0.993851915116236597E+02    0.639778793147963524E+09    0.288630749794684277E+03   -0.144315374897342139E+03
    0.163290394920014919E+02    0.102358343686418274E+01    0.979166253016047534E+02    0.666763776511394620E+09    0.289615342390968920E+03   -0.144807671195484460E+03
    0.155613477030967129E+02    0.102439775388455367E+01    0.996985226230041803E+02    0.969039629112773180E+09    0.289522008455079401E+03   -0.144761004227539701E+03
    0.161363167607532780E+02    0.102317730676706464E+01    0.990239524903609691E+02    0.684284153543239594E+09    0.289484850694039324E+03   -0.144742425347019662E+03
    0.122415442581501246E+02    0.102322854905302774E+01    0.984427858972962184E+02    0.673554137937846541E+09    0.289299387224101906E+03   -0.144649693612050953E+03
    0.150014263761191291E+02    0.102478384523444133E+01    0.994395467454748854E+02    0.690276718312930465E+09    0.288619228666577783E+03   -0.144309614333288891E+03
    0.125652505409735902E+02    0.102348606929672692E+01    0.998021487775830707E+02    0.690027265709562302E+09    0.288761722869805510E+03   -0.144380861434902755E+03
    0.119864956381848913E+02    0.102238941591844856E+01    0.983383311680369729E+02    0.791672556946654797E+09    0.289665723007196448E+03   -0.144832861503598224E+03
    0.180705163644573901E+02    0.102316239442451806E+01    0.992011768230641025E+02    0.810480828358154297E+09    0.289432440971996812E+03   -0.144716220485998406E+03
    0.200456530599241241E+02    0.102468045052174128E+01    0.977576672945579048E+02    0.801756443159415126E+09    0.289282286313819384E+03   -0.144641143156909692E+03
    0.935593401606356601E+01    0.102353720627608413E+01    0.989138788796918220E+02    0.663706642880147696E+09    0.288885950559548462E+03   -0.144442975279774231E+03
    0.747233058585252152E+01    0.102631256501649104E+01    0.967169164646888930E+02    0.931360122117730498E+09    0.289334435296863148E+03   -0.144667217648431574E+03
    0.218008271681180243E+01    0.102634749073635523E+01    0.970875041643711114E+02    0.779582780061072588E+09    0.288591351176335877E+03   -0.144295675588167938E+03
    0.134795044215225590E+01    0.102637858464542298E+01    0.970037172933705705E+02    0.968449225707184792E+09    0.289590499209512416E+03   -0.144795249604756208E+03
    0.842888663455220871E-01    0.102667915604957827E+01    0.975098605248755916E+02    0.809543796607555628E+09    0.288714964060040131E+03   -0.144357482030020066E+03
    0.842888663455220871E-01    0.102667915604957827E+01    0.975098605248755916E+02    0.809543796607555628E+09    0.288714964060040131E+03   -0.144357482030020066E+03
    0.592212081453758188E+01    0.102745561617357639E+01    0.957155340458638761E+02    0.755037092478686810E+09    0.289494647056153269E+03   -0.144747323528076635E+03
    0.525073275571511910E+01    0.102393090601329417E+01    0.969663933862967724E+02    0.907414150454193354E+09    0.289335681148945071E+03   -0.144667840574472535E+03
    0.678702504451320365E+01    0.102513261011682300E+01    0.965667139796098581E+02    0.658849205642667413E+09    0.289054700173022923E+03   -0.144527350086511461E+03
    0.708463792945655868E+00    0.102439181538768165E+01    0.972639026565145173E+02    0.849354556594027996E+09    0.288813999195571228E+03   -0.144406999597785614E+03
    0.133334006472792570E+02    0.102604885406165103E+01    0.948150146955858446E+02    0.762444414766464829E+09    0.289421079885385552E+03   -0.144710539942692776E+03
    0.457344215464582948E+01    0.102424059504223397E+01    0.954251951841944503E+02    0.725557100148605227E+09    0.289097252640957493E+03   -0.144548626320478746E+03
    0.611263586874777598E+01    0.102344036240906222E+01    0.959007756819433439E+02    0.665967313955454469E+09    0.289610583092653656E+03   -0.144805291546326828E+03
    0.562907982065991952E+01    0.102736169158106172E+01    0.958572850803888343E+02    0.707652445007749081E+09    0.289562307130066642E+03   -0.144781153565033321E+03
    0.431854706370661479E+01    0.102555644574968530E+01    0.971718131770568476E+02    0.894023447270433903E+09    0.288977932336101617E+03   -0.144488966168050808E+03
    0.603477603168717514E-01    0.102495846853249351E+01    0.951419389887988132E+02    0.868150072387364507E+09    0.289398230913572206E+03   -0.144699115456786103E+03
    0.607553013192766134E+01    0.102556296629002230E+01    0.972800096317357088E+02    0.100416777807194638E+10    0.289673136295305255E+03   -0.144836568147652628E+03
    0.755304192602545843E+01    0.102437481693333687E+01    0.947526529567791869E+02    0.852701091207098365E+09    0.289390763323691033E+03   -0.144695381661845516E+03
    0.233187645713515179E+01    0.102420308911424662E+01    0.969723963492813823E+02    0.739472039098504305E+09    0.288661389381867707E+03   -0.144330694690933854E+03
    0.598261469098026932E+01    0.102494713945104365E+01    0.984136755984430067E+02    0.939769200117039800E+09    0.289000942435592037E+03   -0.144500471217796019E+03
    0.103089365987787023E+02    0.102443419833182703E+01    0.969507190031806232E+02    0.561206671259806871E+09    0.289506474919862285E+03   -0.144753237459931142E+03
    0.897030337121842436E+01    0.102563439781071630E+01    0.978386342704588117E+02    0.848408687920223236E+09    0.288581418758177847E+03   -0.144290709379088923E+03
    0.940043542426887768E+01    0.102564852835659392E+01    0.984622109390912499E+02    0.936137814607864857E+09    0.289020244220212135E+03   -0.144510122110106067E+03
    0.800427711181648149E+01    0.102553243443421782E+01    0.980318365032661063E+02    0.925436135010230064E+09    0.288999105914411871E+03   -0.144499552957205935E+03
    0.112522044906390661E+02    0.102627014954281837E+01    0.974537137879848814E+02    0.644036945880848169E+09    0.289209143788135350E+03   -0.144604571894067675E+03
    0.181578738233906978E+01    0.102258857446354035E+01    0.992113310854108192E+02    0.698463217905647755E+09    0.289261646098659924E+03   -0.144630823049329962E+03
    0.615566742288623381E+01    0.102636595281455567E+01    0.968406758675672563E+02    0.926101064195687413E+09    0.289285303412209998E+03   -0.144642651706104999E+03
    0.149201973165431880E+02    0.102495777181338887E+01    0.999544773191906017E+02    0.600489787125465035E+09    0.288999708347310047E+03   -0.144499854173655024E+03
    0.296567983677086755E+00    0.102336604478004056E+01    0.980543328355487347E+02    0.856984653239943743E+09    0.289160583274708415E+03   -0.144580291637354208E+03
    0.915315611128092854E+01    0.102488109985844855E+01    0.983355410153504437E+02    0.428833547580664217E+09    0.289361862384001256E+03   -0.144680931192000628E+03
    0.248335944410631448E+01    0.102325957717582017E+01    0.993421482790665493E+02    0.535959181145776927E+09    0.289295949645590895E+03   -0.144647974822795447E+03
    0.982511900488471568E+01    0.102388348612494151E+01    0.994179565388279940E+02    0.421621884194953740E+09    0.289442925072121284E+03   -0.144721462536060642E+03
    0.690936239319422607E+00    0.102654567178896095E+01    0.998565134223017452E+02    0.526947220683495700E+09    0.289049114985259735E+03   -0.144524557492629867E+03
    0.101071392718376032E+02    0.102474643515732478E+01    0.997736729625214593E+02    0.411576473785074711E+09    0.289345035067229958E+03   -0.144672517533614979E+03
    0.832258946136696842E+01    0.102668337828977707E+01    0.971991979222981968E+02    0.551555321114529729E+09    0.289588184132506285E+03   -0.144794092066253143E+03
    0.514249704355445836E+01    0.102365871117065632E+01    0.994454514430956067E+02    0.509425462841502666E+09    0.289059944557403583E+03   -0.144529972278701791E+03
    0.555919236539890704E+01    0.102715718501693432E+01    0.988553931526937220E+02    0.515171088214871466E+09    0.289504013333068883E+03   -0.144752006666534442E+03
    0.546022726605354558E+00    0.102562990626468897E+01    0.986031759534338903E+02    0.557988993793508172E+09    0.289019429285859644E+03   -0.144509714642929822E+03
    0.667605909542802944E+01    0.102391101777007187E+01    0.965083581464120215E+02    0.454096192226402164E+09    0.289594247137387185E+03   -0.144797123568693593E+03
    0.631002558735816232E+00    0.102524201933241499E+01    0.991306699306330472E+02    0.538693200221707582E+09    0.288902222832953726E+03   -0.144451111416476863E+03
    0.842372450952180252E+01    0.102479303279203604E+01    0.991797376262042860E+02    0.404063170498566031E+09    0.289381223486455610E+03   -0.144690611743227805E+03
    0.455261917116292270E+00    0.102534777483640505E+01    0.979449154285808703E+02    0.872700060466436625E+09    0.288778838520355521E+03   -0.144389419260177760E+03
    0.507429669420788976E+01    0.102474651715173226E+01    0.962078715034084979E+02    0.953052884214705348E+09    0.289506156717218914E+03   -0.144753078358609457E+03
    0.370268106805549868E+01    0.102469186700301673E+01    0.974120718679710791E+02    0.442862018742117107E+09    0.289305947055034608E+03   -0.144652973527517304E+03
    0.123538496579689627E+01    0.102556899962392012E+01    0.955805082400123496E+02    0.819691461065139413E+09    0.288958223476698606E+03   -0.144479111738349303E+03
    0.275614138718875923E+01    0.102684961653484463E+01    0.945899431627608323E+02    0.790379236948235989E+09    0.289393451286860909E+03   -0.144696725643430455E+03
    0.121034984938328627E+02    0.102345506947885889E+01    0.971145748971825640E+02    0.808187491066478729E+09    0.289111592040433948E+03   -0.144555796020216974E+03
    0.120205783586659187E+01    0.102704408361290400E+01    0.994247401054829396E+02    0.442153770341439068E+09    0.289642908650080074E+03   -0.144821454325040037E+03
    0.125424529154319320E+02    0.102464903652700046E+01    0.958730044528398224E+02    0.796612794219314814E+09    0.289006366440287593E+03   -0.144503183220143796E+03
    0.233397745352456276E+01    0.102647938724606580E+01    0.987029329542759797E+02    0.517343281614830256E+09    0.289181027267351396E+03   -0.144590513633675698E+03
    0.193339195505361197E+02    0.102525636633160921E+01    0.985371568191627460E+02    0.698372600636375070E+09    0.289237480837405315E+03   -0.144618740418702657E+03
    0.557508152663839862E+01    0.102529682837606306E+01    0.967828068348136838E+02    0.556865578029667616E+09    0.289354460771937340E+03   -0.144677230385968670E+03
    0.949349055101853700E+01    0.102613135865209393E+01    0.968116823067514503E+02    0.880039209901768088E+09    0.289062356176708931E+03   -0.144531178088354466E+03
    0.124096927989949535E+02    0.102594495482259607E+01    0.974413962244175877E+02    0.719053315626679301E+09    0.288760622773206364E+03   -0.144380311386603182E+03
    0.254938494661163784E+01    0.102566213787115101E+01    0.983165296589552042E+02    0.406234810363821030E+09    0.289489452929559320E+03   -0.144744726464779660E+03
    0.149888199965398172E+01    0.102603392987425202E+01    0.992923331454945099E+02    0.603724773061454535E+09    0.288755434008881878E+03   -0.144377717004440939E+03
    0.130359603233750914E+02    0.102660799137770065E+01    0.949810189874848732E+02    0.786631846401963949E+09    0.289421964225532179E+03   -0.144710982112766089E+03
    0.342009886379394734E+01    0.102470877090103274E+01    0.973830273339337680E+02    0.824071036291149735E+09    0.288509563720980054E+03   -0.144254781860490027E+03
    0.327217588819410965E+01    0.102493539685591206E+01    0.999213171811164926E+02    0.457673424455070853E+09    0.288876729538758582E+03   -0.144438364769379291E+03
    0.116989427358797400E+02    0.102432556930451590E+01    0.997430399551611657E+02    0.808456830075301647E+09    0.288187491980759773E+03   -0.144093745990379887E+03
    0.437765731013121506E+01    0.102422428034663748E+01    0.991877374678176551E+02    0.676000277602622271E+09    0.288363253927643768E+03   -0.144181626963821884E+03
    0.425928766948567272E+01    0.102724371735553111E+01    0.965302317979678293E+02    0.793735929011234283E+09    0.289082212586561525E+03   -0.144541106293280762E+03
    0.129666844543673783E+02    0.102296567859062471E+01    0.996902876445968786E+02    0.833001075082695723E+09    0.289176369221780931E+03   -0.144588184610890465E+03
    0.119841114912878943E+01    0.102702603388906599E+01    0.980762329412928437E+02    0.880959363998963833E+09    0.289145455547914139E+03   -0.144572727773957070E+03
    0.858589236264235112E+01    0.102355849489468453E+01    0.999119604758415818E+02    0.643977310250394225E+09    0.288764760453926044E+03   -0.144382380226963022E+03
    0.731776321356230852E+01    0.102485671566940639E+01    0.994044332376240902E+02    0.660334222680572748E+09    0.288363858147289591E+03   -0.144181929073644795E+03
    0.731776321356230852E+01    0.102485671566940639E+01    0.994044332376240902E+02    0.660334222680572748E+09    0.288363858147289591E+03   -0.144181929073644795E+03
    0.146119635649493618E+01    0.102519928377199054E+01    0.970145463382919786E+02    0.879497129000879407E+09    0.288969530180400341E+03   -0.144484765090200170E+03
    0.112126008946470588E+02    0.102653747483200020E+01    0.998379100026739366E+02    0.770872104569481850E+09    0.288187580167563510E+03   -0.144093790083781755E+03
    0.396650965740486505E+01    0.102758916168907666E+01    0.972917725420070667E+02    0.748678370259138346E+09    0.289232070746360932E+03   -0.144616035373180466E+03
    0.114315730585597706E+02    0.102368294437951191E+01    0.995369661882369030E+02    0.668432531130314112E+09    0.288752801651448920E+03   -0.144376400825724460E+03
