    0.405543973375019533E+02    0.102607149846285961E+01    0.809085938953359260E+02    0.937945559317231029E+08    0.151750539157203718E+03   -0.758752695786018592E+02
    0.539169698075664030E+02    0.102939675317023727E+01    0.938347579099278732E+02    0.960336973109588325E+08    0.151470180840147520E+03   -0.757350904200737602E+02
    0.935674589209463825E+01    0.102254349988837689E+01    0.976508878133984410E+02    0.540125842802674198E+10    0.151053713929711165E+03   -0.755268569648555825E+02
    0.619876721724685797E+01    0.102463129088592475E+01    0.909516255098062487E+02    0.218559692697756439E+09    0.146514952762895518E+03   -0.732574763814477592E+02
    0.815861544392081299E+02    0.102234880297273123E+01    0.949528474584455608E+02    0.937628767608272731E+08    0.146323621510981525E+03   -0.731618107554907624E+02
    0.844561816800787568E+02    0.102389655320162842E+01    0.997059723970142358E+02    0.114497838958654419E+09    0.145857443975129485E+03   -0.729287219875647423E+02
    0.168510068841045757E+01    0.101574474428530737E+01    0.996050511587473295E+02    0.533921855955200553E+09    0.145279651691098451E+03   -0.726398258455492254E+02
    0.152210449672849402E+01    0.102954572679787737E+01    0.968908294371342436E+02    0.128659888370260656E+09    0.144823533197872194E+03   -0.724117665989360972E+02
    0.284025864298827813E+02    0.102127297457979771E+01    0.983877390076683582E+02    0.133609306056995416E+10    0.144473516215194280E+03   -0.722367581075971401E+02
    0.210693176612368260E+01    0.102166018035937389E+01    0.863810377128948659E+02    0.528811973258628175E+08    0.144454487710438002E+03   -0.722272438552190010E+02
    0.453156940331041724E+02    0.101309997343015157E+01    0.988427128359939218E+02    0.187466879564451933E+09    0.143743283819633831E+03   -0.718716419098169155E+02
    0.425339626134776552E+02    0.101490955299740349E+01    0.887684244146419275E+02    0.692914195416950732E+08    0.143728908973024915E+03   -0.718644544865124573E+02
    0.160590486799587175E+02    0.102070169725254045E+01    0.985333933520740004E+02    0.145642712835767388E+10    0.143136662206640722E+03   -0.715683311033203609E+02
    0.900319654174483830E+01    0.101881430203167933E+01    0.857113801383479199E+02    0.594534042704250962E+08    0.143103236351680891E+03   -0.715516181758404457E+02
    0.288894593027726572E+02    0.101965232827254337E+01    0.993008064995601103E+02    0.301275757448069036E+09    0.142929360956194330E+03   -0.714646804780971650E+02
    0.554389186299219716E+02    0.101761788067217229E+01    0.947691613582348822E+02    0.191653626611243635E+09    0.142927862563483217E+03   -0.714639312817416084E+02
    0.560899444099967255E+02    0.102296633910661328E+01    0.979729778635058182E+02    0.520167731589411870E+08    0.142848356241135235E+03   -0.714241781205676176E+02
    0.473294976247190604E+02    0.101319155111898129E+01    0.956516825003982802E+02    0.805872978538329154E+08    0.142457971524640385E+03   -0.712289857623201925E+02
    0.643292800124651336E+02    0.101980431091440349E+01    0.914073098622514095E+02    0.702841903200531602E+08    0.142417282513027146E+03   -0.712086412565135731E+02
    0.193109230593729571E+02    0.101786846859780122E+01    0.905661410511555118E+02    0.522757037991488948E+08    0.142232791829778250E+03   -0.711163959148891252E+02
    0.783458250235307962E-01    0.101976866483805440E+01    0.994674580735675420E+02    0.513138837497644663E+09    0.142089382241252906E+03   -0.710446911206264531E+02
    0.700400803318144511E+02    0.102166034008700568E+01    0.983983167817391831E+02    0.616483115070392862E+08    0.142016415538674124E+03   -0.710082077693370621E+02
    0.864386261934898137E+01    0.101925309692876365E+01    0.840912128315168985E+02    0.106824798464162290E+09    0.141999583142056281E+03   -0.709997915710281404E+02
    0.239909748811104926E+02    0.102183748775279604E+01    0.888286735131140688E+02    0.138422012597583234E+09    0.141565856917460309E+03   -0.707829284587301544E+02
    0.269958864972475538E+02    0.101959344912634520E+01    0.960284993411244869E+02    0.484836739232615680E+08    0.141553285045390112E+03   -0.707766425226950560E+02
    0.197678338584283111E+02    0.101738743495105499E+01    0.886573768374044988E+02    0.594555416725973263E+08    0.141530279077044270E+03   -0.707651395385221349E+02
    0.147345586880022452E+02    0.102665806712682706E+01    0.996306344161985891E+02    0.207264028531820029E+09    0.141499359801065225E+03   -0.707496799005326125E+02
    0.182784386909619734E+02    0.101537912133216479E+01    0.941407418685697337E+02    0.181175127997985661E+09    0.141440017559695576E+03   -0.707200087798477881E+02
    0.317015430593813861E+02    0.102568650699009800E+01    0.926837509668388719E+02    0.690228350513679236E+08    0.141364464419786998E+03   -0.706822322098934990E+02
    0.159867817183192109E+02    0.102217879299494019E+01    0.905836806624000417E+02    0.177771626531054258E+09    0.141295240297705533E+03   -0.706476201488527664E+02
    0.156138088816638714E+02    0.101681494304009656E+01    0.896982173253733777E+02    0.607177858950012997E+08    0.141261929206598609E+03   -0.706309646032993044E+02
    0.361415597204651959E+02    0.102189824508352900E+01    0.867533900340055339E+02    0.763508443011496216E+08    0.141229707910803086E+03   -0.706148539554015429E+02
    0.238394739923981689E+02    0.101626242319454096E+01    0.981973138966680636E+02    0.221377775968028098E+09    0.140856970530698476E+03   -0.704284852653492379E+02
    0.461907442958294823E+02    0.101618151512141619E+01    0.963906547700781999E+02    0.183425782354103267E+09    0.140637015786861099E+03   -0.703185078934305494E+02
    0.386101648387894691E+01    0.102008126193937931E+01    0.997428368077125640E+02    0.900767782432556152E+09    0.140625581643023224E+03   -0.703127908215116122E+02
    0.664065518645107460E+02    0.102236712409881414E+01    0.970351051715142603E+02    0.964838171621763557E+08    0.140592019365311302E+03   -0.702960096826556509E+02
    0.332892358396655652E+01    0.101687988847464061E+01    0.876208886464575585E+02    0.112662051604561523E+09    0.140580979942800980E+03   -0.702904899714004898E+02
    0.123113318629335335E+02    0.102823361967771598E+01    0.982440205980376220E+02    0.101419281831737429E+09    0.140401123767604076E+03   -0.702005618838020382E+02
    0.208376855972124453E+02    0.102739167851087942E+01    0.991222290941577171E+02    0.661286947524548173E+08    0.140397591825636539E+03   -0.701987959128182695E+02
    0.557077392029007115E+02    0.102045541652608618E+01    0.962555540249474149E+02    0.151632258946096659E+09    0.140229495894014235E+03   -0.701147479470071175E+02
    0.349596828772395583E+02    0.102121228107453987E+01    0.957483025305000552E+02    0.202694885879151523E+09    0.140220046125786354E+03   -0.701100230628931769E+02
    0.245944901939453935E+02    0.102763216900996479E+01    0.986471133496165322E+02    0.120778058730815530E+09    0.140218895559416694E+03   -0.701094477797083471E+02
    0.284886074365135897E+02    0.102063435788892232E+01    0.903866709024960784E+02    0.138115048793879926E+09    0.140206623451591383E+03   -0.701033117257956917E+02
    0.597119884414842659E+02    0.102079257663193546E+01    0.928340457291389498E+02    0.799468037713121772E+08    0.140141665910332875E+03   -0.700708329551664377E+02
    0.183372384685195691E+02    0.102518676446844292E+01    0.931779284083765873E+02    0.641458700899107456E+08    0.140107825933867815E+03   -0.700539129669339076E+02
    0.185810093479334029E+02    0.102499919880943624E+01    0.896081913941283830E+02    0.112561958738881409E+09    0.140049800398699773E+03   -0.700249001993498865E+02
    0.391380180502163242E+02    0.102576244514815573E+01    0.998068054672573766E+02    0.625601030502121896E+08    0.139991430967551935E+03   -0.699957154837759674E+02
    0.100661882696482490E+02    0.102463878164788658E+01    0.995911860509036586E+02    0.218822245994383693E+09    0.139938737819769699E+03   -0.699693689098848495E+02
    0.257866431834200895E+02    0.102771794815440765E+01    0.996324505870754393E+02    0.918053826693592668E+08    0.139901033548071354E+03   -0.699505167740356768E+02
    0.657187741145593574E+01    0.101711649417280614E+01    0.997873227955444264E+02    0.229701093515357465E+09    0.139899129584126456E+03   -0.699495647920632280E+02
    0.103754534840308690E+02    0.101799440818006404E+01    0.871826913669113992E+02    0.107281998300085396E+09    0.139881442753146104E+03   -0.699407213765730518E+02
    0.254328798390508126E+02    0.102609678666663906E+01    0.939459215520406303E+02    0.988800414480520189E+08    0.139802128887091044E+03   -0.699010644435455220E+02
    0.210866207174381195E+02    0.102738150453633081E+01    0.982984691836371098E+02    0.122062524285812899E+09    0.139791506879823373E+03   -0.698957534399116867E+02
    0.467080316787704319E+02    0.102637605825476186E+01    0.996841487840397065E+02    0.109484239416535676E+09    0.139777736351384277E+03   -0.698888681756921386E+02
    0.132364209316597510E+02    0.102534600161149547E+01    0.924148115961770884E+02    0.691559442055269331E+08    0.139735693223729527E+03   -0.698678466118647634E+02
    0.573765538142163152E+02    0.102335905940219485E+01    0.959384963804279352E+02    0.106469848885836288E+09    0.139682608362459575E+03   -0.698413041812297877E+02
    0.281293603752602941E+02    0.101711880652745101E+01    0.923109492114100476E+02    0.133915325188765064E+09    0.139672313813007207E+03   -0.698361569065036036E+02
    0.419878209654839409E+02    0.101490712175891828E+01    0.939149408824358005E+02    0.799821542452029586E+08    0.139663351510528287E+03   -0.698316757552641434E+02
    0.522699834233708671E+02    0.102101710631597231E+01    0.973524614225350007E+02    0.165965921391947538E+09    0.139559303610587250E+03   -0.697796518052936250E+02
    0.267167003767624678E+02    0.101332545093505955E+01    0.984212600882454041E+02    0.103892260717517301E+09    0.139510310819739118E+03   -0.697551554098695590E+02
    0.607002667965202036E+02    0.101778136217460080E+01    0.948002960777617290E+02    0.712565469111643583E+08    0.139483993258543649E+03   -0.697419966292718243E+02
    0.664775447145397180E+02    0.101677588256742402E+01    0.978810678497148672E+02    0.913351112398216575E+08    0.139342720897978268E+03   -0.696713604489891338E+02
    0.134862028803651608E+02    0.101769744375294158E+01    0.930691379371435232E+02    0.156173181484478295E+09    0.139334935895976429E+03   -0.696674679479882144E+02
    0.231314893198308056E+02    0.102007426257742551E+01    0.871324571562880124E+02    0.107051510043553442E+09    0.139317573816739809E+03   -0.696587869083699047E+02
    0.221777347648382372E+01    0.101572160606022588E+01    0.934940058457732874E+02    0.762226101189897358E+08    0.139241941215772329E+03   -0.696209706078861643E+02
    0.497111484561510579E+02    0.101947778248675380E+01    0.913037048245773377E+02    0.856563568832434416E+08    0.139202098998957297E+03   -0.696010494994786484E+02
    0.268244105859722950E+02    0.101915077831201439E+01    0.901063733384086589E+02    0.641292630439467952E+08    0.139094814151202229E+03   -0.695474070756011145E+02
    0.228113354375334758E+02    0.102079696367685679E+01    0.879161223725186858E+02    0.711707134160300940E+08    0.139088431124265441E+03   -0.695442155621327203E+02
    0.774713536494203270E+00    0.102164511667536284E+01    0.933836999139464439E+02    0.169631223013861954E+09    0.139074750022915538E+03   -0.695373750114577689E+02
    0.534256629585264875E+02    0.101524665158256400E+01    0.963582612075332179E+02    0.106510979510413453E+09    0.138967688466237576E+03   -0.694838442331187878E+02
    0.541255127144091261E+02    0.102277494037102734E+01    0.966029792449340903E+02    0.689872001858889312E+08    0.138943863872356445E+03   -0.694719319361782226E+02
    0.493326015282072294E+01    0.102352195778909505E+01    0.945332835904931983E+02    0.169666734690030366E+09    0.138927648873461663E+03   -0.694638244367308317E+02
    0.380887481338180223E+02    0.101781369083624362E+01    0.954271948724985748E+02    0.167814280855878323E+09    0.138833446648039086E+03   -0.694167233240195429E+02
    0.585313801019048157E+02    0.102281782380600283E+01    0.964577354178163233E+02    0.110733088348821163E+09    0.138809551089562092E+03   -0.694047755447810459E+02
    0.265639097576179672E+01    0.102332180596966316E+01    0.930613689066923371E+02    0.139649990598087072E+09    0.138809282017286080E+03   -0.694046410086430399E+02
    0.645268761210531636E+02    0.101941495789038883E+01    0.968007062483128067E+02    0.957545784038022459E+08    0.138780981370904101E+03   -0.693904906854520505E+02
    0.225354885312955062E+02    0.102584099497056402E+01    0.949997166782759024E+02    0.746009674893282354E+08    0.138773222301970748E+03   -0.693866111509853738E+02
    0.107941307767269645E+02    0.101641345050067256E+01    0.969768377013389937E+02    0.559168485680360496E+08    0.138770042691829133E+03   -0.693850213459145664E+02
    0.461856095337828734E+02    0.102321362146337269E+01    0.943267569761075464E+02    0.713909443745806813E+08    0.138733415371220246E+03   -0.693667076856101232E+02
    0.452347259445076233E+02    0.102209608482950487E+01    0.960809844584194934E+02    0.137286955280422568E+09    0.138727173619856217E+03   -0.693635868099281083E+02
    0.165213349138529466E+02    0.102010832290956865E+01    0.986171538515494746E+02    0.225346720207227051E+09    0.138723179546352128E+03   -0.693615897731760640E+02
    0.633491753117653005E+02    0.102251420340779919E+01    0.994109104898938654E+02    0.765133205967668593E+08    0.138629289621478108E+03   -0.693146448107390540E+02
    0.438890835739859853E+02    0.101914800286344120E+01    0.962588328684005887E+02    0.163501718439688295E+09    0.138624809306672546E+03   -0.693124046533362730E+02
    0.308040406998198968E+02    0.101576526375843379E+01    0.976019879006307320E+02    0.158296197813903749E+09    0.138585457778030872E+03   -0.692927288890154358E+02
    0.552748059783401402E+02    0.101852080096480169E+01    0.956548182638368445E+02    0.121795419439706802E+09    0.138515241225394220E+03   -0.692576206126971101E+02
    0.314742119496455928E+02    0.102464977712328653E+01    0.934699813521527290E+02    0.116213928372623771E+09    0.138489097242726558E+03   -0.692445486213632790E+02
    0.119805992696539381E+02    0.102641885832709834E+01    0.992437144134285916E+02    0.144631267977199912E+09    0.138397021388179127E+03   -0.691985106940895633E+02
    0.212372636222714064E+02    0.101554066202864890E+01    0.983906130077217398E+02    0.165983217205090344E+09    0.138302920017320162E+03   -0.691514600086600808E+02
    0.365701962025362874E+02    0.101583692631383893E+01    0.979413457779676691E+02    0.150637421002624214E+09    0.138279813054656017E+03   -0.691399065273280087E+02
    0.235751708100851474E+02    0.102446584071836488E+01    0.925657863457470285E+02    0.770185736991652399E+08    0.138269214133749756E+03   -0.691346070668748780E+02
    0.235751708100851474E+02    0.102446584071836488E+01    0.925657863457470285E+02    0.770185736991652399E+08    0.138269214133749756E+03   -0.691346070668748780E+02
    0.390534231550256372E+01    0.101608674367686547E+01    0.970851847488772961E+02    0.645296717195302919E+08    0.138262848691144967E+03   -0.691314243455724835E+02
    0.384979851769839030E+02    0.102602811686872086E+01    0.982877501012192596E+02    0.112981422747882143E+09    0.138225555073539056E+03   -0.691127775367695278E+02
    0.190619339434447070E+02    0.102434692771704006E+01    0.918413120039713675E+02    0.819263382675820440E+08    0.138182572331001779E+03   -0.690912861655008896E+02
    0.439818606927547719E+02    0.101791957046182269E+01    0.923145731749239928E+02    0.893554622132207453E+08    0.138136024199245242E+03   -0.690680120996226208E+02
    0.378550392516160485E+02    0.101764226963195603E+01    0.952295048737563405E+02    0.593745547497898564E+08    0.138082498714117378E+03   -0.690412493570586889E+02
    0.308889605630058419E+02    0.101904261578191146E+01    0.952178377626293013E+02    0.163942790721500278E+09    0.137973728399015471E+03   -0.689868641995077354E+02
    0.388116977299720389E+02    0.101852458618419450E+01    0.983458439400688178E+02    0.195544218232189208E+09    0.137971700620508869E+03   -0.689858503102544347E+02
    0.533668675114734654E+02    0.101981337215221490E+01    0.982187385255783738E+02    0.596735532735044733E+08    0.137948906429292094E+03   -0.689744532146460472E+02
    0.533668675114734654E+02    0.101981337215221490E+01    0.982187385255783738E+02    0.596735532735044733E+08    0.137948906429292094E+03   -0.689744532146460472E+02
    0.246963183808941729E+02    0.102134827182243582E+01    0.934053072726621991E+02    0.576189151240059063E+08    0.137928145035186276E+03   -0.689640725175931379E+02
    0.320840556070865546E+02    0.101750573651007103E+01    0.947748862748420464E+02    0.137230282894365937E+09    0.137909879982424656E+03   -0.689549399912123278E+02
    0.114582377506406221E+02    0.102179596762016311E+01    0.939540507235054747E+02    0.152964698364659965E+09    0.137853385984381589E+03   -0.689266929921907945E+02
    0.114582377506406221E+02    0.102179596762016311E+01    0.939540507235054747E+02    0.152964698364659965E+09    0.137853385984381589E+03   -0.689266929921907945E+02
    0.695022738775695448E+01    0.102116850075735233E+01    0.991505251642040122E+02    0.217187908907961816E+09    0.137830005312245589E+03   -0.689150026561227946E+02
    0.397873634720876055E+02    0.102309472496471354E+01    0.973555070482609324E+02    0.138871502896759897E+09    0.137788106733555225E+03   -0.688940533667776123E+02
    0.792239592647475810E+01    0.102007859711672966E+01    0.950147728693770688E+02    0.539914338993785158E+08    0.137780569655049874E+03   -0.688902848275249369E+02
    0.229501406813612796E+02    0.102039746847878954E+01    0.896574802875614552E+02    0.953087676749869883E+08    0.137732585750932230E+03   -0.688662928754661152E+02
    0.387253039116608733E+02    0.102455165008500293E+01    0.964996859779753606E+02    0.835461978138311654E+08    0.137720054751835534E+03   -0.688600273759177668E+02
    0.169942752961184631E+02    0.102404412100618547E+01    0.962784956336793556E+02    0.149923541511492282E+09    0.137712157799389587E+03   -0.688560788996947934E+02
    0.919777450484184733E+01    0.101846280920286825E+01    0.953662730413106061E+02    0.164275725010647416E+09    0.137667228399034514E+03   -0.688336141995172568E+02
    0.167854132261809053E+01    0.102551060695994778E+01    0.950075005437371800E+02    0.102172069552851543E+09    0.137614890370298838E+03   -0.688074451851494189E+02
    0.722678252112428421E+01    0.102468708995123325E+01    0.981872165541095399E+02    0.589582894466029704E+08    0.137596429442754470E+03   -0.687982147213772350E+02
    0.382622012901870150E+02    0.101772002718811305E+01    0.952572065188365968E+02    0.621979118376239017E+08    0.137583802789188439E+03   -0.687919013945942197E+02
    0.583550070385879707E+02    0.102205426169173541E+01    0.981039989409413664E+02    0.804741435226206630E+08    0.137571639163084683E+03   -0.687858195815423414E+02
    0.232203100053895781E+02    0.101933160903094544E+01    0.921598896302180037E+02    0.640673592269134745E+08    0.137555007169201446E+03   -0.687775035846007228E+02
    0.468029195653230587E+02    0.102371806833356804E+01    0.986528108870867584E+02    0.694120357665797323E+08    0.137501642364519654E+03   -0.687508211822598270E+02
    0.190966848580740525E+02    0.102469337298840890E+01    0.988217674036018252E+02    0.159862681605172992E+09    0.137483186413570820E+03   -0.687415932067854101E+02
    0.177938576735042631E+02    0.101765295947007406E+01    0.971663809583767772E+02    0.543261546415417120E+08    0.137477321650496123E+03   -0.687386608252480613E+02
    0.177938576735042631E+02    0.101765295947007406E+01    0.971663809583767772E+02    0.543261546415417120E+08    0.137477321650496123E+03   -0.687386608252480613E+02
    0.590317287360418135E+02    0.101763438015098262E+01    0.990726120406203847E+02    0.122241635772999778E+09    0.137464668284521366E+03   -0.687323341422606831E+02
    0.666201119655655827E+01    0.102482799412619419E+01    0.988099242488165999E+02    0.176116887188258916E+09    0.137439550957407477E+03   -0.687197754787037383E+02
    0.364594691513445994E+02    0.101761796246463265E+01    0.949250223690975048E+02    0.125049339572607145E+09    0.137389600924799737E+03   -0.686948004623998685E+02
    0.364594691513445994E+02    0.101761796246463265E+01    0.949250223690975048E+02    0.125049339572607145E+09    0.137389600924799737E+03   -0.686948004623998685E+02
    0.319756114756480159E+02    0.101705349590310901E+01    0.975457196603546066E+02    0.172444643887039483E+09    0.137363901217419993E+03   -0.686819506087099967E+02
    0.307081080139412030E+02    0.102518743549511360E+01    0.976986923781580288E+02    0.742732688340767771E+08    0.137309989460656737E+03   -0.686549947303283687E+02
    0.831131778129172716E+01    0.101837624382232383E+01    0.901737190050173893E+02    0.110461521775210395E+09    0.137299213881269452E+03   -0.686496069406347260E+02
    0.831131778129172716E+01    0.101837624382232383E+01    0.901737190050173893E+02    0.110461521775210395E+09    0.137299213881269452E+03   -0.686496069406347260E+02
    0.482660573647611457E+02    0.101565636188285691E+01    0.982642157785174390E+02    0.933120389829527140E+08    0.137269594181033028E+03   -0.686347970905165141E+02
    0.626618234943668710E+02    0.101891591636460332E+01    0.987770607178054263E+02    0.876360194047388732E+08    0.137255887841765542E+03   -0.686279439208827711E+02
    0.442601062558685427E+02    0.102046054228532346E+01    0.981910763553937755E+02    0.158227438748433620E+09    0.137223177262041588E+03   -0.686115886310207941E+02
    0.222130778555078878E+01    0.101594866978615261E+01    0.998166384723572691E+02    0.130386459300645396E+09    0.137214025869920476E+03   -0.686070129349602382E+02
    0.422838025680859673E+02    0.102381894810706142E+01    0.990321134488427361E+02    0.664614349642644599E+08    0.137213686526602174E+03   -0.686068432633010872E+02
    0.422838025680859673E+02    0.102381894810706142E+01    0.990321134488427361E+02    0.664614349642644599E+08    0.137213686526602174E+03   -0.686068432633010872E+02
    0.343404086161825290E+02    0.102139938150082377E+01    0.984675828837489604E+02    0.537142368225481883E+08    0.137156155198990490E+03   -0.685780775994952450E+02
    0.175681273448184925E+02    0.102299783970125913E+01    0.953767618165270790E+02    0.590679251206102297E+08    0.137137768776070430E+03   -0.685688843880352152E+02
    0.340716876792603784E+02    0.102369833031941848E+01    0.982366285451892622E+02    0.141722709307721853E+09    0.137127815067856517E+03   -0.685639075339282584E+02
    0.111869647568246577E+02    0.101954277260812876E+01    0.956064201855035947E+02    0.176020631180512518E+09    0.137065753079381807E+03   -0.685328765396909034E+02
    0.194472383930572796E+02    0.102571784544345057E+01    0.972985134623738617E+02    0.949602860439538658E+08    0.137062257829532314E+03   -0.685311289147661569E+02
    0.274928772919283837E+02    0.101831154941487356E+01    0.996564032021941415E+02    0.205292705769715190E+09    0.137040533470111143E+03   -0.685202667350555714E+02
    0.598106595404452435E+02    0.102125414018115812E+01    0.991994807752235062E+02    0.752624353038430214E+08    0.137015258714054312E+03   -0.685076293570271559E+02
    0.598106595404452435E+02    0.102125414018115812E+01    0.991994807752235062E+02    0.752624353038430214E+08    0.137015258714054312E+03   -0.685076293570271559E+02
    0.145342336073094529E+02    0.102513861129977268E+01    0.956606289007931139E+02    0.974563512170747072E+08    0.136922246891544461E+03   -0.684611234457722304E+02
    0.194037731883817877E+02    0.102388574160450307E+01    0.922711800372721314E+02    0.111800278972498611E+09    0.136911959835774638E+03   -0.684559799178873192E+02
    0.247832176578394900E+02    0.102309894802592294E+01    0.925643480233616316E+02    0.749569113011231124E+08    0.136896834792769965E+03   -0.684484173963849827E+02
    0.247832176578394900E+02    0.102309894802592294E+01    0.925643480233616316E+02    0.749569113011231124E+08    0.136896834792769965E+03   -0.684484173963849827E+02
    0.298370922676266392E+01    0.102598611534283712E+01    0.958696693643227320E+02    0.113846075936485112E+09    0.136881689194435126E+03   -0.684408445972175628E+02
    0.504957876204355571E+02    0.102253587415112879E+01    0.967627264239553995E+02    0.107977223513449341E+09    0.136859670218242201E+03   -0.684298351091211003E+02
    0.504957876204355571E+02    0.102253587415112879E+01    0.967627264239553995E+02    0.107977223513449341E+09    0.136859670218242201E+03   -0.684298351091211003E+02
    0.196316380276715279E+02    0.102070944592821578E+01    0.943453809706412443E+02    0.138207273790531665E+09    0.136769254542462534E+03   -0.683846272712312668E+02
    0.278073752191790646E+02    0.102156262757367711E+01    0.932523985082916056E+02    0.674010839315659255E+08    0.136718810068386546E+03   -0.683594050341932729E+02
    0.383110597829743611E+02    0.101934672469240439E+01    0.928659457836741353E+02    0.879116243374411911E+08    0.136703203476753259E+03   -0.683516017383766297E+02
    0.383110597829743611E+02    0.101934672469240439E+01    0.928659457836741353E+02    0.879116243374411911E+08    0.136703203476753259E+03   -0.683516017383766297E+02
    0.240914668396715967E+02    0.101467160434947679E+01    0.992064993230450227E+02    0.809338100864268243E+08    0.136702992666451507E+03   -0.683514963332257537E+02
    0.241781507963323392E+02    0.102254774014599992E+01    0.960148162981340931E+02    0.143833172301469952E+09    0.136689161464800748E+03   -0.683445807324003738E+02
    0.241781507963323392E+02    0.102254774014599992E+01    0.960148162981340931E+02    0.143833172301469952E+09    0.136689161464800748E+03   -0.683445807324003738E+02
    0.986741827476430977E+01    0.101729476085753867E+01    0.991515153882665743E+02    0.558732025585273430E+08    0.136684709934189527E+03   -0.683423549670947637E+02
    0.378762400225048665E+02    0.102079689508458382E+01    0.974590230888142059E+02    0.152874334304394275E+09    0.136650760581009621E+03   -0.683253802905048104E+02
    0.378762400225048665E+02    0.102079689508458382E+01    0.974590230888142059E+02    0.152874334304394275E+09    0.136650760581009621E+03   -0.683253802905048104E+02
    0.237247285020882437E+02    0.101809917083761348E+01    0.916400137022313999E+02    0.794897704237432331E+08    0.136650163914512916E+03   -0.683250819572564581E+02
    0.225831016005595124E+02    0.102232955904348666E+01    0.927897617625203566E+02    0.701537595382366627E+08    0.136581659987361348E+03   -0.682908299936806742E+02
    0.225831016005595124E+02    0.102232955904348666E+01    0.927897617625203566E+02    0.701537595382366627E+08    0.136581659987361348E+03   -0.682908299936806742E+02
    0.227234052858814763E+02    0.101918263267572873E+01    0.975024427218493912E+02    0.542965370089897066E+08    0.136540804640721262E+03   -0.682704023203606312E+02
    0.227234052858814763E+02    0.101918263267572873E+01    0.975024427218493912E+02    0.542965370089897066E+08    0.136540804640721262E+03   -0.682704023203606312E+02
    0.237348423714248824E+02    0.101833841922335200E+01    0.949734918396951855E+02    0.126369853793258995E+09    0.136526573727979212E+03   -0.682632868639896060E+02
    0.196546671761995029E+02    0.101642940032913920E+01    0.948539491957792364E+02    0.743858817036322206E+08    0.136494647876442087E+03   -0.682473239382210437E+02
    0.452913970605181078E+02    0.101704128397155036E+01    0.958384926790921838E+02    0.845581013371369988E+08    0.136484419195968769E+03   -0.682422095979843846E+02
    0.452913970605181078E+02    0.101704128397155036E+01    0.958384926790921838E+02    0.845581013371369988E+08    0.136484419195968769E+03   -0.682422095979843846E+02
    0.112504889310725300E+02    0.101632984875359766E+01    0.954089252550131874E+02    0.954162443955465853E+08    0.136448696933181310E+03   -0.682243484665906550E+02
    0.182307273816560418E+02    0.101647892408489948E+01    0.935041871303828458E+02    0.115092325961204201E+09    0.136430858377069910E+03   -0.682154291885349551E+02
    0.182307273816560418E+02    0.101647892408489948E+01    0.935041871303828458E+02    0.115092325961204201E+09    0.136430858377069910E+03   -0.682154291885349551E+02
    0.237220757922584156E+02    0.101648781458408055E+01    0.944287110285528541E+02    0.822532251495430917E+08    0.136384344776431192E+03   -0.681921723882155959E+02
    0.622384359612099303E+01    0.102618596177039967E+01    0.982306333284122957E+02    0.106593745457475960E+09    0.136357300061613842E+03   -0.681786500308069208E+02
    0.622384359612099303E+01    0.102618596177039967E+01    0.982306333284122957E+02    0.106593745457475960E+09    0.136357300061613842E+03   -0.681786500308069208E+02
    0.431034920548858054E+02    0.102008839652461036E+01    0.934309518495412021E+02    0.114961484080923274E+09    0.136337349955771572E+03   -0.681686749778857859E+02
    0.165422891638735976E+02    0.101908220497080060E+01    0.908094325649891516E+02    0.111324229873552218E+09    0.136309523360353296E+03   -0.681547616801766480E+02
    0.165422891638735976E+02    0.101908220497080060E+01    0.908094325649891516E+02    0.111324229873552218E+09    0.136309523360353296E+03   -0.681547616801766480E+02
    0.404118705442962209E+02    0.101919189250572662E+01    0.979633062569916575E+02    0.147263215282345533E+09    0.136290317072109673E+03   -0.681451585360548364E+02
    0.404118705442962209E+02    0.101919189250572662E+01    0.979633062569916575E+02    0.147263215282345533E+09    0.136290317072109673E+03   -0.681451585360548364E+02
    0.165671065854019268E+02    0.101807883953113976E+01    0.918353759840047843E+02    0.115817168841382727E+09    0.136271635479968012E+03   -0.681358177399840059E+02
    0.634412727387823416E+01    0.102485864133945603E+01    0.960707099991799396E+02    0.984903613568497896E+08    0.136245101279157950E+03   -0.681225506395789751E+02
    0.634412727387823416E+01    0.102485864133945603E+01    0.960707099991799396E+02    0.984903613568497896E+08    0.136245101279157950E+03   -0.681225506395789751E+02
    0.204905349100477210E+02    0.102356411849593565E+01    0.988931133349721136E+02    0.160966075879490852E+09    0.136223464408814948E+03   -0.681117322044074740E+02
    0.312257681950753678E+02    0.102168357723137748E+01    0.982188996354489916E+02    0.160830646722025990E+09    0.136223205319147525E+03   -0.681116026595737623E+02
    0.202288313151230916E+02    0.101620103198111922E+01    0.954200536060952231E+02    0.101664081649508327E+09    0.136219158707173051E+03   -0.681095793535865255E+02
    0.548213274408194806E+01    0.102218112376617420E+01    0.923600301818219691E+02    0.101738208831257939E+09    0.136136527866339634E+03   -0.680682639331698169E+02
    0.138101264876375804E+02    0.101969991210106992E+01    0.956462880042137300E+02    0.591340130222880915E+08    0.136131590770508438E+03   -0.680657953852542192E+02
    0.295735424443114692E+01    0.101970982419501155E+01    0.965205987349122694E+02    0.150651300203075588E+09    0.136115555479954963E+03   -0.680577777399774817E+02
    0.295735424443114692E+01    0.101970982419501155E+01    0.965205987349122694E+02    0.150651300203075588E+09    0.136115555479954963E+03   -0.680577777399774817E+02
    0.296437509698966082E+02    0.102305784192219540E+01    0.945920803290201491E+02    0.978866901261274517E+08    0.136024295927156231E+03   -0.680121479635781157E+02
    0.296437509698966082E+02    0.102305784192219540E+01    0.945920803290201491E+02    0.978866901261274517E+08    0.136024295927156231E+03   -0.680121479635781157E+02
    0.423153107434568767E+02    0.101932159152605117E+01    0.952222487273190126E+02    0.709758415754834563E+08    0.136017422814917722E+03   -0.680087114074588612E+02
    0.155397641405325215E+01    0.101940662435466090E+01    0.949671596266562119E+02    0.124168540240906820E+09    0.136016855665346156E+03   -0.680084278326730782E+02
    0.319561157328019654E+02    0.101917650573025798E+01    0.926520447469969355E+02    0.105824750377895355E+09    0.135993889218065419E+03   -0.679969446090327096E+02
    0.319561157328019654E+02    0.101917650573025798E+01    0.926520447469969355E+02    0.105824750377895355E+09    0.135993889218065419E+03   -0.679969446090327096E+02
    0.594453606028417258E+01    0.102193642080828773E+01    0.957245585271240316E+02    0.624788725438096374E+08    0.135948021878523264E+03   -0.679740109392616318E+02
    0.594453606028417258E+01    0.102193642080828773E+01    0.957245585271240316E+02    0.624788725438096374E+08    0.135948021878523264E+03   -0.679740109392616318E+02
    0.829920136534726005E+01    0.101754780670916611E+01    0.944380936781279416E+02    0.732321092723589689E+08    0.135886116358368724E+03   -0.679430581791843622E+02
    0.829920136534726005E+01    0.101754780670916611E+01    0.944380936781279416E+02    0.732321092723589689E+08    0.135886116358368724E+03   -0.679430581791843622E+02
    0.117518249167731810E+02    0.102294934642423474E+01    0.983551753357765364E+02    0.169959985680555254E+09    0.135823991272177807E+03   -0.679119956360889034E+02
    0.117518249167731810E+02    0.102294934642423474E+01    0.983551753357765364E+02    0.169959985680555254E+09    0.135823991272177807E+03   -0.679119956360889034E+02
    0.378563774123376078E+02    0.102122468825127277E+01    0.985627063334241313E+02    0.601026378461599126E+08    0.135815734012549967E+03   -0.679078670062749836E+02
    0.157121901404826581E+02    0.102307563907774957E+01    0.936203646899498523E+02    0.985627540749299079E+08    0.135802771468635029E+03   -0.679013857343175147E+02
    0.157121901404826581E+02    0.102307563907774957E+01    0.936203646899498523E+02    0.985627540749299079E+08    0.135802771468635029E+03   -0.679013857343175147E+02
    0.349397333789815647E+02    0.101570505006357248E+01    0.971376379334605105E+02    0.110111493929771051E+09    0.135792838702837685E+03   -0.678964193514188423E+02
    0.349397333789815647E+02    0.101570505006357248E+01    0.971376379334605105E+02    0.110111493929771051E+09    0.135792838702837685E+03   -0.678964193514188423E+02
    0.371749883834887029E+02    0.101838958564083470E+01    0.936216540461593922E+02    0.109992505752497181E+09    0.135752079572571972E+03   -0.678760397862859861E+02
    0.371749883834887029E+02    0.101838958564083470E+01    0.936216540461593922E+02    0.109992505752497181E+09    0.135752079572571972E+03   -0.678760397862859861E+02
    0.289973892430316127E+02    0.101644173643528646E+01    0.947111603721646134E+02    0.112234835557805002E+09    0.135747366753839117E+03   -0.678736833769195584E+02
    0.289973892430316127E+02    0.101644173643528646E+01    0.947111603721646134E+02    0.112234835557805002E+09    0.135747366753839117E+03   -0.678736833769195584E+02
    0.280457678609278069E+02    0.101569495307454782E+01    0.980972575367487138E+02    0.954366947624232620E+08    0.135746000138379486E+03   -0.678730000691897430E+02
    0.280457678609278069E+02    0.101569495307454782E+01    0.980972575367487138E+02    0.954366947624232620E+08    0.135746000138379486E+03   -0.678730000691897430E+02
    0.247808906811816669E+02    0.102252916531176674E+01    0.934176625250469499E+02    0.804655095148387253E+08    0.135745126582614233E+03   -0.678725632913071166E+02
    0.247808906811816669E+02    0.102252916531176674E+01    0.934176625250469499E+02    0.804655095148387253E+08    0.135745126582614233E+03   -0.678725632913071166E+02
    0.433725889305031345E+02    0.102069638807581775E+01    0.951024271044067291E+02    0.116476398614367172E+09    0.135744067159891216E+03   -0.678720335799456080E+02
    0.433725889305031345E+02    0.102069638807581775E+01    0.951024271044067291E+02    0.116476398614367172E+09    0.135744067159891216E+03   -0.678720335799456080E+02
    0.111258545756170815E+02    0.102019431481683998E+01    0.922547984979338054E+02    0.982776308960141540E+08    0.135717373658682448E+03   -0.678586868293412238E+02
    0.209084891785061231E+02    0.102340342088140601E+01    0.944441477183082156E+02    0.847387231886191666E+08    0.135690089616105524E+03   -0.678450448080527622E+02
    0.209084891785061231E+02    0.102340342088140601E+01    0.944441477183082156E+02    0.847387231886191666E+08    0.135690089616105524E+03   -0.678450448080527622E+02
    0.632055427188361829E+01    0.102352907643529578E+01    0.992907627007220128E+02    0.162190976573029757E+09    0.135687699389484919E+03   -0.678438496947424596E+02
    0.632055427188361829E+01    0.102352907643529578E+01    0.992907627007220128E+02    0.162190976573029757E+09    0.135687699389484919E+03   -0.678438496947424596E+02
    0.159627317050305937E+02    0.101890346930616382E+01    0.965875362055944322E+02    0.144449129356104612E+09    0.135654819495071024E+03   -0.678274097475355120E+02
    0.159627317050305937E+02    0.101890346930616382E+01    0.965875362055944322E+02    0.144449129356104612E+09    0.135654819495071024E+03   -0.678274097475355120E+02
    0.218625680880185103E+01    0.102441850612890262E+01    0.964563201976440467E+02    0.992185537860105485E+08    0.135578539646971080E+03   -0.677892698234855402E+02
    0.232009455948161012E+02    0.101658172961325355E+01    0.977164013579035355E+02    0.123271626370873258E+09    0.135568788779848347E+03   -0.677843943899241737E+02
    0.133222390468648477E+02    0.102419076213178717E+01    0.977343670209955775E+02    0.685397679341229647E+08    0.135541624299921693E+03   -0.677708121499608467E+02
    0.133222390468648477E+02    0.102419076213178717E+01    0.977343670209955775E+02    0.685397679341229647E+08    0.135541624299921693E+03   -0.677708121499608467E+02
    0.133641433553524767E+02    0.102414536386382071E+01    0.957858381399163079E+02    0.779407762865407914E+08    0.135531705872102236E+03   -0.677658529360511181E+02
    0.133641433553524767E+02    0.102414536386382071E+01    0.957858381399163079E+02    0.779407762865407914E+08    0.135531705872102236E+03   -0.677658529360511181E+02
    0.368032468984746828E+02    0.102424880103948235E+01    0.985368620794526890E+02    0.115650680594914481E+09    0.135497803994380092E+03   -0.677489019971900461E+02
    0.368032468984746828E+02    0.102424880103948235E+01    0.985368620794526890E+02    0.115650680594914481E+09    0.135497803994380092E+03   -0.677489019971900461E+02
    0.374626171022524161E+02    0.101957307369041406E+01    0.997218848962467916E+02    0.173819831672463030E+09    0.135469379135492517E+03   -0.677346895677462584E+02
    0.374626171022524161E+02    0.101957307369041406E+01    0.997218848962467916E+02    0.173819831672463030E+09    0.135469379135492517E+03   -0.677346895677462584E+02
    0.463652993731611573E+01    0.102284342103481074E+01    0.963821767981082047E+02    0.125070064931364119E+09    0.135465224655516693E+03   -0.677326123277583463E+02
    0.261526623275532000E+01    0.101895649638098296E+01    0.985479433815125958E+02    0.156490821073770761E+09    0.135453178057566276E+03   -0.677265890287831382E+02
    0.295808309397852520E+01    0.102302600393505161E+01    0.974695211798898953E+02    0.641016979403342083E+08    0.135441679031956028E+03   -0.677208395159780139E+02
    0.295808309397852520E+01    0.102302600393505161E+01    0.974695211798898953E+02    0.641016979403342083E+08    0.135441679031956028E+03   -0.677208395159780139E+02
    0.245173227620495773E+02    0.101915600971149312E+01    0.984915516859468170E+02    0.181279775263097644E+09    0.135437967559414005E+03   -0.677189837797070027E+02
    0.355906895712138960E+01    0.102298132383206219E+01    0.942146570574881537E+02    0.778942370636221021E+08    0.135423472890824115E+03   -0.677117364454120576E+02
    0.440624748207377266E+02    0.101913526852134040E+01    0.957522098846625198E+02    0.806173501880099922E+08    0.135412941765979895E+03   -0.677064708829899473E+02
    0.240528874821478880E+02    0.102090767238145297E+01    0.969081399414917257E+02    0.144144806948027432E+09    0.135387330113717212E+03   -0.676936650568586060E+02
    0.130624702873421339E+01    0.101873397692804146E+01    0.992227148703445465E+02    0.158872042445663899E+09    0.135366024649742059E+03   -0.676830123248710294E+02
    0.130624702873421339E+01    0.101873397692804146E+01    0.992227148703445465E+02    0.158872042445663899E+09    0.135366024649742059E+03   -0.676830123248710294E+02
    0.402955566171538422E+02    0.102305058314896979E+01    0.997119538389292472E+02    0.687620622815913111E+08    0.135357936213031849E+03   -0.676789681065159243E+02
    0.402955566171538422E+02    0.102305058314896979E+01    0.997119538389292472E+02    0.687620622815913111E+08    0.135357936213031849E+03   -0.676789681065159243E+02
    0.482787676273402866E+02    0.101832788039966360E+01    0.975732852997613946E+02    0.774150972240213901E+08    0.135338206681458246E+03   -0.676691033407291229E+02
    0.351022254487874719E+02    0.102236756036812304E+01    0.957939583137645769E+02    0.101314799493373469E+09    0.135336348916540260E+03   -0.676681744582701299E+02
    0.222706185034457249E+02    0.101816902344016169E+01    0.975950219468831648E+02    0.140528972071081609E+09    0.135300048674428041E+03   -0.676500243372140204E+02
    0.222706185034457249E+02    0.101816902344016169E+01    0.975950219468831648E+02    0.140528972071081609E+09    0.135300048674428041E+03   -0.676500243372140204E+02
    0.305502672827204291E+01    0.101842275227404855E+01    0.974262790876416318E+02    0.656992795112029687E+08    0.135299985366757085E+03   -0.676499926833785423E+02
    0.305502672827204291E+01    0.101842275227404855E+01    0.974262790876416318E+02    0.656992795112029687E+08    0.135299985366757085E+03   -0.676499926833785423E+02
    0.324514989437896304E+02    0.102027135975845873E+01    0.940114521195636144E+02    0.101006337735716403E+09    0.135283239204271410E+03   -0.676416196021357052E+02
    0.324514989437896304E+02    0.102027135975845873E+01    0.940114521195636144E+02    0.101006337735716403E+09    0.135283239204271410E+03   -0.676416196021357052E+02
    0.244013947954513277E+01    0.101915624188019938E+01    0.942220633012805280E+02    0.761596087354235947E+08    0.135254947651432786E+03   -0.676274738257163932E+02
    0.120033667628065750E+02    0.102214548187846987E+01    0.948405130597983401E+02    0.691752344601350278E+08    0.135239725323416110E+03   -0.676198626617080549E+02
    0.120033667628065750E+02    0.102214548187846987E+01    0.948405130597983401E+02    0.691752344601350278E+08    0.135239725323416110E+03   -0.676198626617080549E+02
    0.608670168541538992E+01    0.102123795098670644E+01    0.975792713630440431E+02    0.598842712308569849E+08    0.135210874628185650E+03   -0.676054373140928249E+02
    0.176363795798974365E+02    0.101769051805051114E+01    0.967654995722754592E+02    0.124248541993961781E+09    0.135200889319751582E+03   -0.676004446598757909E+02
    0.176363795798974365E+02    0.101769051805051114E+01    0.967654995722754592E+02    0.124248541993961781E+09    0.135200889319751582E+03   -0.676004446598757909E+02
    0.126266899784177511E+02    0.102532218582961465E+01    0.978088303591870130E+02    0.114600025951546207E+09    0.135195424198355710E+03   -0.675977120991778548E+02
    0.126266899784177511E+02    0.102532218582961465E+01    0.978088303591870130E+02    0.114600025951546207E+09    0.135195424198355710E+03   -0.675977120991778548E+02
    0.104827613308208818E+02    0.101792666224684192E+01    0.960379448191293221E+02    0.122142767175298184E+09    0.135184343692274922E+03   -0.675921718461374610E+02
    0.106139787015023650E+02    0.102524068340584096E+01    0.988698294303378589E+02    0.102150622452443406E+09    0.135183637266473113E+03   -0.675918186332365565E+02
    0.295839892359634282E+01    0.102296213872093289E+01    0.948049734309503833E+02    0.866637986751583815E+08    0.135149710604939287E+03   -0.675748553024696434E+02
    0.886164787603880910E+01    0.102538925300173633E+01    0.984515687187069517E+02    0.108553777708298221E+09    0.135139798360455785E+03   -0.675698991802278925E+02
    0.886164787603880910E+01    0.102538925300173633E+01    0.984515687187069517E+02    0.108553777708298221E+09    0.135139798360455785E+03   -0.675698991802278925E+02
    0.563287685327144629E+02    0.102040117284156717E+01    0.996266343198428643E+02    0.107481602716136992E+09    0.135133780524001196E+03   -0.675668902620005980E+02
    0.298515313326536464E+02    0.101937886463473504E+01    0.977844481834568455E+02    0.134891569616588622E+09    0.135075150572640297E+03   -0.675375752863201484E+02
    0.298515313326536464E+02    0.101937886463473504E+01    0.977844481834568455E+02    0.134891569616588622E+09    0.135075150572640297E+03   -0.675375752863201484E+02
    0.484480120389314735E+02    0.101880898170615852E+01    0.982087311405520040E+02    0.908897737029963285E+08    0.135052997911859791E+03   -0.675264989559298954E+02
    0.484480120389314735E+02    0.101880898170615852E+01    0.982087311405520040E+02    0.908897737029963285E+08    0.135052997911859791E+03   -0.675264989559298954E+02
    0.283280296571142465E+02    0.102267520656528310E+01    0.972757760534966138E+02    0.680082457579003274E+08    0.135043937526491248E+03   -0.675219687632456242E+02
    0.174161663949140006E+02    0.102393161034584490E+01    0.961892555891498944E+02    0.117485289570101216E+09    0.135015510329338213E+03   -0.675077551646691063E+02
    0.174161663949140006E+02    0.102393161034584490E+01    0.961892555891498944E+02    0.117485289570101216E+09    0.135015510329338213E+03   -0.675077551646691063E+02
    0.904699874407362259E+01    0.102066476927199123E+01    0.935788003732841105E+02    0.903057656719397455E+08    0.135013089384304550E+03   -0.675065446921522749E+02
    0.476324005293577546E+01    0.101880122531099460E+01    0.944271843013856795E+02    0.828201054368866831E+08    0.135007324524757223E+03   -0.675036622623786116E+02
    0.574405789082373808E+01    0.102297068529969559E+01    0.997929543988173577E+02    0.161146281859335124E+09    0.134979954331932447E+03   -0.674899771659662235E+02
    0.574405789082373808E+01    0.102297068529969559E+01    0.997929543988173577E+02    0.161146281859335124E+09    0.134979954331932447E+03   -0.674899771659662235E+02
    0.306650520100081003E+02    0.102082090238058543E+01    0.966978868573587107E+02    0.657102623310937285E+08    0.134976831656923196E+03   -0.674884158284615978E+02
    0.765766269475828842E+01    0.102373373665880019E+01    0.985192663857955040E+02    0.125802458692869216E+09    0.134971865725126008E+03   -0.674859328625630042E+02
    0.156443646401292558E+02    0.101672929814144175E+01    0.978506811329827570E+02    0.710832619921685755E+08    0.134970536723517284E+03   -0.674852683617586422E+02
    0.494664735661182320E+01    0.102049598112458217E+01    0.971333489636368625E+02    0.624486051144885197E+08    0.134968147660712191E+03   -0.674840738303560954E+02
    0.389281895347062559E+02    0.101714710580065848E+01    0.979613803928115630E+02    0.721108034182225168E+08    0.134960421356004588E+03   -0.674802106780022939E+02
    0.510667543993155064E+02    0.102019919479777088E+01    0.986236646450915373E+02    0.821186377704464793E+08    0.134919773108824273E+03   -0.674598865544121367E+02
    0.389635681092277224E+02    0.102046397029321056E+01    0.999934347387768270E+02    0.149540837862345189E+09    0.134918844819752053E+03   -0.674594224098760264E+02
    0.301189200116393891E+02    0.102275640937262202E+01    0.974808991228368455E+02    0.694320083775811493E+08    0.134901755497999659E+03   -0.674508777489998295E+02
    0.311547006512788052E+02    0.102128327683748377E+01    0.959941080426090991E+02    0.695868478023212254E+08    0.134900139541250837E+03   -0.674500697706254186E+02
    0.151695305228237292E+02    0.101795372957777275E+01    0.997563209188092799E+02    0.173524058900236160E+09    0.134888533333736177E+03   -0.674442666668680886E+02
    0.466793091756834571E+02    0.102191257142055947E+01    0.990429340619975846E+02    0.101682602741250932E+09    0.134851811024192841E+03   -0.674259055120964206E+02
    0.337436117998896918E+02    0.102332858835485374E+01    0.977195022330997745E+02    0.117851970936241180E+09    0.134832857106032520E+03   -0.674164285530162601E+02
    0.337436117998896918E+02    0.102332858835485374E+01    0.977195022330997745E+02    0.117851970936241180E+09    0.134832857106032520E+03   -0.674164285530162601E+02
    0.204700741421808630E+02    0.102202627141550106E+01    0.941929294472103180E+02    0.800054484590154737E+08    0.134816446292413843E+03   -0.674082231462069217E+02
    0.204700741421808630E+02    0.102202627141550106E+01    0.941929294472103180E+02    0.800054484590154737E+08    0.134816446292413843E+03   -0.674082231462069217E+02
    0.281699715493103682E+02    0.102021344775521738E+01    0.992111260578707856E+02    0.580260859868689552E+08    0.134787001252656069E+03   -0.673935006263280343E+02
    0.425169905380718873E+02    0.101993449013820436E+01    0.988314250053447552E+02    0.670450848985358849E+08    0.134783108393017159E+03   -0.673915541965085794E+02
    0.902902707769141166E+01    0.101864677766934419E+01    0.973490765738657728E+02    0.658966128887689188E+08    0.134781723527057011E+03   -0.673908617635285054E+02
    0.172108636723702944E+02    0.101778919159142878E+01    0.976584073815550511E+02    0.665957739753273278E+08    0.134761640807643545E+03   -0.673808204038217724E+02
    0.172108636723702944E+02    0.101778919159142878E+01    0.976584073815550511E+02    0.665957739753273278E+08    0.134761640807643545E+03   -0.673808204038217724E+02
    0.251915808844917599E+02    0.102002065615386028E+01    0.942521273114656424E+02    0.931375563219320327E+08    0.134740572211386791E+03   -0.673702861056933955E+02
    0.138570561428383030E+02    0.102057340303519162E+01    0.933348483236562458E+02    0.116713565790416703E+09    0.134736248677726962E+03   -0.673681243388634812E+02
    0.345155467340933484E+02    0.102126893509684935E+01    0.971283005523985992E+02    0.688515287060883641E+08    0.134734716779638688E+03   -0.673673583898193442E+02
    0.544756342995730414E+01    0.102282001901152753E+01    0.956059985600167437E+02    0.731968258077465147E+08    0.134728295154012557E+03   -0.673641475770062783E+02
    0.140359815944527782E+02    0.102393490412715371E+01    0.968787580586658095E+02    0.961194205437301546E+08    0.134720050166140084E+03   -0.673600250830700418E+02
    0.417602158865411166E+01    0.101950810826140259E+01    0.939212164096513504E+02    0.106886103025504962E+09    0.134702431009505148E+03   -0.673512155047525738E+02
    0.417602158865411166E+01    0.101950810826140259E+01    0.939212164096513504E+02    0.106886103025504962E+09    0.134702431009505148E+03   -0.673512155047525738E+02
    0.160132732322859028E+01    0.102418761310990725E+01    0.968544107991621246E+02    0.107135359227969304E+09    0.134696775202898635E+03   -0.673483876014493177E+02
    0.128965178677797283E+02    0.102281153320205109E+01    0.993680316509780397E+02    0.151077692344534516E+09    0.134621287438215603E+03   -0.673106437191078015E+02
    0.272195842282883760E+02    0.101892802233335256E+01    0.999717540162198475E+02    0.177862979967659622E+09    0.134610631322587182E+03   -0.673053156612935908E+02
    0.261138997511814424E+02    0.101757959238055928E+01    0.947621352814764890E+02    0.110568472540392488E+09    0.134607575352880303E+03   -0.673037876764401517E+02
    0.247892221497967356E+02    0.101769927269005489E+01    0.992649738838421030E+02    0.137601335802282006E+09    0.134602714835481095E+03   -0.673013574177405474E+02
    0.247892221497967356E+02    0.101769927269005489E+01    0.992649738838421030E+02    0.137601335802282006E+09    0.134602714835481095E+03   -0.673013574177405474E+02
    0.105982689804689780E+02    0.101868057133762591E+01    0.956819883346154256E+02    0.712176380433710515E+08    0.134570946655888520E+03   -0.672854733279442598E+02
    0.834214663486248220E+01    0.101824379793472830E+01    0.967106667987039685E+02    0.703190534406108707E+08    0.134558913674174221E+03   -0.672794568370871104E+02
    0.834214663486248220E+01    0.101824379793472830E+01    0.967106667987039685E+02    0.703190534406108707E+08    0.134558913674174221E+03   -0.672794568370871104E+02
    0.274656058062303217E+02    0.101853606344563841E+01    0.954291057456545673E+02    0.889301589980202168E+08    0.134538326964214548E+03   -0.672691634821072739E+02
    0.449041855350644425E+01    0.102010939342227025E+01    0.960982565507931668E+02    0.685636408298356682E+08    0.134533633274171677E+03   -0.672668166370858387E+02
    0.135909178919288554E+02    0.101833552436244257E+01    0.977356558296835516E+02    0.125290945809949338E+09    0.134518038441118847E+03   -0.672590192205594235E+02
    0.469927062994995666E+02    0.101939982472074497E+01    0.995789576317496028E+02    0.705021398456729800E+08    0.134502134658044355E+03   -0.672510673290221774E+02
    0.469927062994995666E+02    0.101939982472074497E+01    0.995789576317496028E+02    0.705021398456729800E+08    0.134502134658044355E+03   -0.672510673290221774E+02
    0.146926292886082823E+02    0.101800784212179707E+01    0.990559068481348532E+02    0.139837469540245295E+09    0.134478861297636854E+03   -0.672394306488184270E+02
    0.247791191924013852E+02    0.101731070142816216E+01    0.965323576991478802E+02    0.866479775855315328E+08    0.134450630618181776E+03   -0.672253153090908881E+02
    0.229997559775078599E+02    0.102112557178062757E+01    0.969896080548205930E+02    0.660271878167187050E+08    0.134420776367958894E+03   -0.672103881839794468E+02
    0.150432826041572962E+02    0.101748865835695179E+01    0.998335619674216304E+02    0.140147918967418164E+09    0.134392555192343025E+03   -0.671962775961715124E+02
    0.150432826041572962E+02    0.101748865835695179E+01    0.998335619674216304E+02    0.140147918967418164E+09    0.134392555192343025E+03   -0.671962775961715124E+02
    0.133810048682084783E+02    0.101887735796699430E+01    0.993697202535075519E+02    0.153991009587979734E+09    0.134385100726791961E+03   -0.671925503633959806E+02
    0.589807430205811567E+01    0.102038617623621652E+01    0.993892673269035072E+02    0.594687243425884917E+08    0.134380326009351023E+03   -0.671901630046755116E+02
    0.589807430205811567E+01    0.102038617623621652E+01    0.993892673269035072E+02    0.594687243425884917E+08    0.134380326009351023E+03   -0.671901630046755116E+02
    0.392290060952257704E+02    0.102083162489010637E+01    0.970574373192295212E+02    0.961996529188684821E+08    0.134354213718628273E+03   -0.671771068593141365E+02
    0.105485673489223366E+02    0.102416645992151389E+01    0.979129867698056131E+02    0.801490352073694170E+08    0.134354024436215781E+03   -0.671770122181078904E+02
    0.105485673489223366E+02    0.102416645992151389E+01    0.979129867698056131E+02    0.801490352073694170E+08    0.134354024436215781E+03   -0.671770122181078904E+02
    0.489745301164804019E+02    0.101879319200761032E+01    0.993311899293686906E+02    0.821311572288625538E+08    0.134348151132757494E+03   -0.671740755663787468E+02
    0.160593391137867663E+02    0.102356596463145233E+01    0.967453892501496853E+02    0.118017356252490386E+09    0.134348012393904327E+03   -0.671740061969521634E+02
    0.382542306903727125E+01    0.102032892882955406E+01    0.945889010995212942E+02    0.816092477469161153E+08    0.134345417819928230E+03   -0.671727089099641148E+02
    0.382542306903727125E+01    0.102032892882955406E+01    0.945889010995212942E+02    0.816092477469161153E+08    0.134345417819928230E+03   -0.671727089099641148E+02
    0.469118846359113277E+02    0.101911690384318843E+01    0.982873236585595009E+02    0.105407890787122101E+09    0.134309236342162365E+03   -0.671546181710811823E+02
    0.908510530169457375E+01    0.102007933967789444E+01    0.950782956322962605E+02    0.721421326341510415E+08    0.134245038954391958E+03   -0.671225194771959792E+02
    0.283216798136981183E+02    0.101672050037276551E+01    0.973556825558377028E+02    0.106942568302854449E+09    0.134243107725733893E+03   -0.671215538628669464E+02
    0.155210741617059043E+02    0.101701614053747669E+01    0.982496870738173413E+02    0.730185037956151664E+08    0.134208491432660878E+03   -0.671042457163304391E+02
    0.205151180163336235E+02    0.101904203023926510E+01    0.955051537538601565E+02    0.730972960472780317E+08    0.134194085171926218E+03   -0.670970425859631092E+02
    0.502091878801314664E+02    0.102047650839769366E+01    0.989004582202342561E+02    0.110765191833044767E+09    0.134184348379408533E+03   -0.670921741897042665E+02
    0.355198619926615820E+02    0.101691888299514432E+01    0.994560835315514709E+02    0.737431182878812701E+08    0.134146508523857676E+03   -0.670732542619288381E+02
    0.133814767971351696E+02    0.102234889883041635E+01    0.956995056248955933E+02    0.764682998167254925E+08    0.134140111391115852E+03   -0.670700556955579259E+02
    0.133814767971351696E+02    0.102234889883041635E+01    0.956995056248955933E+02    0.764682998167254925E+08    0.134140111391115852E+03   -0.670700556955579259E+02
    0.637526739068307080E+01    0.102127534664553288E+01    0.996554688535807855E+02    0.607108593675110862E+08    0.134132252721979711E+03   -0.670661263609898555E+02
    0.338632306314758509E+02    0.101948124247150984E+01    0.963722095873559539E+02    0.884406596396414489E+08    0.134129417385136065E+03   -0.670647086925680327E+02
    0.232671029856645148E+02    0.101676528391769794E+01    0.992186943652347821E+02    0.721908524959633648E+08    0.134058289223147142E+03   -0.670291446115735710E+02
    0.232671029856645148E+02    0.101676528391769794E+01    0.992186943652347821E+02    0.721908524959633648E+08    0.134058289223147142E+03   -0.670291446115735710E+02
    0.254513064130842288E+02    0.101896274514455754E+01    0.981778477935510239E+02    0.664269958412883654E+08    0.134046781338494640E+03   -0.670233906692473198E+02
    0.503764626620080591E+01    0.102126092941780722E+01    0.942278905318554081E+02    0.111275582399767905E+09    0.134036539557968865E+03   -0.670182697789844326E+02
    0.396395014514866233E+02    0.101845126242979811E+01    0.979067867968769434E+02    0.100713558723796889E+09    0.133994671783211203E+03   -0.669973358916056014E+02
    0.106800896638166183E+02    0.101799283118172257E+01    0.988734755747914846E+02    0.681962166151054800E+08    0.133977629940980933E+03   -0.669888149704904663E+02
    0.253607498998458674E+02    0.102239194022115409E+01    0.953654319425708508E+02    0.113251569747776970E+09    0.133956242540003359E+03   -0.669781212700016795E+02
    0.253607498998458674E+02    0.102239194022115409E+01    0.953654319425708508E+02    0.113251569747776970E+09    0.133956242540003359E+03   -0.669781212700016795E+02
    0.363551826421632214E+02    0.102117396111457004E+01    0.986533974603342187E+02    0.698543365834367722E+08    0.133951919016768869E+03   -0.669759595083844346E+02
    0.262217895231900648E+02    0.101741915421895524E+01    0.975489751732210948E+02    0.764583365214458555E+08    0.133939730159012896E+03   -0.669698650795064481E+02
    0.380457790305524668E+02    0.102225448970639565E+01    0.989061948256947261E+02    0.989897460190422386E+08    0.133925589606263998E+03   -0.669627948031319988E+02
    0.599581553363196296E+01    0.102112131378326620E+01    0.957214917421619589E+02    0.745386146771075428E+08    0.133922381669450743E+03   -0.669611908347253717E+02
    0.225817481365264389E+00    0.102148932970370243E+01    0.975442250664304140E+02    0.700749605264293253E+08    0.133912033025706222E+03   -0.669560165128531111E+02
    0.225817481365264389E+00    0.102148932970370243E+01    0.975442250664304140E+02    0.700749605264293253E+08    0.133912033025706222E+03   -0.669560165128531111E+02
    0.103253386779015681E+02    0.101671697210606804E+01    0.994975819747888011E+02    0.856437106576878726E+08    0.133901642489327003E+03   -0.669508212446635014E+02
    0.707691557537581684E+01    0.101778616156457580E+01    0.975310564519713949E+02    0.782669524885136038E+08    0.133896421982510361E+03   -0.669482109912551806E+02
    0.382789569226115134E+02    0.101818815378258942E+01    0.994015246104722365E+02    0.704585484509298801E+08    0.133887063297715798E+03   -0.669435316488578991E+02
    0.142969678150086281E+02    0.101665116616258300E+01    0.993491736031829475E+02    0.793605568738187104E+08    0.133867968496451454E+03   -0.669339842482257268E+02
    0.203677853774910993E+02    0.101924026136375634E+01    0.954313061440303301E+02    0.821881029089193791E+08    0.133834939558226210E+03   -0.669174697791131052E+02
    0.491510695994822129E+02    0.101985766583164472E+01    0.996844353761387509E+02    0.105602494317388549E+09    0.133830094309777820E+03   -0.669150471548889101E+02
    0.248608162081540556E+02    0.101901608894203943E+01    0.962146981586482752E+02    0.752104969855572432E+08    0.133827196975922504E+03   -0.669135984879612522E+02
    0.839899421193361739E+01    0.102339708073425073E+01    0.974136767265449777E+02    0.791622484396139681E+08    0.133820232225710868E+03   -0.669101161128554338E+02
    0.494700647566246321E+01    0.102096932139028973E+01    0.959105381726667900E+02    0.898720826731693149E+08    0.133798519021570229E+03   -0.668992595107851145E+02
    0.372584996237043811E+02    0.102048999866373191E+01    0.979421503881597175E+02    0.731450907847329229E+08    0.133724080705539450E+03   -0.668620403527697249E+02
    0.181538760924375389E+02    0.101782007188452472E+01    0.976770553202840688E+02    0.724272494254279286E+08    0.133722173994792058E+03   -0.668610869973960291E+02
    0.122962017594553661E+02    0.102386434086489042E+01    0.985624441860154121E+02    0.840111242790393084E+08    0.133718880084700686E+03   -0.668594400423503430E+02
    0.122962017594553661E+02    0.102386434086489042E+01    0.985624441860154121E+02    0.840111242790393084E+08    0.133718880084700686E+03   -0.668594400423503430E+02
    0.223124802308342183E+02    0.101909387904323401E+01    0.996992499117979492E+02    0.143773935786951900E+09    0.133713962718654443E+03   -0.668569813593272215E+02
    0.223124802308342183E+02    0.101909387904323401E+01    0.996992499117979492E+02    0.143773935786951900E+09    0.133713962718654443E+03   -0.668569813593272215E+02
    0.289977133784048000E+02    0.102099400166430354E+01    0.964940860367305788E+02    0.966730230733731389E+08    0.133708924579701801E+03   -0.668544622898509004E+02
    0.130086303706684721E+02    0.102150188124137520E+01    0.959891809054166174E+02    0.894961885246378630E+08    0.133682439238757468E+03   -0.668412196193787338E+02
    0.365444810233795607E+02    0.101760155380348594E+01    0.971038076490782061E+02    0.113321805150419191E+09    0.133676744062776663E+03   -0.668383720313883316E+02
    0.720193144921385997E+01    0.102383645678643842E+01    0.988104961702859725E+02    0.947100924160470515E+08    0.133632060804455136E+03   -0.668160304022275682E+02
    0.313397119038154450E+02    0.102252102347774243E+01    0.983109580590717229E+02    0.100537777142258435E+09    0.133627784773868655E+03   -0.668138923869343273E+02
    0.165317246316595567E+01    0.101910528908834008E+01    0.965345154319724941E+02    0.105289270914491683E+09    0.133614984558049116E+03   -0.668074922790245580E+02
    0.165317246316595567E+01    0.101910528908834008E+01    0.965345154319724941E+02    0.105289270914491683E+09    0.133614984558049116E+03   -0.668074922790245580E+02
    0.353772182809522562E+02    0.102211970815070807E+01    0.978353531342549303E+02    0.108731082274324328E+09    0.133593113470450902E+03   -0.667965567352254510E+02
    0.173055643621129569E+02    0.101884316332977365E+01    0.963983486087672787E+02    0.955816550497081578E+08    0.133577738644362682E+03   -0.667888693221813412E+02
    0.244013358214606129E+02    0.101847128089307692E+01    0.971112823363045550E+02    0.754564929688177109E+08    0.133549889876038577E+03   -0.667749449380192885E+02
    0.435217256513437860E+02    0.101857672770657892E+01    0.998138251615350924E+02    0.942241992354776263E+08    0.133549493075122768E+03   -0.667747465375613842E+02
    0.323819353286003846E+02    0.102285454934292819E+01    0.980430936851306427E+02    0.110068866026987433E+09    0.133548975268314678E+03   -0.667744876341573388E+02
    0.266667006786415577E+02    0.102087341845965196E+01    0.997955957193842949E+02    0.127494272300778329E+09    0.133533125763565465E+03   -0.667665628817827326E+02
    0.204984460607403598E+02    0.102229929634582906E+01    0.997537944740078899E+02    0.126044670078923836E+09    0.133525848196353309E+03   -0.667629240981766543E+02
    0.315678963541600268E+02    0.101958047852275513E+01    0.989898388000610083E+02    0.680156096566105783E+08    0.133513469149393245E+03   -0.667567345746966225E+02
    0.130050673321743808E+02    0.102000915235569067E+01    0.953981572979673160E+02    0.116945482061833471E+09    0.133495891854744343E+03   -0.667479459273721716E+02
    0.841632906578638362E+01    0.101971071514113198E+01    0.996791961128486292E+02    0.137301642015241772E+09    0.133487101765961341E+03   -0.667435508829806707E+02
    0.138873700802482443E+02    0.101912238448697701E+01    0.954128735136644082E+02    0.108886789795636401E+09    0.133453603323518109E+03   -0.667268016617590547E+02
    0.138873700802482443E+02    0.101912238448697701E+01    0.954128735136644082E+02    0.108886789795636401E+09    0.133453603323518109E+03   -0.667268016617590547E+02
    0.424975671993118880E+02    0.102062212755426951E+01    0.992796722381297059E+02    0.992933583026645482E+08    0.133452353810753749E+03   -0.667261769053768745E+02
    0.331661724130843538E+02    0.101948958880819296E+01    0.974514432779351409E+02    0.771860567743840814E+08    0.133424518723880936E+03   -0.667122593619404682E+02
    0.314607686608031827E+02    0.102001952284658293E+01    0.971635082262243372E+02    0.118353982100314856E+09    0.133406941349109530E+03   -0.667034706745547652E+02
    0.152765155870307652E+02    0.101973393079605090E+01    0.996060599180991630E+02    0.136664090295736521E+09    0.133387724836145651E+03   -0.666938624180728254E+02
    0.260955049559685186E+02    0.101748466696179429E+01    0.984742794007885180E+02    0.777776575829106420E+08    0.133370633130532894E+03   -0.666853165652664472E+02
    0.185809969562344577E+02    0.102266360204187312E+01    0.976431997416651569E+02    0.941623047681147903E+08    0.133354191235965828E+03   -0.666770956179829142E+02
    0.122681282385598180E+02    0.102324277791190799E+01    0.969077848457201725E+02    0.109750245521899939E+09    0.133347382140031698E+03   -0.666736910700158489E+02
    0.177283033468147515E+02    0.101939629353693584E+01    0.975549720975106709E+02    0.702427007641220391E+08    0.133345916575624358E+03   -0.666729582878121789E+02
    0.177283033468147515E+02    0.101939629353693584E+01    0.975549720975106709E+02    0.702427007641220391E+08    0.133345916575624358E+03   -0.666729582878121789E+02
    0.241795922043649192E+02    0.101692284751845241E+01    0.996100007945569246E+02    0.881847232421302050E+08    0.133340448790215277E+03   -0.666702243951076383E+02
    0.321045329585980710E+02    0.101924760792120384E+01    0.998603798094907660E+02    0.675975670732211173E+08    0.133331235707546853E+03   -0.666656178537734263E+02
    0.285574897643005556E+02    0.101884879016476093E+01    0.983415552572146652E+02    0.120900786915064320E+09    0.133325876092542245E+03   -0.666629380462711225E+02
    0.216729987473745496E+02    0.101909796420332555E+01    0.965985852724944323E+02    0.836728172694401145E+08    0.133315043122875835E+03   -0.666575215614379175E+02
    0.200679998753158593E+02    0.101855772633052899E+01    0.969379408569232766E+02    0.101201728263255328E+09    0.133298546122957930E+03   -0.666492730614789650E+02
    0.153133335526472010E+02    0.102285395079356034E+01    0.978953981108985118E+02    0.890620470201567113E+08    0.133292804503060296E+03   -0.666464022515301480E+02
    0.729646416813868193E+01    0.101717107098677362E+01    0.987300634714221275E+02    0.106996236089347526E+09    0.133289918811586290E+03   -0.666449594057931449E+02
    0.189085043538705833E+02    0.102353298669084025E+01    0.994602098441839644E+02    0.119780631239206940E+09    0.133270280204949614E+03   -0.666351401024748071E+02
    0.799811714017447883E+01    0.101942247185289037E+01    0.957856766053916857E+02    0.109049510010574713E+09    0.133260404610070168E+03   -0.666302023050350840E+02
    0.354567477063181897E+02    0.102031928114251147E+01    0.993159525608617599E+02    0.121663679215332627E+09    0.133246394748417288E+03   -0.666231973742086439E+02
    0.216618019025816224E+02    0.102340136479884447E+01    0.991928646176039166E+02    0.785841180203057379E+08    0.133243890581345539E+03   -0.666219452906727696E+02
    0.299854247774435727E+02    0.102176748860927602E+01    0.982135467833848708E+02    0.870194079661295563E+08    0.133210156007120077E+03   -0.666050780035600383E+02
    0.287128962423983474E+02    0.102299558186968520E+01    0.983983423389026370E+02    0.108741372347794190E+09    0.133199043637897802E+03   -0.665995218189489009E+02
    0.133210712120417796E+02    0.101761681029984330E+01    0.984456281321481441E+02    0.974881496734607965E+08    0.133191624281991807E+03   -0.665958121409959034E+02
    0.133210712120417796E+02    0.101761681029984330E+01    0.984456281321481441E+02    0.974881496734607965E+08    0.133191624281991807E+03   -0.665958121409959034E+02
    0.233102420641362009E+02    0.102044965810898924E+01    0.963589097724131136E+02    0.102393397608180106E+09    0.133188046660293452E+03   -0.665940233301467259E+02
    0.218540053139462174E+02    0.102235932576446187E+01    0.977847203020328806E+02    0.853583695699116588E+08    0.133174569927871346E+03   -0.665872849639356730E+02
    0.405467583052565601E+02    0.101894087105051256E+01    0.992412014642866041E+02    0.102738959515549049E+09    0.133173319850625404E+03   -0.665866599253127021E+02
    0.845000309182755061E+01    0.102462294913361007E+01    0.999796568512626607E+02    0.112143864811995208E+09    0.133170101146532858E+03   -0.665850505732664288E+02
    0.580417389986903043E+01    0.102010993808920825E+01    0.985968121875035735E+02    0.689728498137716502E+08    0.133159524046637699E+03   -0.665797620233188496E+02
    0.311389870173309813E+01    0.102356172738505480E+01    0.985598224266265248E+02    0.116837241826642886E+09    0.133156154859488964E+03   -0.665780774297444822E+02
    0.762087184148518570E+01    0.102190175990615395E+01    0.989751492349862758E+02    0.693142076682843268E+08    0.133137062521259509E+03   -0.665685312606297543E+02
    0.392544338832955262E+02    0.102091547482874256E+01    0.995449993625580021E+02    0.918056797263787836E+08    0.133134960642970640E+03   -0.665674803214853199E+02
    0.904877571281710225E+01    0.101810156221317727E+01    0.982290311228395723E+02    0.975975307608709037E+08    0.133131530460056638E+03   -0.665657652300283189E+02
    0.177236151792784913E+01    0.102290111233659631E+01    0.985673048624442885E+02    0.795160059948231131E+08    0.133124309941230422E+03   -0.665621549706152109E+02
    0.726858854111237473E+01    0.102241711498125554E+01    0.982688200336264401E+02    0.735690899941019118E+08    0.133123433909564028E+03   -0.665617169547820140E+02
    0.267770690481977560E+02    0.102218297223861088E+01    0.984962883971781054E+02    0.762969236209210455E+08    0.133122304435759872E+03   -0.665611522178799362E+02
    0.754615197570786433E+00    0.102324410377671282E+01    0.976606163964327294E+02    0.110914452176261514E+09    0.133118915582855749E+03   -0.665594577914278744E+02
    0.149225454811584033E+02    0.102256743398965000E+01    0.976448307472455070E+02    0.793377224734715521E+08    0.133110765486384878E+03   -0.665553827431924390E+02
    0.187814197329682600E+02    0.101979537667053943E+01    0.953291627861797934E+02    0.111721501056334451E+09    0.133100715541526540E+03   -0.665503577707632701E+02
    0.276876153576031783E+02    0.101748511457071955E+01    0.990892759475860032E+02    0.860791731734075695E+08    0.133090896826738344E+03   -0.665454484133691722E+02
    0.291060253104460429E+02    0.102345190569215383E+01    0.991495311834864452E+02    0.114783489564177483E+09    0.133089593262368226E+03   -0.665447966311841128E+02
    0.232977108672542919E+02    0.102161208183681529E+01    0.975961586027553807E+02    0.759304741040652096E+08    0.133088868003802759E+03   -0.665444340019013794E+02
    0.298286948506635454E+02    0.101761826853133019E+01    0.988808721442066485E+02    0.100353667377591833E+09    0.133075267762452285E+03   -0.665376338812261423E+02
    0.684445350593986124E+01    0.102023140101945242E+01    0.970341033920270064E+02    0.898165541648400873E+08    0.133072875236626999E+03   -0.665364376183134993E+02
    0.218919360143166974E+01    0.101794505739426988E+01    0.982906288256807414E+02    0.108962939325188279E+09    0.133058742060589736E+03   -0.665293710302948682E+02
    0.181215584897921254E+02    0.102202149702835654E+01    0.973731478257429188E+02    0.118172514110994220E+09    0.133057215082916144E+03   -0.665286075414580722E+02
    0.141293188782517154E+01    0.101848895554483310E+01    0.996997279632656017E+02    0.120593727247447640E+09    0.133030133281553219E+03   -0.665150666407766096E+02
    0.211214929456129461E+02    0.102004376106537409E+01    0.958647549124682286E+02    0.108580020011494651E+09    0.133003826492521029E+03   -0.665019132462605143E+02
    0.154973627532464153E+02    0.101758138775856155E+01    0.978357982395094723E+02    0.107097232582494110E+09    0.133002911488107458E+03   -0.665014557440537288E+02
    0.845223745529693105E+01    0.102026782540186489E+01    0.968035961852373816E+02    0.973991330831648409E+08    0.133001470919551338E+03   -0.665007354597756688E+02
    0.492865618307275355E+01    0.102297419661542244E+01    0.978590219454428194E+02    0.105870034527560398E+09    0.132989581402928934E+03   -0.664947907014644670E+02
    0.129479607983376943E+01    0.102122359815924324E+01    0.960681486792314416E+02    0.113094048159590751E+09    0.132986749989146773E+03   -0.664933749945733865E+02
    0.400323474086551201E+02    0.102012723654276849E+01    0.982817742643877210E+02    0.115138138728442833E+09    0.132981383293568314E+03   -0.664906916467841569E+02
    0.641718064279636913E+01    0.102305407709186102E+01    0.995867064737716845E+02    0.725151252765209228E+08    0.132979784625841404E+03   -0.664898923129207020E+02
    0.608686140185366842E+01    0.102102860942694629E+01    0.962429344725367741E+02    0.116012017107190832E+09    0.132973386900335100E+03   -0.664866934501675502E+02
    0.194634726183932862E+02    0.102173295841051237E+01    0.973029570742914416E+02    0.830685931001149714E+08    0.132966705373780201E+03   -0.664833526868901004E+02
    0.163431115150732751E+02    0.101829056944673813E+01    0.976583353495906294E+02    0.117726208680869713E+09    0.132956788306520650E+03   -0.664783941532603251E+02
    0.333832665189014293E+02    0.101855083118571210E+01    0.991269445555922601E+02    0.897568086514708847E+08    0.132939774514084633E+03   -0.664698872570423163E+02
    0.110360385524037170E+02    0.101912846707241811E+01    0.973975749674258111E+02    0.795406567388740480E+08    0.132926797070935748E+03   -0.664633985354678742E+02
    0.169895707920415227E+02    0.101858310534791441E+01    0.985672617723981972E+02    0.722054095070150644E+08    0.132909431385752413E+03   -0.664547156928762064E+02
    0.326855597413005441E+02    0.101945443144206904E+01    0.983147647990209208E+02    0.847272427116936445E+08    0.132889988297192787E+03   -0.664449941485963933E+02
    0.141519048072731781E+02    0.101893579607075035E+01    0.979896794848384332E+02    0.753503324728387892E+08    0.132870576942919740E+03   -0.664352884714598702E+02
    0.252573351780112247E+02    0.101791427687491742E+01    0.996971072864598682E+02    0.121094895618459314E+09    0.132861863035058860E+03   -0.664309315175294302E+02
    0.531567366435844946E+01    0.101941391598182896E+01    0.986300154761752594E+02    0.728437328392039537E+08    0.132845256685025760E+03   -0.664226283425128798E+02
    0.163104056710463681E+02    0.101874060640998509E+01    0.979113424896963096E+02    0.118679524724551857E+09    0.132808333299539555E+03   -0.664041666497697776E+02
    0.327047907710738386E+02    0.102046758819571104E+01    0.984593078032797990E+02    0.960969388759609163E+08    0.132798957885927848E+03   -0.663994789429639241E+02
    0.527762627338855150E+00    0.102001459332387845E+01    0.980836267271355382E+02    0.100014951077837840E+09    0.132750057859860760E+03   -0.663750289299303802E+02
    0.146190282868572936E+02    0.101724317880272674E+01    0.987504403876408361E+02    0.115800593775042936E+09    0.132747030936650361E+03   -0.663735154683251807E+02
    0.360082183055319049E+02    0.101878499968270386E+01    0.997419460293314302E+02    0.932494543208173364E+08    0.132741404853575091E+03   -0.663707024267875454E+02
    0.218355161414393812E+02    0.101818847291620407E+01    0.996113253295815184E+02    0.715029120669961572E+08    0.132739681260932940E+03   -0.663698406304664701E+02
    0.996879275175913349E+00    0.101996721664839907E+01    0.982035006076862942E+02    0.979257564819940776E+08    0.132716351708022643E+03   -0.663581758540113213E+02
    0.361515405477277199E+02    0.102142650678307523E+01    0.997679305590450269E+02    0.809007836472851634E+08    0.132714956565749816E+03   -0.663574782828749079E+02
    0.177602966267203186E+02    0.102141589295011803E+01    0.978323155627693382E+02    0.903345166833164245E+08    0.132708591320000608E+03   -0.663542956600003038E+02
    0.217523129918010589E+02    0.101850043454688000E+01    0.983194489936128946E+02    0.849211265573297739E+08    0.132705934244740916E+03   -0.663529671223704582E+02
    0.258211588465301167E+01    0.102061532904816699E+01    0.970655961497448487E+02    0.106827255995439291E+09    0.132683928346247114E+03   -0.663419641731235572E+02
    0.102148673034823148E+02    0.102129825344214642E+01    0.976432444655304863E+02    0.778199940659042597E+08    0.132671417928741079E+03   -0.663357089643705393E+02
    0.291893716778164958E+02    0.102116730943854206E+01    0.994008353927531942E+02    0.120722677280342162E+09    0.132664745545097105E+03   -0.663323727725485526E+02
    0.925746091851165076E+01    0.102103426292240584E+01    0.975690708134648048E+02    0.864403528833003640E+08    0.132649956957939196E+03   -0.663249784789695980E+02
    0.203850234289259014E+02    0.102335063465355658E+01    0.988305476011736204E+02    0.109630833500623569E+09    0.132649950993754715E+03   -0.663249754968773573E+02
    0.236449619387185876E+02    0.101909558191693561E+01    0.981730664611169885E+02    0.870443906401123255E+08    0.132636463694161193E+03   -0.663182318470805967E+02
    0.205511205451628278E+02    0.102002133125821981E+01    0.972290845489983155E+02    0.804301200242595375E+08    0.132616691943278482E+03   -0.663083459716392412E+02
    0.175454276394671425E+02    0.102134714763632140E+01    0.973046626021987180E+02    0.103724717112445608E+09    0.132605583348806476E+03   -0.663027916744032382E+02
    0.359041501245736612E+02    0.101952421055919906E+01    0.991986216680194701E+02    0.102184436000926360E+09    0.132602816439665844E+03   -0.663014082198329220E+02
    0.100995563692135804E+02    0.102250215051304538E+01    0.985201875203242707E+02    0.811350287302588522E+08    0.132599492732233472E+03   -0.662997463661167359E+02
    0.316700640902166946E+02    0.102092388445944393E+01    0.987032550140574898E+02    0.822332326667910218E+08    0.132590601206615105E+03   -0.662953006033075525E+02
    0.301811646621905147E+02    0.101833386061409437E+01    0.986622849015259646E+02    0.105123317924727201E+09    0.132586958721142992E+03   -0.662934793605714958E+02
    0.239403035850961174E+02    0.101917467622732016E+01    0.981254138378728271E+02    0.841374291276157051E+08    0.132568802201094286E+03   -0.662844011005471430E+02
    0.914539948750130449E+01    0.102332568056872919E+01    0.999881809170127411E+02    0.933477727315543741E+08    0.132568638936743099E+03   -0.662843194683715495E+02
    0.165921785490523348E+02    0.101853812036473235E+01    0.983626361056070380E+02    0.100251643288080439E+09    0.132555275366375952E+03   -0.662776376831879759E+02
    0.185274317734055174E+02    0.102175327702659247E+01    0.996344787979680149E+02    0.740865215486761034E+08    0.132135713685202887E+03   -0.660678568426014436E+02
    0.225902329846070522E+02    0.102061560893527337E+01    0.995041889412951122E+02    0.829701490733844042E+08    0.131595071655219357E+03   -0.657975358276096784E+02
    0.240735172162483035E+01    0.102101634205633007E+01    0.994180305427205440E+02    0.974381075145322531E+08    0.131952054532273991E+03   -0.659760272661369953E+02
    0.172761642352005538E+02    0.102274183143013753E+01    0.994618104094780193E+02    0.829932839515905827E+08    0.132365483177184643E+03   -0.661827415885923216E+02
    0.583363807846444349E+01    0.102161057150718704E+01    0.991978221579789903E+02    0.781213572164870352E+08    0.132166063940903655E+03   -0.660830319704518274E+02
    0.288861672211973470E+02    0.102060862373214989E+01    0.999234343815464712E+02    0.755224657693573534E+08    0.131958122974225631E+03   -0.659790614871128156E+02
    0.248145278004390484E+02    0.102046620210916883E+01    0.989430913860111900E+02    0.764196057067318559E+08    0.132108442260616812E+03   -0.660542211303084059E+02
    0.108845514038688282E+02    0.101878426704359315E+01    0.994771028362572451E+02    0.750240346232212633E+08    0.132379828855261280E+03   -0.661899144276306401E+02
    0.272888584334356494E+02    0.102007827370713811E+01    0.998072544658580654E+02    0.870849278641684800E+08    0.131738465724844218E+03   -0.658692328624221091E+02
    0.117740363395821976E+02    0.102184841101685397E+01    0.993175931355235520E+02    0.764303436594984233E+08    0.132141389884040763E+03   -0.660706949420203813E+02
    0.156024381206938187E+02    0.101936350873602444E+01    0.999936970973176216E+02    0.916466653351306766E+08    0.131598105171826830E+03   -0.657990525859134152E+02
    0.876292328020745792E+01    0.102273183913378585E+01    0.996960842584366844E+02    0.998639109558576643E+08    0.132144787506101807E+03   -0.660723937530509033E+02
    0.391645190872043258E+01    0.102003257264818448E+01    0.995574258620690244E+02    0.882302410728007108E+08    0.131956074152741650E+03   -0.659780370763708248E+02
    0.265128746399678121E+02    0.102173817407755285E+01    0.991824674340655292E+02    0.798838135864242613E+08    0.132355198556145865E+03   -0.661775992780729325E+02
    0.120676710983338875E+02    0.102056036519624671E+01    0.990072829029966641E+02    0.770827497771334648E+08    0.131870361412952320E+03   -0.659351807064761601E+02
    0.313391836627678551E+02    0.101953679224351546E+01    0.989215166833736248E+02    0.774373145610880703E+08    0.132539577923215319E+03   -0.662697889616076594E+02
    0.104673989963437570E+02    0.102007630964720919E+01    0.995337293483537877E+02    0.780523039391163588E+08    0.131654639635779290E+03   -0.658273198178896450E+02
    0.261857530138401131E+02    0.101982295167353421E+01    0.991619982519899423E+02    0.783523329008896500E+08    0.132005187057075489E+03   -0.660025935285377443E+02
    0.265964814660051587E+02    0.102041405706466048E+01    0.994521867515149012E+02    0.717776299354665875E+08    0.132232356300836017E+03   -0.661161781504180084E+02
    0.308357058478399644E+02    0.102172606194879001E+01    0.997339750636976419E+02    0.874463810267709047E+08    0.132517703139996200E+03   -0.662588515699981002E+02
    0.724559563127568840E+01    0.101907835574002137E+01    0.995823270361557320E+02    0.820152887709736526E+08    0.132047401837603985E+03   -0.660237009188019925E+02
    0.270179575514299657E+02    0.102038307664465933E+01    0.981531938964725441E+02    0.822736739106740355E+08    0.132418608442623395E+03   -0.662093042213116973E+02
    0.427183559996391615E+01    0.102208331706714484E+01    0.998851103626552259E+02    0.765164762826305330E+08    0.132203812580945197E+03   -0.661019062904725985E+02
    0.210437522086680389E+02    0.102119615955416498E+01    0.994651052126297088E+02    0.751615451981985271E+08    0.131976990789117309E+03   -0.659884953945586545E+02
    0.737235928021394038E+01    0.102124076921404905E+01    0.994749075592792735E+02    0.913198376533491760E+08    0.131886674153985638E+03   -0.659433370769928189E+02
    0.372499015786257492E+00    0.102102546767374536E+01    0.996805084960821830E+02    0.944309036959391087E+08    0.132041039790477214E+03   -0.660205198952386070E+02
    0.235924947339321491E+02    0.102007030334245030E+01    0.980785864551408082E+02    0.821842095216660947E+08    0.132296697076870572E+03   -0.661483485384352861E+02
    0.139234061732825265E+01    0.102107692746223933E+01    0.999582561880781100E+02    0.862417051066245288E+08    0.131869285091226459E+03   -0.659346425456132295E+02
    0.221417294908414810E+02    0.102113976691753416E+01    0.986507471091785106E+02    0.927886989083241224E+08    0.132266161465518906E+03   -0.661330807327594528E+02
    0.387887726852190262E+01    0.101990972534187518E+01    0.990444252745152625E+02    0.824980978623116761E+08    0.132127130240154685E+03   -0.660635651200773424E+02
    0.127427235841524045E+02    0.102156049831635798E+01    0.984242889911092078E+02    0.852808432183387130E+08    0.132300006037813006E+03   -0.661500030189065029E+02
    0.794920509512315476E+01    0.102177695671587188E+01    0.999369957752580689E+02    0.893047990179891437E+08    0.131828671390442537E+03   -0.659143356952212685E+02
    0.178251866459873343E+01    0.102163927921373587E+01    0.990090418422348932E+02    0.979723301898952723E+08    0.132345238993671842E+03   -0.661726194968359209E+02
    0.264515418038703887E+01    0.102013733547591179E+01    0.986405835024892639E+02    0.787409210881962478E+08    0.132403452374137061E+03   -0.662017261870685303E+02
    0.944580368408773197E+01    0.102081935209747865E+01    0.991505584321144937E+02    0.867829821316180676E+08    0.131819597280875428E+03   -0.659097986404377139E+02
    0.107622271988790086E+01    0.102061668674763584E+01    0.993468457418973685E+02    0.909594627547071278E+08    0.132202536797755670E+03   -0.661012683988778349E+02
    0.789317706440092692E+01    0.102083840910213142E+01    0.990939070110517690E+02    0.801596645327091366E+08    0.131805514275703985E+03   -0.659027571378519923E+02
    0.165876131061726051E+01    0.102017892461897719E+01    0.992883344255936606E+02    0.806764005978017747E+08    0.132061729187100781E+03   -0.660308645935503904E+02
    0.247762399478403808E+02    0.102170458699698874E+01    0.996799386386901745E+02    0.844726325900898427E+08    0.132040575641682551E+03   -0.660202878208412756E+02
    0.921462941428367444E+01    0.102335310125171697E+01    0.999220348083263161E+02    0.104090096921888009E+09    0.132256850663066956E+03   -0.661284253315334780E+02
    0.100665863397175723E+02    0.102084010313567597E+01    0.993046527816541271E+02    0.791463204188885540E+08    0.131694853947893250E+03   -0.658474269739466251E+02
    0.315398884216550677E+02    0.101784485939286595E+01    0.998856563332970921E+02    0.113765576475524530E+09    0.131665080438751488E+03   -0.658325402193757441E+02
    0.328366187712198965E+02    0.101811372963871727E+01    0.982683484979712176E+02    0.114003301910740227E+09    0.132470542632890073E+03   -0.662352713164450364E+02
    0.364730082225451042E+02    0.101974314512883679E+01    0.988073743918832434E+02    0.110178373287836492E+09    0.132303178038828094E+03   -0.661515890194140468E+02
    0.215412689882883015E+02    0.102067741128161060E+01    0.995042095952203880E+02    0.109674550681181043E+09    0.130953268692356176E+03   -0.654766343461780878E+02
    0.135432134643588356E+02    0.102029892777358455E+01    0.963264175217118037E+02    0.111460795217024043E+09    0.132423877527215609E+03   -0.662119387636078045E+02
    0.150974656054250840E+02    0.102239064875244789E+01    0.991083820717033177E+02    0.115324149514794037E+09    0.131650833787624180E+03   -0.658254168938120898E+02
    0.957682395486754601E+01    0.101770225275200898E+01    0.990922641431893112E+02    0.114867599405898347E+09    0.132168215698725447E+03   -0.660841078493627236E+02
    0.371215861571415084E+01    0.101904436308919455E+01    0.976965790165843799E+02    0.113507157713561490E+09    0.132281983148298764E+03   -0.661409915741493819E+02
    0.305447378247041854E+02    0.102022340155816815E+01    0.995094483500822946E+02    0.117765655606529191E+09    0.131892092548919209E+03   -0.659460462744596043E+02
    0.210198006081765385E+02    0.101959846362203943E+01    0.990844764864280592E+02    0.104557703344432935E+09    0.131575764976919174E+03   -0.657878824884595872E+02
    0.203300657212673883E+02    0.101831993666523934E+01    0.982888121494832490E+02    0.109431657534828156E+09    0.132137968443847257E+03   -0.660689842219236283E+02
    0.206629753748913529E+02    0.102041572373948197E+01    0.991141150036660150E+02    0.107306806854414418E+09    0.131255389711540772E+03   -0.656276948557703861E+02
    0.239455295003185995E+02    0.102058939909072532E+01    0.975824715581426716E+02    0.111527457500423834E+09    0.131938486799908645E+03   -0.659692433999543226E+02
    0.506533212760668405E+01    0.102291578982432174E+01    0.986945643424375874E+02    0.113497666309396371E+09    0.131990841970142299E+03   -0.659954209850711493E+02
    0.160144700126132804E+02    0.102041342183945116E+01    0.995788274038377921E+02    0.101391128820228934E+09    0.131326997516503184E+03   -0.656634987582515919E+02
    0.307972648780593765E+02    0.101774325499337359E+01    0.999714106084425396E+02    0.115133157558004126E+09    0.131868440843829006E+03   -0.659342204219145032E+02
    0.172869674446088020E+02    0.102090339081387249E+01    0.984413185801963380E+02    0.981590834737848490E+08    0.132056504635454473E+03   -0.660282523177272367E+02
    0.184457811559053866E+02    0.102240807379080922E+01    0.984941457726856981E+02    0.107034412525269046E+09    0.132254280826228040E+03   -0.661271404131140201E+02
    0.237194286543599286E+01    0.101935540427410420E+01    0.981760183365966981E+02    0.112308136319510996E+09    0.132051070000439438E+03   -0.660255350002197190E+02
    0.246990385518503253E+02    0.102055623146121932E+01    0.995503444150712227E+02    0.115649072179577366E+09    0.131096441609334533E+03   -0.655482208046672667E+02
    0.159040050512421693E+02    0.102072848946015005E+01    0.975712633503613205E+02    0.117682218790421218E+09    0.132346571394329771E+03   -0.661732856971648857E+02
    0.171750526817586966E+02    0.102100499448711224E+01    0.990019485983677043E+02    0.114942406650219858E+09    0.131086521184292423E+03   -0.655432605921462113E+02
    0.719452150778848054E+01    0.102273618780659414E+01    0.986753520778388378E+02    0.109551919980949178E+09    0.132112647173292771E+03   -0.660563235866463856E+02
    0.186234957026767809E+02    0.101801273257528746E+01    0.979048657752255593E+02    0.109931794327444121E+09    0.132450984058824190E+03   -0.662254920294120950E+02
    0.272309084494340503E+02    0.101976561957097767E+01    0.992003856230557375E+02    0.943266834822241813E+08    0.132077962083796933E+03   -0.660389810418984666E+02
    0.216535023186981306E+02    0.102247095774159447E+01    0.992414426156417733E+02    0.113673779700429976E+09    0.131581984255927182E+03   -0.657909921279635910E+02
    0.649838896605949401E+01    0.101882847181254466E+01    0.987057862939506805E+02    0.100785790535374910E+09    0.132542435730467929E+03   -0.662712178652339645E+02
    0.181514090101662653E+02    0.102049125829167875E+01    0.984187932285876741E+02    0.111331217796600953E+09    0.131291365609045641E+03   -0.656456828045228207E+02
    0.446480888041764423E+01    0.102117597955413908E+01    0.995689382146196920E+02    0.111091318130863875E+09    0.131043414867788897E+03   -0.655217074338944485E+02
    0.174104031802928461E+02    0.101928436632418729E+01    0.991728759843358461E+02    0.108385854763686657E+09    0.131326735360566602E+03   -0.656633676802833008E+02
    0.420387356549287716E+01    0.101973967150442446E+01    0.999910635068677323E+02    0.120286464285380095E+09    0.131971283630802759E+03   -0.659856418154013795E+02
    0.218879424622741112E+02    0.102066821950357856E+01    0.987338323180843958E+02    0.108736193520262957E+09    0.131427765455595306E+03   -0.657138827277976532E+02
    0.235043450787839063E+02    0.101801825754580855E+01    0.998888243740021124E+02    0.104140630405158013E+09    0.131899057537951251E+03   -0.659495287689756253E+02
    0.202465269159128596E+02    0.101907319516576722E+01    0.984966704962757120E+02    0.109334800658337101E+09    0.131722734688963953E+03   -0.658613673444819767E+02
    0.274832422093036790E+02    0.101845148357464033E+01    0.990356104242683699E+02    0.116524117067281201E+09    0.132124832035221402E+03   -0.660624160176107011E+02
    0.176305108018477092E+02    0.102121609643576883E+01    0.990923170782141653E+02    0.109628555412616476E+09    0.131210947919307017E+03   -0.656054739596535086E+02
    0.177765762279783779E+02    0.101772837417832673E+01    0.991709133757422308E+02    0.110737689677223414E+09    0.131920123715494896E+03   -0.659600618577474478E+02
    0.208445372336517121E+01    0.101921503397804325E+01    0.976892411068894404E+02    0.114971319171965599E+09    0.132503428697244772E+03   -0.662517143486223858E+02
    0.186420774590721301E+02    0.101832595865329933E+01    0.999782915157224750E+02    0.120745700132713735E+09    0.132310592506883381E+03   -0.661552962534416906E+02
    0.246893021869061897E+02    0.102145672578551094E+01    0.995172838022463964E+02    0.100908830553858429E+09    0.131912276125587510E+03   -0.659561380627937552E+02
    0.126197501105634800E+02    0.101967014905941400E+01    0.993662164152466971E+02    0.120231786857136458E+09    0.131992211799324679E+03   -0.659961058996623393E+02
