    0.161805000166473278E+01    0.105773863224616638E+01    0.642882067329445306E+02    0.111715133293313956E+10    0.268041709412825185E+03   -0.134020854706412592E+03
    0.684982191937533536E+01    0.105481867997918610E+01    0.874443636255811043E+02    0.808678113503728509E+08    0.266270584411395930E+03   -0.133135292205697965E+03
    0.517294272734837932E+02    0.103450283277555743E+01    0.894686630173036832E+02    0.442146747625951320E+08    0.264856039229859050E+03   -0.132428019614929525E+03
    0.109142791392211137E+03    0.103408767994655282E+01    0.993927589030383416E+02    0.600339236494927928E+08    0.264578231236377349E+03   -0.132289115618188674E+03
    0.459234807648338688E+02    0.102641303898795910E+01    0.576115800386335053E+02    0.521507798317092705E+10    0.264035105781769346E+03   -0.132017552890884673E+03
    0.648764741944850254E+01    0.105027390055309322E+01    0.893358619302434107E+02    0.303184995912682950E+09    0.263900589204213134E+03   -0.131950294602106567E+03
    0.287825762998420132E+02    0.103249658005791289E+01    0.550487330408438353E+02    0.598977696695924327E+08    0.263332734071226355E+03   -0.131666367035613177E+03
    0.660385247421881445E+02    0.103948420559607047E+01    0.624764322157325154E+02    0.142843908305019528E+09    0.263174055353244057E+03   -0.131587027676622029E+03
    0.432606183486687357E+01    0.102417951213841341E+01    0.705607460396620922E+02    0.258250876070223510E+09    0.262861848342983478E+03   -0.131430924171491739E+03
    0.128253973243052087E+03    0.103322519753907027E+01    0.992487046902274841E+02    0.163938962392381787E+09    0.262768082052905299E+03   -0.131384041026452650E+03
    0.623180049804568057E+02    0.104138104559936773E+01    0.886473030762941363E+02    0.118575236551020622E+10    0.262632572211656338E+03   -0.131316286105828169E+03
    0.483214799359669840E+02    0.102672857608382695E+01    0.724087274496713746E+02    0.269891446654182076E+09    0.261975576565251743E+03   -0.130987788282625871E+03
    0.764558806430741384E+02    0.103834153937105622E+01    0.874315758799213683E+02    0.949695308605338335E+09    0.261876415746075281E+03   -0.130938207873037641E+03
    0.176216565627178099E+02    0.105053460310219737E+01    0.936639645385750299E+02    0.408454763314204693E+09    0.261861427883342628E+03   -0.130930713941671314E+03
    0.676566223546251564E+02    0.102542507136488559E+01    0.845488649262035494E+02    0.452971248923579502E+10    0.261522189899957141E+03   -0.130761094949978570E+03
    0.553898840144132052E+02    0.104172415771555826E+01    0.933541694153303894E+02    0.248803609384507942E+10    0.261462647607336066E+03   -0.130731323803668033E+03
    0.338751675477640575E+02    0.103303648094408640E+01    0.613558423709570704E+02    0.381860142418888378E+10    0.261335287440897332E+03   -0.130667643720448666E+03
    0.368107655824858853E+02    0.104171328408311537E+01    0.719631445213906034E+02    0.362535490392681503E+10    0.261321154941471036E+03   -0.130660577470735518E+03
    0.147807164589230737E+02    0.103444011022922688E+01    0.497284889227956768E+02    0.107291423572216168E+09    0.261236436932739423E+03   -0.130618218466369711E+03
    0.302537671137167088E+02    0.104105583519801059E+01    0.728817643652944298E+02    0.582181214722465798E+08    0.261036740363124977E+03   -0.130518370181562489E+03
    0.641506213592664243E+00    0.104903181095911702E+01    0.873163744895317535E+02    0.912400378358651042E+09    0.260843321809215354E+03   -0.130421660904607677E+03
    0.134799351278241932E+02    0.104926230992293212E+01    0.901818340198019257E+02    0.152120800055117345E+10    0.260829596821242831E+03   -0.130414798410621415E+03
    0.619795979548269429E+02    0.103192958025277326E+01    0.740559269158694633E+02    0.402922512607547855E+10    0.260592965405145605E+03   -0.130296482702572803E+03
    0.202807064625860178E+02    0.102433466276914853E+01    0.828432430679749956E+02    0.272212930992815208E+10    0.260591291907944594E+03   -0.130295645953972297E+03
    0.265089879051247159E+02    0.103529846749087984E+01    0.714141203508996938E+02    0.841581230044876099E+09    0.260351061419055384E+03   -0.130175530709527692E+03
    0.338498036199514090E+02    0.103718441811332740E+01    0.774196049924566125E+02    0.224280602866774797E+10    0.260260377049566898E+03   -0.130130188524783449E+03
    0.367971131034902541E+02    0.104195550875581366E+01    0.877881748214385880E+02    0.240409418162763977E+10    0.260158142774975317E+03   -0.130079071387487659E+03
    0.311744809085364061E+02    0.104476305348956555E+01    0.976812630422991219E+02    0.223232506178733730E+10    0.260076143171672697E+03   -0.130038071585836349E+03
    0.358341113192555412E+02    0.104443942742550688E+01    0.830241522885882688E+02    0.428150195221355200E+10    0.260064831882347221E+03   -0.130032415941173610E+03
    0.223508823450864043E+02    0.103112648636530646E+01    0.703517398703855577E+02    0.250578927149695635E+10    0.260057651700194413E+03   -0.130028825850097206E+03
    0.153640854140758183E+02    0.102279142978059467E+01    0.960353889373138969E+02    0.142448059796426916E+10    0.259983551414281180E+03   -0.129991775707140590E+03
    0.120373707408167743E+02    0.104060824252503159E+01    0.757412589405131058E+02    0.884211840781703472E+09    0.259818011602548950E+03   -0.129909005801274475E+03
    0.674763915853426823E+02    0.103104741814235235E+01    0.912462062881715212E+02    0.188603532159058166E+10    0.259724407809642628E+03   -0.129862203904821314E+03
    0.875886701796916611E+02    0.103597490380520840E+01    0.875450155681000552E+02    0.741713319627090842E+08    0.259713067706075265E+03   -0.129856533853037632E+03
    0.526162879716761935E+02    0.103567537674633670E+01    0.782459521614198792E+02    0.371486444298693299E+09    0.259513092839213584E+03   -0.129756546419606792E+03
    0.389219023155128196E+01    0.103334448995692996E+01    0.697846509802363357E+02    0.156480036016567492E+10    0.259477597607203336E+03   -0.129738798803601668E+03
    0.524822665006359799E+02    0.104088842825910399E+01    0.938973075389343279E+02    0.712403004924217463E+08    0.259437257861173180E+03   -0.129718628930586590E+03
    0.175465710165888709E+02    0.102688269785587316E+01    0.762570099301480440E+02    0.901450550715263605E+09    0.259423822485769165E+03   -0.129711911242884582E+03
    0.368727362945756880E+02    0.102741124654970939E+01    0.809226698131943039E+02    0.276218861127843237E+10    0.259379821029958748E+03   -0.129689910514979374E+03
    0.608701984774061202E+02    0.103867244166497352E+01    0.900414410490568002E+02    0.392151252389761686E+10    0.259359385944412679E+03   -0.129679692972206340E+03
    0.280483988092645866E+02    0.103676894972550704E+01    0.672211881195108276E+02    0.496939968473831654E+10    0.259354825554518754E+03   -0.129677412777259377E+03
    0.277178742206250917E+02    0.104050247987026268E+01    0.639544075260014466E+02    0.890670514665506333E+08    0.259329095749245937E+03   -0.129664547874622968E+03
    0.412860639177190976E+02    0.104403035224402929E+01    0.950729132845597746E+02    0.436530124677564621E+09    0.259288129973395939E+03   -0.129644064986697970E+03
    0.370897629955277495E+02    0.104384578483501622E+01    0.937593319819682165E+02    0.473391602915654123E+09    0.259208854243550718E+03   -0.129604427121775359E+03
    0.142544063656986850E+02    0.103496723130385759E+01    0.723889789451469596E+02    0.157642857977891970E+10    0.259189196991511722E+03   -0.129594598495755861E+03
    0.102605332655813406E+02    0.103176121515899299E+01    0.755421089030597983E+02    0.604335392957975984E+09    0.259188606681606586E+03   -0.129594303340803293E+03
    0.139209888767899876E+02    0.104722189643858754E+01    0.982484345856471464E+02    0.122924875269515589E+09    0.259178033975850838E+03   -0.129589016987925419E+03
    0.284735551094788342E+01    0.104901559388693411E+01    0.854033974228114658E+02    0.435650793060247326E+10    0.259152679431657646E+03   -0.129576339715828823E+03
    0.263231702834898549E+02    0.102289762067283552E+01    0.754286983844058625E+02    0.174170792400155813E+09    0.259094754583769827E+03   -0.129547377291884914E+03
    0.523244098931573376E+02    0.104159495010304326E+01    0.767585650862861257E+02    0.128302634802119538E+09    0.259084212896709232E+03   -0.129542106448354616E+03
    0.760709073745586162E+00    0.104880514249651613E+01    0.936379921945498950E+02    0.115605012206967682E+09    0.259036927645499190E+03   -0.129518463822749595E+03
    0.457251631175682292E+02    0.103944838653668170E+01    0.885012461486549284E+02    0.152267392581546998E+10    0.258990333779116270E+03   -0.129495166889558135E+03
    0.686049552966806857E+02    0.103215946147890603E+01    0.807485195238658804E+02    0.243473971056486219E+09    0.258968652010966025E+03   -0.129484326005483013E+03
    0.558031995903325182E+02    0.102642402423757240E+01    0.919239168278650425E+02    0.332438328022749960E+09    0.258906653523593945E+03   -0.129453326761796973E+03
    0.235722365545071675E+02    0.102412878936494112E+01    0.701812209438215433E+02    0.175788157518580735E+09    0.258786521923216753E+03   -0.129393260961608377E+03
    0.857606769411653005E+02    0.102772098542139245E+01    0.808478448063984132E+02    0.151314522179622084E+09    0.258783475272564885E+03   -0.129391737636282443E+03
    0.561754738417074151E+02    0.102473043392397756E+01    0.989000553375039431E+02    0.376386857811174572E+09    0.258782384585640102E+03   -0.129391192292820051E+03
    0.247343694123724021E+02    0.104387193840550685E+01    0.725117546159592194E+02    0.134761005396083742E+09    0.258738516403481412E+03   -0.129369258201740706E+03
    0.469768330157481557E+02    0.103743886074190295E+01    0.901300744572328654E+02    0.657269750667250037E+09    0.258726035757838304E+03   -0.129363017878919152E+03
    0.353506285800187428E+02    0.103990061936759526E+01    0.910262190675779692E+02    0.673356705034844398E+09    0.258645534357499685E+03   -0.129322767178749842E+03
    0.431602033559535485E+02    0.104250298515500139E+01    0.967594020994159649E+02    0.232058327167463124E+09    0.258539368520478206E+03   -0.129269684260239103E+03
    0.914374421466335363E+01    0.103337762379981779E+01    0.756542478859742289E+02    0.175776864918566012E+10    0.258517974822932729E+03   -0.129258987411466364E+03
    0.170977972677821164E+02    0.104638006215329527E+01    0.779803532304731419E+02    0.177042514627088845E+09    0.258514852958983283E+03   -0.129257426479491642E+03
    0.531872195557699357E+02    0.103926541704397191E+01    0.749703149326341247E+02    0.192073669395688862E+09    0.258269851134736200E+03   -0.129134925567368100E+03
    0.391745122136145270E+02    0.102503223520748188E+01    0.973071241206620243E+02    0.404930792171179914E+10    0.258198646334204170E+03   -0.129099323167102085E+03
    0.501935284599121871E+02    0.104086945559770028E+01    0.943551705832472010E+02    0.507685741744085693E+10    0.258073958262759675E+03   -0.129036979131379837E+03
    0.182396659411295943E+02    0.104680172313630115E+01    0.875315308045043707E+02    0.174823991481966734E+09    0.258048622968502514E+03   -0.129024311484251257E+03
    0.296489306087109554E+02    0.104381992846901950E+01    0.790117850488751543E+02    0.144029594398383200E+09    0.257987303390746888E+03   -0.128993651695373444E+03
    0.282961013048574550E+01    0.104491131732518849E+01    0.868567585183593280E+02    0.105130836535258031E+10    0.257899708055559586E+03   -0.128949854027779793E+03
    0.277072063129861377E+02    0.102907214525561841E+01    0.785464095856198696E+02    0.939138826560168505E+09    0.257899335816879159E+03   -0.128949667908439579E+03
    0.831036029279896660E+01    0.103798676453340200E+01    0.578553102636462455E+02    0.110496362717123836E+09    0.257818443777575226E+03   -0.128909221888787613E+03
    0.680604276995401563E+02    0.103077919772627813E+01    0.958600241798902175E+02    0.324178477041038036E+09    0.257688019276315686E+03   -0.128844009638157843E+03
    0.493426797937710475E+02    0.103311424132087781E+01    0.971368287784792699E+02    0.124320730240424800E+10    0.257678661024918711E+03   -0.128839330512459355E+03
    0.702843850936334320E+02    0.102962046075415259E+01    0.945553984659227638E+02    0.516366613736165285E+09    0.257668524403176036E+03   -0.128834262201588018E+03
    0.892208764591878065E+02    0.102934513573022035E+01    0.863074737500171381E+02    0.142699230161019355E+09    0.257650154293697540E+03   -0.128825077146848770E+03
    0.456321983176456314E+02    0.102594798738612725E+01    0.762737851913776694E+02    0.127699108101837233E+09    0.257616786652572841E+03   -0.128808393326286421E+03
    0.402957916343132467E+02    0.103024720341776854E+01    0.895203000539292191E+02    0.236539867296440649E+10    0.257615224829927683E+03   -0.128807612414963842E+03
    0.277372426427617071E+02    0.102684139533507190E+01    0.856106125809265706E+02    0.112824163173064399E+10    0.257608711255819969E+03   -0.128804355627909985E+03
    0.386714609525349307E+01    0.102808479994620905E+01    0.796456179791161816E+02    0.111876385620597720E+10    0.257593593069974588E+03   -0.128796796534987294E+03
    0.324214847543715692E+02    0.103510863766105854E+01    0.751149196917157553E+02    0.485394745220865726E+10    0.257520671843056675E+03   -0.128760335921528338E+03
    0.329522840349952162E+02    0.102462670545899415E+01    0.876406310744911679E+02    0.126795852249428391E+09    0.257472785268769371E+03   -0.128736392634384686E+03
    0.788768241888322592E+02    0.102998309033131719E+01    0.803030589267252992E+02    0.847561446197351962E+08    0.257386636465545337E+03   -0.128693318232772668E+03
    0.464820431259601747E+02    0.102960371867594902E+01    0.830935465434376397E+02    0.406313330423461103E+10    0.257381282191736716E+03   -0.128690641095868358E+03
    0.485493553635891573E+02    0.103117463089844441E+01    0.932343386452878633E+02    0.174878510561164522E+10    0.257368831917696184E+03   -0.128684415958848092E+03
    0.310957327344658596E+01    0.104591952244827069E+01    0.935340476911628400E+02    0.126174068571445763E+09    0.257368109573941922E+03   -0.128684054786970961E+03
    0.954096466705485966E+02    0.102868325339050060E+01    0.874372158994764561E+02    0.112792939155435205E+09    0.257343248311130992E+03   -0.128671624155565496E+03
    0.129843812696400285E+02    0.103317848971734749E+01    0.814777262158653173E+02    0.540216625673071072E+08    0.257332770895104773E+03   -0.128666385447552386E+03
    0.852361577165104620E+02    0.103193803182422994E+01    0.998151607106545242E+02    0.232528127270093560E+09    0.257279950045730061E+03   -0.128639975022865030E+03
    0.132495414801148517E+02    0.103016755761921242E+01    0.811123525568366830E+02    0.533432606560701191E+09    0.257278196889253934E+03   -0.128639098444626967E+03
    0.132495414801148517E+02    0.103016755761921242E+01    0.811123525568366830E+02    0.533432606560701191E+09    0.257278196889253934E+03   -0.128639098444626967E+03
    0.154274657438406884E+02    0.103873904804105033E+01    0.797861545941244117E+02    0.442926596841449201E+09    0.257220639870018829E+03   -0.128610319935009414E+03
    0.154274657438406884E+02    0.103873904804105033E+01    0.797861545941244117E+02    0.442926596841449201E+09    0.257220639870018829E+03   -0.128610319935009414E+03
    0.574435425251292173E+02    0.103314787701793520E+01    0.933710012114295580E+02    0.146361313350985336E+10    0.257204295586586682E+03   -0.128602147793293341E+03
    0.232730876581404580E+02    0.103189979211612548E+01    0.643848658435066454E+02    0.162265042874679416E+09    0.257147515158624856E+03   -0.128573757579312428E+03
    0.568584288078430617E+02    0.103179462439104586E+01    0.712197988932415456E+02    0.758740335167856067E+08    0.257146215970316518E+03   -0.128573107985158259E+03
    0.134303242046132958E+02    0.102875471995363799E+01    0.687652414117913935E+02    0.718183589281459451E+08    0.257119358928800807E+03   -0.128559679464400404E+03
    0.134303242046132958E+02    0.102875471995363799E+01    0.687652414117913935E+02    0.718183589281459451E+08    0.257119358928800807E+03   -0.128559679464400404E+03
    0.648932430970336185E+02    0.103144151337280721E+01    0.727287875457382995E+02    0.127487294572780445E+09    0.257093832456204439E+03   -0.128546916228102219E+03
    0.400461090087724259E+02    0.103573615562402077E+01    0.954728095967149386E+02    0.229652936985929680E+10    0.257067512960650902E+03   -0.128533756480325451E+03
    0.650380105104161146E+02    0.102801237360621878E+01    0.744636847863255582E+02    0.102479451473072499E+09    0.256997312354545954E+03   -0.128498656177272977E+03
    0.304879821297324725E+02    0.104225569722096623E+01    0.944837696451060509E+02    0.102297560920212126E+10    0.256986424117462036E+03   -0.128493212058731018E+03
    0.304879821297324725E+02    0.104225569722096623E+01    0.944837696451060509E+02    0.102297560920212126E+10    0.256986424117462036E+03   -0.128493212058731018E+03
    0.812905033867694726E+01    0.103388023554555319E+01    0.830933949491135593E+02    0.192561626162857676E+10    0.256907534718797649E+03   -0.128453767359398825E+03
    0.180610213837617586E+02    0.102545791972142708E+01    0.752539329489465132E+02    0.169042553996881604E+09    0.256876740919940517E+03   -0.128438370459970258E+03
    0.210557856585379213E+02    0.102738461075727616E+01    0.687082610480036067E+02    0.170585804594461232E+09    0.256861798414481939E+03   -0.128430899207240969E+03
    0.654930519326862424E+02    0.103330622663312877E+01    0.667871582704934923E+02    0.113292033254650146E+09    0.256851006404730015E+03   -0.128425503202365007E+03
    0.551921159766177851E+02    0.102944475244363809E+01    0.714171702123761349E+02    0.167680721677137494E+09    0.256848015888306350E+03   -0.128424007944153175E+03
    0.539204993292259402E+02    0.103672675071078846E+01    0.944396497789557543E+02    0.477539918751759815E+10    0.256838510614000882E+03   -0.128419255307000441E+03
    0.539204993292259402E+02    0.103672675071078846E+01    0.944396497789557543E+02    0.477539918751759815E+10    0.256838510614000882E+03   -0.128419255307000441E+03
    0.168878626469714099E+02    0.102782711627931911E+01    0.990183687615644743E+02    0.133723935536831403E+10    0.256823910794379458E+03   -0.128411955397189729E+03
    0.253591913927730843E+02    0.104007191752438310E+01    0.892701053377834342E+02    0.292050042267730761E+10    0.256823126892713958E+03   -0.128411563446356979E+03
    0.287886099830516073E+02    0.103810289273576384E+01    0.841584212338218691E+02    0.996529746318887711E+09    0.256712826149584259E+03   -0.128356413074792130E+03
    0.287886099830516073E+02    0.103810289273576384E+01    0.841584212338218691E+02    0.996529746318887711E+09    0.256712826149584259E+03   -0.128356413074792130E+03
    0.220032862139695524E+02    0.103523546282217405E+01    0.675207964525332045E+02    0.738177985336533934E+08    0.256704067931256304E+03   -0.128352033965628152E+03
    0.805933182512706736E+01    0.102807872997071037E+01    0.858503291089562168E+02    0.286484187875442410E+10    0.256685017507297971E+03   -0.128342508753648985E+03
    0.301081747053548270E+02    0.103729575589152212E+01    0.805985889378284668E+02    0.488226309317274761E+10    0.256671712488459320E+03   -0.128335856244229660E+03
    0.259309171719809441E+02    0.104288770018801924E+01    0.969234415008138939E+02    0.381664315467206907E+10    0.256613322239200670E+03   -0.128306661119600335E+03
    0.917836758077296722E+01    0.103403831295032766E+01    0.788856361892879789E+02    0.594397203167808205E+08    0.256611439216826625E+03   -0.128305719608413312E+03
    0.836180257764667978E+01    0.103600951112507333E+01    0.804602703544437219E+02    0.110454250345182037E+10    0.256602057571252544E+03   -0.128301028785626272E+03
    0.415918591681475718E+02    0.102828085550020232E+01    0.940318423276677748E+02    0.830429644078491449E+09    0.256589318055503554E+03   -0.128294659027751777E+03
    0.579399309742483926E+01    0.104447772008910134E+01    0.830177162541173175E+02    0.126513345479433566E+09    0.256552353476180087E+03   -0.128276176738090044E+03
    0.380807318830528700E+02    0.103224775274928082E+01    0.904279919545928834E+02    0.704335797507088780E+09    0.256535907912518383E+03   -0.128267953956259191E+03
    0.362978234944456091E+02    0.103655207658323856E+01    0.952527271420653392E+02    0.294576921197932899E+09    0.256532814650419027E+03   -0.128266407325209514E+03
    0.362978234944456091E+02    0.103655207658323856E+01    0.952527271420653392E+02    0.294576921197932899E+09    0.256532814650419027E+03   -0.128266407325209514E+03
    0.209884400078398698E+02    0.104253964119917253E+01    0.803677770948640955E+02    0.192947619281838983E+09    0.256527360312602354E+03   -0.128263680156301177E+03
    0.254139662743549835E+02    0.103767160437708905E+01    0.847204276045019640E+02    0.104681048567051744E+10    0.256483782590219050E+03   -0.128241891295109525E+03
    0.411806284165323699E+01    0.104167316501749041E+01    0.963699930630508703E+02    0.247432566343951315E+09    0.256480001095974671E+03   -0.128240000547987336E+03
    0.552752606377814786E+02    0.103114825841996471E+01    0.947513142500512231E+02    0.543976835121339679E+09    0.256466850093515006E+03   -0.128233425046757503E+03
    0.271707365132069505E+02    0.104374822932725086E+01    0.816186227885887092E+02    0.109443798617203146E+09    0.256420077939386147E+03   -0.128210038969693073E+03
    0.530242997898896107E+02    0.103052487510952728E+01    0.966394387906319423E+02    0.681519674448460639E+08    0.256403596216109463E+03   -0.128201798108054732E+03
    0.399470475837995238E+02    0.103172335637926693E+01    0.923575575619293687E+02    0.621229951268920898E+09    0.256390933165118327E+03   -0.128195466582559163E+03
    0.214216668181349483E+02    0.104004947974331374E+01    0.681491513946732397E+02    0.120361086927585721E+09    0.256375087411271124E+03   -0.128187543705635562E+03
    0.827478717349419242E+02    0.103075248820452492E+01    0.791837264970940424E+02    0.108062091486287355E+09    0.256366467694614357E+03   -0.128183233847307179E+03
    0.173062376537370390E+02    0.103752635952880867E+01    0.872580152603012209E+02    0.255238588691153288E+09    0.256347371889738383E+03   -0.128173685944869192E+03
    0.420491145375841526E+02    0.102488507197385958E+01    0.879644059458888989E+02    0.176459670050134391E+09    0.256328617129163490E+03   -0.128164308564581745E+03
    0.651870805471583736E+02    0.103176224388496007E+01    0.999092595107922534E+02    0.258195818057762712E+09    0.256326093016449022E+03   -0.128163046508224511E+03
    0.844401018568227073E+02    0.103277448976649033E+01    0.967153845114823980E+02    0.137288334349903733E+09    0.256324978352526159E+03   -0.128162489176263080E+03
    0.844401018568227073E+02    0.103277448976649033E+01    0.967153845114823980E+02    0.137288334349903733E+09    0.256324978352526159E+03   -0.128162489176263080E+03
    0.160436587983955263E+02    0.103995785492293091E+01    0.978233529816443763E+02    0.221663374151305866E+10    0.256318135183342974E+03   -0.128159067591671487E+03
    0.277382684797279886E+02    0.102728212562733368E+01    0.893010894969982019E+02    0.443222413704608154E+10    0.256240323591231515E+03   -0.128120161795615758E+03
    0.967491303100510613E+01    0.104010751520912281E+01    0.940419235249270571E+02    0.238071093385816050E+10    0.256175503559130220E+03   -0.128087751779565110E+03
    0.262799822739650288E+02    0.102905637688933660E+01    0.814755145367232245E+02    0.493574911329219151E+10    0.256158305921346368E+03   -0.128079152960673184E+03
    0.265637861335952117E+02    0.104021577537899956E+01    0.979301748055107169E+02    0.819797956536477506E+08    0.256089479163346596E+03   -0.128044739581673298E+03
    0.496446562096904103E+02    0.103024472330693628E+01    0.969704457878100783E+02    0.773423936532176256E+09    0.256077374144919702E+03   -0.128038687072459851E+03
    0.496446562096904103E+02    0.103024472330693628E+01    0.969704457878100783E+02    0.773423936532176256E+09    0.256077374144919702E+03   -0.128038687072459851E+03
    0.168559078049132474E+02    0.102893503895648619E+01    0.706326882257800150E+02    0.196128653707724571E+09    0.256070093744064138E+03   -0.128035046872032069E+03
    0.287032821083045597E+02    0.102680433692136330E+01    0.954510856311425187E+02    0.418661500749174929E+10    0.256039016359171455E+03   -0.128019508179585728E+03
    0.780244608962718633E+01    0.103626783320553129E+01    0.963696546975189534E+02    0.131132509367006397E+10    0.256024286085801691E+03   -0.128012143042900846E+03
    0.780244608962718633E+01    0.103626783320553129E+01    0.963696546975189534E+02    0.131132509367006397E+10    0.256024286085801691E+03   -0.128012143042900846E+03
    0.346771836184694422E+02    0.103937097625218255E+01    0.913000443018596570E+02    0.503553419163372993E+10    0.255949650802469023E+03   -0.127974825401234511E+03
    0.346771836184694422E+02    0.103937097625218255E+01    0.913000443018596570E+02    0.503553419163372993E+10    0.255949650802469023E+03   -0.127974825401234511E+03
    0.731641163488491344E+02    0.103549652920237278E+01    0.876417487399409509E+02    0.171626449805942714E+09    0.255939461075906394E+03   -0.127969730537953197E+03
    0.231810385521757354E+02    0.103727248979915232E+01    0.740990119315067233E+02    0.202371231788906932E+09    0.255906075279719602E+03   -0.127953037639859801E+03
    0.231810385521757354E+02    0.103727248979915232E+01    0.740990119315067233E+02    0.202371231788906932E+09    0.255906075279719602E+03   -0.127953037639859801E+03
    0.223818521545222140E+02    0.103174907515609027E+01    0.826084099523077100E+02    0.316537694737488699E+10    0.255868709322061306E+03   -0.127934354661030653E+03
    0.143568969295857709E+02    0.103538193137314161E+01    0.817072081860500674E+02    0.352384795473003912E+10    0.255815772415444684E+03   -0.127907886207722342E+03
    0.204807073393663934E+02    0.102703398205946583E+01    0.866443935743804303E+02    0.228782667416184396E+09    0.255749977455423618E+03   -0.127874988727711809E+03
    0.734723403018265060E+02    0.102991315439186515E+01    0.960173468172606874E+02    0.218891622960441738E+09    0.255692364994058948E+03   -0.127846182497029474E+03
    0.148500820866566201E+02    0.104360707663688146E+01    0.833660747535109437E+02    0.107301915696041539E+09    0.255688748956604144E+03   -0.127844374478302072E+03
    0.248679217102820083E+01    0.103554234243799348E+01    0.897486130061235343E+02    0.190072186361151075E+10    0.255667194976755894E+03   -0.127833597488377947E+03
    0.190622342881953486E+02    0.103159727319162298E+01    0.830540881414546561E+02    0.338299584628981447E+10    0.255653373310790926E+03   -0.127826686655395463E+03
    0.495122797047008589E+02    0.103036902903253891E+01    0.997853355278715668E+02    0.328871539468034446E+09    0.255643787871609760E+03   -0.127821893935804880E+03
    0.178909263298717498E+02    0.103456874734056137E+01    0.720915351904576056E+02    0.720219237532275170E+08    0.255577752461634645E+03   -0.127788876230817323E+03
    0.247678392501921323E+02    0.103018539294473932E+01    0.873155056687242421E+02    0.346138475539852333E+10    0.255526215661984907E+03   -0.127763107830992453E+03
    0.569636612327471283E+02    0.102861642968777556E+01    0.795009891919102358E+02    0.994196639573544115E+08    0.255514147235346314E+03   -0.127757073617673157E+03
    0.221938063818462403E+02    0.103373751844472728E+01    0.894981781132465102E+02    0.340066962971372664E+09    0.255512353707833029E+03   -0.127756176853916514E+03
    0.612842573234082195E+02    0.103035942124953328E+01    0.884662799698140390E+02    0.770220887977816463E+08    0.255510404867568980E+03   -0.127755202433784490E+03
    0.466104296203714554E+02    0.102855603484043145E+01    0.963650384592295381E+02    0.560209630439733315E+10    0.255489067311420683E+03   -0.127744533655710342E+03
    0.466104296203714554E+02    0.102855603484043145E+01    0.963650384592295381E+02    0.560209630439733315E+10    0.255489067311420683E+03   -0.127744533655710342E+03
    0.175525885415748526E+02    0.102754448660519393E+01    0.965620479009727717E+02    0.249295593723517179E+09    0.255488843655615995E+03   -0.127744421827807997E+03
    0.270613938636484903E+02    0.103777632061351932E+01    0.894025386465872032E+02    0.394954530149166822E+09    0.255473035218224027E+03   -0.127736517609112013E+03
    0.156667374849573182E+02    0.103216979270934583E+01    0.688349448586178880E+02    0.150275893740653306E+09    0.255454931434109938E+03   -0.127727465717054969E+03
    0.218824966601828805E+02    0.103892415775927893E+01    0.884162941949797556E+02    0.230364225310919642E+09    0.255423556179504374E+03   -0.127711778089752187E+03
    0.173750067518419038E+01    0.103843220286380533E+01    0.701087632311152475E+02    0.964795237504001111E+08    0.255411977511399016E+03   -0.127705988755699508E+03
    0.173750067518419038E+01    0.103843220286380533E+01    0.701087632311152475E+02    0.964795237504001111E+08    0.255411977511399016E+03   -0.127705988755699508E+03
    0.497714972128603605E+02    0.103895718344608445E+01    0.909630219756187728E+02    0.137957124379750043E+09    0.255401980569384506E+03   -0.127700990284692253E+03
    0.246917371862647030E+02    0.103878295401249043E+01    0.748553039543307364E+02    0.948737932828443497E+08    0.255387909520818710E+03   -0.127693954760409355E+03
    0.246917371862647030E+02    0.103878295401249043E+01    0.748553039543307364E+02    0.948737932828443497E+08    0.255387909520818710E+03   -0.127693954760409355E+03
    0.144201110477291223E+02    0.103063870146428260E+01    0.809976979966232022E+02    0.467664881415478325E+10    0.255371367686250835E+03   -0.127685683843125418E+03
    0.144201110477291223E+02    0.103063870146428260E+01    0.809976979966232022E+02    0.467664881415478325E+10    0.255371367686250835E+03   -0.127685683843125418E+03
    0.467207539501104350E+02    0.102633329065988033E+01    0.869040979466871022E+02    0.170886187672719151E+09    0.255336937428754538E+03   -0.127668468714377269E+03
    0.467207539501104350E+02    0.102633329065988033E+01    0.869040979466871022E+02    0.170886187672719151E+09    0.255336937428754538E+03   -0.127668468714377269E+03
    0.123929487695657965E+02    0.102835029924690047E+01    0.881034085441170447E+02    0.409112023603668928E+10    0.255318317554828184E+03   -0.127659158777414092E+03
    0.123929487695657965E+02    0.102835029924690047E+01    0.881034085441170447E+02    0.409112023603668928E+10    0.255318317554828184E+03   -0.127659158777414092E+03
    0.273831467608269925E+02    0.103437240613046955E+01    0.941871116269091146E+02    0.273839956657891929E+09    0.255294321247424989E+03   -0.127647160623712494E+03
    0.273831467608269925E+02    0.103437240613046955E+01    0.941871116269091146E+02    0.273839956657891929E+09    0.255294321247424989E+03   -0.127647160623712494E+03
    0.791042172091840143E+02    0.103236510118699165E+01    0.947553903210994690E+02    0.121391694413974658E+09    0.255198713662443652E+03   -0.127599356831221826E+03
    0.791042172091840143E+02    0.103236510118699165E+01    0.947553903210994690E+02    0.121391694413974658E+09    0.255198713662443652E+03   -0.127599356831221826E+03
    0.106457466250083463E+02    0.103096314558601421E+01    0.947608067691956677E+02    0.652847451939891100E+09    0.255198271375573796E+03   -0.127599135687786898E+03
    0.106457466250083463E+02    0.103096314558601421E+01    0.947608067691956677E+02    0.652847451939891100E+09    0.255198271375573796E+03   -0.127599135687786898E+03
    0.582403943010896512E+02    0.103862990031323599E+01    0.952996447040741828E+02    0.184115135814035565E+09    0.255193484817383023E+03   -0.127596742408691512E+03
    0.582403943010896512E+02    0.103862990031323599E+01    0.952996447040741828E+02    0.184115135814035565E+09    0.255193484817383023E+03   -0.127596742408691512E+03
    0.689959371710992428E+02    0.103160096559267700E+01    0.990052150495262140E+02    0.225184084600335062E+09    0.255172635717032591E+03   -0.127586317858516296E+03
    0.345246453470185177E+00    0.103574210367445740E+01    0.947372503625324924E+02    0.326303999714634895E+09    0.255166532377875882E+03   -0.127583266188937941E+03
    0.289979218869004534E+02    0.103279301192646300E+01    0.757629017997070093E+02    0.711722026567742079E+08    0.255156325395172473E+03   -0.127578162697586237E+03
    0.228822772636311704E+02    0.103346363834114352E+01    0.920512853435016893E+02    0.281238431714552021E+10    0.255137371937554576E+03   -0.127568685968777288E+03
    0.228822772636311704E+02    0.103346363834114352E+01    0.920512853435016893E+02    0.281238431714552021E+10    0.255137371937554576E+03   -0.127568685968777288E+03
    0.305003219708747402E+02    0.103937241189140184E+01    0.737481074549029216E+02    0.107526633334603310E+09    0.255114015893057569E+03   -0.127557007946528785E+03
    0.112745897668130795E+02    0.103421172350915125E+01    0.833282750569967448E+02    0.414602465206627548E+09    0.255109796834681788E+03   -0.127554898417340894E+03
    0.294179197467750733E+02    0.104125134550377019E+01    0.858989272377414181E+02    0.183421233637131780E+09    0.255085702846351012E+03   -0.127542851423175506E+03
    0.152575018306770129E+02    0.104276584898715297E+01    0.984829130341568799E+02    0.194911992444685668E+09    0.255046442879829243E+03   -0.127523221439914622E+03
    0.152575018306770129E+02    0.104276584898715297E+01    0.984829130341568799E+02    0.194911992444685668E+09    0.255046442879829243E+03   -0.127523221439914622E+03
    0.673794087028369137E+01    0.103658333129644720E+01    0.825070732155814994E+02    0.375204017400081348E+10    0.255042880174918707E+03   -0.127521440087459354E+03
    0.671951915610369639E+02    0.103079540320967644E+01    0.837867914150896240E+02    0.994765795156502873E+08    0.255031990555002295E+03   -0.127515995277501148E+03
    0.671951915610369639E+02    0.103079540320967644E+01    0.837867914150896240E+02    0.994765795156502873E+08    0.255031990555002295E+03   -0.127515995277501148E+03
    0.422967394377362140E+02    0.103014422394137495E+01    0.916299862853896911E+02    0.542071350161332798E+10    0.255029103727068332E+03   -0.127514551863534166E+03
    0.102241856844575469E+02    0.103414633167211045E+01    0.895161351697663576E+02    0.516639163393976748E+09    0.255022293154226929E+03   -0.127511146577113465E+03
    0.521463081797201333E+01    0.103948098610871065E+01    0.820223080223542098E+02    0.548632423793852711E+10    0.254984482188423243E+03   -0.127492241094211622E+03
    0.120281635526895734E+02    0.103167664321020047E+01    0.660836127121124406E+02    0.105214737011117041E+09    0.254958229794465154E+03   -0.127479114897232577E+03
    0.120281635526895734E+02    0.103167664321020047E+01    0.660836127121124406E+02    0.105214737011117041E+09    0.254958229794465154E+03   -0.127479114897232577E+03
    0.835281703460685776E+01    0.103531072618262554E+01    0.975822332791925930E+02    0.221034315723545933E+10    0.254954791054978273E+03   -0.127477395527489136E+03
    0.835281703460685776E+01    0.103531072618262554E+01    0.975822332791925930E+02    0.221034315723545933E+10    0.254954791054978273E+03   -0.127477395527489136E+03
    0.453232447832149532E+02    0.104026291148016825E+01    0.872058140576481406E+02    0.111832904258527771E+09    0.254876145304182160E+03   -0.127438072652091080E+03
    0.656313603805269152E+00    0.103429556678442514E+01    0.919417698158627701E+02    0.855304436106495738E+09    0.254869809597841936E+03   -0.127434904798920968E+03
    0.705973513095969629E+01    0.103194118709821248E+01    0.965461799571147594E+02    0.229104053449259806E+10    0.254840234674837234E+03   -0.127420117337418617E+03
    0.625941769831874097E+02    0.103553323000585995E+01    0.959097189867460855E+02    0.206147116110387027E+09    0.254828170867346614E+03   -0.127414085433673307E+03
    0.625941769831874097E+02    0.103553323000585995E+01    0.959097189867460855E+02    0.206147116110387027E+09    0.254828170867346614E+03   -0.127414085433673307E+03
    0.735899618410299894E+01    0.103958561189700838E+01    0.764373740828584118E+02    0.127945272584890261E+09    0.254806285727156478E+03   -0.127403142863578239E+03
    0.219679934069504856E+01    0.103299670696173762E+01    0.840682721663483790E+02    0.332458503780766582E+10    0.254792520484650026E+03   -0.127396260242325013E+03
    0.185914322396365357E+02    0.103397866630284985E+01    0.722799579109275072E+02    0.158875546404488325E+09    0.254787976602071751E+03   -0.127393988301035876E+03
    0.185914322396365357E+02    0.103397866630284985E+01    0.722799579109275072E+02    0.158875546404488325E+09    0.254787976602071751E+03   -0.127393988301035876E+03
    0.979891965408541310E+01    0.103675631730416495E+01    0.952977377606904810E+02    0.863792517535216689E+09    0.254781703963860991E+03   -0.127390851981930496E+03
    0.979891965408541310E+01    0.103675631730416495E+01    0.952977377606904810E+02    0.863792517535216689E+09    0.254781703963860991E+03   -0.127390851981930496E+03
    0.186491845118453412E+02    0.103101005680991031E+01    0.913649944607936533E+02    0.112358407278641629E+10    0.254780513128120020E+03   -0.127390256564060010E+03
    0.405414817043269764E+02    0.103010706771753124E+01    0.961416044759204169E+02    0.963105497355977893E+09    0.254774427590032701E+03   -0.127387213795016351E+03
    0.451253434978831258E+01    0.103242150036489244E+01    0.869049292338174553E+02    0.105834548953514767E+10    0.254770515096080487E+03   -0.127385257548040244E+03
    0.451253434978831258E+01    0.103242150036489244E+01    0.869049292338174553E+02    0.105834548953514767E+10    0.254770515096080487E+03   -0.127385257548040244E+03
    0.343911096436501609E+02    0.103692917755068947E+01    0.955314471643491174E+02    0.487707233542828751E+10    0.254741364979609415E+03   -0.127370682489804707E+03
    0.217436049607176862E+02    0.102905481167116974E+01    0.884505847441923549E+02    0.234006864176962018E+09    0.254692627034838665E+03   -0.127346313517419333E+03
    0.217436049607176862E+02    0.102905481167116974E+01    0.884505847441923549E+02    0.234006864176962018E+09    0.254692627034838665E+03   -0.127346313517419333E+03
    0.385723514704545511E+01    0.102837602607129885E+01    0.806329643180961142E+02    0.910313504096964151E+08    0.254643647935891607E+03   -0.127321823967945804E+03
    0.119165073354171174E+02    0.103293563595042071E+01    0.942143485940136287E+02    0.266410841599350542E+09    0.254529403834960590E+03   -0.127264701917480295E+03
    0.370386405288889904E+02    0.103674068680559839E+01    0.998146615361107195E+02    0.484474392935227966E+10    0.254528109044601138E+03   -0.127264054522300569E+03
    0.199322375843913626E+02    0.103140368343651567E+01    0.935890899383411465E+02    0.917629895863898754E+09    0.254514437043110604E+03   -0.127257218521555302E+03
    0.108091815245915357E+01    0.103715387519039859E+01    0.883992455360956342E+02    0.402338315481644571E+09    0.254496669214137853E+03   -0.127248334607068927E+03
    0.108091815245915357E+01    0.103715387519039859E+01    0.883992455360956342E+02    0.402338315481644571E+09    0.254496669214137853E+03   -0.127248334607068927E+03
    0.171385487547033293E+02    0.103936369918066696E+01    0.923918550504656224E+02    0.871824834515224248E+08    0.254464617422218879E+03   -0.127232308711109440E+03
    0.186186379805135949E+01    0.103399015102336844E+01    0.955918132850746076E+02    0.253110978393779564E+10    0.254464118250714421E+03   -0.127232059125357210E+03
    0.186186379805135949E+01    0.103399015102336844E+01    0.955918132850746076E+02    0.253110978393779564E+10    0.254464118250714421E+03   -0.127232059125357210E+03
    0.638044163882874482E+01    0.103010053584624695E+01    0.737401543993833570E+02    0.929273022193756998E+08    0.254457627547168272E+03   -0.127228813773584136E+03
    0.638044163882874482E+01    0.103010053584624695E+01    0.737401543993833570E+02    0.929273022193756998E+08    0.254457627547168272E+03   -0.127228813773584136E+03
    0.225659700103302585E+01    0.103387262949966208E+01    0.863661129630232551E+02    0.357738335631459379E+10    0.254421722062100599E+03   -0.127210861031050300E+03
    0.225659700103302585E+01    0.103387262949966208E+01    0.863661129630232551E+02    0.357738335631459379E+10    0.254421722062100599E+03   -0.127210861031050300E+03
    0.230412262515347912E+02    0.103260358673396246E+01    0.689251262751713938E+02    0.104174090119379461E+09    0.254420532236988663E+03   -0.127210266118494332E+03
    0.326329724218353290E+01    0.103109357213648112E+01    0.961249487655220634E+02    0.830817117031669974E+09    0.254401015623527314E+03   -0.127200507811763657E+03
    0.312741443985645660E+02    0.104022139789550550E+01    0.806447070009852496E+02    0.117631560068619356E+09    0.254385292468143149E+03   -0.127192646234071574E+03
    0.312741443985645660E+02    0.104022139789550550E+01    0.806447070009852496E+02    0.117631560068619356E+09    0.254385292468143149E+03   -0.127192646234071574E+03
    0.566086552901906472E+02    0.102752403250237045E+01    0.924950841636633214E+02    0.116466940617683157E+09    0.254378940580606468E+03   -0.127189470290303234E+03
    0.824909859894557762E+01    0.103083630927722147E+01    0.880639070034535649E+02    0.456184119618082345E+09    0.254371651454368475E+03   -0.127185825727184238E+03
    0.824909859894557762E+01    0.103083630927722147E+01    0.880639070034535649E+02    0.456184119618082345E+09    0.254371651454368475E+03   -0.127185825727184238E+03
    0.404298845957835429E+01    0.103684292736974215E+01    0.975890254335228775E+02    0.159100817995797110E+10    0.254360317112969994E+03   -0.127180158556484997E+03
    0.404298845957835429E+01    0.103684292736974215E+01    0.975890254335228775E+02    0.159100817995797110E+10    0.254360317112969994E+03   -0.127180158556484997E+03
    0.322341823596326265E+02    0.103821829406664934E+01    0.926510862724381496E+02    0.215388744001751631E+09    0.254351518419221236E+03   -0.127175759209610618E+03
    0.407717324092610696E+02    0.103834092741640927E+01    0.841670256145541344E+02    0.178480138820066571E+09    0.254325655588728750E+03   -0.127162827794364375E+03
    0.407717324092610696E+02    0.103834092741640927E+01    0.841670256145541344E+02    0.178480138820066571E+09    0.254325655588728750E+03   -0.127162827794364375E+03
    0.739563523762709440E+01    0.103374891892427456E+01    0.995142307061756668E+02    0.174894562882382369E+10    0.254317929436626514E+03   -0.127158964718313257E+03
    0.739563523762709440E+01    0.103374891892427456E+01    0.995142307061756668E+02    0.174894562882382369E+10    0.254317929436626514E+03   -0.127158964718313257E+03
    0.337650082399610554E+02    0.103197067945820997E+01    0.915862956373500765E+02    0.462153925540339530E+09    0.254307074726358280E+03   -0.127153537363179140E+03
    0.907686286334253367E+01    0.103353648247046137E+01    0.831372667341648537E+02    0.226193654643250704E+09    0.254278792246614387E+03   -0.127139396123307193E+03
    0.907686286334253367E+01    0.103353648247046137E+01    0.831372667341648537E+02    0.226193654643250704E+09    0.254278792246614387E+03   -0.127139396123307193E+03
    0.205006020599550684E-01    0.103451777527257383E+01    0.959340651593258400E+02    0.254901122240475357E+09    0.254253377493389451E+03   -0.127126688746694725E+03
    0.205006020599550684E-01    0.103451777527257383E+01    0.959340651593258400E+02    0.254901122240475357E+09    0.254253377493389451E+03   -0.127126688746694725E+03
    0.110331371694255900E+02    0.103809475085224179E+01    0.739812810247002801E+02    0.123323315014735520E+09    0.254232443622663567E+03   -0.127116221811331783E+03
    0.110331371694255900E+02    0.103809475085224179E+01    0.739812810247002801E+02    0.123323315014735520E+09    0.254232443622663567E+03   -0.127116221811331783E+03
    0.725551774086351458E+02    0.103316884296606926E+01    0.959777406336682191E+02    0.110474911545273200E+09    0.254217148799849269E+03   -0.127108574399924635E+03
    0.725551774086351458E+02    0.103316884296606926E+01    0.959777406336682191E+02    0.110474911545273200E+09    0.254217148799849269E+03   -0.127108574399924635E+03
    0.152160719046763759E+02    0.104148096718239591E+01    0.830183440586766892E+02    0.109055263674576968E+09    0.254209660304905185E+03   -0.127104830152452593E+03
    0.152160719046763759E+02    0.104148096718239591E+01    0.830183440586766892E+02    0.109055263674576968E+09    0.254209660304905185E+03   -0.127104830152452593E+03
    0.130180977092801893E+02    0.103159273954907649E+01    0.929715851271955955E+02    0.502711491572521448E+09    0.254206198788170923E+03   -0.127103099394085461E+03
    0.227237651659019377E+02    0.103140615762708499E+01    0.916827715050974206E+02    0.374185675170713305E+09    0.254181089173582251E+03   -0.127090544586791125E+03
    0.223039109262371156E+02    0.103085911964385724E+01    0.745340813638330246E+02    0.189520792205702871E+09    0.254175943181278228E+03   -0.127087971590639114E+03
    0.154937619072014812E+02    0.103310026203156458E+01    0.973161945997590152E+02    0.153276781444730997E+10    0.254163157978440722E+03   -0.127081578989220361E+03
    0.729059196352892425E+01    0.102898438520688651E+01    0.938379556132817356E+02    0.449701899919944191E+10    0.254144096666235214E+03   -0.127072048333117607E+03
    0.492948688210947097E+02    0.102977555397493270E+01    0.999498302984653861E+02    0.432223871630092442E+09    0.254138068334798618E+03   -0.127069034167399309E+03
    0.120997680696802634E+01    0.104244576830232427E+01    0.923772532116098262E+02    0.118716448446162209E+09    0.254126491687530745E+03   -0.127063245843765372E+03
    0.169707050952530523E+02    0.103731921297382246E+01    0.974490188071603711E+02    0.814929872858068347E+08    0.254098262617383511E+03   -0.127049131308691756E+03
    0.452315148435263978E+02    0.103033905678322490E+01    0.838344235562132383E+02    0.897549702202712595E+08    0.254088000387871148E+03   -0.127044000193935574E+03
    0.452315148435263978E+02    0.103033905678322490E+01    0.838344235562132383E+02    0.897549702202712595E+08    0.254088000387871148E+03   -0.127044000193935574E+03
    0.134513413257047052E+02    0.103175730482530659E+01    0.728134405234545596E+02    0.957459408334440589E+08    0.254080892629145467E+03   -0.127040446314572733E+03
    0.129691413652005014E+02    0.104182499111189308E+01    0.997349017382739333E+02    0.176837516801600605E+09    0.254079038612773104E+03   -0.127039519306386552E+03
    0.184066101375454174E+02    0.103191424642280238E+01    0.901217316228190981E+02    0.418147895124529552E+10    0.254078683383984981E+03   -0.127039341691992490E+03
    0.421566325781449702E+01    0.103416267309679455E+01    0.826864678942494749E+02    0.218722011967722356E+09    0.254005827803206785E+03   -0.127002913901603392E+03
    0.344554228007245058E+02    0.102751904736264477E+01    0.918341126812494792E+02    0.158675098831616580E+09    0.253991119301929416E+03   -0.126995559650964708E+03
    0.360236519390111170E+02    0.103225027107821110E+01    0.937449842458511995E+02    0.238660686795244128E+09    0.253990914757214512E+03   -0.126995457378607256E+03
    0.552177235255695180E+02    0.103301886901853912E+01    0.899736759318030153E+02    0.949298355206018686E+08    0.253980722937698033E+03   -0.126990361468849017E+03
    0.590715530184643534E+01    0.104030790225560210E+01    0.822986284375864301E+02    0.172644490534035832E+09    0.253955873089349211E+03   -0.126977936544674606E+03
    0.590715530184643534E+01    0.104030790225560210E+01    0.822986284375864301E+02    0.172644490534035832E+09    0.253955873089349211E+03   -0.126977936544674606E+03
    0.171107968010919613E+02    0.102936234286865513E+01    0.965669230800903620E+02    0.429413211221807575E+10    0.253955834767120081E+03   -0.126977917383560040E+03
    0.171107968010919613E+02    0.102936234286865513E+01    0.965669230800903620E+02    0.429413211221807575E+10    0.253955834767120081E+03   -0.126977917383560040E+03
    0.273804149675745663E+02    0.102776376309644646E+01    0.905337636119613762E+02    0.101793235339546695E+09    0.253953811436212163E+03   -0.126976905718106082E+03
    0.280348178887956188E+02    0.102978809520192494E+01    0.991237435471553425E+02    0.104974445190589845E+10    0.253945060962750745E+03   -0.126972530481375372E+03
    0.280348178887956188E+02    0.102978809520192494E+01    0.991237435471553425E+02    0.104974445190589845E+10    0.253945060962750745E+03   -0.126972530481375372E+03
    0.339322543373191143E+01    0.103811996147083585E+01    0.986207770304867495E+02    0.236252266879466683E+09    0.253900760337278371E+03   -0.126950380168639185E+03
    0.165381304300701686E+02    0.103058959353753132E+01    0.883559068790313233E+02    0.544918440414321232E+10    0.253887976071161233E+03   -0.126943988035580617E+03
    0.165381304300701686E+02    0.103058959353753132E+01    0.883559068790313233E+02    0.544918440414321232E+10    0.253887976071161233E+03   -0.126943988035580617E+03
    0.234618638922257450E+01    0.102671720886605433E+01    0.889012658321701679E+02    0.183549587548861563E+09    0.253864364999038855E+03   -0.126932182499519428E+03
    0.445902732508659199E+02    0.102798422077614715E+01    0.835646026702691245E+02    0.108341091432920098E+09    0.253843875206055088E+03   -0.126921937603027544E+03
    0.313372670398201834E+02    0.103942683111639522E+01    0.914627527589494775E+02    0.167658503557067156E+09    0.253839753909062836E+03   -0.126919876954531418E+03
    0.313372670398201834E+02    0.103942683111639522E+01    0.914627527589494775E+02    0.167658503557067156E+09    0.253839753909062836E+03   -0.126919876954531418E+03
    0.375183663947473889E+02    0.103205159450922923E+01    0.767264029995267265E+02    0.175933624580020010E+09    0.253816617215563213E+03   -0.126908308607781606E+03
    0.454761075308053808E+01    0.103817122844129717E+01    0.792034051475247338E+02    0.129016221667354494E+09    0.253804912237214353E+03   -0.126902456118607176E+03
    0.454761075308053808E+01    0.103817122844129717E+01    0.792034051475247338E+02    0.129016221667354494E+09    0.253804912237214353E+03   -0.126902456118607176E+03
    0.889300529435932674E+01    0.103121988735573855E+01    0.975788955092129413E+02    0.352368369095704079E+09    0.253796136081074138E+03   -0.126898068040537069E+03
    0.889300529435932674E+01    0.103121988735573855E+01    0.975788955092129413E+02    0.352368369095704079E+09    0.253796136081074138E+03   -0.126898068040537069E+03
    0.151841204961294718E+02    0.103061746503657781E+01    0.980013987770384603E+02    0.305859499980804968E+10    0.253766942728779156E+03   -0.126883471364389578E+03
    0.278867031016420626E+02    0.103409377088245757E+01    0.694233251190556757E+02    0.115642516370329231E+09    0.253763839317740747E+03   -0.126881919658870373E+03
    0.216946912635022611E-02    0.103514392012556922E+01    0.930535113382575076E+02    0.104668777264479733E+10    0.253762605482731090E+03   -0.126881302741365545E+03
    0.519723807387691039E+02    0.103015769574270410E+01    0.975487900307375781E+02    0.127443075203198075E+09    0.253757244594835413E+03   -0.126878622297417706E+03
    0.295490229772807247E+02    0.103742576931273689E+01    0.919452586799967833E+02    0.212644430342400104E+09    0.253755648632215724E+03   -0.126877824316107862E+03
    0.299342646784120490E+02    0.103891149813174510E+01    0.944301761161507898E+02    0.104049371942017123E+09    0.253732549379805391E+03   -0.126866274689902696E+03
    0.512970124628778805E+02    0.103589845358705190E+01    0.964164065211296304E+02    0.146990418355542541E+09    0.253731565733682714E+03   -0.126865782866841357E+03
    0.418076895273106288E+02    0.103548099869457189E+01    0.848692667633626172E+02    0.973204885339460224E+08    0.253705689185687618E+03   -0.126852844592843809E+03
    0.154376316751692375E+02    0.103499035340797496E+01    0.923445420105734485E+02    0.101844963907429719E+10    0.253705225665577075E+03   -0.126852612832788537E+03
    0.154376316751692375E+02    0.103499035340797496E+01    0.923445420105734485E+02    0.101844963907429719E+10    0.253705225665577075E+03   -0.126852612832788537E+03
    0.417883155396522632E+01    0.102649576094955264E+01    0.828722709624072849E+02    0.113775803286548540E+09    0.253702591636218500E+03   -0.126851295818109250E+03
    0.712019715866078506E+01    0.103743928376457917E+01    0.790646602058377539E+02    0.945600755330244154E+08    0.253691083241746441E+03   -0.126845541620873220E+03
    0.190831562510845529E+02    0.103126493984789680E+01    0.756880293541298670E+02    0.957068626585901678E+08    0.253662906052844988E+03   -0.126831453026422494E+03
    0.190831562510845529E+02    0.103126493984789680E+01    0.756880293541298670E+02    0.957068626585901678E+08    0.253662906052844988E+03   -0.126831453026422494E+03
    0.236274856502062320E+02    0.102994873355235872E+01    0.985393766561564775E+02    0.895936128211596757E+08    0.253658890750333228E+03   -0.126829445375166614E+03
    0.185705451297139312E+02    0.103167009801406584E+01    0.942225766748796190E+02    0.379856665373542261E+10    0.253657697409282406E+03   -0.126828848704641203E+03
    0.207460971486058696E+02    0.102692087738459081E+01    0.972886934670649737E+02    0.195931126778942019E+09    0.253650616994946461E+03   -0.126825308497473230E+03
    0.102550016988136559E+02    0.103098342365071360E+01    0.709725883651469189E+02    0.106639704678178132E+09    0.253631396976493335E+03   -0.126815698488246667E+03
    0.102550016988136559E+02    0.103098342365071360E+01    0.709725883651469189E+02    0.106639704678178132E+09    0.253631396976493335E+03   -0.126815698488246667E+03
    0.262670064014018401E+02    0.103210953216690093E+01    0.784895971235282701E+02    0.899493266705445349E+08    0.253625257082827829E+03   -0.126812628541413915E+03
    0.486076073058642066E+02    0.103324929691636980E+01    0.918308589322497397E+02    0.938281499488928914E+08    0.253598210725036211E+03   -0.126799105362518105E+03
    0.163031269460868522E+02    0.103114435565849627E+01    0.913104077028213084E+02    0.503203401265493202E+10    0.253587287783824735E+03   -0.126793643891912367E+03
    0.193013108097345096E+02    0.103981683666761282E+01    0.936344583534882702E+02    0.156661622273066342E+09    0.253570472533887880E+03   -0.126785236266943940E+03
    0.484691748487087004E+01    0.103882448340825362E+01    0.863888320205001179E+02    0.939919277927460521E+08    0.253569225580058912E+03   -0.126784612790029456E+03
    0.481955056473533716E+02    0.102852840783140453E+01    0.871612839526847267E+02    0.107944731830860317E+09    0.253562847879337085E+03   -0.126781423939668542E+03
    0.434778938811765983E+02    0.102999273297282201E+01    0.998291641718644200E+02    0.101106938641824812E+09    0.253559349420270962E+03   -0.126779674710135481E+03
    0.170028029846094313E+02    0.103312614141251924E+01    0.982325303466991926E+02    0.107963795048075008E+10    0.253554542475278765E+03   -0.126777271237639383E+03
    0.675109717270236853E+01    0.102699534289124594E+01    0.801899086482178944E+02    0.114975666510129705E+09    0.253542136447731593E+03   -0.126771068223865797E+03
    0.209576430734599519E+02    0.103584762891832916E+01    0.987237967994742860E+02    0.378353023456379175E+10    0.253533761241322281E+03   -0.126766880620661141E+03
    0.209576430734599519E+02    0.103584762891832916E+01    0.987237967994742860E+02    0.378353023456379175E+10    0.253533761241322281E+03   -0.126766880620661141E+03
    0.103281997724394028E+02    0.103570034119535714E+01    0.941531732097552521E+02    0.233950183851216227E+09    0.253473269462319422E+03   -0.126736634731159711E+03
    0.568296526647880995E+02    0.103040344276879603E+01    0.873359470765635990E+02    0.174566563521560162E+09    0.253464594114122008E+03   -0.126732297057061004E+03
    0.295301612723519575E+02    0.103204825083288654E+01    0.993281961273142286E+02    0.980630914822382092E+09    0.253437371964616716E+03   -0.126718685982308358E+03
    0.134055649391830993E+02    0.103926960598984919E+01    0.849565151377043293E+02    0.125315685253884122E+09    0.253427963961355090E+03   -0.126713981980677545E+03
    0.134055649391830993E+02    0.103926960598984919E+01    0.849565151377043293E+02    0.125315685253884122E+09    0.253427963961355090E+03   -0.126713981980677545E+03
    0.379400934691402369E+02    0.103322036062239642E+01    0.981154671692912501E+02    0.428777050580804944E+09    0.253421425544633166E+03   -0.126710712772316583E+03
    0.329081464780255786E+02    0.102895310347178803E+01    0.827125281969600366E+02    0.123090003025300667E+09    0.253413650250008232E+03   -0.126706825125004116E+03
    0.360219983296307777E+01    0.103173010865880710E+01    0.927038672750337867E+02    0.436659977892316723E+10    0.253333137683412986E+03   -0.126666568841706493E+03
    0.203188386166141619E+02    0.102995291722406024E+01    0.922195729382959115E+02    0.869516956018801033E+08    0.253324081576655288E+03   -0.126662040788327644E+03
    0.277353837538344514E+02    0.103924627095077593E+01    0.997142426327690004E+02    0.116661835084571660E+09    0.253282785415474308E+03   -0.126641392707737154E+03
    0.277353837538344514E+02    0.103924627095077593E+01    0.997142426327690004E+02    0.116661835084571660E+09    0.253282785415474308E+03   -0.126641392707737154E+03
    0.393260757032270973E+02    0.102897889929479436E+01    0.904332461547212745E+02    0.103494951297695756E+09    0.253270284993288982E+03   -0.126635142496644491E+03
    0.138042264319715127E+02    0.103253063759252361E+01    0.930488216201642615E+02    0.421815397177689433E+09    0.253226454012828356E+03   -0.126613227006414178E+03
    0.516204499378868391E+02    0.103419275624781415E+01    0.903858237321268234E+02    0.168686361439181179E+09    0.253213799799600849E+03   -0.126606899899800425E+03
    0.268541853312497381E+02    0.103994712152601032E+01    0.870982202829902832E+02    0.112162629666542560E+09    0.253202954164083309E+03   -0.126601477082041654E+03
    0.268541853312497381E+02    0.103994712152601032E+01    0.870982202829902832E+02    0.112162629666542560E+09    0.253202954164083309E+03   -0.126601477082041654E+03
    0.242740651289043505E+02    0.102997939498752933E+01    0.949532315516112106E+02    0.925509446054116338E+08    0.253199914670707443E+03   -0.126599957335353722E+03
    0.242740651289043505E+02    0.102997939498752933E+01    0.949532315516112106E+02    0.925509446054116338E+08    0.253199914670707443E+03   -0.126599957335353722E+03
    0.519561697196813768E+02    0.103222971250337769E+01    0.968390441068506220E+02    0.135865371005450219E+09    0.253194209944846136E+03   -0.126597104972423068E+03
    0.109362913869575351E+02    0.103352021215976575E+01    0.971336432482802792E+02    0.807392258841510415E+08    0.253183900646702767E+03   -0.126591950323351384E+03
    0.109362913869575351E+02    0.103352021215976575E+01    0.971336432482802792E+02    0.807392258841510415E+08    0.253183900646702767E+03   -0.126591950323351384E+03
    0.704759038118054182E+01    0.103341744822641135E+01    0.904338285964249877E+02    0.772190101781217456E+08    0.253175976142142133E+03   -0.126587988071071067E+03
    0.399431513680499677E+02    0.103064104194578721E+01    0.945179778030302487E+02    0.959829889358178973E+08    0.253169673975297258E+03   -0.126584836987648629E+03
    0.637023987166291139E+01    0.103473084470951115E+01    0.951539171543071376E+02    0.446114275735986173E+09    0.253141210648492461E+03   -0.126570605324246230E+03
    0.491123951394240343E+01    0.103856989401822175E+01    0.863914269591828372E+02    0.128484560271932319E+09    0.253134157905977474E+03   -0.126567078952988737E+03
    0.491123951394240343E+01    0.103856989401822175E+01    0.863914269591828372E+02    0.128484560271932319E+09    0.253134157905977474E+03   -0.126567078952988737E+03
    0.306735491190040399E+02    0.103245894721104059E+01    0.880997616647686925E+02    0.824653220769012719E+08    0.253131734480245257E+03   -0.126565867240122628E+03
    0.101823952829060573E+02    0.103242359127283567E+01    0.816963370037578187E+02    0.837039976767334789E+08    0.253113691029818000E+03   -0.126556845514909000E+03
    0.165724387950407497E+02    0.103333796825524771E+01    0.986476390543915898E+02    0.104140768237806880E+10    0.253111207072663433E+03   -0.126555603536331716E+03
    0.165724387950407497E+02    0.103333796825524771E+01    0.986476390543915898E+02    0.104140768237806880E+10    0.253111207072663433E+03   -0.126555603536331716E+03
    0.869457090613028605E+01    0.103561727066750175E+01    0.964601902291989433E+02    0.404956754443247366E+10    0.253109326941378526E+03   -0.126554663470689263E+03
    0.296104797466786138E+02    0.103826118839779924E+01    0.983033968426683487E+02    0.120387453558420077E+09    0.253093127480742226E+03   -0.126546563740371113E+03
    0.110821599509987800E+01    0.103628168170871837E+01    0.928456244495120444E+02    0.867438656652187705E+08    0.253071324848060158E+03   -0.126535662424030079E+03
    0.118064928127690987E+02    0.103021839936057669E+01    0.969879425425179420E+02    0.399574009674953520E+09    0.253059053201341044E+03   -0.126529526600670522E+03
    0.118064928127690987E+02    0.103021839936057669E+01    0.969879425425179420E+02    0.399574009674953520E+09    0.253059053201341044E+03   -0.126529526600670522E+03
    0.409931792940371622E+02    0.103372319787345956E+01    0.906941161706708954E+02    0.206842424886024535E+09    0.253058880681738174E+03   -0.126529440340869087E+03
    0.409931792940371622E+02    0.103372319787345956E+01    0.906941161706708954E+02    0.206842424886024535E+09    0.253058880681738174E+03   -0.126529440340869087E+03
    0.177757800472906453E+02    0.103101817936334772E+01    0.798328568040133177E+02    0.191338457406974822E+09    0.253029834946303595E+03   -0.126514917473151797E+03
    0.518891318463690610E+01    0.102967951336205199E+01    0.863849494747199458E+02    0.127967030568267897E+09    0.253029104151191774E+03   -0.126514552075595887E+03
    0.217485168555916886E+02    0.103380966928808249E+01    0.974652768704202970E+02    0.514614495465312195E+10    0.253008635798652989E+03   -0.126504317899326495E+03
    0.809968045175210349E+01    0.103933634986303991E+01    0.847188339687137386E+02    0.178446124463887066E+09    0.252990696198027251E+03   -0.126495348099013626E+03
    0.809968045175210349E+01    0.103933634986303991E+01    0.847188339687137386E+02    0.178446124463887066E+09    0.252990696198027251E+03   -0.126495348099013626E+03
    0.507035854651108338E+02    0.103045117915149831E+01    0.824029045304469605E+02    0.118318977211550951E+09    0.252989830541890484E+03   -0.126494915270945242E+03
    0.568919087878023966E+01    0.103870993059098793E+01    0.905489349040672380E+02    0.128553412765949637E+09    0.252988468348480865E+03   -0.126494234174240432E+03
    0.205481795402087037E+02    0.102987496177845639E+01    0.831825892540386747E+02    0.156937460533984005E+09    0.252988102233565257E+03   -0.126494051116782629E+03
    0.401341971821164112E+01    0.103574301272423996E+01    0.979603968533339895E+02    0.395596425413824618E+09    0.252985067153686373E+03   -0.126492533576843186E+03
    0.242454622512238913E+02    0.103221113831524614E+01    0.871812752797573864E+02    0.826712871953278631E+08    0.252981784174376003E+03   -0.126490892087188001E+03
    0.996008551101390616E+01    0.103889448839566123E+01    0.845446854255361302E+02    0.123338128155810967E+09    0.252972521782663136E+03   -0.126486260891331568E+03
    0.571523871894798035E+02    0.103219186567304178E+01    0.873893138259540905E+02    0.108563264342796549E+09    0.252949343204432211E+03   -0.126474671602216105E+03
    0.164226299497741763E+02    0.103006033005279241E+01    0.826839835162484889E+02    0.974548348338423073E+08    0.252929253442557865E+03   -0.126464626721278933E+03
    0.621512711577356782E+02    0.103119560563916668E+01    0.872388578822878316E+02    0.114931589282905117E+09    0.252922833015020331E+03   -0.126461416507510165E+03
    0.216621745723562462E+02    0.103020276319941884E+01    0.979380173897825443E+02    0.228211199610606432E+09    0.252903945233368574E+03   -0.126451972616684287E+03
    0.343667830398772765E+02    0.103191405129363645E+01    0.913064940676679981E+02    0.929809547737075835E+08    0.252872605483158679E+03   -0.126436302741579340E+03
    0.380602442545885200E+01    0.103649069698363760E+01    0.990284171758380296E+02    0.414073434782574952E+09    0.252856204037495559E+03   -0.126428102018747779E+03
    0.186501720885625666E+02    0.103114843988170879E+01    0.978834082193445596E+02    0.433106809752965748E+09    0.252822636639772611E+03   -0.126411318319886306E+03
    0.345365272295374339E+02    0.103452067543841286E+01    0.951544598998104902E+02    0.213238934340031981E+09    0.252822406599211320E+03   -0.126411203299605660E+03
    0.493671094773565287E+02    0.103271436734319444E+01    0.901765989889758970E+02    0.167138808726887017E+09    0.252813182865433703E+03   -0.126406591432716851E+03
    0.403468622640794052E+02    0.103535706753329082E+01    0.965220765061956030E+02    0.146639288015943855E+09    0.252787131301983067E+03   -0.126393565650991533E+03
    0.158595062403880971E+01    0.103904358807742048E+01    0.962640713055660484E+02    0.143137041616285205E+09    0.252780081257353771E+03   -0.126390040628676886E+03
    0.158595062403880971E+01    0.103904358807742048E+01    0.962640713055660484E+02    0.143137041616285205E+09    0.252780081257353771E+03   -0.126390040628676886E+03
    0.948292643311867067E+01    0.103765992730414647E+01    0.863111494555522114E+02    0.146813554420362920E+09    0.252776772428073087E+03   -0.126388386214036544E+03
    0.167388431475983808E+02    0.103023732509553145E+01    0.902313182290806992E+02    0.943212285244140923E+08    0.252754807111058938E+03   -0.126377403555529469E+03
    0.290999223093444925E+01    0.103909002251655580E+01    0.931765252222038356E+02    0.198588092844655663E+09    0.252746641503108776E+03   -0.126373320751554388E+03
    0.143427332712075799E+02    0.103218471211120266E+01    0.729638773366964131E+02    0.109410156751372546E+09    0.252737806298058956E+03   -0.126368903149029478E+03
    0.384862018801814685E+02    0.103549614178847094E+01    0.961324288012276895E+02    0.104759444403127939E+09    0.252737549552280740E+03   -0.126368774776140370E+03
    0.460487281444401901E+02    0.103228316526933073E+01    0.895804411947007111E+02    0.195088318643713832E+09    0.252731965635724350E+03   -0.126365982817862175E+03
    0.869531555328602757E+01    0.102950879866258593E+01    0.968203161921710631E+02    0.125829498557181731E+09    0.252729310500040924E+03   -0.126364655250020462E+03
    0.410663901521295500E+02    0.103079776606258400E+01    0.848131364809849515E+02    0.122800328047573030E+09    0.252728610026636659E+03   -0.126364305013318329E+03
    0.124127390070181338E+02    0.103693565600595683E+01    0.863939793970289145E+02    0.128606313099512294E+09    0.252723650775653368E+03   -0.126361825387826684E+03
    0.279378929762807253E+02    0.103098379021410991E+01    0.977537079203478925E+02    0.980921731357256323E+08    0.252718735112764989E+03   -0.126359367556382495E+03
    0.263300846757774920E+02    0.103937577191732999E+01    0.852630356940630207E+02    0.113929713062821701E+09    0.252707573881177268E+03   -0.126353786940588634E+03
    0.633384666883182224E+01    0.103389945083519508E+01    0.879719725167849873E+02    0.876796167670983821E+08    0.252694163814724362E+03   -0.126347081907362181E+03
    0.523531330015433554E+02    0.103508166999838180E+01    0.999463046112336144E+02    0.180526871058322817E+09    0.252690842819850275E+03   -0.126345421409925137E+03
    0.182954629666049264E+02    0.103243793163474851E+01    0.722271116279576830E+02    0.111490180944514543E+09    0.252688693283240866E+03   -0.126344346641620433E+03
    0.257637914971588309E+02    0.103710605299710434E+01    0.918230873873748976E+02    0.159807585333102107E+09    0.252682469691293988E+03   -0.126341234845646994E+03
    0.767520477908391907E+01    0.103826721909097053E+01    0.961635601069811514E+02    0.137377005020220459E+09    0.252677464460593797E+03   -0.126338732230296898E+03
    0.105471073165812985E+02    0.103497419781593702E+01    0.821255917752176146E+02    0.144873268912204087E+09    0.252669200460266978E+03   -0.126334600230133489E+03
    0.346903081475990334E+02    0.102990772006872611E+01    0.901642205543277981E+02    0.145761879884511739E+09    0.252654877253614245E+03   -0.126327438626807123E+03
    0.283847540855634328E+02    0.103385994603846210E+01    0.762802433081724587E+02    0.108626539757126406E+09    0.252633105900412659E+03   -0.126316552950206329E+03
    0.322698167382464760E+02    0.103157930683193455E+01    0.854038158500882503E+02    0.157765863801408738E+09    0.252629527894954919E+03   -0.126314763947477459E+03
    0.610645861757135400E+01    0.103334893391943616E+01    0.950386368733753102E+02    0.516710950020208740E+10    0.252626437143682750E+03   -0.126313218571841375E+03
    0.127282446121820882E+02    0.103359583629042695E+01    0.985863980963293471E+02    0.447870210053325474E+09    0.252626364400224134E+03   -0.126313182200112067E+03
    0.200572629210694480E+02    0.103066001460044165E+01    0.852959099090644770E+02    0.132109662520358205E+09    0.252621567126584864E+03   -0.126310783563292432E+03
    0.412416704117282720E+02    0.103282218787252433E+01    0.935034618390231884E+02    0.133347594607315511E+09    0.252608139421738201E+03   -0.126304069710869101E+03
    0.414422496170729957E+02    0.103231382494338386E+01    0.871411879781255578E+02    0.124275166403887495E+09    0.252595767627739690E+03   -0.126297883813869845E+03
    0.190314466769226591E+02    0.103394050831759832E+01    0.993259029075930044E+02    0.406684226763447106E+09    0.252594408070645812E+03   -0.126297204035322906E+03
    0.358325411811765306E+02    0.103680705710937793E+01    0.904937689385670154E+02    0.107585432995942682E+09    0.252591010745130063E+03   -0.126295505372565032E+03
    0.147859501060929581E+02    0.102885749963908624E+01    0.889871248671593804E+02    0.121503705567629263E+09    0.252572593736501688E+03   -0.126286296868250844E+03
    0.185223280364520413E+02    0.103347190295616254E+01    0.875267659955192272E+02    0.918249717070330679E+08    0.252564899999957476E+03   -0.126282449999978738E+03
    0.562651657299386869E+02    0.103204021615461694E+01    0.966420981880719125E+02    0.184961065838849694E+09    0.252561296908154674E+03   -0.126280648454077337E+03
    0.105726638995661961E+02    0.103905290246516890E+01    0.965033585292051583E+02    0.167378112233131915E+09    0.252559084073462088E+03   -0.126279542036731044E+03
    0.222775940597559448E+02    0.102955870188532272E+01    0.891273762131838936E+02    0.157871847500330895E+09    0.252547473960258287E+03   -0.126273736980129144E+03
    0.147052271104910108E+02    0.102933235308111315E+01    0.833175328580982040E+02    0.181874852385803908E+09    0.252544558433357736E+03   -0.126272279216678868E+03
    0.155423821025219659E+02    0.103735143513046690E+01    0.892393042651035842E+02    0.195444132818989903E+09    0.252542679633359313E+03   -0.126271339816679657E+03
    0.356919583069327118E+02    0.103467817087812519E+01    0.914648297359969717E+02    0.142704693514341205E+09    0.252528505799830725E+03   -0.126264252899915363E+03
    0.246750168390840976E+02    0.103307176745565510E+01    0.808747060846153545E+02    0.183855558187334359E+09    0.252517022161523300E+03   -0.126258511080761650E+03
    0.475512777786236214E+02    0.103219030755399399E+01    0.920564752404082896E+02    0.167967820648868740E+09    0.252499233705440389E+03   -0.126249616852720195E+03
    0.328645379566822626E+02    0.103547373673821497E+01    0.905270810152878198E+02    0.194463979840961188E+09    0.252462978646490512E+03   -0.126231489323245256E+03
    0.221586751535312700E+02    0.102804482394808439E+01    0.909119476915977884E+02    0.115441611924117446E+09    0.252461609099607500E+03   -0.126230804549803750E+03
    0.619037823975229529E+01    0.103735710278697857E+01    0.881779117246487942E+02    0.145508765538245052E+09    0.252460898570927782E+03   -0.126230449285463891E+03
    0.294177258157711101E+02    0.103077410915560463E+01    0.887053781397364247E+02    0.996205508632677346E+08    0.252448831406407862E+03   -0.126224415703203931E+03
    0.505339655626934814E+02    0.103319829932918328E+01    0.849633512748205106E+02    0.110837252470289052E+09    0.252430442182241222E+03   -0.126215221091120611E+03
    0.422071196133821935E+01    0.103657894194447575E+01    0.862362068841305103E+02    0.147258257495464951E+09    0.252389237065000515E+03   -0.126194618532500257E+03
    0.184616840386256662E+02    0.103008698422273470E+01    0.876725366927722831E+02    0.152994359544729531E+09    0.252372560679853706E+03   -0.126186280339926853E+03
    0.288621194809398212E+02    0.103372893581038450E+01    0.792732876289347246E+02    0.106857543261801347E+09    0.252367327557984993E+03   -0.126183663778992496E+03
    0.467934421556413014E+02    0.102941411351106948E+01    0.908774571773251836E+02    0.115609954439939469E+09    0.252360115827312541E+03   -0.126180057913656270E+03
    0.271203931088047483E+02    0.103112148778632351E+01    0.990935292731283823E+02    0.126376838437678829E+09    0.252344174461411910E+03   -0.126172087230705955E+03
    0.175281176397339955E+02    0.103813240804797324E+01    0.992321899816179069E+02    0.111215921466751263E+09    0.252329389622004783E+03   -0.126164694811002391E+03
    0.150667736252633553E+02    0.103387450513075363E+01    0.842672635572257178E+02    0.140455983271584392E+09    0.252322156383459088E+03   -0.126161078191729544E+03
    0.251862382945774819E+02    0.102950720018266995E+01    0.895713706653699830E+02    0.168840196387894630E+09    0.252282305612134792E+03   -0.126141152806067396E+03
    0.294859063053429580E+02    0.103370154314349061E+01    0.878837952005705034E+02    0.148020925974994391E+09    0.252281594847987606E+03   -0.126140797423993803E+03
    0.442708298909516031E+02    0.103294254708696576E+01    0.890425125552148842E+02    0.176218125426913828E+09    0.252274511039680988E+03   -0.126137255519840494E+03
    0.568488653037606650E+00    0.103002711313600392E+01    0.952605224423182193E+02    0.143709760273129642E+09    0.252265496547217055E+03   -0.126132748273608527E+03
    0.162327199039999748E+02    0.102974794604836339E+01    0.899420281019708057E+02    0.163071106706700921E+09    0.252243992666472366E+03   -0.126121996333236183E+03
    0.199889840624089992E+02    0.103106618175263853E+01    0.903817917854623971E+02    0.986302902249707729E+08    0.252241445336586878E+03   -0.126120722668293439E+03
    0.150315019383728625E+02    0.103605972980401884E+01    0.953878924238187125E+02    0.127486822012325913E+09    0.252240109351453214E+03   -0.126120054675726607E+03
    0.292391863297382670E+02    0.103395608502483372E+01    0.919664186679102755E+02    0.101213146939027518E+09    0.252214778423865823E+03   -0.126107389211932912E+03
    0.348684213833458188E+02    0.103478083141260124E+01    0.968648395231553963E+02    0.162108007332015902E+09    0.252212415260045049E+03   -0.126106207630022524E+03
    0.175174690590417335E+02    0.102878547739871729E+01    0.878748172628475430E+02    0.109701893382677510E+09    0.252205056347875910E+03   -0.126102528173937955E+03
    0.443602482492440799E+02    0.103385512335829133E+01    0.836077029967759842E+02    0.111360941903289974E+09    0.252195771549504457E+03   -0.126097885774752228E+03
    0.580040912698937294E+01    0.103648045023674751E+01    0.812620557536343142E+02    0.112978863840371564E+09    0.251354455999179322E+03   -0.125677227999589661E+03
    0.747255422092602295E+01    0.103413776319642414E+01    0.911219554371667328E+02    0.129318884229275703E+09    0.251954752898838819E+03   -0.125977376449419410E+03
    0.125838827397877717E+00    0.103866357425887257E+01    0.872605739429052250E+02    0.114760982002454460E+09    0.251580739598951254E+03   -0.125790369799475627E+03
    0.588604438191078927E+01    0.103195068151042180E+01    0.930513448598451731E+02    0.129981836606594354E+09    0.251957446408506257E+03   -0.125978723204253129E+03
    0.110911247798373083E+02    0.103380912206158970E+01    0.949685894461969156E+02    0.118941364833130553E+09    0.250972883532101434E+03   -0.125486441766050717E+03
    0.110911247798373083E+02    0.103380912206158970E+01    0.949685894461969156E+02    0.118941364833130553E+09    0.250972883532101434E+03   -0.125486441766050717E+03
    0.701311189581467431E+01    0.103563422687414541E+01    0.938621954921554646E+02    0.118276277669335410E+09    0.251085947092710398E+03   -0.125542973546355199E+03
    0.865721358762004201E+01    0.103326062175834443E+01    0.982780082375756621E+02    0.121132937264541581E+09    0.251292017522907372E+03   -0.125646008761453686E+03
    0.926363084010123489E-01    0.103305426448150817E+01    0.918398089197507943E+02    0.102423242233459637E+09    0.251706296073115340E+03   -0.125853148036557670E+03
    0.319022991785641707E+01    0.103919193053156977E+01    0.975677243238602330E+02    0.112342449757189527E+09    0.252189063185202912E+03   -0.126094531592601456E+03
    0.169548106088692947E+02    0.103099178963028049E+01    0.905886931241672499E+02    0.108627031722888798E+09    0.251216480369440319E+03   -0.125608240184720160E+03
    0.141398869862203522E+02    0.102941703999328493E+01    0.827029114313964726E+02    0.118085244532085240E+09    0.252110781430055795E+03   -0.126055390715027897E+03
    0.172252780068683435E+02    0.103502983685779260E+01    0.818128409796271256E+02    0.114786840856077582E+09    0.251220038438357506E+03   -0.125610019219178753E+03
    0.356404104055037791E+02    0.103359585226881490E+01    0.850545865333112658E+02    0.112429388668327719E+09    0.251396784906617427E+03   -0.125698392453308713E+03
    0.515651188688804041E+01    0.103198380953251023E+01    0.838850237159205108E+02    0.105110313606959537E+09    0.251709069848813101E+03   -0.125854534924406551E+03
    0.319483937232784143E+02    0.103445174904301873E+01    0.893355342772652818E+02    0.117789975628437862E+09    0.251481177790592312E+03   -0.125740588895296156E+03
    0.391538382272813550E+02    0.102984342473784696E+01    0.896306072331784094E+02    0.116296254428097412E+09    0.251843467366785603E+03   -0.125921733683392802E+03
    0.249351398965518101E+02    0.103405587973936486E+01    0.841786903585880140E+02    0.104481579374000534E+09    0.252018626852266664E+03   -0.126009313426133332E+03
    0.306030263061609595E+02    0.103352381240933955E+01    0.930096431909438621E+02    0.125376903143673316E+09    0.252045293301006723E+03   -0.126022646650503361E+03
    0.319098976565333956E+02    0.103362405240131539E+01    0.814707340861298945E+02    0.107641241652166128E+09    0.252111273360322684E+03   -0.126055636680161342E+03
    0.156330692571263761E+02    0.103467907968904949E+01    0.924384535294024801E+02    0.102830268764737085E+09    0.251827858597633053E+03   -0.125913929298816527E+03
    0.458709253355068043E+02    0.103028480564671465E+01    0.935731559608117749E+02    0.113256212863584444E+09    0.251813334752069977E+03   -0.125906667376034989E+03
    0.220249826218612341E+02    0.103180414830566236E+01    0.880366661361374838E+02    0.121228844821411088E+09    0.251474462335062526E+03   -0.125737231167531263E+03
    0.322482068292631823E+02    0.103422166775843061E+01    0.896440807838796871E+02    0.114360807268452540E+09    0.251035092258373083E+03   -0.125517546129186542E+03
    0.255864662768121534E+02    0.103269984073792909E+01    0.922053927929421917E+02    0.110906244314361200E+09    0.250870565014227793E+03   -0.125435282507113897E+03
    0.116136763923041979E+02    0.103479521847483125E+01    0.918163049978931411E+02    0.987102753383392096E+08    0.252136090009802786E+03   -0.126068045004901393E+03
    0.349675594208211837E+01    0.103631471907374539E+01    0.913533143312709797E+02    0.119140137110716984E+09    0.251258870160688645E+03   -0.125629435080344322E+03
    0.188787763718586881E+02    0.103184259697292058E+01    0.886265588975836920E+02    0.105475516390379742E+09    0.251467552866492923E+03   -0.125733776433246462E+03
    0.212735948486983872E+02    0.103177795107628278E+01    0.932945598509442107E+02    0.115543757953520149E+09    0.250717664768879786E+03   -0.125358832384439893E+03
    0.212735948486983872E+02    0.103177795107628278E+01    0.932945598509442107E+02    0.115543757953520149E+09    0.250717664768879786E+03   -0.125358832384439893E+03
    0.128870360549792551E+02    0.103466869116455196E+01    0.932756215940337512E+02    0.122247569181806758E+09    0.251433036240542890E+03   -0.125716518120271445E+03
    0.561921032931844078E+01    0.103087666483475160E+01    0.768013475899296338E+02    0.114582882377561703E+09    0.251811825545037948E+03   -0.125905912772518974E+03
    0.211308819018951013E+02    0.103455476934925628E+01    0.954183829292479544E+02    0.114609931166380912E+09    0.250816259568620580E+03   -0.125408129784310290E+03
    0.215450023152795556E+01    0.103063949750429185E+01    0.882163486554546239E+02    0.104031236511538386E+09    0.251959104648923017E+03   -0.125979552324461508E+03
    0.120788006131884700E+02    0.103566220960989686E+01    0.865581027341926301E+02    0.109512365920207486E+09    0.251253741519364439E+03   -0.125626870759682220E+03
    0.291094925779262610E+02    0.103553587607129116E+01    0.895937231877944100E+02    0.114152510414475948E+09    0.251145323997464459E+03   -0.125572661998732229E+03
    0.258187106073149302E+02    0.103434762700667426E+01    0.903223241957819027E+02    0.107375826383249894E+09    0.251501477638139903E+03   -0.125750738819069952E+03
    0.302381989242927922E+02    0.103170913653525598E+01    0.949183844115754738E+02    0.134285657461721003E+09    0.252162233363212636E+03   -0.126081116681606318E+03
    0.169815540558258178E+02    0.103498068659760012E+01    0.930678410019011721E+02    0.127234679725691408E+09    0.252083677155594216E+03   -0.126041838577797108E+03
    0.718185862221256066E+01    0.103573512453695793E+01    0.938922501115634560E+02    0.123579281308892325E+09    0.251658588700054850E+03   -0.125829294350027425E+03
    0.632538851332681240E+01    0.103830717774672343E+01    0.920416242971351863E+02    0.110480537170863003E+09    0.251796235000460342E+03   -0.125898117500230171E+03
    0.156798469351562630E+02    0.102926226153840750E+01    0.808317274013029987E+02    0.113232110381448925E+09    0.251887302388752460E+03   -0.125943651194376230E+03
    0.515250820179483759E+00    0.103448230368485339E+01    0.895732205087216045E+02    0.173811691271997333E+09    0.251389413896094084E+03   -0.125694706948047042E+03
    0.102296154084900444E+02    0.103706973667892854E+01    0.864965184532638744E+02    0.178745610364561081E+09    0.251997857039332644E+03   -0.125998928519666322E+03
    0.430187961000875507E+01    0.103862403153102312E+01    0.892269891542813838E+02    0.180764790224338561E+09    0.252114437916761972E+03   -0.126057218958380986E+03
    0.414579241527752895E+01    0.103537665312604732E+01    0.955162200796446115E+02    0.131117591404186815E+09    0.252003493092194503E+03   -0.126001746546097252E+03
    0.192189642806408822E+01    0.103361400770519807E+01    0.919875227195003049E+02    0.138953428805222332E+09    0.251720806311776300E+03   -0.125860403155888150E+03
    0.854853246486825036E+01    0.103419233397715993E+01    0.997492613458097139E+02    0.139615143587753743E+09    0.251774996255096084E+03   -0.125887498127548042E+03
    0.732850261937751135E+01    0.103460183849011922E+01    0.976143926054950555E+02    0.147363722704871923E+09    0.251627792382745724E+03   -0.125813896191372862E+03
    0.408713759161186019E+01    0.103567907939711179E+01    0.994657526022707259E+02    0.155467902331592470E+09    0.251709602087941420E+03   -0.125854801043970710E+03
    0.545970082591680939E+01    0.103887169242683353E+01    0.966438646752355623E+02    0.186594374153266639E+09    0.252083509078230747E+03   -0.126041754539115374E+03
    0.604763387444558287E+01    0.103224479879862185E+01    0.871941784620131415E+02    0.179472295778466403E+09    0.251279480586776515E+03   -0.125639740293388257E+03
    0.103132388882599706E+02    0.103087540028797231E+01    0.915278951922213651E+02    0.183445446155290276E+09    0.251172971850377166E+03   -0.125586485925188583E+03
    0.158060294302576776E+01    0.102964466320418246E+01    0.934634451542288929E+02    0.190989301232907325E+09    0.251910736568814656E+03   -0.125955368284407328E+03
    0.376078806092614304E+01    0.102902059890412034E+01    0.961434140021079315E+02    0.172243164340153098E+09    0.252194744831887448E+03   -0.126097372415943724E+03
    0.327203099682534315E+02    0.103527864120925961E+01    0.967539744712787382E+02    0.195655135823870808E+09    0.252026161305781784E+03   -0.126013080652890892E+03
    0.334108584561438704E+02    0.103176838122817838E+01    0.949004889409376062E+02    0.195349227471152991E+09    0.251671537262493416E+03   -0.125835768631246708E+03
    0.368501368129134406E+02    0.103518440877960649E+01    0.918309970310243955E+02    0.178700517895838886E+09    0.251992162887936786E+03   -0.125996081443968393E+03
    0.387647734004357361E+02    0.103147623276370126E+01    0.936851288557184319E+02    0.176227416450451016E+09    0.251640331056885373E+03   -0.125820165528442686E+03
    0.310507936892437044E+02    0.103122358333165720E+01    0.856958569575225795E+02    0.180562299329972327E+09    0.251888261792872100E+03   -0.125944130896436050E+03
    0.233965471601743573E+02    0.103020821207470048E+01    0.971488748829272453E+02    0.195223664771157563E+09    0.251575480483571255E+03   -0.125787740241785627E+03
    0.236890989787636919E+02    0.103018395265514617E+01    0.985643653359249612E+02    0.170638161833819121E+09    0.251552317651093801E+03   -0.125776158825546901E+03
    0.341919177581758973E+02    0.103352007121292599E+01    0.970904927881949078E+02    0.202410634734529436E+09    0.251922369581771733E+03   -0.125961184790885866E+03
    0.310012424583935831E+01    0.102937611792954353E+01    0.955369068638221535E+02    0.172011970505505353E+09    0.251980816789319476E+03   -0.125990408394659738E+03
    0.209514698578640584E+02    0.103361682533028909E+01    0.999480351936848734E+02    0.208076147376862377E+09    0.251654421188266241E+03   -0.125827210594133120E+03
    0.133388986722532144E+01    0.103284009055934511E+01    0.943783493460392862E+02    0.161947804049503088E+09    0.251432008977819862E+03   -0.125716004488909931E+03
    0.297964784189426375E+02    0.103050295859830543E+01    0.974748848504255250E+02    0.176448647572289169E+09    0.251343451088596339E+03   -0.125671725544298170E+03
    0.109574900874090524E+02    0.103530774925316194E+01    0.951331316146393675E+02    0.179860318181396157E+09    0.250923666804189793E+03   -0.125461833402094896E+03
    0.467425435793700716E+00    0.103131376385100260E+01    0.960274018885435510E+02    0.205477948730996013E+09    0.251793415205458558E+03   -0.125896707602729279E+03
    0.129508061963785135E+02    0.103050185261603544E+01    0.865459165907549277E+02    0.185281169787056088E+09    0.251790652551303594E+03   -0.125895326275651797E+03
    0.199389186966143472E+01    0.103308449685627579E+01    0.865950715986473938E+02    0.161890386303164423E+09    0.251980000428912007E+03   -0.125990000214456003E+03
    0.887978445003465211E+01    0.103097380574807085E+01    0.885418397048560877E+02    0.176462766023331374E+09    0.251442222099514936E+03   -0.125721111049757468E+03
    0.832633125821293874E+01    0.103743196941237414E+01    0.919057082959526781E+02    0.180308419432773829E+09    0.251559685162843209E+03   -0.125779842581421605E+03
    0.117063237631048640E+02    0.103571760240796173E+01    0.943807035263448171E+02    0.185066785746889055E+09    0.251165653995369297E+03   -0.125582826997684649E+03
    0.253994297967660181E+02    0.103315616676644018E+01    0.973452117799008363E+02    0.162461455777011484E+09    0.251510842970148190E+03   -0.125755421485074095E+03
    0.116819953308542761E+02    0.103094993190483075E+01    0.954369964112732276E+02    0.141139449852081895E+09    0.251845476259805309E+03   -0.125922738129902655E+03
    0.137206104708776326E+02    0.103331756009985054E+01    0.906995357267660296E+02    0.151054284352731466E+09    0.251640204852610765E+03   -0.125820102426305382E+03
    0.671383483006549220E+01    0.103199598892883460E+01    0.965760529750134111E+02    0.162403665979719043E+09    0.251398088111128573E+03   -0.125699044055564286E+03
    0.593463200441696337E+01    0.103565075894962688E+01    0.980336454831632267E+02    0.193714335251128554E+09    0.251300136838815831E+03   -0.125650068419407916E+03
    0.158379445264227137E+02    0.103563861389509859E+01    0.982632334947170563E+02    0.167670634867923498E+09    0.251475265767061387E+03   -0.125737632883530694E+03
    0.287620210659387396E+02    0.103149070059831960E+01    0.918629933813127479E+02    0.166455664451450437E+09    0.251727933474554050E+03   -0.125863966737277025E+03
    0.147676523458680187E+02    0.103664235408915917E+01    0.883977233690876147E+02    0.187845237673411131E+09    0.252016504855213782E+03   -0.126008252427606891E+03
    0.219378830680532069E+02    0.103144124087992983E+01    0.989544037075044116E+02    0.136543018433362871E+09    0.252020473082857677E+03   -0.126010236541428839E+03
    0.215233623277372708E+02    0.103132107416344776E+01    0.852412694359854868E+02    0.186127511372877061E+09    0.251922506382248230E+03   -0.125961253191124115E+03
    0.107845992517914731E+02    0.103057384286655362E+01    0.886997356218985686E+02    0.181938617567351848E+09    0.251413105808406357E+03   -0.125706552904203178E+03
