    0.118483218821904401E+02    0.100555865970138880E+01    0.957434268473139696E+02    0.561554758921115771E+08    0.132616227746513488E+03   -0.663081138732567439E+02
    0.671018370795139703E+02    0.102162598407688665E+01    0.809136241937545435E+02    0.102801305891264260E+10    0.132001591356472858E+03   -0.660007956782364289E+02
    0.487004626497726676E+02    0.102546560045404633E+01    0.952496065560060572E+02    0.578188323866379738E+09    0.126589093843289035E+03   -0.632945469216445176E+02
    0.511052191000719347E+02    0.102804153386108710E+01    0.993983492835900648E+02    0.352017874116518795E+09    0.126106980125490452E+03   -0.630534900627452259E+02
    0.105034655756876816E+03    0.102562578303399077E+01    0.861810939619644216E+02    0.986829050982489735E+08    0.126000527063401705E+03   -0.630002635317008526E+02
    0.440718833219392820E+02    0.101464413274108001E+01    0.858746756766142028E+02    0.362175984693325460E+08    0.125721483149990377E+03   -0.628607415749951883E+02
    0.813642091847261497E+02    0.102732901240151042E+01    0.972025620168302851E+02    0.207113373665995002E+09    0.124651595122963030E+03   -0.623257975614815152E+02
    0.488534074365699666E+02    0.101094530471355903E+01    0.934776151772484383E+02    0.470521367234156504E+08    0.124189121521171870E+03   -0.620945607605859351E+02
    0.799349742068416163E+02    0.102552269941652807E+01    0.827995487514629076E+02    0.694055957821004540E+08    0.124185715514264842E+03   -0.620928577571324212E+02
    0.148186564564258703E+02    0.102217338810861924E+01    0.778489624778601979E+02    0.563841500529531389E+08    0.123773569883708376E+03   -0.618867849418541880E+02
    0.263199576675926821E+02    0.101766277001963990E+01    0.866384416690609669E+02    0.204154250064919025E+09    0.123689514921329220E+03   -0.618447574606646100E+02
    0.513536525201097902E+02    0.101131348584805969E+01    0.999969076528501262E+02    0.363403288030260801E+08    0.123286539466797791E+03   -0.616432697333988955E+02
    0.782552995503644695E+02    0.101300304289501186E+01    0.934426902444885741E+02    0.132025668326844364E+09    0.121970382976478589E+03   -0.609851914882392947E+02
    0.102190799045082858E+02    0.102492783643059937E+01    0.894636624720014595E+02    0.161283475897841781E+09    0.121969779345894537E+03   -0.609848896729472685E+02
    0.747856180597513354E+00    0.102054896111775251E+01    0.973702913685280009E+02    0.264340703463480264E+09    0.121770736969922439E+03   -0.608853684849612193E+02
    0.383102098916235860E+02    0.101973253679657949E+01    0.889392080784770513E+02    0.343211840009061247E+08    0.121735442878939466E+03   -0.608677214394697330E+02
    0.540507239554426420E+02    0.101635627954233376E+01    0.836885073752321631E+02    0.117567216952068761E+09    0.121430856495823463E+03   -0.607154282479117313E+02
    0.199235687665878061E+02    0.102396156981734210E+01    0.890505787164872373E+02    0.162238464489768893E+09    0.121314771791190424E+03   -0.606573858955952119E+02
    0.463282916680389789E+02    0.102547768189334354E+01    0.849623344492821673E+02    0.899441347597713321E+08    0.121294756495895811E+03   -0.606473782479479055E+02
    0.137182285433360619E+03    0.102314447848123780E+01    0.987044540991484780E+02    0.812416842144854069E+08    0.120815868526212782E+03   -0.604079342631063909E+02
    0.851635670484938743E+02    0.101712252313741502E+01    0.875723293355729737E+02    0.118875377295640945E+09    0.120802803357391809E+03   -0.604014016786959047E+02
    0.415234182849748379E+02    0.102828082733054038E+01    0.980014583356875448E+02    0.463854453696684092E+08    0.120574905422755620E+03   -0.602874527113778100E+02
    0.122323861099031234E+03    0.101809009110826221E+01    0.992067320591433912E+02    0.458546356732521132E+08    0.120473387693864339E+03   -0.602366938469321695E+02
    0.551787689542637771E+01    0.101112828978455727E+01    0.968743285044688491E+02    0.117342030628051847E+09    0.120386329366709930E+03   -0.601931646833549650E+02
    0.365879358247372455E+01    0.101852901899856541E+01    0.824525940004086095E+02    0.778435067343858182E+08    0.120373101867982342E+03   -0.601865509339911711E+02
    0.386400895317440671E+02    0.103039206293018548E+01    0.979859346890506231E+02    0.869906692983948737E+08    0.120287373318880185E+03   -0.601436866594400925E+02
    0.592497455783057987E+02    0.101561832038938515E+01    0.842616280649245937E+02    0.703607797524814308E+08    0.120261564334374768E+03   -0.601307821671873839E+02
    0.425843652689971250E+02    0.102801430952804207E+01    0.933129336095114468E+02    0.118416989638536394E+09    0.120205387057829938E+03   -0.601026935289149691E+02
    0.663636743561830222E+01    0.102754377544518194E+01    0.918467660033053619E+02    0.101497039190938696E+09    0.119823619832898316E+03   -0.599118099164491582E+02
    0.605345594787901486E+01    0.102395273337068216E+01    0.924364567844708489E+02    0.438791328588157743E+08    0.119819735080545001E+03   -0.599098675402725007E+02
    0.115841512488668499E+03    0.101557463361359179E+01    0.949893255586724337E+02    0.610716712445036173E+08    0.119757072169480978E+03   -0.598785360847404888E+02
    0.748356149544028852E+02    0.102857703930876676E+01    0.990714041489218431E+02    0.985853778797244132E+08    0.119722788852970936E+03   -0.598613944264854680E+02
    0.363612482897198461E+02    0.101707433289688898E+01    0.966090629296104169E+02    0.229316540104092002E+09    0.119702589827021285E+03   -0.598512949135106425E+02
    0.342726194428387245E+02    0.101891868542689279E+01    0.932732628637575658E+02    0.335293000772851259E+08    0.119513886812130679E+03   -0.597569434060653393E+02
    0.113268551324053632E+03    0.102497322571302463E+01    0.997850870834050738E+02    0.116030410040231466E+09    0.119501542565147261E+03   -0.597507712825736306E+02
    0.521729646214221603E+02    0.101275037471793228E+01    0.911281505952760114E+02    0.865844799763438255E+08    0.119487447621946757E+03   -0.597437238109733784E+02
    0.710842172821106431E+02    0.101786784302544309E+01    0.936524364537019096E+02    0.396105025722992793E+08    0.119471365955880998E+03   -0.597356829779404990E+02
    0.466579319621810669E+02    0.101668222824591292E+01    0.844205430984673200E+02    0.852064544566421658E+08    0.119433459598228467E+03   -0.597167297991142334E+02
    0.773920738967423034E+02    0.101617936021538746E+01    0.890681214380797570E+02    0.526122081967204735E+08    0.119424279331708846E+03   -0.597121396658544228E+02
    0.305560702707388536E+02    0.101538373432654150E+01    0.865996319251635498E+02    0.105885386739920944E+09    0.119382213814588823E+03   -0.596911069072944116E+02
    0.257345785563702698E+02    0.101610867275027283E+01    0.931015270167391407E+02    0.428265568796027675E+08    0.119144705283457114E+03   -0.595723526417285569E+02
    0.889269167315916746E+02    0.101473424878478080E+01    0.993405629644755521E+02    0.444744888705880120E+08    0.119127711700476908E+03   -0.595638558502384541E+02
    0.664108037084570384E+02    0.101613710046856176E+01    0.902930629732112919E+02    0.499787981801617146E+08    0.119057136899001705E+03   -0.595285684495008525E+02
    0.323988638312524557E+02    0.101588719349138268E+01    0.929934995737091441E+02    0.165241096984085798E+09    0.118958624328804746E+03   -0.594793121644023728E+02
    0.257023450313250024E+02    0.101999837095792945E+01    0.863110345888424888E+02    0.509405896186047047E+08    0.118910625756532482E+03   -0.594553128782662412E+02
    0.776223417917782825E+02    0.101834791235771549E+01    0.929648930819382855E+02    0.150166562578879774E+09    0.118875931599758275E+03   -0.594379657998791373E+02
    0.812340509740583805E+01    0.102139230359300748E+01    0.993732708198052705E+02    0.310411473130267300E+08    0.118849605337890011E+03   -0.594248026689450057E+02
    0.262066247260646996E+02    0.101262835831135622E+01    0.918689752285517898E+02    0.798626915955160707E+08    0.118818724386371997E+03   -0.594093621931859985E+02
    0.202153313908851935E+02    0.101803571967861450E+01    0.925751625625818519E+02    0.411122695025455728E+08    0.118741930452296003E+03   -0.593709652261480016E+02
    0.606449084887832868E+02    0.102424334332365397E+01    0.963814677299680227E+02    0.175655673102911651E+09    0.118585551560620360E+03   -0.592927757803101798E+02
    0.682564897400105508E+02    0.101975411863521859E+01    0.936188160070707767E+02    0.172073253493363678E+09    0.118578881464439050E+03   -0.592894407322195249E+02
    0.920673776828475354E+02    0.101727998324326818E+01    0.893387516109681314E+02    0.700565549215223044E+08    0.118554460540730304E+03   -0.592772302703651519E+02
    0.140832614913925251E+02    0.102321055888971224E+01    0.864425187651707745E+02    0.625795557196626514E+08    0.118536042764568322E+03   -0.592680213822841608E+02
    0.100483807722612131E+02    0.101561836966690056E+01    0.876336389341525717E+02    0.819059727352285832E+08    0.118524693038097922E+03   -0.592623465190489611E+02
    0.597844480047574511E+00    0.101663882384637416E+01    0.970757532950977549E+02    0.192302112123458505E+09    0.118443564432788236E+03   -0.592217822163941179E+02
    0.473640228189803452E+02    0.101237547064007760E+01    0.937945848968965663E+02    0.825162575791578591E+08    0.118350139359293593E+03   -0.591750696796467963E+02
    0.850058252342865046E+02    0.102380264149195499E+01    0.996127479913090212E+02    0.431231826501811519E+08    0.118256549829691181E+03   -0.591282749148455906E+02
    0.983578932049690735E+02    0.101856206037936614E+01    0.904566676983587712E+02    0.787598668903927058E+08    0.118243845964286407E+03   -0.591219229821432037E+02
    0.668476680987820941E+02    0.102216273462054952E+01    0.959057460194917866E+02    0.183622389838340610E+09    0.118221526187319370E+03   -0.591107630936596848E+02
    0.922288058435203340E+02    0.101784495585876944E+01    0.897866093720448930E+02    0.808205406192524880E+08    0.118189857817981093E+03   -0.590949289089905463E+02
    0.653079967242078538E+02    0.101992559155019169E+01    0.914242203999539100E+02    0.130052454166659266E+09    0.118122247651535901E+03   -0.590611238257679503E+02
    0.660883696903813256E+01    0.101746677506616168E+01    0.879401412159759559E+02    0.105285015824280068E+09    0.118046669768828480E+03   -0.590233348844142398E+02
    0.899115174470734928E+02    0.101947619318486749E+01    0.910023245603232738E+02    0.981984721334904432E+08    0.117895043997352118E+03   -0.589475219986760592E+02
    0.224120159050899304E+02    0.102282799887509701E+01    0.867532991167161924E+02    0.642809818928544074E+08    0.117886070342119950E+03   -0.589430351710599751E+02
    0.107673873260994725E+03    0.101922182199591993E+01    0.942541635981869064E+02    0.872988679438760281E+08    0.117634829879044190E+03   -0.588174149395220951E+02
    0.603173611057342640E+02    0.102690157015802086E+01    0.946208809314857575E+02    0.812119031239754260E+08    0.117598192588378097E+03   -0.587990962941890487E+02
    0.643309143703458233E+02    0.102539304795703612E+01    0.960177260943248996E+02    0.122546773392151877E+09    0.117574730735938061E+03   -0.587873653679690307E+02
    0.963691209725891014E+02    0.101698530899452266E+01    0.920501768705066468E+02    0.703480553801489323E+08    0.117573955773438044E+03   -0.587869778867190220E+02
    0.101215466311111584E+03    0.102324127607336779E+01    0.949179741132350330E+02    0.805416699927923530E+08    0.117556552724917225E+03   -0.587782763624586124E+02
    0.458553141887620512E+02    0.101925656337133264E+01    0.911844808731875958E+02    0.129981097406464830E+09    0.117438893826410990E+03   -0.587194469132054948E+02
    0.993228637457534091E+01    0.101469674371109875E+01    0.919113869229494469E+02    0.910804742977269143E+08    0.117408243966047777E+03   -0.587041219830238887E+02
    0.363574881347455019E+02    0.101814792999239567E+01    0.914707018882794642E+02    0.132115302833573282E+09    0.117370713589168687E+03   -0.586853567945843437E+02
    0.326825182653234165E+02    0.101477006523837843E+01    0.894111910890470085E+02    0.752918445309311450E+08    0.117363309852640782E+03   -0.586816549263203910E+02
    0.981902838186097995E+02    0.101774103811849259E+01    0.963227419886496392E+02    0.502229500308229625E+08    0.117321625797685087E+03   -0.586608128988425435E+02
    0.657054889984396056E+02    0.102049429569183747E+01    0.967182842978888573E+02    0.395100425011322722E+08    0.117316469897419324E+03   -0.586582349487096621E+02
    0.967872172443746592E+01    0.102784000283589672E+01    0.988048236855841253E+02    0.538723322200158611E+08    0.117160402665654516E+03   -0.585802013328272579E+02
    0.220136135648085300E+02    0.101863660917540844E+01    0.965469307176457079E+02    0.195466290106415957E+09    0.117152139615251329E+03   -0.585760698076256645E+02
    0.143478541035399521E+01    0.102152278213988623E+01    0.891464027587646228E+02    0.575467800697195977E+08    0.117147322684042109E+03   -0.585736613420210546E+02
    0.957627036020321221E+01    0.101750584746495032E+01    0.890639969275328269E+02    0.957631481708330661E+08    0.117139403261339055E+03   -0.585697016306695275E+02
    0.473224458584847767E+02    0.101900320459560634E+01    0.978409581126441736E+02    0.338734274385880977E+08    0.117127105071727797E+03   -0.585635525358638986E+02
    0.431470685826242715E+02    0.102075470109907140E+01    0.874578442382366887E+02    0.558887897732591704E+08    0.117113059293973890E+03   -0.585565296469869452E+02
    0.655044535452995405E+02    0.102147223855829661E+01    0.999585218473871464E+02    0.341719422005414888E+08    0.117018566306257867E+03   -0.585092831531289335E+02
    0.113509102587681795E+03    0.101652547433387319E+01    0.975361534813620921E+02    0.692587709732511342E+08    0.117006849235922601E+03   -0.585034246179613007E+02
    0.789416059649741584E+02    0.102464568326323491E+01    0.937055039246084789E+02    0.732778042064185143E+08    0.116987627774531973E+03   -0.584938138872659863E+02
    0.209418952779370962E+02    0.102780157577313269E+01    0.978733601047873947E+02    0.108555952232164755E+09    0.116902846011939758E+03   -0.584514230059698789E+02
    0.296354871128626201E+02    0.102104454938893441E+01    0.990993598513460796E+02    0.324671134035321362E+08    0.116891722797865071E+03   -0.584458613989325357E+02
    0.117664010616882464E+03    0.102143323104788908E+01    0.992521072563696407E+02    0.591209222314319462E+08    0.116884828643406181E+03   -0.584424143217030903E+02
    0.100343702972692697E+02    0.101583113961143101E+01    0.991323920893481159E+02    0.428834460477315709E+08    0.116876411667675612E+03   -0.584382058338378059E+02
    0.100343702972692697E+02    0.101583113961143101E+01    0.991323920893481159E+02    0.428834460477315709E+08    0.116876411667675612E+03   -0.584382058338378059E+02
    0.460367945327454962E+02    0.102219037033662419E+01    0.956457278816898508E+02    0.166114847675777555E+09    0.116868158177458099E+03   -0.584340790887290495E+02
    0.460367945327454962E+02    0.102219037033662419E+01    0.956457278816898508E+02    0.166114847675777555E+09    0.116868158177458099E+03   -0.584340790887290495E+02
    0.374305394663048361E+02    0.102409985250778690E+01    0.892801405620163280E+02    0.764696602703595608E+08    0.116841543568810181E+03   -0.584207717844050904E+02
    0.497471000733268482E+02    0.101919952499329391E+01    0.884212612684795261E+02    0.108999956080490604E+09    0.116829282701854964E+03   -0.584146413509274822E+02
    0.438406860127276516E+02    0.101800886207246943E+01    0.936164054841411684E+02    0.148093727724377275E+09    0.116820452950082213E+03   -0.584102264750411067E+02
    0.829263075448158844E+02    0.102309408162731574E+01    0.931942996710034208E+02    0.864365809493322223E+08    0.116802920522652585E+03   -0.584014602613262923E+02
    0.134390684587986335E+02    0.101965264809887146E+01    0.892689895110057705E+02    0.116245074283379391E+09    0.116797945953743536E+03   -0.583989729768717680E+02
    0.692367115625983587E+02    0.102568201917853252E+01    0.954471808507792616E+02    0.864957600492662787E+08    0.116777494046418241E+03   -0.583887470232091204E+02
    0.692367115625983587E+02    0.102568201917853252E+01    0.954471808507792616E+02    0.864957600492662787E+08    0.116777494046418241E+03   -0.583887470232091204E+02
    0.809930600343177218E+02    0.102458313268566181E+01    0.999153238182420154E+02    0.126087697072018936E+09    0.116748829948364119E+03   -0.583744149741820593E+02
    0.794746537083415205E+01    0.102023256681263352E+01    0.933518462934264051E+02    0.132968472351600468E+09    0.116747544261744707E+03   -0.583737721308723536E+02
    0.344586511589009277E+02    0.102167011654109485E+01    0.994558095107398685E+02    0.332344709722555988E+08    0.116688295206919065E+03   -0.583441476034595325E+02
    0.492966844398052615E+02    0.101827470798189612E+01    0.874244724631216172E+02    0.693758567029581368E+08    0.116683977300361349E+03   -0.583419886501806744E+02
    0.362948079006225228E+02    0.101266477806457544E+01    0.986287044988738018E+02    0.118168639683461443E+09    0.116652841205392406E+03   -0.583264206026962029E+02
    0.702767219534073604E+02    0.102335080889696628E+01    0.919812194352699777E+02    0.616922203502472118E+08    0.116617302318507200E+03   -0.583086511592535999E+02
    0.892160617329123085E+02    0.102061199636618483E+01    0.977785369315729866E+02    0.129329850026272833E+09    0.116586120045342966E+03   -0.582930600226714830E+02
    0.349635992763015366E+02    0.102067188306264445E+01    0.882069858116671810E+02    0.898062409483888745E+08    0.116572410879316422E+03   -0.582862054396582110E+02
    0.121812593191295413E+02    0.101883064135561519E+01    0.886405973116334565E+02    0.869304314247916341E+08    0.116559190968309196E+03   -0.582795954841545978E+02
    0.918587468834142982E+02    0.102024559689806038E+01    0.939771820081386977E+02    0.100440821889419660E+09    0.116551417661848319E+03   -0.582757088309241595E+02
    0.854120341350347871E+02    0.101660925756510379E+01    0.984882995443868055E+02    0.130787296733293235E+09    0.116549157272982484E+03   -0.582745786364912419E+02
    0.934569702552854764E+01    0.101892942353752791E+01    0.936309944675163308E+02    0.130700740800400138E+09    0.116529031204492540E+03   -0.582645156022462700E+02
    0.606672547865603562E+02    0.101755843577920579E+01    0.898182649669851259E+02    0.576295564373031929E+08    0.116508292588728466E+03   -0.582541462943642330E+02
    0.412542609785858687E+02    0.101751091202852595E+01    0.940753843027671195E+02    0.143917862795901597E+09    0.116493140159079871E+03   -0.582465700795399357E+02
    0.100405007879295141E+03    0.101584399279269033E+01    0.964429632054674073E+02    0.700151286132015586E+08    0.116460800396491408E+03   -0.582304001982457038E+02
    0.315419881951942429E+02    0.102187329760896173E+01    0.926777243332214908E+02    0.488649439974831045E+08    0.116446871174032623E+03   -0.582234355870163114E+02
    0.377426697659119128E+02    0.102060207837454953E+01    0.884980165432573216E+02    0.902115354577818215E+08    0.116432066373886244E+03   -0.582160331869431218E+02
    0.377426697659119128E+02    0.102060207837454953E+01    0.884980165432573216E+02    0.902115354577818215E+08    0.116432066373886244E+03   -0.582160331869431218E+02
    0.162168175784923463E+02    0.102033526339486302E+01    0.991374601883663047E+02    0.203440695764113992E+09    0.116400035639668317E+03   -0.582000178198341587E+02
    0.162168175784923463E+02    0.102033526339486302E+01    0.991374601883663047E+02    0.203440695764113992E+09    0.116400035639668317E+03   -0.582000178198341587E+02
    0.389985318886538863E+02    0.101392791088516576E+01    0.942115423831617989E+02    0.111902516218734860E+09    0.116385347866811657E+03   -0.581926739334058283E+02
    0.542922928315485720E+02    0.102392605663775083E+01    0.918354373428327904E+02    0.581060730644476265E+08    0.116371114342130099E+03   -0.581855571710650494E+02
    0.142957677069975411E+02    0.101674496404692039E+01    0.979165525000993995E+02    0.175382025547203511E+09    0.116344688491910730E+03   -0.581723442459553652E+02
    0.269072533018601270E+02    0.101734371510734944E+01    0.885451855564533190E+02    0.679785338469422609E+08    0.116335627401934744E+03   -0.581678137009673719E+02
    0.647196756468798924E+02    0.102652453528667476E+01    0.979329133733689190E+02    0.594945753896653280E+08    0.116298452561077085E+03   -0.581492262805385423E+02
    0.349425405305044379E+02    0.101841046377985966E+01    0.959991026554472171E+02    0.426117171760674566E+08    0.116298278491633738E+03   -0.581491392458168690E+02
    0.831906096490063760E+02    0.101570443267303512E+01    0.937959952663286174E+02    0.775224022809413671E+08    0.116278183644695389E+03   -0.581390918223476945E+02
    0.305554327606739449E+02    0.102587597288062038E+01    0.992890783161266768E+02    0.482023042341588140E+08    0.116223923910006974E+03   -0.581119619550034869E+02
    0.125148445828562984E+02    0.102391320939764396E+01    0.962665637543590549E+02    0.128658981031173751E+09    0.116163745181067867E+03   -0.580818725905339335E+02
    0.268809758747283318E+02    0.101552009548745370E+01    0.914412934148538881E+02    0.657091296913563758E+08    0.116118135868612910E+03   -0.580590679343064551E+02
    0.410017417973429943E+02    0.102057255760683452E+01    0.934594349155558035E+02    0.128600579402235955E+09    0.116077657211064178E+03   -0.580388286055320890E+02
    0.480834618665105822E+02    0.102188489231100621E+01    0.887079603995504300E+02    0.722172316751216501E+08    0.116052662861808599E+03   -0.580263314309042997E+02
    0.824545132958487059E+01    0.102157510600743340E+01    0.905841634434213887E+02    0.916686928902543783E+08    0.116048271395327220E+03   -0.580241356976636098E+02
    0.824545132958487059E+01    0.102157510600743340E+01    0.905841634434213887E+02    0.916686928902543783E+08    0.116048271395327220E+03   -0.580241356976636098E+02
    0.178510980901271559E+02    0.102176091631736865E+01    0.892322782793679323E+02    0.832178179123420119E+08    0.116029258464394943E+03   -0.580146292321974713E+02
    0.626087432748067414E+02    0.101962974736362355E+01    0.987034215758583287E+02    0.398470717646637484E+08    0.115991693041544352E+03   -0.579958465207721758E+02
    0.795065005636800493E+02    0.101877924189329683E+01    0.928780621156649886E+02    0.107892904497260049E+09    0.115950943367796128E+03   -0.579754716838980642E+02
    0.114947762551341555E+02    0.102426005777713502E+01    0.992727068440958220E+02    0.155470767756878108E+09    0.115932733108044999E+03   -0.579663665540224997E+02
    0.232680255201338859E+02    0.102749056658752180E+01    0.977975877047869631E+02    0.812450326103449762E+08    0.115889818069659924E+03   -0.579449090348299620E+02
    0.192241894862700313E+02    0.102592178519585064E+01    0.997798534942739224E+02    0.488797023065841794E+08    0.115855239117945217E+03   -0.579276195589726086E+02
    0.134514634626476077E+02    0.101901269388780658E+01    0.896130501400542556E+02    0.643885771718323305E+08    0.115848065652016913E+03   -0.579240328260084567E+02
    0.918877434306983076E+01    0.102501920300574367E+01    0.947830003453525194E+02    0.112676246028170884E+09    0.115803094936754945E+03   -0.579015474683774727E+02
    0.533846489734920908E+02    0.101825858689561288E+01    0.959032506140810881E+02    0.463843575326023251E+08    0.115774800540424025E+03   -0.578874002702120123E+02
    0.774374517541353811E+02    0.101893131919393887E+01    0.980345612476303643E+02    0.145069537735651612E+09    0.115731164107571885E+03   -0.578655820537859427E+02
    0.774374517541353811E+02    0.101893131919393887E+01    0.980345612476303643E+02    0.145069537735651612E+09    0.115731164107571885E+03   -0.578655820537859427E+02
    0.300022186538323465E+01    0.101826619754624104E+01    0.919076169413495592E+02    0.100076219861402288E+09    0.115700542990984076E+03   -0.578502714954920378E+02
    0.300022186538323465E+01    0.101826619754624104E+01    0.919076169413495592E+02    0.100076219861402288E+09    0.115700542990984076E+03   -0.578502714954920378E+02
    0.169487671402175941E+02    0.102734884466821974E+01    0.995090065547413047E+02    0.101977622474696189E+09    0.115668974852699634E+03   -0.578344874263498170E+02
    0.296085851340398349E+02    0.101300100211416666E+01    0.991443518001429567E+02    0.556570369957134202E+08    0.115647356747759261E+03   -0.578236783738796305E+02
    0.546058254225219297E+01    0.101806037165611962E+01    0.983635495611086270E+02    0.162193942574926674E+09    0.115643736672596333E+03   -0.578218683362981665E+02
    0.546058254225219297E+01    0.101806037165611962E+01    0.983635495611086270E+02    0.162193942574926674E+09    0.115643736672596333E+03   -0.578218683362981665E+02
    0.517655213917908128E+02    0.101510060786360090E+01    0.940827158458550912E+02    0.564451887405680716E+08    0.115606904775643102E+03   -0.578034523878215509E+02
    0.568391089483923793E+02    0.102127373134285215E+01    0.981627504039512644E+02    0.165891954172773182E+09    0.115604942406365609E+03   -0.578024712031828045E+02
    0.558361494412133794E+02    0.101324118379977302E+01    0.986016239172629554E+02    0.106044296285244256E+09    0.115565067389241705E+03   -0.577825336946208523E+02
    0.200313975900542545E+02    0.102335480813344626E+01    0.993757121758380038E+02    0.174708047532010019E+09    0.115544126935957394E+03   -0.577720634679786968E+02
    0.637102539956277951E+02    0.101828445027100378E+01    0.901286134551712337E+02    0.735422348831348419E+08    0.115536699107518771E+03   -0.577683495537593856E+02
    0.106632387154901082E+03    0.102037625934122800E+01    0.992447597962837591E+02    0.101742415254396349E+09    0.115476757860300324E+03   -0.577383789301501622E+02
    0.633918181633565396E+02    0.102329232432248363E+01    0.941187833548316917E+02    0.101555356579553887E+09    0.115460193752327996E+03   -0.577300968761639979E+02
    0.487484927425786640E+01    0.101531437583194561E+01    0.951524244934270200E+02    0.896557878960101753E+08    0.115458233887822018E+03   -0.577291169439110092E+02
    0.975158056820029771E+02    0.101669018545969725E+01    0.971211968954263085E+02    0.835482517963885963E+08    0.115430828806048339E+03   -0.577154144030241696E+02
    0.488081214565221018E+02    0.101720496366285440E+01    0.953740430449435479E+02    0.126313890064077690E+09    0.115409772632504826E+03   -0.577048863162524128E+02
    0.347890598630941383E+02    0.101610142609848131E+01    0.992618247356069645E+02    0.161221452785004765E+09    0.115400201700139874E+03   -0.577001008500699371E+02
    0.347890598630941383E+02    0.101610142609848131E+01    0.992618247356069645E+02    0.161221452785004765E+09    0.115400201700139874E+03   -0.577001008500699371E+02
    0.258744254625426571E+02    0.101412990753363363E+01    0.946617786687982203E+02    0.785687266409141272E+08    0.115393509673091074E+03   -0.576967548365455372E+02
    0.980581200632571921E+02    0.102091793647040796E+01    0.976206571707305244E+02    0.980518045910961032E+08    0.115390314294861611E+03   -0.576951571474308054E+02
    0.281432730922951855E+02    0.101305568613339125E+01    0.983328306589853440E+02    0.859850390885048360E+08    0.115375505483498273E+03   -0.576877527417491365E+02
    0.281432730922951855E+02    0.101305568613339125E+01    0.983328306589853440E+02    0.859850390885048360E+08    0.115375505483498273E+03   -0.576877527417491365E+02
    0.446352101783618522E+02    0.102032545115814610E+01    0.896963090102350549E+02    0.667306283483335301E+08    0.115325703175793308E+03   -0.576628515878966539E+02
    0.433904601145596036E+01    0.101406304683860138E+01    0.979102289790432820E+02    0.652934785699422061E+08    0.115217188704943737E+03   -0.576085943524718687E+02
    0.433904601145596036E+01    0.101406304683860138E+01    0.979102289790432820E+02    0.652934785699422061E+08    0.115217188704943737E+03   -0.576085943524718687E+02
    0.829187054703312185E+02    0.101948079322630170E+01    0.937619632856707881E+02    0.639914398511269465E+08    0.115185792933473380E+03   -0.575928964667366898E+02
    0.829187054703312185E+02    0.101948079322630170E+01    0.937619632856707881E+02    0.639914398511269465E+08    0.115185792933473380E+03   -0.575928964667366898E+02
    0.908374612130074155E+02    0.101745117914644401E+01    0.967654239299754693E+02    0.106720095223901138E+09    0.115162655427458816E+03   -0.575813277137294079E+02
    0.409271455458030999E+02    0.101559155066482876E+01    0.985208106586888590E+02    0.134726907965860367E+09    0.115136021482069140E+03   -0.575680107410345698E+02
    0.409271455458030999E+02    0.101559155066482876E+01    0.985208106586888590E+02    0.134726907965860367E+09    0.115136021482069140E+03   -0.575680107410345698E+02
    0.249187104807686488E+02    0.101767053434915322E+01    0.902068245914063027E+02    0.760364277088173628E+08    0.115086756095521949E+03   -0.575433780477609744E+02
    0.249187104807686488E+02    0.101767053434915322E+01    0.902068245914063027E+02    0.760364277088173628E+08    0.115086756095521949E+03   -0.575433780477609744E+02
    0.195075110516869188E+02    0.101419437362255960E+01    0.969699156408830873E+02    0.114707711333277568E+09    0.115079088023577498E+03   -0.575395440117887489E+02
    0.750969667209664848E+00    0.102005354554523087E+01    0.927795429604556432E+02    0.954776855670773387E+08    0.115068949978918198E+03   -0.575344749894590990E+02
    0.284330023572825574E+02    0.101403400929414955E+01    0.952905509910439150E+02    0.729396870835793912E+08    0.115062071869381569E+03   -0.575310359346907845E+02
    0.181793111098495359E+02    0.101365827187327739E+01    0.988870290726281951E+02    0.559349000728582516E+08    0.115045145108795765E+03   -0.575225725543978825E+02
    0.196081359723266715E+02    0.101859463235808434E+01    0.983178868430291146E+02    0.439865628486086354E+08    0.115000388839072116E+03   -0.575001944195360579E+02
    0.646144044065654555E+02    0.102281812322727239E+01    0.998849686309467302E+02    0.148016720094219089E+09    0.115000006509862857E+03   -0.575000032549314284E+02
    0.175443891725663974E+02    0.102263414403233344E+01    0.923465137296301037E+02    0.895516081260437667E+08    0.114996044688746380E+03   -0.574980223443731902E+02
    0.599828727177068615E+02    0.102266613826659203E+01    0.984266111045678116E+02    0.137210729304649144E+09    0.114994728111005358E+03   -0.574973640555026790E+02
    0.376535303890791866E+02    0.101810628609090004E+01    0.922837685523410158E+02    0.116516789442994580E+09    0.114940328019656306E+03   -0.574701640098281530E+02
    0.617606633794102109E+02    0.101389532355178158E+01    0.968932699437200995E+02    0.724767226765182614E+08    0.114934461689967364E+03   -0.574672308449836819E+02
    0.716281687634473911E+02    0.101608372322284590E+01    0.977073933171599265E+02    0.514894445394112766E+08    0.114926682468492345E+03   -0.574633412342461725E+02
    0.341959003798369139E+02    0.101613561830234334E+01    0.929243060551530675E+02    0.635043866248538792E+08    0.114911263549001802E+03   -0.574556317745009011E+02
    0.489957596304795260E+02    0.101912754937763461E+01    0.917240357682150176E+02    0.989802084186148047E+08    0.114887767135309872E+03   -0.574438835676549360E+02
    0.489957596304795260E+02    0.101912754937763461E+01    0.917240357682150176E+02    0.989802084186148047E+08    0.114887767135309872E+03   -0.574438835676549360E+02
    0.110336014629646826E+02    0.102429753430734860E+01    0.953536968433974863E+02    0.111590376258634076E+09    0.114885117464936840E+03   -0.574425587324684201E+02
    0.331035720439210195E+02    0.102696628317608174E+01    0.982529767043435669E+02    0.733088375846471637E+08    0.114873014314561800E+03   -0.574365071572809001E+02
    0.331035720439210195E+02    0.102696628317608174E+01    0.982529767043435669E+02    0.733088375846471637E+08    0.114873014314561800E+03   -0.574365071572809001E+02
    0.378611693167022025E+02    0.102275303763616443E+01    0.913647676478537250E+02    0.793921052088950872E+08    0.114854424545372211E+03   -0.574272122726861056E+02
    0.378611693167022025E+02    0.102275303763616443E+01    0.913647676478537250E+02    0.793921052088950872E+08    0.114854424545372211E+03   -0.574272122726861056E+02
    0.942596754111716706E+02    0.102290463912939278E+01    0.979854158479162578E+02    0.740880680027914345E+08    0.114808594429432816E+03   -0.574042972147164079E+02
    0.632051097416719259E+02    0.102036463061385541E+01    0.930062362132599816E+02    0.112714806877884775E+09    0.114807015867233986E+03   -0.574035079336169929E+02
    0.632051097416719259E+02    0.102036463061385541E+01    0.930062362132599816E+02    0.112714806877884775E+09    0.114807015867233986E+03   -0.574035079336169929E+02
    0.690962093544567750E+02    0.101704668956212374E+01    0.988956113742843712E+02    0.128221490401937202E+09    0.114792956864575487E+03   -0.573964784322877435E+02
    0.690962093544567750E+02    0.101704668956212374E+01    0.988956113742843712E+02    0.128221490401937202E+09    0.114792956864575487E+03   -0.573964784322877435E+02
    0.374869367971058498E+01    0.102174658435086130E+01    0.939942422188256046E+02    0.538334152107301727E+08    0.114779100965432775E+03   -0.573895504827163876E+02
    0.374869367971058498E+01    0.102174658435086130E+01    0.939942422188256046E+02    0.538334152107301727E+08    0.114779100965432775E+03   -0.573895504827163876E+02
    0.664200568855988820E+02    0.101716952421594176E+01    0.990349687328914570E+02    0.139562032942958027E+09    0.114766923641711259E+03   -0.573834618208556293E+02
    0.664200568855988820E+02    0.101716952421594176E+01    0.990349687328914570E+02    0.139562032942958027E+09    0.114766923641711259E+03   -0.573834618208556293E+02
    0.151356790088689639E+02    0.102312393477110231E+01    0.979788766168606884E+02    0.485618335710915849E+08    0.114680305527503236E+03   -0.573401527637516182E+02
    0.537742750968269974E+02    0.101651601780173295E+01    0.976534006555388316E+02    0.492636875193574652E+08    0.114675749192779449E+03   -0.573378745963897245E+02
    0.556854323765799748E+02    0.101570699757210825E+01    0.947818667341260124E+02    0.623882387832139358E+08    0.114651903436320254E+03   -0.573259517181601268E+02
    0.556854323765799748E+02    0.101570699757210825E+01    0.947818667341260124E+02    0.623882387832139358E+08    0.114651903436320254E+03   -0.573259517181601268E+02
    0.289008063114987550E+02    0.102081166335022111E+01    0.920787641913703965E+02    0.110848315679294944E+09    0.114590224282477521E+03   -0.572951121412387607E+02
    0.531804518211618582E+01    0.102009821189117100E+01    0.976986902813413707E+02    0.133553468028336391E+09    0.114558350391283426E+03   -0.572791751956417130E+02
    0.531804518211618582E+01    0.102009821189117100E+01    0.976986902813413707E+02    0.133553468028336391E+09    0.114558350391283426E+03   -0.572791751956417130E+02
    0.629329667471079688E+02    0.101423686431820403E+01    0.990611161161356648E+02    0.114932620703689620E+09    0.114445443561047000E+03   -0.572227217805235000E+02
    0.226910234146059935E+02    0.101336272367277913E+01    0.990572406834610177E+02    0.803203261786403060E+08    0.114436063121807393E+03   -0.572180315609036967E+02
    0.335192631726090013E+02    0.101448063672262534E+01    0.957963131241003225E+02    0.803798415096430033E+08    0.114400226590877210E+03   -0.572001132954386051E+02
    0.335192631726090013E+02    0.101448063672262534E+01    0.957963131241003225E+02    0.803798415096430033E+08    0.114400226590877210E+03   -0.572001132954386051E+02
    0.794609726427062810E+02    0.101721802325777388E+01    0.951761743848224739E+02    0.681261469147670567E+08    0.114389040738249719E+03   -0.571945203691248594E+02
    0.300371180639505795E+02    0.102040652526573195E+01    0.916321882886902443E+02    0.635311154145673662E+08    0.114340836628053665E+03   -0.571704183140268327E+02
    0.629631192614324817E+02    0.101814755734191853E+01    0.978957536922270890E+02    0.126749612108076423E+09    0.114328199387368940E+03   -0.571640996936844701E+02
    0.629631192614324817E+02    0.101814755734191853E+01    0.978957536922270890E+02    0.126749612108076423E+09    0.114328199387368940E+03   -0.571640996936844701E+02
    0.335093094985037467E+02    0.101853953700759114E+01    0.916040052033943510E+02    0.849808776026639193E+08    0.114321587281218058E+03   -0.571607936406090289E+02
    0.740995002979138349E+02    0.101517251993752322E+01    0.987312499932671983E+02    0.106617722741992995E+09    0.114314588088540518E+03   -0.571572940442702588E+02
    0.106887421852430586E+01    0.102229432440104384E+01    0.936542567663901764E+02    0.754786215061958581E+08    0.114276211065783897E+03   -0.571381055328919487E+02
    0.106887421852430586E+01    0.102229432440104384E+01    0.936542567663901764E+02    0.754786215061958581E+08    0.114276211065783897E+03   -0.571381055328919487E+02
    0.613770919814930096E+02    0.102200289523705479E+01    0.952400006758839481E+02    0.115540709367179453E+09    0.114252057716248700E+03   -0.571260288581243501E+02
    0.631176428896674793E+02    0.102134787329104992E+01    0.955804205872719308E+02    0.522170959910553396E+08    0.114212780210937822E+03   -0.571063901054689111E+02
    0.631176428896674793E+02    0.102134787329104992E+01    0.955804205872719308E+02    0.522170959910553396E+08    0.114212780210937822E+03   -0.571063901054689111E+02
    0.296069586336492492E+02    0.102115424671167476E+01    0.970457935724866445E+02    0.129061266580287278E+09    0.114210781847676643E+03   -0.571053909238383213E+02
    0.296069586336492492E+02    0.102115424671167476E+01    0.970457935724866445E+02    0.129061266580287278E+09    0.114210781847676643E+03   -0.571053909238383213E+02
    0.685174392130309542E+02    0.102412785780852889E+01    0.988350557770615978E+02    0.537287596804892048E+08    0.114199953594329997E+03   -0.570999767971649987E+02
    0.685174392130309542E+02    0.102412785780852889E+01    0.988350557770615978E+02    0.537287596804892048E+08    0.114199953594329997E+03   -0.570999767971649987E+02
    0.820342622742854815E+02    0.102339511088514268E+01    0.986200965760581312E+02    0.613970551317881420E+08    0.114182803951743551E+03   -0.570914019758717757E+02
    0.784618182090236900E+02    0.102273736079937527E+01    0.981964481962671556E+02    0.535634273670821488E+08    0.114179350819425878E+03   -0.570896754097129389E+02
    0.784618182090236900E+02    0.102273736079937527E+01    0.981964481962671556E+02    0.535634273670821488E+08    0.114179350819425878E+03   -0.570896754097129389E+02
    0.542736717173497212E+02    0.101584350808046109E+01    0.945099412086447188E+02    0.792358044693598151E+08    0.114172199293806159E+03   -0.570860996469030795E+02
    0.270629777337591158E+02    0.101426494908289344E+01    0.976269344514760604E+02    0.868913769399265200E+08    0.114170078072054991E+03   -0.570850390360274957E+02
    0.270629777337591158E+02    0.101426494908289344E+01    0.976269344514760604E+02    0.868913769399265200E+08    0.114170078072054991E+03   -0.570850390360274957E+02
    0.130710197713188343E+02    0.102273772237419847E+01    0.947553926559958910E+02    0.101435346447344676E+09    0.114159087672728674E+03   -0.570795438363643370E+02
    0.130710197713188343E+02    0.102273772237419847E+01    0.947553926559958910E+02    0.101435346447344676E+09    0.114159087672728674E+03   -0.570795438363643370E+02
    0.409375039652752974E+02    0.102437238043642753E+01    0.965549335097614545E+02    0.108534232723102108E+09    0.114130971922703537E+03   -0.570654859613517687E+02
    0.409375039652752974E+02    0.102437238043642753E+01    0.965549335097614545E+02    0.108534232723102108E+09    0.114130971922703537E+03   -0.570654859613517687E+02
    0.496376530939459641E+02    0.101468680035640335E+01    0.964138916527474805E+02    0.688391568765473068E+08    0.114125391447130852E+03   -0.570626957235654260E+02
    0.661980540478074175E+02    0.101679970113455331E+01    0.953947797479271742E+02    0.589739206567590386E+08    0.114120865020293479E+03   -0.570604325101467396E+02
    0.823340068490420265E+02    0.102321162364389240E+01    0.981950723671204884E+02    0.840745773751804233E+08    0.114090749404659306E+03   -0.570453747023296529E+02
    0.823340068490420265E+02    0.102321162364389240E+01    0.981950723671204884E+02    0.840745773751804233E+08    0.114090749404659306E+03   -0.570453747023296529E+02
    0.456559972186026428E+02    0.102458123594594630E+01    0.972423579977549650E+02    0.114097056007175297E+09    0.114081993515669438E+03   -0.570409967578347192E+02
    0.456559972186026428E+02    0.102458123594594630E+01    0.972423579977549650E+02    0.114097056007175297E+09    0.114081993515669438E+03   -0.570409967578347192E+02
    0.401058168317853614E+02    0.101654582785981518E+01    0.931067371823343279E+02    0.765107649758395553E+08    0.114051517419540659E+03   -0.570257587097703293E+02
    0.401058168317853614E+02    0.101654582785981518E+01    0.931067371823343279E+02    0.765107649758395553E+08    0.114051517419540659E+03   -0.570257587097703293E+02
    0.455549542524002931E+02    0.102226764486851818E+01    0.939580239043171161E+02    0.918962744458820671E+08    0.114036333653513168E+03   -0.570181668267565840E+02
    0.200430615145711677E+02    0.102567632968572475E+01    0.986876939486568716E+02    0.605215151792146713E+08    0.113993919701671103E+03   -0.569969598508355517E+02
    0.200430615145711677E+02    0.102567632968572475E+01    0.986876939486568716E+02    0.605215151792146713E+08    0.113993919701671103E+03   -0.569969598508355517E+02
    0.700077045192587235E+02    0.102242947639091586E+01    0.967221847888680628E+02    0.106852803088738486E+09    0.113982795486814936E+03   -0.569913977434074681E+02
    0.796561478973636952E+02    0.101667124047914270E+01    0.962265596317274969E+02    0.725585405290767998E+08    0.113943962782883546E+03   -0.569719813914417728E+02
    0.271380532198332816E+02    0.101883448292225243E+01    0.925243275956215001E+02    0.627986506023582369E+08    0.113942046539900701E+03   -0.569710232699503507E+02
    0.387580081884733545E+02    0.102298478566758044E+01    0.942625389950936068E+02    0.876912896531802863E+08    0.113887164342830147E+03   -0.569435821714150734E+02
    0.387580081884733545E+02    0.102298478566758044E+01    0.942625389950936068E+02    0.876912896531802863E+08    0.113887164342830147E+03   -0.569435821714150734E+02
    0.404386268383774237E+02    0.102180686518660946E+01    0.995993272374920480E+02    0.465065483762086183E+08    0.113819466051207002E+03   -0.569097330256035008E+02
    0.239608698549426258E+02    0.101737464224662921E+01    0.945710359055001959E+02    0.544925970340240896E+08    0.113784780458900741E+03   -0.568923902294503705E+02
    0.239608698549426258E+02    0.101737464224662921E+01    0.945710359055001959E+02    0.544925970340240896E+08    0.113784780458900741E+03   -0.568923902294503705E+02
    0.544420790801861969E+02    0.101522098866118693E+01    0.962472800903381653E+02    0.791025825493280888E+08    0.113781591061417146E+03   -0.568907955307085729E+02
    0.544420790801861969E+02    0.101522098866118693E+01    0.962472800903381653E+02    0.791025825493280888E+08    0.113781591061417146E+03   -0.568907955307085729E+02
    0.754972698238210000E+02    0.101572897989182964E+01    0.974788941775588569E+02    0.754528825405267775E+08    0.113769417521901232E+03   -0.568847087609506161E+02
    0.687279010703599482E+02    0.101432631858666578E+01    0.996549186931990079E+02    0.680739831353407055E+08    0.113768229678505094E+03   -0.568841148392525469E+02
    0.154747723678497824E+02    0.101813889214761177E+01    0.941757175599232141E+02    0.932105999826898873E+08    0.113767967514157618E+03   -0.568839837570788092E+02
    0.267967600085727469E+02    0.101521461671719870E+01    0.975093246589299127E+02    0.563309975060205236E+08    0.113738188925744623E+03   -0.568690944628723116E+02
    0.267967600085727469E+02    0.101521461671719870E+01    0.975093246589299127E+02    0.563309975060205236E+08    0.113738188925744623E+03   -0.568690944628723116E+02
    0.921478104260918514E+02    0.102180056870428460E+01    0.995313169670674682E+02    0.866864490426281393E+08    0.113738163097609217E+03   -0.568690815488046084E+02
    0.921478104260918514E+02    0.102180056870428460E+01    0.995313169670674682E+02    0.866864490426281393E+08    0.113738163097609217E+03   -0.568690815488046084E+02
    0.925394849856108976E+02    0.101782575583524570E+01    0.999236857280742612E+02    0.538604169185711443E+08    0.113721231830516416E+03   -0.568606159152582080E+02
    0.140363717085512931E+02    0.102275246749939686E+01    0.947804556757063494E+02    0.638991316021688133E+08    0.113692795554828521E+03   -0.568463977774142606E+02
    0.140363717085512931E+02    0.102275246749939686E+01    0.947804556757063494E+02    0.638991316021688133E+08    0.113692795554828521E+03   -0.568463977774142606E+02
    0.277524617631601522E+02    0.102375250273732799E+01    0.960665590436982200E+02    0.941350240755481422E+08    0.113669802558024529E+03   -0.568349012790122643E+02
    0.277524617631601522E+02    0.102375250273732799E+01    0.960665590436982200E+02    0.941350240755481422E+08    0.113669802558024529E+03   -0.568349012790122643E+02
    0.187389710074993836E+02    0.102052216964852471E+01    0.986612244625625721E+02    0.137557493435175329E+09    0.113658118807786224E+03   -0.568290594038931118E+02
    0.525104976895713662E+02    0.102342638850277212E+01    0.948054812128782345E+02    0.719100092380786240E+08    0.113654207561137724E+03   -0.568271037805688621E+02
    0.525104976895713662E+02    0.102342638850277212E+01    0.948054812128782345E+02    0.719100092380786240E+08    0.113654207561137724E+03   -0.568271037805688621E+02
    0.240989015980467407E+02    0.102502572756229227E+01    0.984818052718817114E+02    0.114142498634598553E+09    0.113652573793949685E+03   -0.568262868969748425E+02
    0.455777764275918997E+02    0.101518663996046699E+01    0.966557677561746971E+02    0.843186951540253907E+08    0.113630266977039000E+03   -0.568151334885194998E+02
    0.455777764275918997E+02    0.101518663996046699E+01    0.966557677561746971E+02    0.843186951540253907E+08    0.113630266977039000E+03   -0.568151334885194998E+02
    0.576410958655274754E+02    0.101634806559512070E+01    0.958013627600919335E+02    0.856700295344262868E+08    0.113579454201928812E+03   -0.567897271009644058E+02
    0.721784024385380718E+01    0.102075830805257683E+01    0.951106238685837297E+02    0.110191656113759130E+09    0.113565295061384290E+03   -0.567826475306921452E+02
    0.130502206708751931E+02    0.101548251956460867E+01    0.982706428447629605E+02    0.577273268362487629E+08    0.113553402620330502E+03   -0.567767013101652509E+02
    0.197644758656861868E+02    0.102576339892308632E+01    0.999565945318795173E+02    0.914280574617222846E+08    0.113550747454794447E+03   -0.567753737273972234E+02
    0.197644758656861868E+02    0.102576339892308632E+01    0.999565945318795173E+02    0.914280574617222846E+08    0.113550747454794447E+03   -0.567753737273972234E+02
    0.588812466760283257E+02    0.101839635821078578E+01    0.932343713005215449E+02    0.719123011465599984E+08    0.113523883392453953E+03   -0.567619416962269767E+02
    0.661327269388380756E+02    0.101609056186226532E+01    0.979146554864061045E+02    0.975530436398357153E+08    0.113510353952869323E+03   -0.567551769764346616E+02
    0.661327269388380756E+02    0.101609056186226532E+01    0.979146554864061045E+02    0.975530436398357153E+08    0.113510353952869323E+03   -0.567551769764346616E+02
    0.206859096039346007E+02    0.101646165784181020E+01    0.961854501285199746E+02    0.108004701218724951E+09    0.113500606188110851E+03   -0.567503030940554254E+02
    0.299300594937647695E+02    0.102416296125020279E+01    0.972984928030763569E+02    0.100541320905642167E+09    0.113499828269687356E+03   -0.567499141348436780E+02
    0.299300594937647695E+02    0.102416296125020279E+01    0.972984928030763569E+02    0.100541320905642167E+09    0.113499828269687356E+03   -0.567499141348436780E+02
    0.269289423716757419E+02    0.102577292954705368E+01    0.998878876964018616E+02    0.604347517565136477E+08    0.113469332975959418E+03   -0.567346664879797089E+02
    0.298171771671771317E+02    0.102165581090755175E+01    0.998720965265104468E+02    0.470370117185761854E+08    0.113457879971502436E+03   -0.567289399857512180E+02
    0.215727188624534882E+02    0.101848264133108724E+01    0.940841666004709225E+02    0.585478745955472589E+08    0.113451401643093163E+03   -0.567257008215465817E+02
    0.935961321096363577E+02    0.101895508774789856E+01    0.996583674582547872E+02    0.561051472245726436E+08    0.113427239741643490E+03   -0.567136198708217449E+02
    0.633078915986534270E+02    0.101884151301028747E+01    0.953595546841868469E+02    0.933347542592967600E+08    0.113383107037478638E+03   -0.566915535187393189E+02
    0.524264281832782757E+02    0.102367811848905488E+01    0.976235046586154596E+02    0.100256797063890964E+09    0.113372979897627147E+03   -0.566864899488135734E+02
    0.228408758890024757E+02    0.102084178031308093E+01    0.963567050405070802E+02    0.120313495754647344E+09    0.113368916794893153E+03   -0.566844583974465763E+02
    0.541142563707315105E+02    0.101898060921112044E+01    0.973799270220397375E+02    0.502866399926559702E+08    0.113339237304765618E+03   -0.566696186523828089E+02
    0.143351646895522133E+02    0.102360651432229122E+01    0.969286662483590788E+02    0.581473424327277839E+08    0.113328345591101453E+03   -0.566641727955507264E+02
    0.143351646895522133E+02    0.102360651432229122E+01    0.969286662483590788E+02    0.581473424327277839E+08    0.113328345591101453E+03   -0.566641727955507264E+02
    0.302588461217189888E+02    0.101995219219130373E+01    0.927199752761609801E+02    0.785028289253031462E+08    0.113303418519893526E+03   -0.566517092599467631E+02
    0.153524032203443674E+02    0.101520926055256400E+01    0.979437087156877908E+02    0.831557958282835931E+08    0.113290342038636567E+03   -0.566451710193182834E+02
    0.455335079164398735E+02    0.102115748808930928E+01    0.936280416267600231E+02    0.818954001003655940E+08    0.113274436789582168E+03   -0.566372183947910841E+02
    0.375820601223190351E+02    0.102471976615066218E+01    0.997311065797067045E+02    0.530622847999719232E+08    0.113267528444444793E+03   -0.566337642222223963E+02
    0.375820601223190351E+02    0.102471976615066218E+01    0.997311065797067045E+02    0.530622847999719232E+08    0.113267528444444793E+03   -0.566337642222223963E+02
    0.968369303006768511E+01    0.101632692755823428E+01    0.978243201189001184E+02    0.100281229036088333E+09    0.113263360716520026E+03   -0.566316803582600130E+02
    0.968369303006768511E+01    0.101632692755823428E+01    0.978243201189001184E+02    0.100281229036088333E+09    0.113263360716520026E+03   -0.566316803582600130E+02
    0.491011213218416742E+02    0.102095326770978323E+01    0.993819460531874057E+02    0.131319983863521621E+09    0.113262992206973720E+03   -0.566314961034868602E+02
    0.491011213218416742E+02    0.102095326770978323E+01    0.993819460531874057E+02    0.131319983863521621E+09    0.113262992206973720E+03   -0.566314961034868602E+02
    0.414427275075049195E+02    0.101772649082511224E+01    0.936567857689124139E+02    0.816301517704086453E+08    0.113260693202750616E+03   -0.566303466013753081E+02
    0.653440276232108488E+02    0.101504458571770440E+01    0.990059232066411568E+02    0.679525034960953593E+08    0.113213478363833815E+03   -0.566067391819169075E+02
    0.643944780441287747E+02    0.102188907820462482E+01    0.964810913773011833E+02    0.588035686960483417E+08    0.113210115604807157E+03   -0.566050578024035786E+02
    0.643944780441287747E+02    0.102188907820462482E+01    0.964810913773011833E+02    0.588035686960483417E+08    0.113210115604807157E+03   -0.566050578024035786E+02
    0.398467546200892357E+02    0.101541062436019147E+01    0.966403230128830160E+02    0.799056574738566875E+08    0.113174174445122716E+03   -0.565870872225613581E+02
    0.665327718925952727E+01    0.102469591725940590E+01    0.984534088715875555E+02    0.712640902846316546E+08    0.113145203453029083E+03   -0.565726017265145416E+02
    0.336148871392444448E+02    0.101707969083985672E+01    0.956651289515890824E+02    0.110319227945999548E+09    0.113137903545984187E+03   -0.565689517729920937E+02
    0.718224727344218294E+01    0.102421282571774719E+01    0.994672941796136030E+02    0.115105118132750317E+09    0.113122982930490451E+03   -0.565614914652452256E+02
    0.718224727344218294E+01    0.102421282571774719E+01    0.994672941796136030E+02    0.115105118132750317E+09    0.113122982930490451E+03   -0.565614914652452256E+02
    0.264843457268567875E+02    0.102345307947168251E+01    0.958016098961260951E+02    0.670121249204831645E+08    0.113110979674702008E+03   -0.565554898373510042E+02
    0.264843457268567875E+02    0.102345307947168251E+01    0.958016098961260951E+02    0.670121249204831645E+08    0.113110979674702008E+03   -0.565554898373510042E+02
    0.183222069713484501E+02    0.102388738569560700E+01    0.962963648674884780E+02    0.736693791064333916E+08    0.113053595463982447E+03   -0.565267977319912234E+02
    0.537391301467257918E+02    0.101823537040600942E+01    0.952736047280131544E+02    0.576479215909999013E+08    0.113041319453069320E+03   -0.565206597265346602E+02
    0.485794211798243367E+02    0.101770592631192525E+01    0.940436511321397859E+02    0.760764674737572074E+08    0.113032229317979130E+03   -0.565161146589895651E+02
    0.354602157443418378E+02    0.102281119174239477E+01    0.993400645536753331E+02    0.498230362608376518E+08    0.113021022634717767E+03   -0.565105113173588833E+02
    0.354602157443418378E+02    0.102281119174239477E+01    0.993400645536753331E+02    0.498230362608376518E+08    0.113021022634717767E+03   -0.565105113173588833E+02
    0.535897968034637486E+02    0.102228745735852034E+01    0.967767385144738768E+02    0.111091369025332838E+09    0.112960352480693714E+03   -0.564801762403468572E+02
    0.193972735211667278E+02    0.101812677642184912E+01    0.944875867422017564E+02    0.679628319705301672E+08    0.112945662611818278E+03   -0.564728313059091391E+02
    0.227826116597735755E+02    0.101486186843773063E+01    0.999661368920164932E+02    0.100928996832762629E+09    0.112935354009042300E+03   -0.564676770045211498E+02
    0.227826116597735755E+02    0.101486186843773063E+01    0.999661368920164932E+02    0.100928996832762629E+09    0.112935354009042300E+03   -0.564676770045211498E+02
    0.311100951202531988E+02    0.102529951447869561E+01    0.997610460431710067E+02    0.866635589872880429E+08    0.112931522731913532E+03   -0.564657613659567659E+02
    0.311100951202531988E+02    0.102529951447869561E+01    0.997610460431710067E+02    0.866635589872880429E+08    0.112931522731913532E+03   -0.564657613659567659E+02
    0.499953994195946763E+02    0.102294849355949280E+01    0.955048056106899992E+02    0.736165395858798623E+08    0.112922919475665452E+03   -0.564614597378327261E+02
    0.348384011606377486E+01    0.102132730863588317E+01    0.954070532788660444E+02    0.721179328769145757E+08    0.112881174929263068E+03   -0.564405874646315340E+02
    0.104212946599414877E+02    0.101977424679256834E+01    0.945316419715928333E+02    0.786152373547638506E+08    0.112871059571439218E+03   -0.564355297857196092E+02
    0.104212946599414877E+02    0.101977424679256834E+01    0.945316419715928333E+02    0.786152373547638506E+08    0.112871059571439218E+03   -0.564355297857196092E+02
    0.407135123397332066E+02    0.102279962121764534E+01    0.964514820840695251E+02    0.562674270241039544E+08    0.112870964876839636E+03   -0.564354824384198182E+02
    0.573626873980159502E+02    0.101567125426362792E+01    0.977470615724717220E+02    0.813337490001412332E+08    0.112861316795964413E+03   -0.564306583979822065E+02
    0.449992388485868062E+02    0.101755111310484336E+01    0.958760035003908655E+02    0.112395613760354921E+09    0.112857881561872631E+03   -0.564289407809363155E+02
    0.152044830750939148E+02    0.102221412001481116E+01    0.951166434048027014E+02    0.760836644374853224E+08    0.112826489569620065E+03   -0.564132447848100327E+02
    0.381747426706607129E+02    0.101960731894217393E+01    0.997804903890931598E+02    0.136746059978910625E+09    0.112816579480733608E+03   -0.564082897403668042E+02
    0.381747426706607129E+02    0.101960731894217393E+01    0.997804903890931598E+02    0.136746059978910625E+09    0.112816579480733608E+03   -0.564082897403668042E+02
    0.505111153528007009E+02    0.101675304207089146E+01    0.967266069256598371E+02    0.614202091469385624E+08    0.112769615487490540E+03   -0.563848077437452702E+02
    0.505111153528007009E+02    0.101675304207089146E+01    0.967266069256598371E+02    0.614202091469385624E+08    0.112769615487490540E+03   -0.563848077437452702E+02
    0.781372840202664349E+02    0.102139931281087804E+01    0.985990104947381667E+02    0.623920708879726827E+08    0.112762748359902702E+03   -0.563813741799513508E+02
    0.781372840202664349E+02    0.102139931281087804E+01    0.985990104947381667E+02    0.623920708879726827E+08    0.112762748359902702E+03   -0.563813741799513508E+02
    0.644898501481076352E+02    0.102342699887636335E+01    0.985094447846476413E+02    0.662990813253034055E+08    0.112754494987555944E+03   -0.563772474937779720E+02
    0.327119929467582082E+02    0.101866772235168268E+01    0.953000786686589265E+02    0.112309169918849677E+09    0.112753318958726453E+03   -0.563766594793632265E+02
    0.327119929467582082E+02    0.101866772235168268E+01    0.953000786686589265E+02    0.112309169918849677E+09    0.112753318958726453E+03   -0.563766594793632265E+02
    0.596216762124728277E+02    0.101613290621881380E+01    0.970730138647832348E+02    0.730468818540803939E+08    0.112743217912066626E+03   -0.563716089560333131E+02
    0.596216762124728277E+02    0.101613290621881380E+01    0.970730138647832348E+02    0.730468818540803939E+08    0.112743217912066626E+03   -0.563716089560333131E+02
    0.220397738758383710E+02    0.101561935992182883E+01    0.975205624121860239E+02    0.734437985455869287E+08    0.112672704368356946E+03   -0.563363521841784731E+02
    0.425651834893030099E+02    0.102030711553416764E+01    0.944901974605559332E+02    0.835921650222326517E+08    0.112669721783361410E+03   -0.563348608916807052E+02
    0.692323499287864621E+02    0.101630210058363191E+01    0.997691593805618311E+02    0.104495814387422740E+09    0.112662946879107821E+03   -0.563314734395539105E+02
    0.183535172340853272E+02    0.102376351062959636E+01    0.982556879490774833E+02    0.591349204687713683E+08    0.112661547977994502E+03   -0.563307739889972510E+02
    0.183535172340853272E+02    0.102376351062959636E+01    0.982556879490774833E+02    0.591349204687713683E+08    0.112661547977994502E+03   -0.563307739889972510E+02
    0.505576161930930112E+02    0.101794487043332316E+01    0.951402653415568835E+02    0.680099940145336390E+08    0.112609294183406035E+03   -0.563046470917030177E+02
    0.505576161930930112E+02    0.101794487043332316E+01    0.951402653415568835E+02    0.680099940145336390E+08    0.112609294183406035E+03   -0.563046470917030177E+02
    0.585988995722036705E+02    0.102166017539651288E+01    0.974393126889650176E+02    0.110534838658692956E+09    0.112593641338152949E+03   -0.562968206690764745E+02
    0.585988995722036705E+02    0.102166017539651288E+01    0.974393126889650176E+02    0.110534838658692956E+09    0.112593641338152949E+03   -0.562968206690764745E+02
    0.777187673759242728E+02    0.102145513290437262E+01    0.994126145403502903E+02    0.562926097931408584E+08    0.112568830655904890E+03   -0.562844153279524448E+02
    0.581807309316898102E+01    0.102088090396128162E+01    0.967340344790729603E+02    0.618736508824427947E+08    0.112567450486299094E+03   -0.562837252431495472E+02
    0.778015966361863036E+02    0.102299736164269395E+01    0.997431433388932049E+02    0.790961606667753160E+08    0.112567367080824312E+03   -0.562836835404121558E+02
    0.353244986932506038E+02    0.101745502018718303E+01    0.959994901976334063E+02    0.607020881362317875E+08    0.112560517218941740E+03   -0.562802586094708701E+02
    0.353244986932506038E+02    0.101745502018718303E+01    0.959994901976334063E+02    0.607020881362317875E+08    0.112560517218941740E+03   -0.562802586094708701E+02
    0.642537522417862590E+02    0.101529503900387374E+01    0.993815899567839978E+02    0.751895752529527545E+08    0.112547690714952651E+03   -0.562738453574763255E+02
    0.373011643605690111E+02    0.101735705318515723E+01    0.966384818109024764E+02    0.105320917544282347E+09    0.112534124854329733E+03   -0.562670624271648663E+02
    0.300434377517291935E+02    0.101705961725221372E+01    0.958672087894857299E+02    0.675516465377546400E+08    0.112529061291304430E+03   -0.562645306456522150E+02
    0.300434377517291935E+02    0.101705961725221372E+01    0.958672087894857299E+02    0.675516465377546400E+08    0.112529061291304430E+03   -0.562645306456522150E+02
    0.631978363611537546E+02    0.102220690693844585E+01    0.998440692331477067E+02    0.519853739225127921E+08    0.112528630968410440E+03   -0.562643154842052198E+02
    0.631978363611537546E+02    0.102220690693844585E+01    0.998440692331477067E+02    0.519853739225127921E+08    0.112528630968410440E+03   -0.562643154842052198E+02
    0.806111610356536517E+02    0.101961448368790419E+01    0.991377573116146067E+02    0.552194903629067317E+08    0.112528150111179457E+03   -0.562640750555897284E+02
    0.623686191839507842E+01    0.102249952508633291E+01    0.982368453174866687E+02    0.111289101651026756E+09    0.112518387440689736E+03   -0.562591937203448680E+02
    0.343784200361377899E+02    0.101977969684955028E+01    0.980491555138377748E+02    0.121728290516006365E+09    0.112483350590297448E+03   -0.562416752951487240E+02
    0.343784200361377899E+02    0.101977969684955028E+01    0.980491555138377748E+02    0.121728290516006365E+09    0.112483350590297448E+03   -0.562416752951487240E+02
    0.685307810990505484E+01    0.101907048556827617E+01    0.972012376470841275E+02    0.977222897101844549E+08    0.112474538456431020E+03   -0.562372692282155100E+02
    0.479853328970821380E+02    0.102134964590170929E+01    0.961270706500912411E+02    0.608941436750881076E+08    0.112446141365367993E+03   -0.562230706826839963E+02
    0.226526590716862799E+02    0.102397477168638451E+01    0.976888281009960906E+02    0.765826699919053167E+08    0.112412451998381385E+03   -0.562062259991906927E+02
    0.464678462815330136E+02    0.102230262981194731E+01    0.966078200808739496E+02    0.862034222280384898E+08    0.112408970718920258E+03   -0.562044853594601292E+02
    0.160080527027029333E+02    0.101901529473191776E+01    0.951672796188633612E+02    0.798872935637290180E+08    0.112393532940130484E+03   -0.561967664700652421E+02
    0.475545068004546039E+02    0.101579145754897548E+01    0.991727382307595065E+02    0.949200334397244155E+08    0.112392188832384960E+03   -0.561960944161924800E+02
    0.275617701934557608E+02    0.101579466297334342E+01    0.994139101742076434E+02    0.559768279243499637E+08    0.112363847158255382E+03   -0.561819235791276910E+02
    0.528178409418549180E+02    0.101732442157532255E+01    0.964508338096328686E+02    0.666477029182141721E+08    0.112357959317592858E+03   -0.561789796587964290E+02
    0.528178409418549180E+02    0.101732442157532255E+01    0.964508338096328686E+02    0.666477029182141721E+08    0.112357959317592858E+03   -0.561789796587964290E+02
    0.774626478178870173E+02    0.101967685705856237E+01    0.985469511821713553E+02    0.620282278113089055E+08    0.112346118307168780E+03   -0.561730591535843899E+02
    0.313486823610803853E+02    0.102270084026869990E+01    0.973475842230384814E+02    0.933848990541958958E+08    0.112337891035549546E+03   -0.561689455177747732E+02
    0.144812734972096493E+02    0.102253803567837620E+01    0.977688602314860589E+02    0.921351777955244333E+08    0.112335662091879442E+03   -0.561678310459397210E+02
    0.467114410143480114E+02    0.101643840391805629E+01    0.982240156894416856E+02    0.113356964083566159E+09    0.112332216324579235E+03   -0.561661081622896177E+02
    0.356077529308837200E+02    0.101867433726056977E+01    0.946241508667249178E+02    0.771374323745261729E+08    0.112326205527846653E+03   -0.561631027639233267E+02
    0.124806058756649074E+01    0.102264977387073319E+01    0.992700449523196085E+02    0.929693137062049210E+08    0.112304070675804070E+03   -0.561520353379020349E+02
    0.205215594986351775E+02    0.102021269847745266E+01    0.958167723974251970E+02    0.629873349071281031E+08    0.112285916657148050E+03   -0.561429583285740250E+02
    0.403383867901575002E+02    0.102190252062165299E+01    0.990850247398003603E+02    0.512150429712862000E+08    0.112282515526406755E+03   -0.561412577632033774E+02
    0.403383867901575002E+02    0.102190252062165299E+01    0.990850247398003603E+02    0.512150429712862000E+08    0.112282515526406755E+03   -0.561412577632033774E+02
    0.689413527813417204E+02    0.101986030058080890E+01    0.976856609671274043E+02    0.881813598034481704E+08    0.112275324341842406E+03   -0.561376621709212031E+02
    0.649001333678881132E+01    0.102225810029637953E+01    0.985883314627934197E+02    0.972831788147939146E+08    0.112250758304903712E+03   -0.561253791524518562E+02
    0.649001333678881132E+01    0.102225810029637953E+01    0.985883314627934197E+02    0.972831788147939146E+08    0.112250758304903712E+03   -0.561253791524518562E+02
    0.486709732373619985E+02    0.101956137816478076E+01    0.958740163289261886E+02    0.869281302934301198E+08    0.112222247490214968E+03   -0.561111237451074842E+02
    0.414360468749083992E+02    0.102072582696382552E+01    0.954518460373622162E+02    0.667191390266739801E+08    0.112215645139456996E+03   -0.561078225697284978E+02
    0.256722254393764437E+02    0.101593164996444618E+01    0.992303602935753446E+02    0.909246506213026196E+08    0.112192514870378773E+03   -0.560962574351893863E+02
    0.256722254393764437E+02    0.101593164996444618E+01    0.992303602935753446E+02    0.909246506213026196E+08    0.112192514870378773E+03   -0.560962574351893863E+02
    0.450709025035969901E+02    0.101816354210271420E+01    0.977016161693171767E+02    0.116894511138764948E+09    0.112181117656612969E+03   -0.560905588283064844E+02
    0.450709025035969901E+02    0.101816354210271420E+01    0.977016161693171767E+02    0.116894511138764948E+09    0.112181117656612969E+03   -0.560905588283064844E+02
    0.542643353839947622E+02    0.102269714693161773E+01    0.970190185617115901E+02    0.733999778046898693E+08    0.112174937237898376E+03   -0.560874686189491882E+02
    0.332285047509325153E+02    0.101781847528877578E+01    0.969516030305067886E+02    0.995639616748699844E+08    0.112172274471902313E+03   -0.560861372359511563E+02
    0.332285047509325153E+02    0.101781847528877578E+01    0.969516030305067886E+02    0.995639616748699844E+08    0.112172274471902313E+03   -0.560861372359511563E+02
    0.532957447266406135E+02    0.101640563940621087E+01    0.991438547393792931E+02    0.555403668455749676E+08    0.112153725919564323E+03   -0.560768629597821615E+02
    0.532957447266406135E+02    0.101640563940621087E+01    0.991438547393792931E+02    0.555403668455749676E+08    0.112153725919564323E+03   -0.560768629597821615E+02
    0.564318826720675588E+02    0.101848713374615585E+01    0.975417137650468931E+02    0.102093341918076307E+09    0.112139727436144824E+03   -0.560698637180724120E+02
    0.103426328668555527E+02    0.101911600197402152E+01    0.974327388082993906E+02    0.941468094504139721E+08    0.112117711241771104E+03   -0.560588556208855522E+02
    0.355844267837359567E+02    0.102038694404561392E+01    0.948686577281448251E+02    0.711431488799960613E+08    0.112109595591626800E+03   -0.560547977958133998E+02
    0.355844267837359567E+02    0.102038694404561392E+01    0.948686577281448251E+02    0.711431488799960613E+08    0.112109595591626800E+03   -0.560547977958133998E+02
    0.517199820451452439E+02    0.101675107261257347E+01    0.970180401215850452E+02    0.764611981702375263E+08    0.112107458708569055E+03   -0.560537293542845276E+02
    0.219542037202035765E+02    0.101913820636541219E+01    0.965619548484542349E+02    0.574486168193452433E+08    0.112097594781807601E+03   -0.560487973909038004E+02
    0.219542037202035765E+02    0.101913820636541219E+01    0.965619548484542349E+02    0.574486168193452433E+08    0.112097594781807601E+03   -0.560487973909038004E+02
    0.307148583517811851E+02    0.102448572965164120E+01    0.995809544185318742E+02    0.678773303950784355E+08    0.112095067672928991E+03   -0.560475338364644955E+02
    0.112744778412460320E+02    0.101777315923891187E+01    0.967169417838060923E+02    0.772551651532046795E+08    0.112081037025404669E+03   -0.560405185127023344E+02
    0.632855034870024724E+02    0.102033040096865624E+01    0.965339188549570224E+02    0.701013466946545690E+08    0.112080626655934751E+03   -0.560403133279673753E+02
    0.285141466566652610E+02    0.101834019804824516E+01    0.957145768345204004E+02    0.828179655559610575E+08    0.112074554147478565E+03   -0.560372770737392827E+02
    0.149674239267282196E+02    0.102324770865109382E+01    0.992317736701652535E+02    0.109613862892375916E+09    0.112070060183446373E+03   -0.560350300917231863E+02
    0.836842097646246970E+02    0.102131342006676284E+01    0.999709121936335663E+02    0.763110775136572719E+08    0.112061598360893214E+03   -0.560307991804466070E+02
    0.578619187832046791E+02    0.102231196986833006E+01    0.988605536827288915E+02    0.957405006217658967E+08    0.112059529975441620E+03   -0.560297649877208102E+02
    0.252867790234534056E+02    0.101711840882829518E+01    0.963983728891822835E+02    0.739349538465077728E+08    0.112033892781497045E+03   -0.560169463907485223E+02
    0.252867790234534056E+02    0.101711840882829518E+01    0.963983728891822835E+02    0.739349538465077728E+08    0.112033892781497045E+03   -0.560169463907485223E+02
    0.956492389157797973E+01    0.101576037388126905E+01    0.999754763042786578E+02    0.804710667054175884E+08    0.112028399919268281E+03   -0.560141999596341407E+02
    0.390963336926387086E+02    0.102180781710842572E+01    0.959675268188168786E+02    0.703180536258182377E+08    0.112008162262238741E+03   -0.560040811311193707E+02
    0.496815156880011202E+02    0.101578103913811946E+01    0.987828544141733289E+02    0.804526549625834674E+08    0.112002879461571993E+03   -0.560014397307859966E+02
    0.452150181315775797E+02    0.101611850877332732E+01    0.995322059524794298E+02    0.564543016124650016E+08    0.111996178224803543E+03   -0.559980891124017717E+02
    0.122009802449149731E+02    0.101990648990743771E+01    0.967083718813295405E+02    0.654631850980644152E+08    0.111989538246694394E+03   -0.559947691233471971E+02
    0.390305945790633544E+02    0.102299499900113711E+01    0.979507515427275166E+02    0.632346257699559182E+08    0.111985062463965818E+03   -0.559925312319829089E+02
    0.112137412936339746E+02    0.101721575312945589E+01    0.980962324164199657E+02    0.666828071958503798E+08    0.111967206148853407E+03   -0.559836030744267035E+02
    0.640276417486698932E+02    0.102049235585219966E+01    0.986117034868870093E+02    0.100240966224812061E+09    0.111952830003334242E+03   -0.559764150016671209E+02
    0.175442671860154817E+02    0.101985492074923823E+01    0.972241101349919319E+02    0.973125952839521319E+08    0.111944997961806905E+03   -0.559724989809034525E+02
    0.303043058687427003E+01    0.102150509647369692E+01    0.992221766534967031E+02    0.997838833228935301E+08    0.111935544719751022E+03   -0.559677723598755108E+02
    0.635682404332265207E+02    0.101983117572655058E+01    0.983718073935743860E+02    0.107856336975931704E+09    0.111928458019767731E+03   -0.559642290098838657E+02
    0.425919073003256514E+02    0.101737400667288358E+01    0.977533874055949923E+02    0.113895055225642160E+09    0.111919144511560006E+03   -0.559595722557800030E+02
    0.281002675811145437E+02    0.102286885950625561E+01    0.986373377579956241E+02    0.105901094672044531E+09    0.111914001141112038E+03   -0.559570005705560192E+02
    0.201703179299036073E+02    0.101694298192132115E+01    0.991948398706006174E+02    0.115643116729333699E+09    0.111905543338806865E+03   -0.559527716694034325E+02
    0.290033088504452863E+02    0.101783428690688926E+01    0.996902560764661274E+02    0.512231265632246733E+08    0.111900409280717184E+03   -0.559502046403585922E+02
    0.385201413411877240E+02    0.101784166503209805E+01    0.962196147566499747E+02    0.822776078137420118E+08    0.111895951978063948E+03   -0.559479759890319741E+02
    0.910145491081840063E+01    0.101999290734902170E+01    0.967314037683705266E+02    0.691790832940496355E+08    0.111878073789740938E+03   -0.559390368948704690E+02
    0.665162584438788240E+01    0.101808152139665542E+01    0.973274975156594877E+02    0.756973545995568186E+08    0.111877342111801298E+03   -0.559386710559006488E+02
    0.419076198756826699E+02    0.102197870873195829E+01    0.974282267109260118E+02    0.879391545600142628E+08    0.111872676731882905E+03   -0.559363383659414524E+02
    0.569398717728860859E+02    0.102071855800039835E+01    0.977761109960579944E+02    0.572716600074669644E+08    0.111869956723714708E+03   -0.559349783618573539E+02
    0.584933928626896247E+02    0.101787731281412386E+01    0.984033560225894632E+02    0.111359265988758445E+09    0.111858622597537490E+03   -0.559293112987687451E+02
    0.922594794922262018E+01    0.102026449573702971E+01    0.979414539565930227E+02    0.915394052539582551E+08    0.111849354966451443E+03   -0.559246774832257216E+02
    0.349161467460491863E+02    0.101601182394514455E+01    0.997545638242734753E+02    0.949502182312525958E+08    0.111831910895476767E+03   -0.559159554477383836E+02
    0.296298280664040981E+02    0.101805276663328925E+01    0.965563673684915358E+02    0.659358314491343275E+08    0.111831655378031286E+03   -0.559158276890156429E+02
    0.322020588440554150E+02    0.102395034006734931E+01    0.986644182625881427E+02    0.735269115025233179E+08    0.111807254508982425E+03   -0.559036272544912123E+02
    0.504566023016316478E+02    0.102360631805984181E+01    0.990490404731520329E+02    0.808260285727900863E+08    0.111804946726836008E+03   -0.559024733634180038E+02
    0.430299766710799148E+02    0.101910157350972841E+01    0.962581913242597551E+02    0.847196090049095750E+08    0.111796661693999567E+03   -0.558983308469997837E+02
    0.660994894064131984E+02    0.101742049914712429E+01    0.981162366102992394E+02    0.782516485688434094E+08    0.111795648648596256E+03   -0.558978243242981279E+02
    0.709506694829409810E+02    0.102244574334424199E+01    0.995274596126565001E+02    0.769382299051943421E+08    0.111795271132148514E+03   -0.558976355660742570E+02
    0.407782310637477892E+02    0.101984803697068571E+01    0.955327676957855658E+02    0.706567245073849857E+08    0.111781827110022476E+03   -0.558909135550112381E+02
    0.449819455368536651E+02    0.101779469324320138E+01    0.979494140786636933E+02    0.103309189102377623E+09    0.111779223272670947E+03   -0.558896116363354736E+02
    0.534849972546241190E+02    0.101778219999700181E+01    0.976574562396500596E+02    0.629224489126251042E+08    0.111778293400723328E+03   -0.558891467003616640E+02
    0.466217428797037812E+02    0.102184098587944794E+01    0.965938050325662516E+02    0.734795205563834012E+08    0.111763956005904760E+03   -0.558819780029523798E+02
    0.585016238469949599E+02    0.101675962935302966E+01    0.984233391171226373E+02    0.813636491306226254E+08    0.111762115498142037E+03   -0.558810577490710187E+02
    0.605246187118692589E+02    0.102299383334540095E+01    0.995559408986972016E+02    0.658806180460273325E+08    0.111760188440772566E+03   -0.558800942203862832E+02
    0.348863605887555792E+02    0.102087217336817271E+01    0.968368491441317332E+02    0.615321061864800006E+08    0.111751420652093117E+03   -0.558757103260465584E+02
    0.821486149344951571E+02    0.101844454593430744E+01    0.996449319631971235E+02    0.709572740444877744E+08    0.111741898618501835E+03   -0.558709493092509177E+02
    0.166630213164749428E+02    0.102099446099792690E+01    0.977954329577428894E+02    0.581111879296126366E+08    0.111725710272831634E+03   -0.558628551364158170E+02
    0.220818917956063245E+02    0.101991399716580355E+01    0.958743734589460388E+02    0.757271416629511714E+08    0.111711897680991356E+03   -0.558559488404956781E+02
    0.280246923276923141E+02    0.101923020271355380E+01    0.959378546954488911E+02    0.803472453784059435E+08    0.111683328503094373E+03   -0.558416642515471864E+02
    0.481648885914869567E+02    0.102215600553970720E+01    0.978274996710425881E+02    0.844599762072194517E+08    0.111680212146836311E+03   -0.558401060734181556E+02
    0.183609377598518435E+02    0.101723631557806171E+01    0.993845495921096216E+02    0.544704206049668714E+08    0.111672950936563183E+03   -0.558364754682815914E+02
    0.173102552037686195E+02    0.101965018302688359E+01    0.963805726625149930E+02    0.698257118431751728E+08    0.111665705695341302E+03   -0.558328528476706509E+02
    0.585000354969749523E+02    0.102263915942110062E+01    0.986861730428986306E+02    0.805313398197725713E+08    0.111652122203670487E+03   -0.558260611018352435E+02
    0.382439206786869690E+02    0.102106506306546296E+01    0.982831982000215874E+02    0.535895054805158824E+08    0.111645237005258053E+03   -0.558226185026290267E+02
    0.488790708385119004E+02    0.101679956847274577E+01    0.990102539419785614E+02    0.601935490228326991E+08    0.111638827168211620E+03   -0.558194135841058099E+02
    0.465596131400461104E+02    0.101700010393595952E+01    0.974413063304858724E+02    0.756658771273410618E+08    0.111601846854807448E+03   -0.558009234274037240E+02
    0.208154935486138939E+02    0.101727304653218087E+01    0.981069061592767753E+02    0.849805324080455154E+08    0.111584184519310838E+03   -0.557920922596554192E+02
    0.211514239039875385E+02    0.101872905890601007E+01    0.977149923104159228E+02    0.595356740789352357E+08    0.111540153707754882E+03   -0.557700768538774412E+02
    0.409187697506310641E+02    0.102176259471347786E+01    0.993338169121473697E+02    0.116777526885980010E+09    0.111536119510874386E+03   -0.557680597554371928E+02
    0.608617021481941336E+02    0.102148729937231053E+01    0.981723590165098301E+02    0.694619909314072579E+08    0.111511728513932894E+03   -0.557558642569664471E+02
    0.405394925073956571E+02    0.101881578031234388E+01    0.977978235529269995E+02    0.108550408633721873E+09    0.111501363955174440E+03   -0.557506819775872202E+02
    0.481139258455990770E+02    0.102135640750646983E+01    0.968284669943918743E+02    0.723607887824129611E+08    0.111494238514745462E+03   -0.557471192573727308E+02
    0.533193555271654702E+02    0.102363366454202742E+01    0.998991206638086595E+02    0.786065836526218206E+08    0.111486074777939038E+03   -0.557430373889695190E+02
    0.200886075853523636E+02    0.102075626020279864E+01    0.965812421638767660E+02    0.712251079814244062E+08    0.111484808619378157E+03   -0.557424043096890784E+02
    0.549154767257819287E+02    0.101933980348810693E+01    0.980276889107370124E+02    0.892770937165205628E+08    0.111465534489218896E+03   -0.557327672446094482E+02
    0.214541504304602313E+02    0.102305721904844660E+01    0.983205881315714691E+02    0.754804661086486429E+08    0.111452722567705422E+03   -0.557263612838527109E+02
    0.395395222655898095E+02    0.102022953562284635E+01    0.974175726568585958E+02    0.893160688289284706E+08    0.111451562176325240E+03   -0.557257810881626199E+02
    0.168381735825194134E+02    0.102395488671801971E+01    0.999808574732348347E+02    0.709983536164590120E+08    0.111450791108254961E+03   -0.557253955541274806E+02
    0.586191985890444869E+02    0.102124000165778139E+01    0.982101120784779482E+02    0.829282882761016786E+08    0.111448054703343303E+03   -0.557240273516716513E+02
    0.303198444945957100E+02    0.102058049526618788E+01    0.978900749075643830E+02    0.972554423208776414E+08    0.111441417699990353E+03   -0.557207088499951766E+02
    0.628125014766397740E+02    0.101650690437904911E+01    0.996159254560114817E+02    0.707796299531059563E+08    0.111434378670869080E+03   -0.557171893354345400E+02
    0.444899873320450610E+02    0.102152193068913877E+01    0.986475384627228493E+02    0.974668743762536496E+08    0.111432129591589828E+03   -0.557160647957949138E+02
    0.107213160951322788E+02    0.102251262449055824E+01    0.995588718552392606E+02    0.877386402214816064E+08    0.111425315299866341E+03   -0.557126576499331705E+02
    0.566373812187638137E+02    0.101814252342790956E+01    0.989366549360438654E+02    0.550672289493236691E+08    0.111420320132736720E+03   -0.557101600663683598E+02
    0.174360561530874847E+02    0.102232260099425010E+01    0.979515649953236220E+02    0.770399843910907954E+08    0.111407945651183837E+03   -0.557039728255919186E+02
    0.613703644515722928E+02    0.102101137971635758E+01    0.996862264807201370E+02    0.989078609292836040E+08    0.111391858770250280E+03   -0.556959293851251402E+02
    0.541689029185374338E+02    0.101973716980383977E+01    0.969556666380296264E+02    0.771966164026908129E+08    0.111385715454950997E+03   -0.556928577274754986E+02
    0.458464102936306190E+02    0.101987398934786921E+01    0.972279021714251144E+02    0.650326755685666502E+08    0.111374517590758046E+03   -0.556872587953790230E+02
    0.195079268537175565E+02    0.101813988364281682E+01    0.988755221667172464E+02    0.101163847562646389E+09    0.111362353996212718E+03   -0.556811769981063591E+02
    0.108395822284299967E+02    0.101882518536008826E+01    0.984944623275157483E+02    0.756008514719228148E+08    0.110901686550349851E+03   -0.554508432751749254E+02
    0.500446728871098756E+02    0.101945956909567714E+01    0.987153402451953639E+02    0.847774005800727457E+08    0.110691440985408775E+03   -0.553457204927043875E+02
    0.324226918258098706E+02    0.102066507572430365E+01    0.984866013450590714E+02    0.666707709506968632E+08    0.110646739751703265E+03   -0.553233698758516326E+02
    0.578272830142478185E+02    0.101753162608216541E+01    0.995446255454352951E+02    0.584005658139136955E+08    0.111294190394790064E+03   -0.556470951973950321E+02
    0.466104876388105112E+02    0.101742618574050381E+01    0.996073827222244148E+02    0.729994110228817165E+08    0.110270654668672492E+03   -0.551353273343362460E+02
    0.312466021501304816E+02    0.101920358926305532E+01    0.995292962635680993E+02    0.114928376078671783E+09    0.110680784987700406E+03   -0.553403924938502030E+02
    0.214913899010169231E+02    0.101969648966595594E+01    0.996244359186572126E+02    0.944772613030423373E+08    0.110596859733324351E+03   -0.552984298666621754E+02
    0.355060256574708291E+02    0.101962218826469586E+01    0.978078314979197785E+02    0.617690670018717498E+08    0.111116694825164856E+03   -0.555583474125824281E+02
    0.282382590513319656E+02    0.101993311461020886E+01    0.987361589632911745E+02    0.630820709580707625E+08    0.110667607601784113E+03   -0.553338038008920563E+02
    0.553710298129135623E+02    0.101844690965318363E+01    0.990332735386728729E+02    0.757220840949238986E+08    0.110481952305878693E+03   -0.552409761529393464E+02
    0.363039675577955521E+02    0.101925849327574181E+01    0.999867312768008105E+02    0.638469687768045887E+08    0.110018698108072243E+03   -0.550093490540361216E+02
    0.367689519388473158E+02    0.102290915026735152E+01    0.995617649613317610E+02    0.731896954209564179E+08    0.110645313406074010E+03   -0.553226567030370049E+02
    0.507425811230750341E+02    0.101942006605356261E+01    0.975020508225292701E+02    0.817009293435100019E+08    0.111133375806698780E+03   -0.555666879033493899E+02
    0.150230571260499701E+02    0.102139008255992603E+01    0.998036748494447039E+02    0.112639652656092256E+09    0.110992106142992611E+03   -0.554960530714963056E+02
    0.377615472185424252E+02    0.102108897452720493E+01    0.992696642217147769E+02    0.547047374328099191E+08    0.110922541662787424E+03   -0.554612708313937119E+02
    0.592611580241646152E+01    0.102011778648300688E+01    0.984551820802621336E+02    0.724954478755896986E+08    0.111029875382042206E+03   -0.555149376910211032E+02
    0.126004761485487560E+02    0.101809053938288785E+01    0.983615949383213888E+02    0.678050442784830630E+08    0.111294342705311863E+03   -0.556471713526559313E+02
    0.991236387835588140E+01    0.102027861849691770E+01    0.994082638923485291E+02    0.714262338129721135E+08    0.110403034054186861E+03   -0.552015170270934306E+02
    0.530986372994000391E+02    0.102065792579954473E+01    0.986996343327610361E+02    0.655760028411893249E+08    0.110925508751942914E+03   -0.554627543759714570E+02
    0.265931041634021703E+02    0.102078847922116256E+01    0.989640826168624415E+02    0.684110722964846939E+08    0.110384377067278663E+03   -0.551921885336393316E+02
    0.478952410804309849E+02    0.101764809812092638E+01    0.995961542242042270E+02    0.752328551643646806E+08    0.110236983545247597E+03   -0.551184917726237984E+02
    0.478952410804309849E+02    0.101764809812092638E+01    0.995961542242042270E+02    0.752328551643646806E+08    0.110236983545247597E+03   -0.551184917726237984E+02
    0.479979138429084955E+02    0.102168358814005966E+01    0.996103835761106780E+02    0.566353481721356735E+08    0.111009804721724890E+03   -0.555049023608624452E+02
    0.401194362482059788E+02    0.101969613423349736E+01    0.995015249646793336E+02    0.106948363998182535E+09    0.110601183702929774E+03   -0.553005918514648869E+02
    0.438874204738348297E+02    0.101678201006610669E+01    0.997681434930520936E+02    0.844326354819912314E+08    0.110885801354430839E+03   -0.554429006772154196E+02
    0.315189031274139637E+02    0.102015240170856192E+01    0.974713277712995705E+02    0.763755378615351468E+08    0.110797589581203255E+03   -0.553987947906016274E+02
    0.210935626376498249E+02    0.101958620167304104E+01    0.973032942941813985E+02    0.751458964099381566E+08    0.111007778061153005E+03   -0.555038890305765023E+02
    0.240735235047032603E+02    0.102201022744218895E+01    0.990610198114051173E+02    0.680837515739148259E+08    0.110770178844594739E+03   -0.553850894222973693E+02
    0.629424955378402871E+02    0.101950724972704942E+01    0.981156772061507780E+02    0.813897649900162071E+08    0.111292633206420547E+03   -0.556463166032102734E+02
    0.271761550858756316E+02    0.102092671071454344E+01    0.993180070998458433E+02    0.766523231410362124E+08    0.110086589118762049E+03   -0.550432945593810246E+02
    0.259673781871285314E+02    0.102014290416479891E+01    0.982074242231042973E+02    0.101963937853355572E+09    0.111337107872735459E+03   -0.556685539363677293E+02
    0.269737658237536735E+02    0.101811368230096244E+01    0.998411830307779411E+02    0.612266168950137645E+08    0.110488507790799332E+03   -0.552442538953996660E+02
    0.680289209996276014E+02    0.101813363330567652E+01    0.993921450640670798E+02    0.758942451553705782E+08    0.110970928989221107E+03   -0.554854644946105537E+02
    0.425048792994927993E+02    0.102255031450307854E+01    0.988638213236277608E+02    0.840613641093593836E+08    0.111193445234010909E+03   -0.555967226170054545E+02
    0.182557728116093863E+02    0.101851298662838263E+01    0.994194653368960246E+02    0.697701222601375729E+08    0.110312791188932437E+03   -0.551563955944662183E+02
    0.101648804860916933E+02    0.102149336561308379E+01    0.997492645210970039E+02    0.729324193975995034E+08    0.110480140463840129E+03   -0.552400702319200647E+02
    0.353974115542956369E+02    0.101977181812207274E+01    0.994392665810966321E+02    0.545784380101391524E+08    0.110654116944004187E+03   -0.553270584720020935E+02
    0.487965528636083263E+02    0.102028940625356324E+01    0.988221467365915771E+02    0.704610527009779215E+08    0.110343997981384547E+03   -0.551719989906922734E+02
    0.241221167685787883E+02    0.101921457208605881E+01    0.995842856705149160E+02    0.929861624655568004E+08    0.110561004959059375E+03   -0.552805024795296873E+02
    0.259351406564927558E+02    0.102228791128536489E+01    0.991926127883569251E+02    0.771569532988646179E+08    0.110619609039363326E+03   -0.553098045196816628E+02
    0.290272810130002767E+02    0.101615785461794217E+01    0.996069175559420472E+02    0.745915484114828259E+08    0.111125731692459993E+03   -0.555628658462299967E+02
    0.618932700004226888E+02    0.101890951148309039E+01    0.982603174001799573E+02    0.834671110451482981E+08    0.111327265868750416E+03   -0.556636329343752081E+02
    0.327245315850768179E+02    0.102035987804590711E+01    0.999078062694573390E+02    0.612283745921053439E+08    0.110177317249982593E+03   -0.550886586249912966E+02
    0.417979181546770988E+02    0.101826357621374863E+01    0.998292032756888545E+02    0.973586656710761786E+08    0.110602639283297066E+03   -0.553013196416485329E+02
    0.113157791340118425E+02    0.102013359186012331E+01    0.995750118687053742E+02    0.111707110619851947E+09    0.111006973731830897E+03   -0.555034868659154483E+02
    0.445563111389528572E+02    0.102360476708412151E+01    0.999061693577893095E+02    0.778142270303335935E+08    0.111167806494249632E+03   -0.555839032471248160E+02
    0.163118740081485702E+01    0.102073936957478129E+01    0.992612962693907406E+02    0.755132880374186635E+08    0.111032626592555232E+03   -0.555163132962776160E+02
    0.149539499570757535E+02    0.101757919447245704E+01    0.993217764818359541E+02    0.772146364219086021E+08    0.110742482485986898E+03   -0.553712412429934489E+02
    0.199533096306490449E+02    0.102242377308533094E+01    0.995066207795588014E+02    0.809039822704729289E+08    0.110720260578763032E+03   -0.553601302893815159E+02
    0.347233677065839501E+02    0.102007890329008100E+01    0.983966014234694484E+02    0.663228164492883235E+08    0.110620166427229179E+03   -0.553100832136145897E+02
    0.321553516948973197E+02    0.101894721312301106E+01    0.965435796969234588E+02    0.787267941162448674E+08    0.111336459099421461E+03   -0.556682295497107305E+02
    0.361831631634000388E+02    0.101952061419924811E+01    0.973798274269272071E+02    0.783715712949118465E+08    0.110852642179250296E+03   -0.554263210896251479E+02
    0.291541947819008804E+02    0.102185341365903937E+01    0.981653688389246923E+02    0.631355311874240786E+08    0.111359884705889613E+03   -0.556799423529448063E+02
    0.395706220481964195E+02    0.102071601342554130E+01    0.998394232126395451E+02    0.704394467124107182E+08    0.109780237305420570E+03   -0.548901186527102851E+02
    0.570918593209304888E+02    0.101767524241009033E+01    0.990162897104524689E+02    0.639444388334114999E+08    0.111246268891569116E+03   -0.556231344457845580E+02
    0.412028657057131795E+02    0.101598684188740895E+01    0.999614306142710234E+02    0.807308227210928202E+08    0.111162124947049051E+03   -0.555810624735245256E+02
    0.382130809594175673E+02    0.102246429939815320E+01    0.979227880635077952E+02    0.730700320839493275E+08    0.111208954052845087E+03   -0.556044770264225434E+02
    0.343091326119722879E+02    0.101945865620635856E+01    0.987099477830019651E+02    0.665375112753651366E+08    0.110446350031240613E+03   -0.552231750156203063E+02
    0.423669554586417760E+02    0.101768074145778953E+01    0.972187985804709172E+02    0.789482950441273302E+08    0.111358199559691286E+03   -0.556790997798456431E+02
    0.493014610544105167E+02    0.101901547339864273E+01    0.980015486894967580E+02    0.850965572719369233E+08    0.111074486853005567E+03   -0.555372434265027834E+02
    0.457861431433280330E+02    0.102039979417608651E+01    0.973111276922068811E+02    0.656267827709777206E+08    0.111353081632061759E+03   -0.556765408160308795E+02
    0.472795992744098612E+02    0.102020928506967334E+01    0.996917361226358736E+02    0.769184020149326921E+08    0.109871474874299352E+03   -0.549357374371496761E+02
    0.472795992744098612E+02    0.102020928506967334E+01    0.996917361226358736E+02    0.769184020149326921E+08    0.109871474874299352E+03   -0.549357374371496761E+02
    0.268568056120057932E+02    0.102117128867577445E+01    0.998456149479685706E+02    0.908379688673966378E+08    0.110549308013757027E+03   -0.552746540068785137E+02
    0.273636959254906138E+02    0.101894685158697329E+01    0.984014973714880909E+02    0.643558811262185648E+08    0.110851946490340282E+03   -0.554259732451701410E+02
    0.133406198903262023E+02    0.101813224120922041E+01    0.996267146074052903E+02    0.850465913725637347E+08    0.110753903432642176E+03   -0.553769517163210878E+02
    0.223603371992358078E+02    0.101740170044206502E+01    0.990833743689252486E+02    0.789646562514712662E+08    0.110725636152738872E+03   -0.553628180763694360E+02
    0.158999659953982349E+02    0.101836155076978452E+01    0.989216257176958322E+02    0.557156404330770820E+08    0.111354378594076650E+03   -0.556771892970383249E+02
    0.184454780261188453E+02    0.101917272131161374E+01    0.996294933051417644E+02    0.684818105924925804E+08    0.110178219174422537E+03   -0.550891095872112686E+02
    0.547628568341089661E+02    0.102097166103197523E+01    0.983423238564695481E+02    0.823616940942577124E+08    0.111102816065363712E+03   -0.555514080326818558E+02
    0.569391225895243238E+02    0.102085243935733061E+01    0.985178356972651272E+02    0.729887445770163685E+08    0.110815536231252764E+03   -0.554077681156263822E+02
    0.179284890873003526E+02    0.102021704750708664E+01    0.988079426256510800E+02    0.765623153444410712E+08    0.110410159984377472E+03   -0.552050799921887361E+02
    0.303680303457722083E+02    0.101960987203066145E+01    0.985201431263837577E+02    0.759612203421433717E+08    0.110261471089409469E+03   -0.551307355447047343E+02
    0.652015311091362832E+02    0.101991685677880350E+01    0.998193680873458220E+02    0.928387895006575882E+08    0.111180630316785454E+03   -0.555903151583927269E+02
    0.561635166544052140E+02    0.102011568608067860E+01    0.974657957645239037E+02    0.689936901834454536E+08    0.111325887724480509E+03   -0.556629438622402546E+02
    0.377756938119976837E+02    0.102368622956609734E+01    0.996888348237518755E+02    0.746826119235582352E+08    0.111163020893601129E+03   -0.555815104468005643E+02
    0.196801447776620755E+02    0.101801281918689712E+01    0.989505668810913193E+02    0.671809084247553498E+08    0.110811291184980988E+03   -0.554056455924904938E+02
    0.436403547992370875E+02    0.101779521910605530E+01    0.992697990027041755E+02    0.646016918488016352E+08    0.110697605748140035E+03   -0.553488028740700173E+02
    0.572061818326802580E+02    0.101988179872065343E+01    0.995300501497157342E+02    0.682322856149906814E+08    0.110383292662068115E+03   -0.551916463310340575E+02
    0.476497177404685530E+02    0.102115140267194326E+01    0.987612903037312719E+02    0.553745131896090806E+08    0.111260046481376591E+03   -0.556300232406882955E+02
    0.360646117212916906E+02    0.101969106984587676E+01    0.970674113146927482E+02    0.647561984870239273E+08    0.111360080482929149E+03   -0.556800402414645745E+02
    0.301187141264842388E+02    0.101910377043913547E+01    0.990888677414235275E+02    0.908732583815425634E+08    0.110690754549170663E+03   -0.553453772745853314E+02
