    0.930018424987792969E+02    0.166198976278491872E+01    0.158852696418762207E+02    0.413915064091277242E+09    0.290310901954195799E+03   -0.145155450977097900E+03
    0.694496165290738645E+02    0.166509492189733055E+01    0.532795419705173074E+02    0.414524571619754434E+09    0.289431174584991481E+03   -0.144715587292495741E+03
    0.124261945185225940E+03    0.167444308596207869E+01    0.559107392753835484E+02    0.382889353679713458E+08    0.289395873749769748E+03   -0.144697936874884874E+03
    0.291348099708557129E+02    0.168262459383811414E+01    0.364128410816192627E+02    0.444215528993072450E+09    0.288969515382886016E+03   -0.144484757691443008E+03
    0.163421131923504106E+03    0.168140722204142290E+01    0.374872232213552010E+02    0.181617159705486774E+09    0.288350699969418542E+03   -0.144175349984709271E+03
    0.415198164360951916E+00    0.162667494791928169E+01    0.145196324810763304E+02    0.486266595069943666E+09    0.288013872949275992E+03   -0.144006936474637996E+03
    0.141810945714203854E+03    0.166305762180526573E+01    0.420422459267957649E+02    0.736756456270037293E+08    0.287205160674925480E+03   -0.143602580337462740E+03
    0.116673779354146632E+03    0.165667054450511864E+01    0.184759608028471902E+02    0.827261772381909639E+08    0.286369264714691496E+03   -0.143184632357345748E+03
    0.336418044336386686E+02    0.168503954986076709E+01    0.777289677477718328E+02    0.141228349536474049E+09    0.286011139757801402E+03   -0.143005569878900701E+03
    0.145668649235917727E+02    0.164429902319838650E+01    0.503627112487346480E+02    0.870072569735914469E+08    0.285488646664830867E+03   -0.142744323332415433E+03
    0.458994469115706565E+02    0.167237982127178553E+01    0.538642340479480666E+02    0.282456644565823734E+09    0.285477596186336598E+03   -0.142738798093168299E+03
    0.589079728519294434E+02    0.167804807647771459E+01    0.241553341293112958E+02    0.662465000461601973E+09    0.285386581047079744E+03   -0.142693290523539872E+03
    0.240698236757317972E+02    0.169443354119385625E+01    0.116832458994323680E+02    0.574853945673893839E+08    0.285326765619577259E+03   -0.142663382809788629E+03
    0.210128460902024052E+02    0.166929727775018621E+01    0.532475906079922652E+02    0.632199318151286766E+08    0.285309098351079570E+03   -0.142654549175539785E+03
    0.158113081510314988E+02    0.169499134535246765E+01    0.459662979292762159E+02    0.107584852545288146E+09    0.285135082318301158E+03   -0.142567541159150579E+03
    0.144269361884479025E+03    0.168918423370030468E+01    0.347104733270139221E+02    0.814193808428691626E+08    0.285074844773698771E+03   -0.142537422386849386E+03
    0.315899977539027681E+02    0.165890011262207193E+01    0.483223617649837820E+02    0.220486907813515991E+09    0.284578608651684078E+03   -0.142289304325842039E+03
    0.234625755656081338E+02    0.169516937232599663E+01    0.471734342929448189E+02    0.101503815866043597E+09    0.284578409629527187E+03   -0.142289204814763593E+03
    0.542625086164168806E+02    0.165489848575943310E+01    0.564866032249041723E+02    0.184442177420153707E+09    0.284537225006312099E+03   -0.142268612503156049E+03
    0.477127754981559846E+02    0.166449613336262114E+01    0.231451892360692177E+02    0.282836397682251632E+09    0.284498806437375833E+03   -0.142249403218687917E+03
    0.327090784310175238E+02    0.164718427434964676E+01    0.632157091498816825E+02    0.891355204830240011E+08    0.284381668322653809E+03   -0.142190834161326904E+03
    0.433827883743632459E+01    0.166897225874997734E+01    0.264174329930455869E+02    0.928413846840388328E+08    0.284337053783377996E+03   -0.142168526891688998E+03
    0.267841257421946430E+02    0.164542656411641719E+01    0.946731386019656611E+02    0.932055782049245536E+08    0.284240671116453086E+03   -0.142120335558226543E+03
    0.196763168252930036E+02    0.164774595187794493E+01    0.599837889987547754E+02    0.125259070830776066E+09    0.284176909963854996E+03   -0.142088454981927498E+03
    0.161486030014858670E+03    0.167269849706769658E+01    0.154881158806928152E+02    0.643071323105393350E+08    0.284116370830512437E+03   -0.142058185415256219E+03
    0.163387331958621331E+02    0.166246221006476391E+01    0.119430677309461934E+02    0.189854823617205650E+09    0.283781064360707887E+03   -0.141890532180353944E+03
    0.633297248815888025E+02    0.165773745156927732E+01    0.720494650356296518E+02    0.638141350962025374E+08    0.283731178614369355E+03   -0.141865589307184678E+03
    0.611591740199219700E+02    0.165404757024955829E+01    0.550286867376045947E+02    0.118812599761969388E+09    0.283290646648896825E+03   -0.141645323324448412E+03
    0.452589443252781507E+02    0.169464377777396669E+01    0.482679228807817253E+02    0.990414377098448128E+08    0.283146245679622950E+03   -0.141573122839811475E+03
    0.408924480709622458E+02    0.166093400314103734E+01    0.900795641854614360E+02    0.147919748129181206E+09    0.283045385016604484E+03   -0.141522692508302242E+03
    0.353720437685489983E+02    0.168979820969397920E+01    0.466200993681887554E-01    0.291278435395842612E+09    0.282994824601229027E+03   -0.141497412300614513E+03
    0.245531418918839748E+02    0.166942725632665834E+01    0.161370349678935128E+02    0.664911540574697927E+08    0.282893166530836481E+03   -0.141446583265418241E+03
    0.800834352165299492E+02    0.165714778746543856E+01    0.597950983992165419E+02    0.807866414998899400E+08    0.282888216264922619E+03   -0.141444108132461309E+03
    0.689191187220333745E+02    0.165811323879074890E+01    0.731844491327316717E+02    0.133817677075533912E+09    0.282828403471712306E+03   -0.141414201735856153E+03
    0.156161362787855165E+02    0.166613119440626245E+01    0.169091891325424939E+02    0.175154083132146209E+09    0.282820999423901810E+03   -0.141410499711950905E+03
    0.126780163293532638E+03    0.167927556114006715E+01    0.584840124655470888E+02    0.608751561751921177E+08    0.282786936306603934E+03   -0.141393468153301967E+03
    0.590820776829839005E+02    0.168072742219889237E+01    0.620502119331360760E+02    0.596985509846146554E+08    0.282774603945181639E+03   -0.141387301972590819E+03
    0.453995835135049433E+02    0.165568507654699881E+01    0.291574659513969614E+02    0.165969103177350312E+09    0.282727175968934262E+03   -0.141363587984467131E+03
    0.292415857705192721E+02    0.166236367597312551E+01    0.773193797688992817E+02    0.878826178972472697E+08    0.282674717236154834E+03   -0.141337358618077417E+03
    0.421385169029235840E+02    0.167300107556390132E+01    0.826463639736175537E+02    0.119465464054682031E+09    0.282534663185663931E+03   -0.141267331592831965E+03
    0.402129772131193235E+02    0.166033764970746134E+01    0.118039213202569364E+02    0.683070292904641032E+08    0.282525881479406507E+03   -0.141262940739703254E+03
    0.604436397552490234E+02    0.167513480570411621E+01    0.733834326267242432E+02    0.190623614069794029E+09    0.282490129794245718E+03   -0.141245064897122859E+03
    0.744028073901847051E+02    0.167868706852284544E+01    0.848069445505936557E+02    0.120072487057867706E+09    0.282457718631358773E+03   -0.141228859315679387E+03
    0.680623790080085485E+02    0.169785322111286541E+01    0.180923354355299537E+02    0.860861136621781886E+08    0.282437122784067924E+03   -0.141218561392033962E+03
    0.773686635033930088E+02    0.165986776774808398E+01    0.575501026801223858E+02    0.153445224953738451E+09    0.282411564395940559E+03   -0.141205782197970279E+03
    0.129108252931373585E+03    0.167190341268411591E+01    0.273693450202096891E+02    0.183921280940102279E+09    0.282406860601197138E+03   -0.141203430300598569E+03
    0.388056028838077083E+02    0.165593795259700327E+01    0.452666196139939601E+02    0.842460646286065727E+08    0.282273768938521130E+03   -0.141136884469260565E+03
    0.945739376701595944E+02    0.166648156321364760E+01    0.704984864963617497E+02    0.669985639900755808E+08    0.282125159552664002E+03   -0.141062579776332001E+03
    0.100672625673976682E+03    0.168800249448023254E+01    0.447261680237577863E+02    0.625111032091698498E+08    0.282109021262235501E+03   -0.141054510631117751E+03
    0.104396376051893910E+03    0.166111372787822620E+01    0.132306105543618635E+02    0.147137384714624673E+09    0.282094718830995362E+03   -0.141047359415497681E+03
    0.102092593025300062E+03    0.166875572989015453E+01    0.389127337857463544E+02    0.195916138990765601E+09    0.281746780385166403E+03   -0.140873390192583201E+03
    0.574208115502876595E+02    0.166811601887779526E+01    0.741878282726707283E+01    0.508991499944035634E+08    0.281695339949449590E+03   -0.140847669974724795E+03
    0.960229322802221645E+02    0.168800908059801080E+01    0.533203096230885336E+02    0.136333260822327912E+09    0.281692141342947480E+03   -0.140846070671473740E+03
    0.112936514981679451E+03    0.168852044304588933E+01    0.226631233458502912E+02    0.206645270863999665E+09    0.281661603125023987E+03   -0.140830801562511994E+03
    0.814198924129665045E+02    0.166762648982432893E+01    0.781179620181471819E+02    0.713196553302132636E+08    0.281477457068990361E+03   -0.140738728534495181E+03
    0.201965709836323839E+02    0.168502418113888819E+01    0.151370621756222312E+01    0.666344299955613837E+08    0.281470554637618307E+03   -0.140735277318809153E+03
    0.100770355803363444E+03    0.168006879747967797E+01    0.541972230510911714E+02    0.195646560087835521E+09    0.281466293528635276E+03   -0.140733146764317638E+03
    0.279725242147351025E+02    0.167073619207452451E+01    0.267668941296210221E+02    0.192142695717757523E+09    0.281440194835625618E+03   -0.140720097417812809E+03
    0.433642804472630061E+02    0.167264023101803505E+01    0.408546785483855501E+02    0.640427958373261392E+08    0.281346918365008435E+03   -0.140673459182504217E+03
    0.203308970130171893E+02    0.167434692667417195E+01    0.374885351644438174E+02    0.113157771340658844E+09    0.281175831431784900E+03   -0.140587915715892450E+03
    0.581064438192943271E+02    0.167335690090083089E+01    0.646785285263815695E+02    0.176452041629527807E+09    0.281163356737660138E+03   -0.140581678368830069E+03
    0.747316339571887198E+02    0.168728089391456026E+01    0.246022857823654029E+02    0.499662096618357599E+08    0.281133183386267206E+03   -0.140566591693133603E+03
    0.221993569311381975E+02    0.169004860560214643E+01    0.823245608735361856E+01    0.202816299878109097E+09    0.281099930883322372E+03   -0.140549965441661186E+03
    0.227033651290056682E+02    0.169250047536742776E+01    0.183979673281103828E+02    0.155855174384484917E+09    0.281038546410946765E+03   -0.140519273205473382E+03
    0.120461767466146227E+03    0.167839990227243474E+01    0.611466469017100138E+02    0.807633610106461793E+08    0.280890427485715463E+03   -0.140445213742857732E+03
    0.589917609067196480E+02    0.165725793537840849E+01    0.333569891524590068E+01    0.981550708184169084E+08    0.280886980403343614E+03   -0.140443490201671807E+03
    0.498765855696314091E+02    0.168742856842815470E+01    0.510281607526038883E+02    0.117302763062167972E+09    0.280790804160577864E+03   -0.140395402080288932E+03
    0.265089676224079192E+02    0.168696047270711280E+01    0.344297420227728495E+02    0.102855108970844194E+09    0.280774956035343962E+03   -0.140387478017671981E+03
    0.759559701480388725E+02    0.167207412534840638E+01    0.763758270347792205E+02    0.127819457436835900E+09    0.280758553293840635E+03   -0.140379276646920317E+03
    0.547823370049541012E+02    0.166745926035043524E+01    0.206368291947932505E+02    0.229543001240013838E+09    0.280703837195287633E+03   -0.140351918597643817E+03
    0.110058522292295251E+03    0.167493519951244507E+01    0.277734339015445428E+02    0.232124406579295188E+09    0.280684927450533053E+03   -0.140342463725266526E+03
    0.106890738846206162E+03    0.166238282998194897E+01    0.744142947065576654E-01    0.112066205072248727E+09    0.280592566825931613E+03   -0.140296283412965806E+03
    0.874977628631148434E+02    0.168008895834239569E+01    0.679454159534222129E+02    0.132000831675356641E+09    0.280510293351555731E+03   -0.140255146675777866E+03
    0.815468993817155621E+02    0.167287043769034205E+01    0.384835322058391824E+02    0.229909140315269560E+09    0.280501397013982114E+03   -0.140250698506991057E+03
    0.138884925365937846E+03    0.167178462786368431E+01    0.688263338897575316E+01    0.630926996320887879E+08    0.280407858172944316E+03   -0.140203929086472158E+03
    0.207766189671849943E+02    0.168221185801875528E+01    0.237557225451035308E+02    0.153955896399594337E+09    0.280363660903218772E+03   -0.140181830451609386E+03
    0.157743595646146474E+03    0.167593293938674059E+01    0.108712734043261587E+02    0.819936957118684649E+08    0.280287087812626453E+03   -0.140143543906313226E+03
    0.522737513115501571E+02    0.166971683862796905E+01    0.688995635547286724E+02    0.104639632776748493E+09    0.280279906004587815E+03   -0.140139953002293908E+03
    0.816596369408862444E+02    0.167350335902545999E+01    0.505187498760870781E+02    0.194322339065924376E+09    0.280277996460000566E+03   -0.140138998230000283E+03
    0.514130052097457693E+02    0.166576266307175080E+01    0.320542209256395907E+02    0.689478882333307415E+08    0.280226430864482609E+03   -0.140113215432241304E+03
    0.700685319666334436E+02    0.167516020324661841E+01    0.752603033589307131E+02    0.990970472754078507E+08    0.280209104263038284E+03   -0.140104552131519142E+03
    0.773315920351430179E+02    0.167629801101758225E+01    0.743132453742213102E+02    0.988384145359424502E+08    0.280093208110424257E+03   -0.140046604055212129E+03
    0.102652947567344142E+03    0.166918370182905185E+01    0.552956628882117585E+02    0.780887095073698312E+08    0.280085764789233792E+03   -0.140042882394616896E+03
    0.850096554853865456E+02    0.166871017704050684E+01    0.572247762020492345E+02    0.148964600697025985E+09    0.279999389593901810E+03   -0.139999694796950905E+03
    0.100221945546014496E+03    0.166351902700601939E+01    0.158416946600586002E+02    0.117435304990710124E+09    0.279970005823933946E+03   -0.139985002911966973E+03
    0.846629928911489031E+02    0.168325857930419232E+01    0.381129987345011187E+02    0.535090121060425937E+08    0.279961418766178156E+03   -0.139980709383089078E+03
    0.105994024500629251E+03    0.168706746354908454E+01    0.203089789175294690E+02    0.217566019000854045E+09    0.279957993314288331E+03   -0.139978996657144165E+03
    0.132823776465281867E+03    0.167808514673028863E+01    0.313606096984595055E+02    0.612159549445061013E+08    0.279943313760718866E+03   -0.139971656880359433E+03
    0.150171494511238812E+02    0.168670120823589698E+01    0.897138306097504312E+01    0.973895718184243888E+08    0.279934470252649817E+03   -0.139967235126324908E+03
    0.113658159255776880E+03    0.167303988388868308E+01    0.530307412027463982E+02    0.100709393127108932E+09    0.279838391371885450E+03   -0.139919195685942725E+03
    0.383273604693752716E+02    0.166493072401025111E+01    0.269801988561113930E+02    0.143609215903651565E+09    0.279730355398550842E+03   -0.139865177699275421E+03
    0.511270280168360429E+02    0.166279954755744064E+01    0.215088991503248295E+02    0.800922211691226214E+08    0.279686684740390547E+03   -0.139843342370195273E+03
    0.844766252741604688E+02    0.168668858655197051E+01    0.491296399997248798E+02    0.113056264343720227E+09    0.279655390060207708E+03   -0.139827695030103854E+03
    0.815577154227406282E+02    0.166518153353824450E+01    0.404394154809792372E+01    0.644661750556036085E+08    0.279643020144096283E+03   -0.139821510072048142E+03
    0.958634045760224609E+02    0.168074425288209839E+01    0.623034066506110378E+02    0.933121450057616234E+08    0.279622331513299457E+03   -0.139811165756649729E+03
    0.330420785340470289E+02    0.167216545350593315E+01    0.325947504759134006E+02    0.884685663219849467E+08    0.279573834238995403E+03   -0.139786917119497701E+03
    0.650760112066005121E+02    0.166050360140946363E+01    0.971745544515658288E+01    0.126315899421610236E+09    0.279530525162633353E+03   -0.139765262581316676E+03
    0.215975074646293770E+02    0.167753097439623322E+01    0.149222923191245531E+02    0.965127852824343741E+08    0.279497016852727825E+03   -0.139748508426363912E+03
    0.232159240741835688E+02    0.168950982828410212E+01    0.157107899997210261E+02    0.135011147499493510E+09    0.279487568198294753E+03   -0.139743784099147376E+03
    0.141941090698322881E+03    0.167553687955236086E+01    0.252568763066619297E+02    0.768913746195640713E+08    0.279475939980265366E+03   -0.139737969990132683E+03
    0.233722498218849246E+02    0.166900386275046730E+01    0.221562039106825548E+01    0.117349759437183961E+09    0.279473070636260672E+03   -0.139736535318130336E+03
    0.547455364169886920E+02    0.166766083039157476E+01    0.691444880806373785E+01    0.658721570505827293E+08    0.279445342421955957E+03   -0.139722671210977978E+03
    0.908371988873439449E+02    0.169224752460880867E+01    0.352893911812306582E+01    0.194039562103602022E+09    0.279443763889657134E+03   -0.139721881944828567E+03
    0.956637073773091089E+02    0.167857713058470859E+01    0.315819737720092917E+02    0.505018063654332012E+08    0.279443565126087094E+03   -0.139721782563043547E+03
    0.433673925229113451E+02    0.166949197226727342E+01    0.100648945059319210E+02    0.201198864357850522E+09    0.279424941101392108E+03   -0.139712470550696054E+03
    0.167770850419666111E+02    0.169079400111670308E+01    0.438142165380873116E+01    0.121076390760208085E+09    0.279388815171057729E+03   -0.139694407585528865E+03
    0.696327854092791938E+02    0.168993136724954263E+01    0.331478617866091199E+02    0.730298753605374992E+08    0.279375666990142975E+03   -0.139687833495071487E+03
    0.537456410112686456E+02    0.167364627748327277E+01    0.401553456532026019E+02    0.183070836742993146E+09    0.279339572732786451E+03   -0.139669786366393225E+03
    0.108275099130433588E+03    0.168838171457168840E+01    0.207052918675983584E+02    0.175105356074824065E+09    0.279330855826686161E+03   -0.139665427913343080E+03
    0.966002285441095978E+02    0.167503893520922609E+01    0.644098847689883343E+02    0.897882206461870968E+08    0.279315660791696018E+03   -0.139657830395848009E+03
    0.639744842131614888E+02    0.166844101048660920E+01    0.227168750681620573E+02    0.200464584488372147E+09    0.279315022901895190E+03   -0.139657511450947595E+03
    0.370035466993776083E+02    0.167740419500105808E+01    0.400718044200644741E+02    0.138876047168770224E+09    0.279158128790840180E+03   -0.139579064395420090E+03
    0.912682892179127663E+02    0.166734379416056533E+01    0.433814766053388396E+02    0.111359873518571556E+09    0.279061008649952328E+03   -0.139530504324976164E+03
    0.224284274812283826E+02    0.167387056219557895E+01    0.295835669927989953E+01    0.986891460899287164E+08    0.279022594775824814E+03   -0.139511297387912407E+03
    0.338978904330188016E+02    0.167521203574382893E+01    0.269427915838637411E+02    0.845405292066909373E+08    0.278993451264137434E+03   -0.139496725632068717E+03
    0.338978904330188016E+02    0.167521203574382893E+01    0.269427915838637411E+02    0.845405292066909373E+08    0.278993451264137434E+03   -0.139496725632068717E+03
    0.129554542045667063E+03    0.168548569682375615E+01    0.156610791275132968E+02    0.621846117647701725E+08    0.278961544091553264E+03   -0.139480772045776632E+03
    0.833239168843960556E+02    0.168491818102199820E+01    0.457141001569445464E+02    0.154855193168018550E+09    0.278937185570995780E+03   -0.139468592785497890E+03
    0.104494487850920180E+03    0.168911613848365194E+01    0.112814183527523557E+02    0.190993280057546526E+09    0.278911055788193437E+03   -0.139455527894096718E+03
    0.603050977403407202E+02    0.169584129165479736E+01    0.963223694887397452E+00    0.901834476977183968E+08    0.278903041833627071E+03   -0.139451520916813536E+03
    0.603050977403407202E+02    0.169584129165479736E+01    0.963223694887397452E+00    0.901834476977183968E+08    0.278903041833627071E+03   -0.139451520916813536E+03
    0.329123331265780976E+02    0.167510691123902555E+01    0.297224112524028712E+02    0.949742590095806569E+08    0.278886578007133778E+03   -0.139443289003566889E+03
    0.467550724183575497E+02    0.168180971417988778E+01    0.448741500964611078E+02    0.112537639581338435E+09    0.278856425241584930E+03   -0.139428212620792465E+03
    0.118529543675133965E+03    0.166940158643071479E+01    0.169067760795322997E+02    0.116271472761539698E+09    0.278845359023618812E+03   -0.139422679511809406E+03
    0.638995761802145950E+02    0.168613445049216004E+01    0.147962690971984632E+02    0.538267960982357487E+08    0.278815627758588107E+03   -0.139407813879294054E+03
    0.966656609337568540E+02    0.167405089954491548E+01    0.322197454731773050E+02    0.190028818478092492E+09    0.278814396300014948E+03   -0.139407198150007474E+03
    0.141168377864259384E+03    0.167814383336196338E+01    0.204815544967872079E+02    0.111941168725210071E+09    0.278809632627468091E+03   -0.139404816313734045E+03
    0.126815910863861518E+03    0.168778760733710742E+01    0.109477398858924353E+02    0.656986528091658056E+08    0.278802148677947230E+03   -0.139401074338973615E+03
    0.698484000602716577E+02    0.169493278015024740E+01    0.883516248538086302E+01    0.974051414100721776E+08    0.278779487694183331E+03   -0.139389743847091665E+03
    0.396403761203667528E+02    0.166785359763782992E+01    0.170284256803671461E+02    0.153905298892775506E+09    0.278723475642981384E+03   -0.139361737821490692E+03
    0.529755044497012406E+02    0.167836222607543895E+01    0.915109723959394827E+01    0.565366219750347659E+08    0.278644376977931472E+03   -0.139322188488965736E+03
    0.529755044497012406E+02    0.167836222607543895E+01    0.915109723959394827E+01    0.565366219750347659E+08    0.278644376977931472E+03   -0.139322188488965736E+03
    0.628712750648387768E+02    0.168704660699054099E+01    0.428148767329718041E+02    0.104223478825664133E+09    0.278629614497919647E+03   -0.139314807248959823E+03
    0.131103563651261197E+03    0.167698838392166616E+01    0.196417436585010385E+02    0.163615942282956570E+09    0.278590840172474998E+03   -0.139295420086237499E+03
    0.284929462963570721E+02    0.168577058408708380E+01    0.719164193718443112E+01    0.770670184970531464E+08    0.278572675864694190E+03   -0.139286337932347095E+03
    0.104742651981114520E+03    0.168928713733246849E+01    0.264427325780025377E+02    0.106425335411009848E+09    0.278560134989560765E+03   -0.139280067494780383E+03
    0.106862757490778321E+03    0.168866635510671115E+01    0.161417596552563012E+02    0.649154854553154409E+08    0.278551139840377459E+03   -0.139275569920188730E+03
    0.700405543577418399E+02    0.167434696312538533E+01    0.554341427424040489E+02    0.778182776930953711E+08    0.278543044528976964E+03   -0.139271522264488482E+03
    0.700405543577418399E+02    0.167434696312538533E+01    0.554341427424040489E+02    0.778182776930953711E+08    0.278543044528976964E+03   -0.139271522264488482E+03
    0.157881093747315013E+02    0.168434664472836881E+01    0.538994798919000706E+00    0.121642511479016855E+09    0.278509232269303652E+03   -0.139254616134651826E+03
    0.810304671961658869E+02    0.168786681701611041E+01    0.218873041389628860E+02    0.622900466185228303E+08    0.278493591400585842E+03   -0.139246795700292921E+03
    0.923462510108947754E+02    0.168557224566529085E+01    0.448671281337738037E+02    0.925527946420370340E+08    0.278485419011927718E+03   -0.139242709505963859E+03
    0.108695459375992286E+03    0.167971164551264995E+01    0.297498419629088175E+02    0.562737033030656353E+08    0.278433243805061181E+03   -0.139216621902530591E+03
    0.473614270651898082E+02    0.167827049184382648E+01    0.419312810155695814E+02    0.145584843865417778E+09    0.278360129395454464E+03   -0.139180064697727232E+03
    0.473614270651898082E+02    0.167827049184382648E+01    0.419312810155695814E+02    0.145584843865417778E+09    0.278360129395454464E+03   -0.139180064697727232E+03
    0.925491008153993135E+02    0.166440158711040831E+01    0.116278062513982920E+02    0.966221790701831132E+08    0.278302891732179944E+03   -0.139151445866089972E+03
    0.128126270111400601E+03    0.168111373757824900E+01    0.315667872310032784E+02    0.108662518459491551E+09    0.278276864242721047E+03   -0.139138432121360523E+03
    0.855341434170562707E+02    0.166340329742395632E+01    0.271398751764932911E+01    0.941385134056814611E+08    0.278227690429542577E+03   -0.139113845214771288E+03
    0.116650712205172681E+03    0.168776342430494908E+01    0.444014326066593412E+01    0.563636714546727985E+08    0.278222305706423356E+03   -0.139111152853211678E+03
    0.116650712205172681E+03    0.168776342430494908E+01    0.444014326066593412E+01    0.563636714546727985E+08    0.278222305706423356E+03   -0.139111152853211678E+03
    0.115174661218673265E+03    0.167561438838680954E+01    0.176320480410028431E+02    0.545248444531831890E+08    0.278178664161291863E+03   -0.139089332080645931E+03
    0.737482856146488928E+02    0.167807553679124233E+01    0.297904044829899171E+02    0.593792552652344555E+08    0.278167650478834503E+03   -0.139083825239417251E+03
    0.793460249090574337E+02    0.166519282493747012E+01    0.205560792481366796E+02    0.815087669466436505E+08    0.278152570591065796E+03   -0.139076285295532898E+03
    0.793460249090574337E+02    0.166519282493747012E+01    0.205560792481366796E+02    0.815087669466436505E+08    0.278152570591065796E+03   -0.139076285295532898E+03
    0.107764424265303347E+03    0.167238943750528213E+01    0.119129331511679908E+02    0.183388246564051479E+09    0.278146708917072829E+03   -0.139073354458536414E+03
    0.614636001667444347E+02    0.166537390459375967E+01    0.117526279086821752E+02    0.158008077666095406E+09    0.278131386179891706E+03   -0.139065693089945853E+03
    0.136017305169488282E+03    0.167749482363152302E+01    0.222023202973542766E+02    0.108368636081973672E+09    0.278129259998307020E+03   -0.139064629999153510E+03
    0.136017305169488282E+03    0.167749482363152302E+01    0.222023202973542766E+02    0.108368636081973672E+09    0.278129259998307020E+03   -0.139064629999153510E+03
    0.547949392180858794E+02    0.168341005572270475E+01    0.351884970500201959E+02    0.167278603829352200E+09    0.278114829533252305E+03   -0.139057414766626152E+03
    0.598148634671455994E+02    0.168274453706249094E+01    0.436473349673430491E+02    0.140053103600275308E+09    0.278072636826464418E+03   -0.139036318413232209E+03
    0.105293988177949885E+03    0.166627532748982077E+01    0.976364473402266597E+01    0.963156339958367050E+08    0.278061120283108494E+03   -0.139030560141554247E+03
    0.980837124425715245E+02    0.167068370854423787E+01    0.429645764810359339E+02    0.885185819984496385E+08    0.278058499934926090E+03   -0.139029249967463045E+03
    0.655098819334449303E+02    0.168395956422236392E+01    0.366139933831771032E+02    0.170270760307726026E+09    0.278047622778756988E+03   -0.139023811389378494E+03
    0.790390841741161267E+02    0.166577716612952864E+01    0.114736108025771326E+02    0.739764535937080830E+08    0.278040069335796716E+03   -0.139020034667898358E+03
    0.133278453652171379E+03    0.167461300976208083E+01    0.110437509317915357E+02    0.144569364792641282E+09    0.278030357777430311E+03   -0.139015178888715155E+03
    0.226354100167219343E+02    0.168247582040895938E+01    0.435128903299200953E+01    0.148991775596802562E+09    0.277934536110106706E+03   -0.138967268055053353E+03
    0.651230441299827589E+02    0.168091711543396971E+01    0.245212284000966392E+02    0.625185444417826384E+08    0.277897071431210975E+03   -0.138948535715605487E+03
    0.482435417002223943E+02    0.168887351898910820E+01    0.247359475321556985E+02    0.146069378787604898E+09    0.277861375385985127E+03   -0.138930687692992564E+03
    0.353930867738321950E+02    0.167929613318429483E+01    0.264373455663574006E+02    0.110954678736922905E+09    0.277852602378049937E+03   -0.138926301189024969E+03
    0.119670103709754841E+03    0.167372203686288867E+01    0.167981711396022204E+01    0.572461524808375016E+08    0.277842043557926786E+03   -0.138921021778963393E+03
    0.119670103709754841E+03    0.167372203686288867E+01    0.167981711396022204E+01    0.572461524808375016E+08    0.277842043557926786E+03   -0.138921021778963393E+03
    0.630696717727486060E+02    0.166963479680248827E+01    0.391171274366307529E+02    0.864664974947253168E+08    0.277791298230715938E+03   -0.138895649115357969E+03
    0.949325893879909302E+02    0.167969236187584769E+01    0.468954566037014757E+02    0.134054213655193225E+09    0.277745273007895946E+03   -0.138872636503947973E+03
    0.949325893879909302E+02    0.167969236187584769E+01    0.468954566037014757E+02    0.134054213655193225E+09    0.277745273007895946E+03   -0.138872636503947973E+03
    0.995015524430922511E+02    0.167070558040500750E+01    0.161920264698918821E+02    0.661962427449117079E+08    0.277695275836217263E+03   -0.138847637918108632E+03
    0.917621523351533170E+02    0.167199810512179647E+01    0.147498116033967221E+02    0.191721033343253344E+09    0.277691388325464118E+03   -0.138845694162732059E+03
    0.917621523351533170E+02    0.167199810512179647E+01    0.147498116033967221E+02    0.191721033343253344E+09    0.277691388325464118E+03   -0.138845694162732059E+03
    0.649770437865478669E+02    0.168843890847070188E+01    0.151507192036408007E+02    0.197707984986648500E+09    0.277658080424209629E+03   -0.138829040212104815E+03
    0.649770437865478669E+02    0.168843890847070188E+01    0.151507192036408007E+02    0.197707984986648500E+09    0.277658080424209629E+03   -0.138829040212104815E+03
    0.306952295083922131E+02    0.167380268757407102E+01    0.123142638891328526E+01    0.963863560366242230E+08    0.277648026491874930E+03   -0.138824013245937465E+03
    0.306952295083922131E+02    0.167380268757407102E+01    0.123142638891328526E+01    0.963863560366242230E+08    0.277648026491874930E+03   -0.138824013245937465E+03
    0.518957983359593058E+02    0.167380988757777871E+01    0.162722930168358104E+02    0.699332318942056298E+08    0.277642824479589251E+03   -0.138821412239794626E+03
    0.518957983359593058E+02    0.167380988757777871E+01    0.162722930168358104E+02    0.699332318942056298E+08    0.277642824479589251E+03   -0.138821412239794626E+03
    0.722272103758819242E+02    0.166659489048870690E+01    0.281091576625840069E+02    0.101788925626743674E+09    0.277504293419280145E+03   -0.138752146709640073E+03
    0.646196346570011286E+02    0.167469867221864854E+01    0.469806114039550025E+02    0.109281229513970897E+09    0.277456247211807408E+03   -0.138728123605903704E+03
    0.106227642257556084E+03    0.166874812942010498E+01    0.179448540810407806E+02    0.979871495873460472E+08    0.277432644988752088E+03   -0.138716322494376044E+03
    0.106227642257556084E+03    0.166874812942010498E+01    0.179448540810407806E+02    0.979871495873460472E+08    0.277432644988752088E+03   -0.138716322494376044E+03
    0.755733306079611538E+02    0.167401084974539249E+01    0.923263201148981416E+01    0.225954847611256033E+09    0.277425711713746693E+03   -0.138712855856873347E+03
    0.132428064282071091E+03    0.167468131584851676E+01    0.166361505660395714E+02    0.868891704901143610E+08    0.277415445635106948E+03   -0.138707722817553474E+03
    0.132428064282071091E+03    0.167468131584851676E+01    0.166361505660395714E+02    0.868891704901143610E+08    0.277415445635106948E+03   -0.138707722817553474E+03
    0.887571821911649437E+02    0.167069180588468913E+01    0.138923207781471429E+02    0.177471341285615921E+09    0.277413187944702429E+03   -0.138706593972351214E+03
    0.936226003385725249E+02    0.167003570681218871E+01    0.162689739843914580E+02    0.165606684470390230E+09    0.277387401171848296E+03   -0.138693700585924148E+03
    0.936226003385725249E+02    0.167003570681218871E+01    0.162689739843914580E+02    0.165606684470390230E+09    0.277387401171848296E+03   -0.138693700585924148E+03
    0.793825602267335597E+02    0.166799121092068448E+01    0.563384639158419098E+01    0.171226036746408284E+09    0.277301329115347585E+03   -0.138650664557673792E+03
    0.793825602267335597E+02    0.166799121092068448E+01    0.563384639158419098E+01    0.171226036746408284E+09    0.277301329115347585E+03   -0.138650664557673792E+03
    0.387887391387994995E+02    0.167833865179700559E+01    0.140368853279683243E+02    0.170199245708163321E+09    0.277286717424715448E+03   -0.138643358712357724E+03
    0.387887391387994995E+02    0.167833865179700559E+01    0.140368853279683243E+02    0.170199245708163321E+09    0.277286717424715448E+03   -0.138643358712357724E+03
    0.987511833255874620E+02    0.167949199627549528E+01    0.460720589738564783E+02    0.958793906939073205E+08    0.277254812089719394E+03   -0.138627406044859697E+03
    0.523092026174290936E+02    0.168623965877923898E+01    0.294700976101185610E+02    0.130388358613315791E+09    0.277241385480594545E+03   -0.138620692740297272E+03
    0.523092026174290936E+02    0.168623965877923898E+01    0.294700976101185610E+02    0.130388358613315791E+09    0.277241385480594545E+03   -0.138620692740297272E+03
    0.110066936088545006E+03    0.167157219501637666E+01    0.189371411796573064E+02    0.135668238903733104E+09    0.277225305157730588E+03   -0.138612652578865294E+03
    0.780413278666210886E+02    0.167424066870717314E+01    0.125529139377529848E+02    0.601666173774195835E+08    0.277218376495270945E+03   -0.138609188247635473E+03
    0.894461598240886531E+02    0.167723241484854713E+01    0.140028276310279480E+02    0.227255713064702511E+09    0.277190700652036867E+03   -0.138595350326018433E+03
    0.894461598240886531E+02    0.167723241484854713E+01    0.140028276310279480E+02    0.227255713064702511E+09    0.277190700652036867E+03   -0.138595350326018433E+03
    0.592802802563625875E+02    0.168174410452820910E+01    0.111359445220920428E+02    0.230239294333048850E+09    0.277153837305795037E+03   -0.138576918652897518E+03
    0.115763423751714484E+03    0.166999037816790863E+01    0.758404919675607925E+01    0.105612328191549554E+09    0.277140138895923997E+03   -0.138570069447961998E+03
    0.115763423751714484E+03    0.166999037816790863E+01    0.758404919675607925E+01    0.105612328191549554E+09    0.277140138895923997E+03   -0.138570069447961998E+03
    0.530571417524557489E+02    0.169323703487881683E+01    0.591387796772615015E+01    0.112289153527362406E+09    0.277113351430732564E+03   -0.138556675715366282E+03
    0.530571417524557489E+02    0.169323703487881683E+01    0.591387796772615015E+01    0.112289153527362406E+09    0.277113351430732564E+03   -0.138556675715366282E+03
    0.881968416174701559E+02    0.169161785957156430E+01    0.135817399878962775E+02    0.952182954981746227E+08    0.277100694671119015E+03   -0.138550347335559508E+03
    0.283101378103108381E+02    0.168479011798005196E+01    0.653010101446529490E+01    0.143901336508085251E+09    0.277090553639997097E+03   -0.138545276819998548E+03
    0.554189194663823486E+02    0.166933388450483133E+01    0.237019946579054981E+02    0.955573606404487491E+08    0.277084484635690046E+03   -0.138542242317845023E+03
    0.534286772486178947E+02    0.167946002416543405E+01    0.329174364315034396E+02    0.846099798008097112E+08    0.277038091362243108E+03   -0.138519045681121554E+03
    0.534286772486178947E+02    0.167946002416543405E+01    0.329174364315034396E+02    0.846099798008097112E+08    0.277038091362243108E+03   -0.138519045681121554E+03
    0.900877382960623265E+02    0.167410990783136282E+01    0.403708823942715611E+02    0.789996737059656680E+08    0.277000569118811882E+03   -0.138500284559405941E+03
    0.460471244859804330E+02    0.167325154501127527E+01    0.108998622820167390E+01    0.179959223178980768E+09    0.276963544873925912E+03   -0.138481772436962956E+03
    0.712286555016467560E+02    0.166930272644750644E+01    0.121269667971501516E+02    0.722908219169737548E+08    0.276962585465326470E+03   -0.138481292732663235E+03
    0.712286555016467560E+02    0.166930272644750644E+01    0.121269667971501516E+02    0.722908219169737548E+08    0.276962585465326470E+03   -0.138481292732663235E+03
    0.915954475177823184E+02    0.167605096178984492E+01    0.188425902534821148E+02    0.598328393571486771E+08    0.276948703299600766E+03   -0.138474351649800383E+03
    0.103158313858141412E+03    0.167462251000800988E+01    0.154369863686289364E+02    0.178012046311351031E+09    0.276929125540990469E+03   -0.138464562770495235E+03
    0.876746313655274179E+02    0.168549198823674007E+01    0.766634987620124608E+01    0.230316867702499121E+09    0.276903207900280336E+03   -0.138451603950140168E+03
    0.105504729580525321E+03    0.168584953915988467E+01    0.162843764834196669E+02    0.652725549904925376E+08    0.276889891525007101E+03   -0.138444945762503551E+03
    0.595624430313075450E+02    0.166836786078314137E+01    0.177120131222004105E+02    0.130145114691160575E+09    0.276889170203102822E+03   -0.138444585101551411E+03
    0.595624430313075450E+02    0.166836786078314137E+01    0.177120131222004105E+02    0.130145114691160575E+09    0.276889170203102822E+03   -0.138444585101551411E+03
    0.120036151165389597E+03    0.168577481379988381E+01    0.466189266384410939E+01    0.611884693416320831E+08    0.276884670039817649E+03   -0.138442335019908825E+03
    0.120036151165389597E+03    0.168577481379988381E+01    0.466189266384410939E+01    0.611884693416320831E+08    0.276884670039817649E+03   -0.138442335019908825E+03
    0.978910009965546521E+02    0.168530600268530595E+01    0.275763234565150768E+02    0.719484176661069840E+08    0.276817409073027818E+03   -0.138408704536513909E+03
    0.107168522271638139E+03    0.167817551092952821E+01    0.132701884455793948E+02    0.557111758425010145E+08    0.276810168025822406E+03   -0.138405084012911203E+03
    0.710383588348746997E+02    0.167230395584512337E+01    0.381509164965350180E+02    0.950695586082366854E+08    0.276755079180568998E+03   -0.138377539590284499E+03
    0.583993888750710610E+02    0.166841580702108794E+01    0.182627131928518658E+02    0.103705250149841040E+09    0.276754754627889270E+03   -0.138377377313944635E+03
    0.583993888750710610E+02    0.166841580702108794E+01    0.182627131928518658E+02    0.103705250149841040E+09    0.276754754627889270E+03   -0.138377377313944635E+03
    0.952450758972200191E+02    0.168483567995001859E+01    0.740851138141265686E+01    0.225542267766800851E+09    0.276744802256121716E+03   -0.138372401128060858E+03
    0.952450758972200191E+02    0.168483567995001859E+01    0.740851138141265686E+01    0.225542267766800851E+09    0.276744802256121716E+03   -0.138372401128060858E+03
    0.140761267548718649E+03    0.167696645342501038E+01    0.737095470881281578E+01    0.888596972574155033E+08    0.276702417647980951E+03   -0.138351208823990476E+03
    0.101680922297795945E+03    0.167555595354136866E+01    0.110784075667512649E+02    0.590457896142676771E+08    0.276698403998506137E+03   -0.138349201999253069E+03
    0.844760397896602768E+02    0.167656693010540159E+01    0.369053761235168798E+01    0.525522275164225176E+08    0.276695291703768987E+03   -0.138347645851884494E+03
    0.844760397896602768E+02    0.167656693010540159E+01    0.369053761235168798E+01    0.525522275164225176E+08    0.276695291703768987E+03   -0.138347645851884494E+03
    0.940918798856419727E+02    0.167240982763749835E+01    0.581354755802443002E+01    0.183276128637058914E+09    0.276666853503574544E+03   -0.138333426751787272E+03
    0.625474816205260638E+02    0.167883098834356326E+01    0.110940588540091696E+02    0.645088399989366606E+08    0.276660698423160966E+03   -0.138330349211580483E+03
    0.459217271975450601E+02    0.168137726680365485E+01    0.130077995089478620E+02    0.747432158504019678E+08    0.276619666381549962E+03   -0.138309833190774981E+03
    0.814749346910864318E+02    0.167694762854675306E+01    0.292786467255294447E+02    0.173612584331740141E+09    0.276597565143488112E+03   -0.138298782571744056E+03
    0.995088818535470807E+02    0.167023011649490849E+01    0.125383819017691920E+02    0.752751944827019572E+08    0.276583392632054370E+03   -0.138291696316027185E+03
    0.995088818535470807E+02    0.167023011649490849E+01    0.125383819017691920E+02    0.752751944827019572E+08    0.276583392632054370E+03   -0.138291696316027185E+03
    0.809676323196025436E+02    0.168260313489287272E+01    0.251550986546747843E+02    0.665644781001200676E+08    0.276583089682745253E+03   -0.138291544841372627E+03
    0.128516974538973642E+03    0.168495040658905082E+01    0.159718732999506718E+01    0.639190614736478478E+08    0.276558591158559011E+03   -0.138279295579279506E+03
    0.798919918953716888E+02    0.167600720615593324E+01    0.437844607509338175E+02    0.983109012542230934E+08    0.276555849833364732E+03   -0.138277924916682366E+03
    0.931397580951915671E+02    0.166780765448537305E+01    0.894689706449103817E+01    0.106484142383605093E+09    0.276552731655978732E+03   -0.138276365827989366E+03
    0.931397580951915671E+02    0.166780765448537305E+01    0.894689706449103817E+01    0.106484142383605093E+09    0.276552731655978732E+03   -0.138276365827989366E+03
    0.111248509624407959E+03    0.168109320467561130E+01    0.299518121988100550E+01    0.221327698799181908E+09    0.276525333888278283E+03   -0.138262666944139141E+03
    0.111248509624407959E+03    0.168109320467561130E+01    0.299518121988100550E+01    0.221327698799181908E+09    0.276525333888278283E+03   -0.138262666944139141E+03
    0.582514531073295956E+02    0.168495183954492567E+01    0.300732068972230593E+02    0.106308690280893773E+09    0.276511050445770479E+03   -0.138255525222885240E+03
    0.911878044469925584E+02    0.169014051979256963E+01    0.137975565314800548E+02    0.112369962894402742E+09    0.276505228329774980E+03   -0.138252614164887490E+03
    0.911878044469925584E+02    0.169014051979256963E+01    0.137975565314800548E+02    0.112369962894402742E+09    0.276505228329774980E+03   -0.138252614164887490E+03
    0.861819009737299666E+02    0.168115637021472786E+01    0.348926915814906948E+02    0.733102775014408827E+08    0.276467370090355530E+03   -0.138233685045177765E+03
    0.861819009737299666E+02    0.168115637021472786E+01    0.348926915814906948E+02    0.733102775014408827E+08    0.276467370090355530E+03   -0.138233685045177765E+03
    0.918026557939180492E+02    0.167374283365025867E+01    0.358215387339122913E+02    0.893088343298832923E+08    0.276411336470666299E+03   -0.138205668235333150E+03
    0.512737402343826076E+02    0.167942989736692549E+01    0.195238351490301625E+02    0.772800079465002865E+08    0.276405396534058866E+03   -0.138202698267029433E+03
    0.936796625118978881E+02    0.166970623811995211E+01    0.140649414968689577E+02    0.127793266916446745E+09    0.276378051362996530E+03   -0.138189025681498265E+03
    0.936796625118978881E+02    0.166970623811995211E+01    0.140649414968689577E+02    0.127793266916446745E+09    0.276378051362996530E+03   -0.138189025681498265E+03
    0.801060991427017086E+02    0.167304835885967607E+01    0.330006059924414927E+02    0.116188658985655367E+09    0.276373222589027250E+03   -0.138186611294513625E+03
    0.537029273786700827E+02    0.168461908731201704E+01    0.255967359228628055E+02    0.934937791759075820E+08    0.276370816663409300E+03   -0.138185408331704650E+03
    0.138770429540044375E+03    0.167577199156728862E+01    0.723743755062687122E-01    0.102751880086999357E+09    0.276352935837658947E+03   -0.138176467918829474E+03
    0.804804118412274789E+02    0.167924749547281782E+01    0.389067034596123662E+02    0.814970098343697488E+08    0.276352305394636574E+03   -0.138176152697318287E+03
    0.804804118412274789E+02    0.167924749547281782E+01    0.389067034596123662E+02    0.814970098343697488E+08    0.276352305394636574E+03   -0.138176152697318287E+03
    0.933048057762510012E+02    0.167386904366572198E+01    0.353066831609909713E+02    0.988812405610746145E+08    0.276343649491348287E+03   -0.138171824745674144E+03
    0.541518262603861302E+02    0.167197783065517891E+01    0.136199762276808407E+02    0.859209890748858899E+08    0.276329249011058039E+03   -0.138164624505529019E+03
    0.541518262603861302E+02    0.167197783065517891E+01    0.136199762276808407E+02    0.859209890748858899E+08    0.276329249011058039E+03   -0.138164624505529019E+03
    0.128937858987366496E+03    0.168132595215323932E+01    0.181545329085238976E+02    0.104609329105013475E+09    0.276321575450323280E+03   -0.138160787725161640E+03
    0.848777092667166499E+02    0.168351434499702424E+01    0.971142860226278692E+01    0.224438479255651772E+09    0.276298726730920578E+03   -0.138149363365460289E+03
    0.848777092667166499E+02    0.168351434499702424E+01    0.971142860226278692E+01    0.224438479255651772E+09    0.276298726730920578E+03   -0.138149363365460289E+03
    0.102008921970702659E+03    0.167182584765161102E+01    0.171181385815007268E+02    0.773812918774774373E+08    0.276238761767970061E+03   -0.138119380883985031E+03
    0.653393126730809684E+02    0.167893434352260984E+01    0.367613544548463977E+02    0.108762495442714468E+09    0.276217246878960282E+03   -0.138108623439480141E+03
    0.910773159830647643E+02    0.167900315677165990E+01    0.397309620357610882E+02    0.101002774665321395E+09    0.276206248170273454E+03   -0.138103124085136727E+03
    0.910773159830647643E+02    0.167900315677165990E+01    0.397309620357610882E+02    0.101002774665321395E+09    0.276206248170273454E+03   -0.138103124085136727E+03
    0.996648387341923296E+02    0.167362514246528526E+01    0.251275111715166979E+02    0.113787231608866677E+09    0.276166449410575922E+03   -0.138083224705287961E+03
    0.103910659125583464E+03    0.167471791498956124E+01    0.303082710780491986E+02    0.100255355632252246E+09    0.276145693142047833E+03   -0.138072846571023916E+03
    0.103910659125583464E+03    0.167471791498956124E+01    0.303082710780491986E+02    0.100255355632252246E+09    0.276145693142047833E+03   -0.138072846571023916E+03
    0.965683487363596385E+02    0.167024772893531304E+01    0.935309673264399422E+01    0.141966382987287968E+09    0.276144975748528736E+03   -0.138072487874264368E+03
    0.365415520084472476E+02    0.167628143310043676E+01    0.453818178068861844E+01    0.107980708794860512E+09    0.276142261687326140E+03   -0.138071130843663070E+03
    0.365415520084472476E+02    0.167628143310043676E+01    0.453818178068861844E+01    0.107980708794860512E+09    0.276142261687326140E+03   -0.138071130843663070E+03
    0.441250304877929267E+02    0.168370788489577294E+01    0.190393418757949568E+02    0.103112757511595324E+09    0.276136243781481198E+03   -0.138068121890740599E+03
    0.825416462227463086E+02    0.168376383377410588E+01    0.342873620010546034E+02    0.105187592251844808E+09    0.276117489234701736E+03   -0.138058744617350868E+03
    0.825416462227463086E+02    0.168376383377410588E+01    0.342873620010546034E+02    0.105187592251844808E+09    0.276117489234701736E+03   -0.138058744617350868E+03
    0.705461993458642809E+02    0.166894559933337483E+01    0.839088543600650105E+01    0.857415297672940493E+08    0.276084118797633835E+03   -0.138042059398816917E+03
    0.705461993458642809E+02    0.166894559933337483E+01    0.839088543600650105E+01    0.857415297672940493E+08    0.276084118797633835E+03   -0.138042059398816917E+03
    0.526018266432540287E+02    0.167555807522687150E+01    0.117340599591484818E+02    0.777932727758689225E+08    0.276049231880415903E+03   -0.138024615940207951E+03
    0.914172499578508706E+02    0.168395539134974670E+01    0.111491012791889350E+02    0.604382210677652583E+08    0.276047732793799582E+03   -0.138023866396899791E+03
    0.935885581265413720E+02    0.166884997891561770E+01    0.842194227779585525E+01    0.104086907578707308E+09    0.276045976573444023E+03   -0.138022988286722011E+03
    0.494717379492648917E+02    0.168031218644670677E+01    0.296626223011547863E+01    0.199726043176254243E+09    0.276037496761406032E+03   -0.138018748380703016E+03
    0.119480806791191739E+03    0.167552644308041976E+01    0.163033539327998085E+02    0.765161457229863256E+08    0.276008409767668638E+03   -0.138004204883834319E+03
    0.119480806791191739E+03    0.167552644308041976E+01    0.163033539327998085E+02    0.765161457229863256E+08    0.276008409767668638E+03   -0.138004204883834319E+03
    0.124775173826008327E+03    0.167856489101097694E+01    0.128909900574120542E+02    0.146774184852848202E+09    0.275983585291874590E+03   -0.137991792645937295E+03
    0.870228051448359849E+02    0.168569532921555298E+01    0.170508596339840466E+02    0.174703957611016124E+09    0.275967958783450797E+03   -0.137983979391725399E+03
    0.127109074023010805E+03    0.168355099307669409E+01    0.116152954856026689E+02    0.113828200481443942E+09    0.275953248512208290E+03   -0.137976624256104145E+03
    0.117350870839556251E+03    0.168296726849583655E+01    0.209458423335173229E+02    0.765463620334752500E+08    0.275939229948531306E+03   -0.137969614974265653E+03
    0.117350870839556251E+03    0.168296726849583655E+01    0.209458423335173229E+02    0.765463620334752500E+08    0.275939229948531306E+03   -0.137969614974265653E+03
    0.709461919263054028E+02    0.167248592617042124E+01    0.177051547084382825E+02    0.158786650613479644E+09    0.275932401751702628E+03   -0.137966200875851314E+03
    0.565797802709964941E+02    0.168903100346605384E+01    0.160687197297766886E+02    0.109115757645746604E+09    0.275922821798086261E+03   -0.137961410899043130E+03
    0.502120585437368518E+02    0.168673950630827907E+01    0.599659251229215773E+01    0.179288038309737086E+09    0.275882604688872050E+03   -0.137941302344436025E+03
    0.502120585437368518E+02    0.168673950630827907E+01    0.599659251229215773E+01    0.179288038309737086E+09    0.275882604688872050E+03   -0.137941302344436025E+03
    0.983447561059323192E+02    0.167789449489280540E+01    0.317384596867951352E+02    0.128188105327605188E+09    0.275877311034063496E+03   -0.137938655517031748E+03
    0.666941137239176243E+02    0.168984227310584956E+01    0.134742751470686404E+02    0.130481168275236711E+09    0.275839730818101089E+03   -0.137919865409050544E+03
    0.827524709927081119E+02    0.169172868554712652E+01    0.233029223209911107E+01    0.131395095247219652E+09    0.275831984874819909E+03   -0.137915992437409955E+03
    0.361506582774476328E+02    0.168412225783345848E+01    0.688241163344356632E+01    0.133820449435903251E+09    0.275829114862796132E+03   -0.137914557431398066E+03
    0.361506582774476328E+02    0.168412225783345848E+01    0.688241163344356632E+01    0.133820449435903251E+09    0.275829114862796132E+03   -0.137914557431398066E+03
    0.780784437542165506E+02    0.167703835339214136E+01    0.148565474316616761E+02    0.188591762281885117E+09    0.275779769623262609E+03   -0.137889884811631305E+03
    0.780784437542165506E+02    0.167703835339214136E+01    0.148565474316616761E+02    0.188591762281885117E+09    0.275779769623262609E+03   -0.137889884811631305E+03
    0.775924011483286051E+02    0.167773982890994566E+01    0.347297486745654211E+02    0.861955546869097054E+08    0.275747443560283443E+03   -0.137873721780141722E+03
    0.775924011483286051E+02    0.167773982890994566E+01    0.347297486745654211E+02    0.861955546869097054E+08    0.275747443560283443E+03   -0.137873721780141722E+03
    0.110140826677520167E+03    0.168435826274228795E+01    0.485444251517374337E+01    0.185645344091025680E+09    0.275736644099237310E+03   -0.137868322049618655E+03
    0.110140826677520167E+03    0.168435826274228795E+01    0.485444251517374337E+01    0.185645344091025680E+09    0.275736644099237310E+03   -0.137868322049618655E+03
    0.737974934491563346E+02    0.168826242331726362E+01    0.144278107364062098E+02    0.763187806801210344E+08    0.275729413112904524E+03   -0.137864706556452262E+03
    0.540395194871229876E+02    0.168414419067148313E+01    0.181605031105390857E+02    0.843579608402003646E+08    0.275721589585470042E+03   -0.137860794792735021E+03
    0.102979993282065195E+03    0.169007198267149050E+01    0.422318580255610754E+00    0.140480601542730778E+09    0.275708628454436393E+03   -0.137854314227218197E+03
    0.571295624834767182E+02    0.167086553484184952E+01    0.650755129896713758E+01    0.133635911857247666E+09    0.275692350929040856E+03   -0.137846175464520428E+03
    0.571295624834767182E+02    0.167086553484184952E+01    0.650755129896713758E+01    0.133635911857247666E+09    0.275692350929040856E+03   -0.137846175464520428E+03
    0.672113514959215479E+02    0.168962113224008892E+01    0.125822268149792258E+02    0.138419058135868549E+09    0.275674724580629174E+03   -0.137837362290314587E+03
    0.672113514959215479E+02    0.168962113224008892E+01    0.125822268149792258E+02    0.138419058135868549E+09    0.275674724580629174E+03   -0.137837362290314587E+03
    0.806788026517826324E+02    0.168240122821305760E+01    0.667785682962026961E+01    0.597546622064068466E+08    0.275665541229455641E+03   -0.137832770614727821E+03
    0.593933516546300098E+02    0.167693627051132887E+01    0.811747394871872707E+01    0.706657716986102313E+08    0.275656133454379813E+03   -0.137828066727189906E+03
    0.124746238969475115E+03    0.168295420263760076E+01    0.170389363401160203E+02    0.906655726593502164E+08    0.275654510291528595E+03   -0.137827255145764298E+03
    0.554144059545270551E+02    0.167927730131117836E+01    0.194164217544793893E+01    0.689214050874292403E+08    0.275629996880625470E+03   -0.137814998440312735E+03
    0.117281997630291684E+03    0.167728087628998201E+01    0.213540595367643817E+02    0.837344389358028769E+08    0.275617485397337305E+03   -0.137808742698668652E+03
    0.117281997630291684E+03    0.167728087628998201E+01    0.213540595367643817E+02    0.837344389358028769E+08    0.275617485397337305E+03   -0.137808742698668652E+03
    0.787833570125457641E+02    0.167013304761170156E+01    0.468307995170103908E+01    0.152698471791828364E+09    0.275613627788932149E+03   -0.137806813894466075E+03
    0.689391131162050925E+02    0.168686176048538150E+01    0.237903530928157991E+02    0.102847794581214592E+09    0.275610231958733038E+03   -0.137805115979366519E+03
    0.383378601147847320E+02    0.167680178626384091E+01    0.728802343678687681E+00    0.126024584731544718E+09    0.275596274886390859E+03   -0.137798137443195429E+03
    0.383378601147847320E+02    0.167680178626384091E+01    0.728802343678687681E+00    0.126024584731544718E+09    0.275596274886390859E+03   -0.137798137443195429E+03
    0.894053370720704379E+02    0.169025448312576421E+01    0.674986082072004923E+01    0.122429229739396781E+09    0.275588121614279657E+03   -0.137794060807139829E+03
    0.105563058749597985E+03    0.167591633919532623E+01    0.220710867369119015E+02    0.133468467511581302E+09    0.275576068962831641E+03   -0.137788034481415821E+03
    0.877816844807308172E+02    0.168051755502841793E+01    0.946826017559985544E+01    0.207602100961980611E+09    0.275554715108944208E+03   -0.137777357554472104E+03
    0.630959191672945963E+02    0.168623796888700017E+01    0.200679232362276316E+02    0.877119964005293548E+08    0.275525341531751735E+03   -0.137762670765875868E+03
    0.554552982557014218E+02    0.167179067765120482E+01    0.729612011528699167E+01    0.127629363034710899E+09    0.275509713379987033E+03   -0.137754856689993517E+03
    0.554552982557014218E+02    0.167179067765120482E+01    0.729612011528699167E+01    0.127629363034710899E+09    0.275509713379987033E+03   -0.137754856689993517E+03
    0.877823953210965442E+02    0.167571367034028751E+01    0.165317585892537409E+02    0.170882583830462813E+09    0.275494767844576245E+03   -0.137747383922288122E+03
    0.733793299705862694E+02    0.168389276354041573E+01    0.275465234515076212E+02    0.130327288052716538E+09    0.275494229116001975E+03   -0.137747114558000987E+03
    0.694821370138632233E+02    0.167179478794977543E+01    0.115672721483038980E+02    0.150665426932882965E+09    0.275489728321406290E+03   -0.137744864160703145E+03
    0.694821370138632233E+02    0.167179478794977543E+01    0.115672721483038980E+02    0.150665426932882965E+09    0.275489728321406290E+03   -0.137744864160703145E+03
    0.906603579813453280E+02    0.168080911589817195E+01    0.332641139142204594E+02    0.927001975428160578E+08    0.275486171680781581E+03   -0.137743085840390791E+03
    0.906603579813453280E+02    0.168080911589817195E+01    0.332641139142204594E+02    0.927001975428160578E+08    0.275486171680781581E+03   -0.137743085840390791E+03
    0.496657104556875382E+02    0.168465596284608399E+01    0.162535339624109945E+02    0.134419004390940547E+09    0.275470926217341628E+03   -0.137735463108670814E+03
    0.599930937508613482E+02    0.167139512109295651E+01    0.478102049252962136E+01    0.905263083087579012E+08    0.275418203436701958E+03   -0.137709101718350979E+03
    0.130263963033401694E+03    0.167629128238321856E+01    0.288949863808600660E+00    0.750627431432628185E+08    0.275388727274896155E+03   -0.137694363637448077E+03
    0.595922175478781142E+02    0.167978090649836886E+01    0.209395095369305793E+02    0.156331576790666997E+09    0.275380005588097447E+03   -0.137690002794048723E+03
    0.722056956945681350E+02    0.167751661642065253E+01    0.130461365954271020E+02    0.181252300845090628E+09    0.275375751439593955E+03   -0.137687875719796978E+03
    0.896697717158491940E+02    0.168052231146084985E+01    0.196746431392718932E+02    0.172422798765352488E+09    0.275373554586706916E+03   -0.137686777293353458E+03
    0.896697717158491940E+02    0.168052231146084985E+01    0.196746431392718932E+02    0.172422798765352488E+09    0.275373554586706916E+03   -0.137686777293353458E+03
    0.850940473691095463E+02    0.167818992068616923E+01    0.304229934917399021E+02    0.810506327954051644E+08    0.275367363175593539E+03   -0.137683681587796769E+03
    0.850940473691095463E+02    0.167818992068616923E+01    0.304229934917399021E+02    0.810506327954051644E+08    0.275367363175593539E+03   -0.137683681587796769E+03
    0.656272461530505637E+02    0.167507112364178812E+01    0.221646876121984988E+02    0.141466202936191469E+09    0.275361337636902363E+03   -0.137680668818451181E+03
    0.816799998610374445E+02    0.167907993050223614E+01    0.331963452133793524E+02    0.103627914943000585E+09    0.275339037340009781E+03   -0.137669518670004891E+03
    0.816799998610374445E+02    0.167907993050223614E+01    0.331963452133793524E+02    0.103627914943000585E+09    0.275339037340009781E+03   -0.137669518670004891E+03
    0.559551507035052111E+02    0.168294983722700153E+01    0.225498919954963810E+02    0.103405593699875578E+09    0.275337173755562844E+03   -0.137668586877781422E+03
    0.102430889646572140E+03    0.167083361078431780E+01    0.543792859390466510E+00    0.112482040457736373E+09    0.275333408183585789E+03   -0.137666704091792894E+03
    0.102430889646572140E+03    0.167083361078431780E+01    0.543792859390466510E+00    0.112482040457736373E+09    0.275333408183585789E+03   -0.137666704091792894E+03
    0.114559870048957293E+03    0.167348061762037492E+01    0.848190111835060989E+01    0.917670641654216349E+08    0.275313852211136862E+03   -0.137656926105568431E+03
    0.914793534603279852E+02    0.168616131176733330E+01    0.213704459710983166E+02    0.110682698724183396E+09    0.275277412646818505E+03   -0.137638706323409252E+03
    0.107048833147560174E+03    0.167244709453989104E+01    0.977134470693220258E+01    0.965093597897406518E+08    0.275277252840419919E+03   -0.137638626420209960E+03
    0.684951047729646660E+02    0.168190774246467623E+01    0.240572927385577984E+02    0.806657323149488121E+08    0.275272430149899151E+03   -0.137636215074949575E+03
    0.684951047729646660E+02    0.168190774246467623E+01    0.240572927385577984E+02    0.806657323149488121E+08    0.275272430149899151E+03   -0.137636215074949575E+03
    0.123070663007114248E+03    0.167700637496785232E+01    0.139969774591263842E+02    0.922700452866725773E+08    0.275272365444713955E+03   -0.137636182722356978E+03
    0.589880053618193188E+02    0.167865416063675688E+01    0.237713314338668695E+02    0.119990559367573112E+09    0.275265410699011397E+03   -0.137632705349505699E+03
    0.930103284207359309E+02    0.168395502729127489E+01    0.797307329694984013E+01    0.636898872356063277E+08    0.275257824590576547E+03   -0.137628912295288274E+03
    0.755514808740556703E+02    0.167111181148747923E+01    0.138695437243069488E+02    0.964921236136272252E+08    0.275205027818604208E+03   -0.137602513909302104E+03
    0.439256361084877298E+02    0.167853518145306269E+01    0.656464615492699810E+01    0.137814139307288915E+09    0.275159055311796976E+03   -0.137579527655898488E+03
    0.752021333910361278E+02    0.167991290736332055E+01    0.116179237716107071E+02    0.189093890357708007E+09    0.275151069350959972E+03   -0.137575534675479986E+03
    0.102667413962006748E+03    0.167107021698488944E+01    0.281969931874049218E+01    0.914430429321946651E+08    0.275144745365286667E+03   -0.137572372682643334E+03
    0.899653533064264366E+02    0.168353317136512626E+01    0.254244256144319891E+02    0.114869684922177374E+09    0.275134995759777325E+03   -0.137567497879888663E+03
    0.520355156769280640E+02    0.168633399192631761E+01    0.135062544817369545E+02    0.116805136548974648E+09    0.275081478800268940E+03   -0.137540739400134470E+03
    0.108938020644129736E+03    0.168317247091625410E+01    0.803455711052284194E+01    0.657647909816827103E+08    0.275061011287890892E+03   -0.137530505643945446E+03
    0.102054512456120463E+03    0.167562817632430483E+01    0.650493753721885781E+01    0.680128877530827671E+08    0.275020520106662673E+03   -0.137510260053331336E+03
    0.106780436579831644E+03    0.167949763273623320E+01    0.170024067642532337E+02    0.706656584357986301E+08    0.275011787210872683E+03   -0.137505893605436341E+03
    0.614547289592218249E+02    0.167211695689611473E+01    0.375065344623876840E+01    0.917442982234568000E+08    0.274992205551316090E+03   -0.137496102775658045E+03
    0.629727394032406380E+02    0.168666993279797484E+01    0.170839623215973369E+02    0.116986913180062085E+09    0.274976196356718106E+03   -0.137488098178359053E+03
    0.993032040440473622E+02    0.168343063711513707E+01    0.559874223525801362E+01    0.189482186734068274E+09    0.274948330260413115E+03   -0.137474165130206558E+03
    0.637390373634671263E+02    0.167998718616040188E+01    0.375355056535822529E+01    0.195713266880114079E+09    0.274937561182371439E+03   -0.137468780591185720E+03
    0.637390373634671263E+02    0.167998718616040188E+01    0.375355056535822529E+01    0.195713266880114079E+09    0.274937561182371439E+03   -0.137468780591185720E+03
    0.107967003698799019E+03    0.167380065686538493E+01    0.846530395711370076E+01    0.109531528362484246E+09    0.274932343649496715E+03   -0.137466171824748358E+03
    0.107967003698799019E+03    0.167380065686538493E+01    0.846530395711370076E+01    0.109531528362484246E+09    0.274932343649496715E+03   -0.137466171824748358E+03
    0.938471124851133141E+02    0.168876644444075552E+01    0.215515769489105580E+01    0.725154609044746459E+08    0.274925523238106166E+03   -0.137462761619053083E+03
    0.438494248436174132E+02    0.168362883648136896E+01    0.420568885993120212E+01    0.920151795195544511E+08    0.274864060694909256E+03   -0.137432030347454628E+03
    0.823227578008018952E+02    0.167466606683666952E+01    0.231514292844926821E+02    0.938772596091032326E+08    0.274847057093380101E+03   -0.137423528546690051E+03
    0.823227578008018952E+02    0.167466606683666952E+01    0.231514292844926821E+02    0.938772596091032326E+08    0.274847057093380101E+03   -0.137423528546690051E+03
    0.115737416460482990E+03    0.167729869043317592E+01    0.153507559737679511E+02    0.843279335790163428E+08    0.274845254738738049E+03   -0.137422627369369025E+03
    0.115737416460482990E+03    0.167729869043317592E+01    0.153507559737679511E+02    0.843279335790163428E+08    0.274845254738738049E+03   -0.137422627369369025E+03
    0.458537208561439584E+02    0.168480247334107669E+01    0.361935072803382385E+00    0.170081932062305242E+09    0.274829204143690617E+03   -0.137414602071845309E+03
    0.104060916814444653E+03    0.167299943664146999E+01    0.520422422507705917E+01    0.819297505111874640E+08    0.274829011397730881E+03   -0.137414505698865440E+03
    0.909699114860753895E+02    0.167166194840685067E+01    0.124281880401358835E+01    0.146145608520539731E+09    0.274815401863291868E+03   -0.137407700931645934E+03
    0.587615761124547547E+02    0.167380063128353918E+01    0.916863427506170936E+01    0.117735522125031278E+09    0.274814030739479335E+03   -0.137407015369739668E+03
    0.657974274438531239E+02    0.168670556923564918E+01    0.168110354343128421E+02    0.112730851070332125E+09    0.274803103315828992E+03   -0.137401551657914496E+03
    0.566130437167361080E+02    0.168096513330981345E+01    0.174897287888743342E+02    0.134737084989177227E+09    0.274793669582495227E+03   -0.137396834791247613E+03
    0.860099339328106396E+02    0.168112630288611520E+01    0.180002345250372109E+02    0.166682984395318568E+09    0.274772867653398635E+03   -0.137386433826699317E+03
    0.469952983768914194E+02    0.168721371603733927E+01    0.585057626594651481E+01    0.122789644486580104E+09    0.274757290261258731E+03   -0.137378645130629366E+03
    0.119575160989756341E+03    0.168585942612362305E+01    0.718088857287034354E+01    0.934494245513487160E+08    0.274750616546875449E+03   -0.137375308273437724E+03
    0.117008714530500527E+03    0.168439557898430659E+01    0.980422293797342270E+01    0.112314650620851234E+09    0.274748719931755772E+03   -0.137374359965877886E+03
    0.478233707932491825E+02    0.167920204501471360E+01    0.667986649897826279E+01    0.144620474536631733E+09    0.274735350658815605E+03   -0.137367675329407803E+03
    0.780690527453096053E+02    0.167551674664601302E+01    0.830702163014755079E+01    0.711153114628794342E+08    0.274734431686895732E+03   -0.137367215843447866E+03
    0.780690527453096053E+02    0.167551674664601302E+01    0.830702163014755079E+01    0.711153114628794342E+08    0.274734431686895732E+03   -0.137367215843447866E+03
    0.747209992095918238E+02    0.167504084811259890E+01    0.222308774552027479E+02    0.980190402299396247E+08    0.274730093659799877E+03   -0.137365046829899939E+03
    0.108220890080539462E+03    0.167907489811713018E+01    0.215408835082594230E+02    0.877724952744210660E+08    0.274725062501838693E+03   -0.137362531250919346E+03
    0.445286616449049788E+02    0.168175619675947674E+01    0.760052042463885691E+01    0.110000048365575969E+09    0.274699261237281860E+03   -0.137349630618640930E+03
    0.110621735554268355E+03    0.167697249292271189E+01    0.131155950803583590E+02    0.126520884972221881E+09    0.274668511198968815E+03   -0.137334255599484408E+03
    0.664473029821799912E+02    0.167553888309506949E+01    0.118300697349009525E+02    0.816768445195836127E+08    0.274666666206434911E+03   -0.137333333103217456E+03
    0.105214923002039683E+03    0.168777358474640971E+01    0.112803314862174342E+01    0.722049345267403126E+08    0.274664651802289654E+03   -0.137332325901144827E+03
    0.997837486055480412E+02    0.168829066667148009E+01    0.765160318505917747E+01    0.894299482545530498E+08    0.274652724495707616E+03   -0.137326362247853808E+03
    0.982234028227186542E+02    0.167560168360982420E+01    0.710288071940348154E+01    0.703078781965350211E+08    0.274607935665888078E+03   -0.137303967832944039E+03
    0.999860616170415994E+02    0.167637911544020213E+01    0.176783055832982150E+02    0.115921186115897819E+09    0.274603020516913148E+03   -0.137301510258456574E+03
    0.973232661166036905E+02    0.168123768687623754E+01    0.106937292544489075E+02    0.673990906036663055E+08    0.274596441583906994E+03   -0.137298220791953497E+03
    0.116730716434455204E+03    0.167733536941638817E+01    0.284506284383402264E+01    0.155479806864756674E+09    0.274586864134786197E+03   -0.137293432067393098E+03
    0.102736650676049052E+03    0.168598837045731620E+01    0.124223434652378035E+02    0.112858559441366240E+09    0.274575805182315605E+03   -0.137287902591157803E+03
    0.662441843734272879E+02    0.167473713153874715E+01    0.144640185792582923E+02    0.115712409111435011E+09    0.274571313791770081E+03   -0.137285656895885040E+03
    0.960827576239949934E+02    0.168039771627873358E+01    0.572698372553952151E+01    0.650562696087802127E+08    0.274566566229465138E+03   -0.137283283114732569E+03
    0.656775163344526192E+02    0.167588645052077956E+01    0.559341206346511033E+01    0.765809247957029492E+08    0.274561328005465043E+03   -0.137280664002732522E+03
    0.900896381506346131E+02    0.167351661525513173E+01    0.852108501725028589E+01    0.141945594023858070E+09    0.274518167783291176E+03   -0.137259083891645588E+03
    0.507870701764568651E+02    0.168717851596137214E+01    0.512355437133315306E+01    0.948782960009450912E+08    0.274513149494947754E+03   -0.137256574747473877E+03
    0.507870701764568651E+02    0.168717851596137214E+01    0.512355437133315306E+01    0.948782960009450912E+08    0.274513149494947754E+03   -0.137256574747473877E+03
    0.106090844494768803E+03    0.168580660611470856E+01    0.607715322432571714E+01    0.717410040478989035E+08    0.274483668654823987E+03   -0.137241834327411993E+03
    0.605212766291917177E+02    0.167538642716224384E+01    0.773133767143296780E+01    0.900726716698412150E+08    0.274455651611286839E+03   -0.137227825805643420E+03
    0.968616767544702384E+02    0.167722438420154574E+01    0.383106167795264207E+01    0.669778357170351520E+08    0.274454581110553249E+03   -0.137227290555276625E+03
    0.103235086589219961E+03    0.168101874576347088E+01    0.301252012833437366E+01    0.646883102915366217E+08    0.274448852379905020E+03   -0.137224426189952510E+03
    0.869145467620966770E+02    0.168463602765830545E+01    0.195700954961142664E+02    0.879004679934828728E+08    0.274447534583911192E+03   -0.137223767291955596E+03
    0.883399965375334801E+02    0.167496364064667103E+01    0.175677690920160465E+02    0.873545763504514396E+08    0.274445221823739246E+03   -0.137222610911869623E+03
    0.530952195761573975E+02    0.167654265215506415E+01    0.728452668616027221E+01    0.116463353044993296E+09    0.274439274543024680E+03   -0.137219637271512340E+03
    0.752795198521748716E+02    0.168402737851109374E+01    0.124167309419331460E+02    0.168635019556503445E+09    0.274431509842557318E+03   -0.137215754921278659E+03
    0.862592124805502749E+02    0.167529098536008281E+01    0.173050833696671766E+02    0.119041192864901066E+09    0.274406589008404069E+03   -0.137203294504202034E+03
    0.727637941322748816E+02    0.168335259039340546E+01    0.179642103575461221E+02    0.150448075935586542E+09    0.274404020678986626E+03   -0.137202010339493313E+03
    0.738699460568646771E+02    0.167896364854086078E+01    0.113414546899011377E+02    0.718427569224726856E+08    0.274399819636965390E+03   -0.137199909818482695E+03
    0.737339804365175837E+02    0.168445911600703968E+01    0.980255276728136593E+01    0.719952141119239181E+08    0.274381862695724976E+03   -0.137190931347862488E+03
    0.112198940598116209E+03    0.168630539875517349E+01    0.463288225204042359E+01    0.121113676739177927E+09    0.274373004598815271E+03   -0.137186502299407636E+03
    0.995912594119952104E+02    0.167827977291156327E+01    0.222677341510928173E+02    0.969755221728844643E+08    0.274368248625404647E+03   -0.137184124312702323E+03
    0.113236699821341134E+03    0.168023336897742070E+01    0.472259083554467196E+01    0.163422561418773532E+09    0.274346915812731936E+03   -0.137173457906365968E+03
    0.672285776853923949E+02    0.168176379838325896E+01    0.160887269816963574E+02    0.154336478058840275E+09    0.274338343201884129E+03   -0.137169171600942065E+03
    0.109825499416820705E+03    0.167520183104798437E+01    0.783169089829080267E+01    0.105641633547691479E+09    0.274303698874269230E+03   -0.137151849437134615E+03
    0.999662107655950507E+02    0.167323549723859255E+01    0.128025186374140132E+01    0.815034331315635741E+08    0.274299978134421053E+03   -0.137149989067210527E+03
    0.875223022104949138E+02    0.168453711665274386E+01    0.175911538121564739E+02    0.133681218923381448E+09    0.274298448944527308E+03   -0.137149224472263654E+03
    0.991898094246068496E+02    0.167764367845547846E+01    0.173372467562378745E+02    0.126445462845758930E+09    0.274290524899172738E+03   -0.137145262449586369E+03
    0.114630931123522956E+03    0.167632937132126880E+01    0.847506748344835259E+01    0.868713531852200478E+08    0.274269825434821541E+03   -0.137134912717410771E+03
    0.930634796965090487E+02    0.167957879303621826E+01    0.209290593436352310E+02    0.826991397755751610E+08    0.274261713151611275E+03   -0.137130856575805637E+03
    0.968528383378134379E+02    0.167574812026363174E+01    0.174765400665601156E+02    0.929443396845957935E+08    0.274252315855830602E+03   -0.137126157927915301E+03
    0.843438719997860886E+02    0.167247540704719033E+01    0.693498936628088014E+01    0.978981172078061253E+08    0.274230737174179012E+03   -0.137115368587089506E+03
    0.657307415765982483E+02    0.168335306622846370E+01    0.145630507152740627E+02    0.150961222615026712E+09    0.274228235549967053E+03   -0.137114117774983526E+03
    0.119280224026110773E+03    0.168061663665049976E+01    0.111640803632750494E+02    0.887786652219815403E+08    0.274217275586462165E+03   -0.137108637793231082E+03
    0.516334114264747654E+02    0.168200776617571646E+01    0.474532353202228196E+00    0.169605710023491174E+09    0.274199619757004825E+03   -0.137099809878502413E+03
    0.616813970340507751E+02    0.168862910298244073E+01    0.422824184875663889E+01    0.136249865801850736E+09    0.274190442349366037E+03   -0.137095221174683019E+03
    0.875629194576783334E+02    0.168594318022688205E+01    0.303679756269589651E+01    0.175624147896445423E+09    0.274176547145435222E+03   -0.137088273572717611E+03
    0.766392519348751620E+02    0.168700616524153024E+01    0.127527200245548089E+01    0.705787437814837843E+08    0.274175861390720115E+03   -0.137087930695360058E+03
    0.579310585752688709E+02    0.168504827525046585E+01    0.109861457656431032E+02    0.969002868053239286E+08    0.274167845903625050E+03   -0.137083922951812525E+03
    0.770224349352264852E+02    0.167660159965179956E+01    0.176423833097323453E+02    0.123927867414939448E+09    0.274147052885648293E+03   -0.137073526442824146E+03
    0.540771263952919270E+02    0.168427481037493543E+01    0.806288343676374986E+01    0.144229013918136716E+09    0.274140070295734745E+03   -0.137070035147867372E+03
    0.958282433287726008E+02    0.168452412359172454E+01    0.687310190132577503E+01    0.697269462226630896E+08    0.274138251233187930E+03   -0.137069125616593965E+03
    0.865735693988520012E+02    0.168179633085516067E+01    0.192384553453974405E+02    0.141652722533505350E+09    0.274128405241273242E+03   -0.137064202620636621E+03
    0.115787282622374775E+03    0.167975544010813449E+01    0.117396583339143081E+02    0.856569273308110833E+08    0.274103551308940496E+03   -0.137051775654470248E+03
    0.435131322151175937E+02    0.168415361024411969E+01    0.166124999960717917E+00    0.127523367228755891E+09    0.274093362024372539E+03   -0.137046681012186269E+03
    0.856827368582150370E+02    0.167362605623020166E+01    0.704309560232785792E+01    0.121763825032622084E+09    0.274075077593188951E+03   -0.137037538796594475E+03
    0.811823954703875756E+02    0.168755548490265550E+01    0.518367272651228461E+01    0.159677550069273770E+09    0.274061130870914440E+03   -0.137030565435457220E+03
    0.100281081564422607E+03    0.167980157010605025E+01    0.104937497305061420E+02    0.160789713428794265E+09    0.274050838786926533E+03   -0.137025419393463267E+03
    0.106897965772474137E+03    0.167700625300377815E+01    0.240147052971167607E+01    0.705309621205297709E+08    0.274033167487336868E+03   -0.137016583743668434E+03
    0.970907265762509439E+02    0.168164691751300333E+01    0.175416675475072488E+02    0.125274489575789437E+09    0.274027926921270250E+03   -0.137013963460635125E+03
    0.686847223260776616E+02    0.168667396233562950E+01    0.947557464889796996E+01    0.145317375092240661E+09    0.274000306705585444E+03   -0.137000153352792722E+03
    0.842221290394124509E+02    0.168252319274115547E+01    0.162792774254617498E+02    0.792515439554216415E+08    0.273978659207525823E+03   -0.136989329603762911E+03
    0.654820873710251590E+02    0.167966913592809663E+01    0.408297161776036166E+01    0.745918377348206788E+08    0.273974205742974675E+03   -0.136987102871487338E+03
    0.854690539041922648E+02    0.167805902749855718E+01    0.201302444192834820E+02    0.933509355177537948E+08    0.273934579303038674E+03   -0.136967289651519337E+03
    0.111467845489541034E+03    0.168121209095840141E+01    0.884944854764956190E+01    0.142899582407934308E+09    0.273934426226483311E+03   -0.136967213113241655E+03
    0.617809191308762067E+02    0.168541484946262665E+01    0.256703482658225202E+01    0.777031883181151599E+08    0.273933820784067734E+03   -0.136966910392033867E+03
    0.114936056476913691E+03    0.168227603659009617E+01    0.111721455053671388E+02    0.881465957728003711E+08    0.273931201190360412E+03   -0.136965600595180206E+03
    0.723872816626835487E+02    0.168269935161883710E+01    0.797580301857260210E+01    0.728049322544518709E+08    0.273926745889089602E+03   -0.136963372944544801E+03
    0.912817760075124767E+02    0.168696034480924228E+01    0.745648631345960133E+01    0.808954782808461189E+08    0.273924998856347315E+03   -0.136962499428173658E+03
    0.100800033793201749E+03    0.167718243554120505E+01    0.122119823498628808E+02    0.116497156220168754E+09    0.273891288219645730E+03   -0.136945644109822865E+03
    0.898189210323538987E+02    0.168837723977455489E+01    0.109978411061316020E+00    0.153027959222885728E+09    0.273850399107643398E+03   -0.136925199553821699E+03
    0.755720758265847081E+02    0.168129991649785993E+01    0.181547499215560606E+02    0.113703883115453094E+09    0.273850214141269134E+03   -0.136925107070634567E+03
    0.819450753231927678E+02    0.168507287865169153E+01    0.142088257861055443E+02    0.125258715214984596E+09    0.273849062215232834E+03   -0.136924531107616417E+03
    0.631852556051641514E+02    0.168795831832249310E+01    0.556536238846617248E+01    0.100414412330890551E+09    0.273809280024299312E+03   -0.136904640012149656E+03
    0.929068221311010518E+02    0.168459164728528643E+01    0.134000090840404233E+02    0.124326675612922311E+09    0.273808446048047813E+03   -0.136904223024023906E+03
    0.575888876169089912E+02    0.168855378241054876E+01    0.564975805324361646E+00    0.100179730919308513E+09    0.273761282516777385E+03   -0.136880641258388692E+03
    0.472561328362308259E+02    0.168280352617679285E+01    0.980661960292799284E+00    0.101095921947118402E+09    0.273756418018804993E+03   -0.136878209009402497E+03
    0.562624845882841456E+02    0.168413931460648514E+01    0.740767200155091388E+01    0.967027891800882667E+08    0.273744802884009857E+03   -0.136872401442004929E+03
    0.107102874721504023E+03    0.168470192720621248E+01    0.733393989104794386E+01    0.118051796235054970E+09    0.273731850894761351E+03   -0.136865925447380675E+03
    0.675133600026200327E+02    0.167804974475143531E+01    0.359213349469526566E+01    0.778813566313329339E+08    0.273725976867495206E+03   -0.136862988433747603E+03
    0.865991051421647740E+02    0.167712138075475359E+01    0.161359011637603578E+01    0.704519591696440876E+08    0.273723298857606096E+03   -0.136861649428803048E+03
    0.882709820792413922E+02    0.168257579601787621E+01    0.122137308219813590E+01    0.184727940462433040E+09    0.273719861747762593E+03   -0.136859930873881297E+03
    0.106063447922631454E+03    0.168213529576239584E+01    0.125291077211857532E+00    0.671913380747055560E+08    0.273703670233335970E+03   -0.136851835116667985E+03
    0.675563650435351803E+02    0.167832071752999679E+01    0.996753384224344963E+01    0.883667798950484991E+08    0.273646970220692026E+03   -0.136823485110346013E+03
    0.118890416464979936E+03    0.167877628213547547E+01    0.461488275283410232E+01    0.103270688637762755E+09    0.273635910232611366E+03   -0.136817955116305683E+03
    0.794357999824358529E+02    0.167891179636441024E+01    0.118799032339356376E+02    0.153110202940946370E+09    0.273626820999370750E+03   -0.136813410499685375E+03
    0.598678020238878190E+02    0.168242234167865612E+01    0.107865974146913359E+02    0.105378783514149711E+09    0.273590380311145964E+03   -0.136795190155572982E+03
    0.658355030864203314E+02    0.167726677260761403E+01    0.117774757475219660E+01    0.161915038218102098E+09    0.273576909979233676E+03   -0.136788454989616838E+03
    0.715008295166540364E+02    0.168827262213147433E+01    0.237555535245067917E+01    0.142236331470196933E+09    0.273575749679414912E+03   -0.136787874839707456E+03
    0.100611180722507299E+03    0.168056323454156642E+01    0.119355615913205195E+02    0.797096965381906331E+08    0.273548328840799400E+03   -0.136774164420399700E+03
    0.781114415522178120E+02    0.167987175388923227E+01    0.135313271961871906E+01    0.177463184228256941E+09    0.273547706674166363E+03   -0.136773853337083182E+03
    0.877121841871047536E+02    0.168582560350076860E+01    0.115461109851747548E+02    0.953610948364822716E+08    0.273537401113648514E+03   -0.136768700556824257E+03
    0.822343767186828671E+02    0.168783078002461817E+01    0.654867737601730759E+01    0.973990091247638315E+08    0.273536960649277376E+03   -0.136768480324638688E+03
    0.992796056867522623E+02    0.167727400142393268E+01    0.126294272720810952E+02    0.103558467315142184E+09    0.273532522310246009E+03   -0.136766261155123004E+03
    0.694266488746672366E+02    0.167691965627911421E+01    0.349831765261445149E+01    0.826290353111268431E+08    0.273514547224888929E+03   -0.136757273612444465E+03
    0.103900431687571100E+03    0.167640564928757585E+01    0.730246900321043402E+01    0.107162639021525592E+09    0.273510422395352464E+03   -0.136755211197676232E+03
    0.675138567112341264E+02    0.167714244613095009E+01    0.632771378256438943E+01    0.143952074909977347E+09    0.273494636514451088E+03   -0.136747318257225544E+03
    0.661181461722657104E+02    0.168458777961085837E+01    0.996340681549411933E+01    0.123180711608592331E+09    0.273475758766490912E+03   -0.136737879383245456E+03
    0.105900456208438911E+03    0.168171524977639719E+01    0.962032255217716603E+01    0.125792956971724525E+09    0.273459562405715133E+03   -0.136729781202857566E+03
    0.121200891716444090E+03    0.168242660188509729E+01    0.301370890938877212E+01    0.862790796878307909E+08    0.273453244332421093E+03   -0.136726622166210547E+03
    0.113091573493342139E+03    0.168277643702815460E+01    0.434078122385380638E+01    0.138270949190508306E+09    0.273451338754455833E+03   -0.136725669377227916E+03
    0.747950480286155823E+02    0.167479895131159728E+01    0.133957298339481973E+00    0.146074838904880792E+09    0.273438626569986809E+03   -0.136719313284993405E+03
    0.744739358388115846E+02    0.168748996595731682E+01    0.147467112618769214E+01    0.912682622023820579E+08    0.272971547455866812E+03   -0.136485773727933406E+03
    0.819355705192810575E+02    0.168160680387090844E+01    0.102103476471181391E+02    0.980826704494883716E+08    0.272638774537780932E+03   -0.136319387268890466E+03
    0.821351832880253170E+02    0.168260431996124260E+01    0.204565112356801349E+01    0.165791294299316257E+09    0.272754288854597803E+03   -0.136377144427298902E+03
    0.968904318015821815E+02    0.168158639848408109E+01    0.808113821698277590E+01    0.155082647771903992E+09    0.273338232550464454E+03   -0.136669116275232227E+03
    0.958804157998154096E+02    0.168177054118230673E+01    0.165614810572500759E+01    0.895558605173810869E+08    0.271863939853465922E+03   -0.135931969926732961E+03
    0.112185203278093311E+03    0.168190414923148568E+01    0.216483816385610028E+01    0.133216405800315008E+09    0.273003302222345553E+03   -0.136501651111172777E+03
    0.104680017198932944E+03    0.167830602916750071E+01    0.629865390826560745E+01    0.930076483146374822E+08    0.272882755214865995E+03   -0.136441377607432997E+03
    0.827544419576301777E+02    0.168317889001791698E+01    0.104234458278736088E+02    0.116510140450502411E+09    0.272913110347403517E+03   -0.136456555173701759E+03
    0.102835876800390551E+03    0.167729265632089697E+01    0.280198855775427802E+01    0.990740885033942163E+08    0.272653836529390503E+03   -0.136326918264695252E+03
    0.916108330838626159E+02    0.167784747369306175E+01    0.115889823415347557E+02    0.128530237059993014E+09    0.273394256461461737E+03   -0.136697128230730868E+03
    0.725448295677882982E+02    0.167662210035005410E+01    0.438163857149415747E+00    0.129573673653340548E+09    0.272746042224043549E+03   -0.136373021112021775E+03
    0.742347954493217372E+02    0.167903112629876694E+01    0.134716807369702574E+01    0.981051401880766004E+08    0.272123067385220111E+03   -0.136061533692610055E+03
    0.865531494421459229E+02    0.168379793799167810E+01    0.432495857911532244E+01    0.788363389178796560E+08    0.272728121560618945E+03   -0.136364060780309472E+03
    0.857935749080388916E+02    0.168583769260623928E+01    0.397688401679838210E+00    0.129916706511204168E+09    0.272260787516824280E+03   -0.136130393758412140E+03
    0.685046531254697726E+02    0.168145121866324976E+01    0.121680108744955717E+01    0.985618483724787533E+08    0.272116918021246477E+03   -0.136058459010623238E+03
    0.109078243669908005E+03    0.168231410491066646E+01    0.668064979474920939E+01    0.103419081947517365E+09    0.272943839113390084E+03   -0.136471919556695042E+03
    0.771579047942822456E+02    0.168073455195016064E+01    0.872589741506051553E+01    0.123122891986100078E+09    0.272758332866667274E+03   -0.136379166433333637E+03
    0.812885577170349194E+02    0.168331423557214110E+01    0.581800361089922546E+01    0.801651253295423985E+08    0.272822063032804977E+03   -0.136411031516402488E+03
    0.696566708049983134E+02    0.168694615995500619E+01    0.194559124396008931E+01    0.144108654377552658E+09    0.273049306857978536E+03   -0.136524653428989268E+03
    0.831599691518675570E+02    0.167910557944084360E+01    0.443241550835979048E+01    0.953665922102346122E+08    0.272213096836157661E+03   -0.136106548418078830E+03
    0.831599691518675570E+02    0.167910557944084360E+01    0.443241550835979048E+01    0.953665922102346122E+08    0.272213096836157661E+03   -0.136106548418078830E+03
    0.645096705570088318E+02    0.168510167894020313E+01    0.161905800495365204E+01    0.984201133735246360E+08    0.272570424716867137E+03   -0.136285212358433569E+03
    0.806456988158037689E+02    0.168035721653280712E+01    0.165176078192770937E+01    0.176234653912651211E+09    0.273434466207535593E+03   -0.136717233103767796E+03
    0.654071741940871050E+02    0.168820307007311587E+01    0.860689394565013616E-01    0.921106236277550906E+08    0.273385385160006024E+03   -0.136692692580003012E+03
    0.840439679471319465E+02    0.168208675838014399E+01    0.856917830390680813E+01    0.872353074169386774E+08    0.272690334430169457E+03   -0.136345167215084729E+03
    0.871276328932407722E+02    0.168256447798727171E+01    0.353655242209989940E+01    0.956043382414984256E+08    0.271849127627290670E+03   -0.135924563813645335E+03
    0.728614383434574364E+02    0.167851496133176115E+01    0.910916574967098391E+01    0.137988973384245336E+09    0.273224144265973052E+03   -0.136612072132986526E+03
    0.583123544248023222E+02    0.167903448264235489E+01    0.483854620368397492E+00    0.128993268216783047E+09    0.273045425744828776E+03   -0.136522712872414388E+03
    0.652180892898386020E+02    0.167775348721797601E+01    0.436942084805642761E+01    0.102958802478254661E+09    0.273009447885956490E+03   -0.136504723942978245E+03
    0.711926618883345839E+02    0.167930329722685223E+01    0.591997239708252998E+01    0.103283518871805280E+09    0.272603185457828602E+03   -0.136301592728914301E+03
    0.762289866488257815E+02    0.168370544371186681E+01    0.849278032820912010E+01    0.156252482930985421E+09    0.273324096514154519E+03   -0.136662048257077259E+03
    0.105796798479484593E+03    0.167837926536135384E+01    0.554540751551624389E+01    0.113009537610284761E+09    0.273168022112143831E+03   -0.136584011056071915E+03
    0.917615177414647150E+02    0.168318885181887312E+01    0.591217042184492492E+01    0.151131301693655908E+09    0.272842122603847258E+03   -0.136421061301923629E+03
    0.103272737367643643E+03    0.167746628261971931E+01    0.525988209084264824E+01    0.841216675915198475E+08    0.273125103922921710E+03   -0.136562551961460855E+03
    0.801331123907264526E+02    0.168136260519369807E+01    0.202662707102128259E+01    0.156271575223401994E+09    0.272433901960957996E+03   -0.136216950980478998E+03
    0.828576706032582138E+02    0.167998199838322337E+01    0.147746854330450805E+01    0.117841826236752391E+09    0.271935945492791518E+03   -0.135967972746395759E+03
    0.720965915083629341E+02    0.167781649354108953E+01    0.167755682901076231E+00    0.953259497969001383E+08    0.272396112209344949E+03   -0.136198056104672474E+03
    0.585700155507944302E+02    0.168462222309257492E+01    0.512392860298905717E+01    0.105986649053943604E+09    0.273199316660594604E+03   -0.136599658330297302E+03
    0.657221423738149042E+02    0.167836255749565577E+01    0.687536716015735561E+01    0.102833210798775390E+09    0.273103007454718750E+03   -0.136551503727359375E+03
    0.885080923804731725E+02    0.168367094888415614E+01    0.372034548821738387E+01    0.771153512393005043E+08    0.272745001862209847E+03   -0.136372500931104923E+03
    0.113182035795995063E+03    0.167765811439977508E+01    0.412921992247469127E+01    0.938079958795404285E+08    0.273270091857082207E+03   -0.136635045928541103E+03
    0.735370784203068553E+02    0.168071451560358343E+01    0.516000152929353906E+01    0.132292185788521200E+09    0.272518650408714905E+03   -0.136259325204357452E+03
    0.108616712949632046E+03    0.168088829729746125E+01    0.597733267590598416E+01    0.833348952236271799E+08    0.273039364627125451E+03   -0.136519682313562726E+03
    0.966272722407257305E+02    0.168451750126531707E+01    0.527178688461623235E+01    0.776821726460885108E+08    0.273164034139113994E+03   -0.136582017069556997E+03
    0.760799682892101004E+02    0.168011659041788475E+01    0.552103644794315684E+01    0.895784569794711769E+08    0.272582884190286904E+03   -0.136291442095143452E+03
    0.890411483404668331E+02    0.168163275570888238E+01    0.833417098952534574E+00    0.147601980083225012E+09    0.272042521861681962E+03   -0.136021260930840981E+03
    0.890411483404668331E+02    0.168163275570888238E+01    0.833417098952534574E+00    0.147601980083225012E+09    0.272042521861681962E+03   -0.136021260930840981E+03
    0.921910362442005180E+02    0.168135992598187545E+01    0.695399167098639204E+01    0.110108482670297325E+09    0.272401651102550147E+03   -0.136200825551275074E+03
    0.921910362442005180E+02    0.168135992598187545E+01    0.695399167098639204E+01    0.110108482670297325E+09    0.272401651102550147E+03   -0.136200825551275074E+03
    0.999852949122156076E+02    0.168350960822188744E+01    0.139666305306823957E+01    0.974367160086922348E+08    0.271874138258251207E+03   -0.135937069129125604E+03
    0.980735501842478072E+02    0.168239551611106219E+01    0.135602110281940824E+02    0.979704297177754790E+08    0.273236598519008112E+03   -0.136618299259504056E+03
    0.602977662893109638E+02    0.168037845693241028E+01    0.241745478697772853E+01    0.121041443928355679E+09    0.272877214655441605E+03   -0.136438607327720803E+03
    0.659390888461162064E+02    0.168536911581669502E+01    0.228312680598496698E+01    0.123052498784967184E+09    0.272659804799038000E+03   -0.136329902399519000E+03
    0.728784439791242562E+02    0.168417589759596109E+01    0.105437435101081611E+02    0.126759506747851029E+09    0.273249333246370838E+03   -0.136624666623185419E+03
    0.106249010694802465E+03    0.167992940605061158E+01    0.320061802360281422E+00    0.122395762907398194E+09    0.272440072874137570E+03   -0.136220036437068785E+03
    0.813843329478978745E+02    0.168051045498440610E+01    0.132273031283670903E+02    0.120935726598489255E+09    0.273219294852432483E+03   -0.136609647426216242E+03
    0.114437993503936823E+03    0.168269461810512277E+01    0.103593100588516762E+01    0.817886252161397189E+08    0.272859745818242118E+03   -0.136429872909121059E+03
    0.117493122147079077E+03    0.168158222740045038E+01    0.332354118423526712E+01    0.933960999118342251E+08    0.273047467372568804E+03   -0.136523733686284402E+03
    0.778527527613984205E+02    0.167846253232079357E+01    0.234562302996000893E+01    0.847874606966758519E+08    0.272607952819203149E+03   -0.136303976409601574E+03
    0.718323086913912334E+02    0.167715914667673505E+01    0.827126800520709193E+00    0.916697961481129974E+08    0.272736919419891876E+03   -0.136368459709945938E+03
    0.681444754461357292E+02    0.168728581520121934E+01    0.119889818459974240E+01    0.113520919753564209E+09    0.272864657608355515E+03   -0.136432328804177757E+03
    0.712190744561422093E+02    0.168068708966663949E+01    0.275561529107848857E+01    0.136723403621369421E+09    0.272390732860883077E+03   -0.136195366430441538E+03
    0.871508340159593757E+02    0.167642210521900803E+01    0.103070359834496461E+01    0.879845134855286181E+08    0.272656352344485697E+03   -0.136328176172242848E+03
    0.733493083610237449E+02    0.168146508186664634E+01    0.314155142110686691E+01    0.840747142232438326E+08    0.272590106079075611E+03   -0.136295053039537805E+03
    0.785645464691916118E+02    0.168617729697449059E+01    0.284457496231360629E+01    0.153432595453470886E+09    0.273047839221887614E+03   -0.136523919610943807E+03
    0.589564607518834833E+02    0.167856092578786464E+01    0.382332309830516248E+01    0.117587870978739947E+09    0.273311782809378258E+03   -0.136655891404689129E+03
    0.106515938558042620E+03    0.168338497521187569E+01    0.317668034693620926E+01    0.992521200454733372E+08    0.272388591436640070E+03   -0.136194295718320035E+03
    0.763765675086788036E+02    0.168437811891371858E+01    0.939230790840916319E+00    0.777814215228093117E+08    0.272746235966075574E+03   -0.136373117983037787E+03
    0.874808350611275927E+02    0.168261558866071104E+01    0.133306659216594738E+02    0.100854319627240553E+09    0.273020078193636721E+03   -0.136510039096818360E+03
    0.858506702776621609E+02    0.168138792057744757E+01    0.138561094997668661E+02    0.126881952171101451E+09    0.273296251877992518E+03   -0.136648125938996259E+03
    0.636137152210697323E+02    0.168415892727254590E+01    0.363495408619546412E+01    0.138118362416012675E+09    0.272855340182905707E+03   -0.136427670091452853E+03
    0.992284276358370363E+02    0.168305820303136966E+01    0.660232368844460460E+01    0.118897977669780672E+09    0.272774150587742383E+03   -0.136387075293871192E+03
    0.111997374234902281E+03    0.168050382279121724E+01    0.381164485814198262E+01    0.854098634858838320E+08    0.272928554164104810E+03   -0.136464277082052405E+03
    0.983577226601002081E+02    0.168383256776432066E+01    0.839232888077449601E+01    0.115404873118805900E+09    0.273114849174445453E+03   -0.136557424587222727E+03
    0.847989583267156917E+02    0.168051043679902223E+01    0.309258253021916829E+01    0.143403128037139475E+09    0.272259107436628824E+03   -0.136129553718314412E+03
    0.865978222515267930E+02    0.167625208994481922E+01    0.793053212116869854E+01    0.100503020461095735E+09    0.273046427316862207E+03   -0.136523213658431104E+03
    0.894276627957918464E+02    0.167931198081140742E+01    0.321559993969207358E+01    0.731439368740714192E+08    0.273070167828861770E+03   -0.136535083914430885E+03
    0.692264428114187780E+02    0.167814107635531884E+01    0.114799922897212117E+02    0.986326437856889516E+08    0.273414876260065114E+03   -0.136707438130032557E+03
    0.771399911076852618E+02    0.168275212669612495E+01    0.280290188844514265E+01    0.105688530111355707E+09    0.271833958844020060E+03   -0.135916979422010030E+03
    0.771399911076852618E+02    0.168275212669612495E+01    0.280290188844514265E+01    0.105688530111355707E+09    0.271833958844020060E+03   -0.135916979422010030E+03
    0.804541618126843616E+02    0.167609922643953890E+01    0.328508716331683637E+01    0.953281884691859633E+08    0.272804327115405670E+03   -0.136402163557702835E+03
    0.111141473391200378E+03    0.168367871584756412E+01    0.106368392936656186E+01    0.104036684266840845E+09    0.272523667735627839E+03   -0.136261833867813920E+03
    0.667501048866143378E+02    0.167925244973187149E+01    0.484191433826539086E+01    0.122666624604763880E+09    0.272843353537100995E+03   -0.136421676768550498E+03
    0.785683313229160376E+02    0.167718598692739929E+01    0.965143567251175938E+01    0.108742285975603819E+09    0.273094667681517990E+03   -0.136547333840758995E+03
    0.750147411160100006E+02    0.168152323613881505E+01    0.506862663456398899E+01    0.886190606127077341E+08    0.272514195999785898E+03   -0.136257097999892949E+03
    0.910416480348841759E+02    0.167754827090748826E+01    0.333979492835554481E+01    0.136219884162798256E+09    0.272688238757832437E+03   -0.136344119378916218E+03
    0.627618266148439048E+02    0.168095055163760154E+01    0.703255534045503605E+01    0.108047122772193059E+09    0.273035345223925958E+03   -0.136517672611962979E+03
    0.918391902653561090E+02    0.168285153312209235E+01    0.290866685127418467E+01    0.734442574128550291E+08    0.272838006357447682E+03   -0.136419003178723841E+03
    0.773016154274797174E+02    0.168650196451473056E+01    0.799763357655877005E+01    0.108785218224213213E+09    0.273236504709169708E+03   -0.136618252354584854E+03
    0.809069065034677095E+02    0.168385374809256572E+01    0.356030293341333959E+01    0.135114049120356798E+09    0.272232944652355457E+03   -0.136116472326177728E+03
