    0.401207731783108823E+01    0.167864545507353791E+01    0.460888197452863579E+02    0.122768739379060054E+10    0.146446395147344560E+03   -0.732231975736722802E+02
    0.856294887808628573E+02    0.168042733671913069E+01    0.541350182906780688E+02    0.396173014790622443E+08    0.144266044144565058E+03   -0.721330220722825288E+02
    0.152761490079411743E+03    0.156029423860244476E+01    0.863573327144695355E+02    0.381061734867733955E+09    0.143507460306326465E+03   -0.717537301531632323E+02
    0.815971258432184214E+02    0.170872427531623239E+01    0.111390509336274057E+02    0.208989788951046735E+09    0.143465950039041132E+03   -0.717329750195205662E+02
    0.591169545954272664E+02    0.167687773674188390E+01    0.157661811585092035E+02    0.420986985677306950E+08    0.142029983636046154E+03   -0.710149918180230770E+02
    0.476986765861511230E+02    0.172548015097816654E+01    0.264019608497619629E+02    0.135693933489729315E+09    0.141820718267398547E+03   -0.709103591336992736E+02
    0.584477599479287768E+01    0.161067600732963534E+01    0.406647914273517799E+02    0.355133805518452004E+08    0.141440185759392477E+03   -0.707200928796962387E+02
    0.123971273169845972E+03    0.159181754079874493E+01    0.942364199975697403E+02    0.360416696616327584E+09    0.140864411682180844E+03   -0.704322058410904219E+02
    0.956205257792011309E+02    0.160941602925840477E+01    0.697960757265011864E+02    0.866361547443026304E+09    0.140702524603920580E+03   -0.703512623019602898E+02
    0.775018334388732910E+02    0.167822042397973714E+01    0.898566663265228271E+02    0.108179551459137842E+09    0.140637291612434069E+03   -0.703186458062170345E+02
    0.411910651457341359E+01    0.170423962044109034E+01    0.594601195049681479E+02    0.421404195578168109E+08    0.140501435109141397E+03   -0.702507175545706986E+02
    0.759945938639896355E+02    0.164103279282620829E+01    0.302215348462275486E+02    0.855543916340860575E+08    0.140488312422396092E+03   -0.702441562111980460E+02
    0.553693183933652477E+02    0.170497128592400049E+01    0.425702359846495355E+02    0.499864020230031237E+08    0.140429307177888859E+03   -0.702146535889444294E+02
    0.152513663051797241E+02    0.165956413661565527E+01    0.970122594515052299E+02    0.360533859638624117E+08    0.140164620725845452E+03   -0.700823103629227262E+02
    0.431427774863754721E+02    0.167018934447209388E+01    0.118976225883791571E+02    0.505904829126041830E+08    0.139735738435678911E+03   -0.698678692178394556E+02
    0.733370912500617180E+02    0.163815429474492080E+01    0.342596100218314792E+01    0.808771797025075257E+08    0.139684439881699404E+03   -0.698422199408497022E+02
    0.118760515347666555E+03    0.159087884139191083E+01    0.867900004880963252E+02    0.325907041379618943E+09    0.139646558612352749E+03   -0.698232793061763743E+02
    0.574674799998774546E+02    0.166421507701929650E+01    0.124168545853622376E+02    0.106371562042190447E+09    0.139522204790075932E+03   -0.697611023950379661E+02
    0.107616305351257324E+03    0.158355799927633267E+01    0.778122603893280029E+02    0.653682239521783739E+08    0.139450927829572493E+03   -0.697254639147862463E+02
    0.182017240781532976E+02    0.166436856798059352E+01    0.548466860032430716E+02    0.294713660316831231E+09    0.139212899928187909E+03   -0.696064499640939545E+02
    0.493507965302344047E+02    0.163713319115614597E+01    0.667826375843819733E+02    0.399596620531364620E+09    0.139193812109401534E+03   -0.695969060547007672E+02
    0.865332484245300293E+02    0.162302931631012171E+01    0.979649364948272705E+02    0.247754545014062434E+09    0.139152679610039485E+03   -0.695763398050197424E+02
    0.516410303464808962E+02    0.170296731316984595E+01    0.853334776105143789E+02    0.948686149291865528E+08    0.139004157569522818E+03   -0.695020787847614088E+02
    0.780097582508223581E+02    0.168676726882134131E+01    0.825268008287280139E+02    0.105046823062578589E+09    0.138995369857831122E+03   -0.694976849289155609E+02
    0.236910910498029494E+02    0.159774434655584785E+01    0.296578318295439338E+02    0.424503374510449842E+08    0.138969682672642847E+03   -0.694848413363214235E+02
    0.984946216816810249E+02    0.159041169630860280E+01    0.107763147856352992E+01    0.465035117454503924E+08    0.138960126509996712E+03   -0.694800632549983561E+02
    0.112342279749429821E+03    0.160871008539658256E+01    0.675431997319930701E+02    0.805019940681442469E+08    0.138941218775625742E+03   -0.694706093878128712E+02
    0.320903765669077075E+02    0.164845065711770267E+01    0.544468588707310488E+02    0.318246506871912897E+09    0.138860035996978468E+03   -0.694300179984892338E+02
    0.326410017229258145E+02    0.164826025841994794E+01    0.439603702764188000E+02    0.514307486121051848E+09    0.138807872068362315E+03   -0.694039360341811573E+02
    0.492549271299904774E+02    0.170309026760930693E+01    0.417827064552464194E+02    0.577113914101457968E+08    0.138769073316208022E+03   -0.693845366581040111E+02
    0.955980790422338522E+01    0.166483771482462961E+01    0.940908108267370409E+02    0.569098483714906096E+09    0.138763768008713697E+03   -0.693818840043568485E+02
    0.141111869378681796E+02    0.168660217813774249E+01    0.465387235617673483E+02    0.508132041860333323E+09    0.138762185781472624E+03   -0.693810928907363120E+02
    0.318753536820174155E+02    0.164551849671833228E+01    0.634850893951534161E+02    0.788976827728541374E+09    0.138758580715290776E+03   -0.693792903576453881E+02
    0.278354287147521973E+02    0.155095789728302447E+01    0.139580309391021729E+02    0.713387778674397469E+08    0.138581451231457038E+03   -0.692907256157285190E+02
    0.272858142852783203E+01    0.167326792432256100E+01    0.797601938247680664E+01    0.447833471427394152E+09    0.138533728479321098E+03   -0.692668642396605492E+02
    0.632077455520629883E+01    0.159229982214413290E+01    0.539273500442504883E+02    0.147184109697670698E+10    0.138493829803105200E+03   -0.692469149015526000E+02
    0.432394053821761304E+02    0.167682758145461119E+01    0.604385495585241657E+02    0.222770116301733673E+09    0.138292800475044629E+03   -0.691464002375223146E+02
    0.638857280633533808E-01    0.163141700455806427E+01    0.711935892908083190E+02    0.108916349228063488E+10    0.138094304521458980E+03   -0.690471522607294901E+02
    0.332654907264118904E+02    0.163731964501814797E+01    0.685057848938243268E+02    0.440353192716142833E+08    0.138032347065839559E+03   -0.690161735329197796E+02
    0.268815041077266841E+02    0.166019123200924867E+01    0.816224062358144096E+02    0.233879417527461559E+09    0.137992030865381537E+03   -0.689960154326907684E+02
    0.458427667617797852E+02    0.165807228696086706E+01    0.738417685031890869E+02    0.143839913153434992E+09    0.137958054569186061E+03   -0.689790272845930303E+02
    0.165746157503884213E+02    0.165678124466663768E+01    0.842684941079000538E+02    0.583455017443480849E+09    0.137952196467571014E+03   -0.689760982337855069E+02
    0.888055666225698559E+02    0.155417024510022905E+01    0.966973190265427007E+02    0.803043624093027353E+09    0.137842601254865627E+03   -0.689213006274328137E+02
    0.951593662596631873E+01    0.165915048974056045E+01    0.432197641193858644E+02    0.664798239236186504E+09    0.137814115669481509E+03   -0.689070578347407547E+02
    0.266183144259134856E+02    0.169926696679903255E+01    0.606607190453242282E+02    0.216667092479097188E+09    0.137786588477215105E+03   -0.688932942386075524E+02
    0.465138852320653200E+02    0.165110881852872660E+01    0.320985908746633370E+02    0.809695650103840977E+08    0.137567520691509912E+03   -0.687837603457549562E+02
    0.645753126482684365E+02    0.167746604065089833E+01    0.219002345949148713E+01    0.124116633145870596E+09    0.137546227820375407E+03   -0.687731139101877034E+02
    0.395531933294830012E+02    0.169296252902049038E+01    0.923580846980400594E+02    0.582369064312555790E+08    0.137522847231903313E+03   -0.687614236159516565E+02
    0.853261947631835938E+02    0.161964304642232881E+01    0.760439336299896240E+02    0.747575433235705942E+08    0.137326188785755676E+03   -0.686630943928778379E+02
    0.387540877712383605E+02    0.166863890016916439E+01    0.568898002068699427E+02    0.734510283918630481E+08    0.137207179508707725E+03   -0.686035897543538624E+02
    0.392802630108978761E+02    0.166120666717267751E+01    0.304348850556538473E+02    0.102882199230014086E+09    0.137171359891542721E+03   -0.685856799457713606E+02
    0.208692180393625080E+02    0.170310590990819843E+01    0.949543712802269511E+02    0.960387656336198747E+08    0.137165376585677961E+03   -0.685826882928389807E+02
    0.467687306967576717E+02    0.164267752367120790E+01    0.151652246960772565E+02    0.844383979078738838E+08    0.137102034693223686E+03   -0.685510173466118431E+02
    0.316347283691706664E+02    0.158283801597485985E+01    0.598252475753059088E+02    0.131169269579640937E+10    0.137078018583419180E+03   -0.685390092917095899E+02
    0.590388686643837257E+01    0.170231902060590734E+01    0.575091584106743099E+02    0.568041312049602196E+08    0.137067890729847818E+03   -0.685339453649239090E+02
    0.887663615891875537E+02    0.161684752935069320E+01    0.766495783743903729E+02    0.880581207791772187E+08    0.137006019874347999E+03   -0.685030099371739993E+02
    0.113415177432231040E+02    0.169569176667889154E+01    0.878379926647110381E+02    0.534000911902723610E+08    0.137001304580802156E+03   -0.685006522904010779E+02
    0.658104763983878343E+02    0.163163237739583122E+01    0.813412244944805707E+02    0.748174213078446686E+08    0.136981097178068012E+03   -0.684905485890340060E+02
    0.637779640535620995E+01    0.168905796014688048E+01    0.631857458942241976E+02    0.491544162102954835E+08    0.136970587505958747E+03   -0.684852937529793735E+02
    0.636157317181146453E+02    0.168911637468476794E+01    0.590534719595367221E+02    0.125152629404816955E+09    0.136960889555263407E+03   -0.684804447776317033E+02
    0.997015665265246867E+02    0.160154362833840924E+01    0.582436505030277019E+02    0.204732588767329276E+09    0.136913587689899202E+03   -0.684567938449496012E+02
    0.997015665265246867E+02    0.160154362833840924E+01    0.582436505030277019E+02    0.204732588767329276E+09    0.136913587689899202E+03   -0.684567938449496012E+02
    0.891391634941101074E+02    0.160225738429817444E+01    0.580463945865631104E+02    0.460234199582973301E+09    0.136902499679059702E+03   -0.684512498395298508E+02
    0.921118183243191737E+02    0.160238290148533835E+01    0.503027253183566785E+02    0.577625268347044587E+09    0.136890554765196185E+03   -0.684452773825980927E+02
    0.204822421073913574E+02    0.170071809772823634E+01    0.282947897911071777E+02    0.220041059027365088E+09    0.136860409047604065E+03   -0.684302045238020327E+02
    0.932398545192396284E+02    0.159925466727930976E+01    0.496458738040506944E+02    0.441444445791392088E+09    0.136796445464420145E+03   -0.683982227322100726E+02
    0.520069599151611328E+02    0.163967066828069852E+01    0.310726761817932129E+02    0.122499139245470926E+09    0.136786503377740161E+03   -0.683932516888700803E+02
    0.108755591564650118E+03    0.158467100311794695E+01    0.541711999407352067E+02    0.654652222701462150E+09    0.136757867885597278E+03   -0.683789339427986391E+02
    0.655598302514717801E+02    0.156784658129688426E+01    0.402198365997711562E+02    0.804204864246696234E+08    0.136518063572449734E+03   -0.682590317862248668E+02
    0.237695005296297595E+02    0.163992875014835726E+01    0.398390979092671529E+02    0.732571054862675190E+09    0.136484239254025226E+03   -0.682421196270126131E+02
    0.451542513693364089E+01    0.166946150734789267E+01    0.260417407293045180E+02    0.221892117316870421E+09    0.136476281377762319E+03   -0.682381406888811597E+02
    0.613171874927269798E+02    0.168380004691059182E+01    0.376860430450784634E+02    0.749021538343177438E+08    0.136471188617002440E+03   -0.682355943085012200E+02
    0.190773946722357080E+01    0.166070169693902447E+01    0.251258271896501526E+02    0.589529411666483656E+08    0.136455588766151152E+03   -0.682277943830755760E+02
    0.190773946722357080E+01    0.166070169693902447E+01    0.251258271896501526E+02    0.589529411666483656E+08    0.136455588766151152E+03   -0.682277943830755760E+02
    0.930537865155710797E+01    0.165068714130583882E+01    0.342609969108695438E+02    0.689657282651029587E+09    0.136368765584403292E+03   -0.681843827922016459E+02
    0.240110754966735840E+02    0.167849794603799585E+01    0.232207179069519043E+02    0.563939564300404489E+08    0.136367320373151472E+03   -0.681836601865757359E+02
    0.336067011307645700E+02    0.165167483431320106E+01    0.688708966607971149E+02    0.172147009026347220E+09    0.136366231669094304E+03   -0.681831158345471522E+02
    0.251826163808166328E+02    0.170863548085999795E+01    0.795813657683142051E+00    0.730640157533307374E+08    0.136349575373380844E+03   -0.681747876866904221E+02
    0.395149607464679109E+01    0.165255989559135807E+01    0.104647114833022847E+02    0.561186855373415425E+08    0.136312899421467534E+03   -0.681564497107337672E+02
    0.395149607464679109E+01    0.165255989559135807E+01    0.104647114833022847E+02    0.561186855373415425E+08    0.136312899421467534E+03   -0.681564497107337672E+02
    0.618719996514963455E+02    0.169384160526061400E+01    0.232236829139343826E+02    0.110616761234670401E+09    0.136283787518818116E+03   -0.681418937594090579E+02
    0.153189323051153519E+02    0.166170339570298320E+01    0.698269032434933763E+02    0.555754500914277658E+08    0.136279057363069654E+03   -0.681395286815348271E+02
    0.153189323051153519E+02    0.166170339570298320E+01    0.698269032434933763E+02    0.555754500914277658E+08    0.136279057363069654E+03   -0.681395286815348271E+02
    0.465325183976915042E+02    0.163888002763001039E+01    0.550882836380889884E+01    0.112431226714746326E+09    0.136218604061972741E+03   -0.681093020309863704E+02
    0.285994119287751332E+02    0.162071776390543087E+01    0.849736927918493024E+01    0.493896062165121064E+08    0.136164061790090472E+03   -0.680820308950452358E+02
    0.285994119287751332E+02    0.162071776390543087E+01    0.849736927918493024E+01    0.493896062165121064E+08    0.136164061790090472E+03   -0.680820308950452358E+02
    0.203675367774512885E+02    0.167231019116951729E+01    0.346437717178787778E+02    0.184259140721060067E+09    0.136126107917560063E+03   -0.680630539587800314E+02
    0.380156026228598165E+02    0.164373336993624619E+01    0.627253006026260991E+02    0.747378071813956499E+08    0.135952382412151366E+03   -0.679761912060756828E+02
    0.380156026228598165E+02    0.164373336993624619E+01    0.627253006026260991E+02    0.747378071813956499E+08    0.135952382412151366E+03   -0.679761912060756828E+02
    0.807854511551565366E+02    0.162047092323182707E+01    0.409909311389653510E+02    0.141952812232537746E+09    0.135943513967801124E+03   -0.679717569839005620E+02
    0.807854511551565366E+02    0.162047092323182707E+01    0.409909311389653510E+02    0.141952812232537746E+09    0.135943513967801124E+03   -0.679717569839005620E+02
    0.485087392324109175E+02    0.163666202678680728E+01    0.149435012272501915E+02    0.157850456235513657E+09    0.135938640283999575E+03   -0.679693201419997877E+02
    0.533967687294200886E+02    0.169577734731964869E+01    0.305215314293721072E+02    0.103460815929759249E+09    0.135930320364614715E+03   -0.679651601823073577E+02
    0.533967687294200886E+02    0.169577734731964869E+01    0.305215314293721072E+02    0.103460815929759249E+09    0.135930320364614715E+03   -0.679651601823073577E+02
    0.487837728867732494E+02    0.159030720076366783E+01    0.336979640150449669E+02    0.569739545359034985E+08    0.135882746169226266E+03   -0.679413730846131330E+02
    0.359201731981511543E+02    0.167511926093032382E+01    0.114619244081871052E+01    0.848758439735210389E+08    0.135850310931198464E+03   -0.679251554655992322E+02
    0.359201731981511543E+02    0.167511926093032382E+01    0.114619244081871052E+01    0.848758439735210389E+08    0.135850310931198464E+03   -0.679251554655992322E+02
    0.388734289077681581E+02    0.164450328490162190E+01    0.536213352966913774E+02    0.897433052415264100E+08    0.135836414491700197E+03   -0.679182072458500983E+02
    0.388734289077681581E+02    0.164450328490162190E+01    0.536213352966913774E+02    0.897433052415264100E+08    0.135836414491700197E+03   -0.679182072458500983E+02
    0.101692914767101101E+03    0.159282741216413060E+01    0.331359689740356558E+02    0.144564012263794422E+09    0.135777857148316514E+03   -0.678889285741582569E+02
    0.888162580112070117E+02    0.155549488374318567E+01    0.128537276839563983E+02    0.112414661753020525E+09    0.135763612230100989E+03   -0.678818061150504946E+02
    0.887497284818743850E+02    0.160052075405667149E+01    0.262382383385996114E+02    0.768210974858842790E+08    0.135754552162968963E+03   -0.678772760814844816E+02
    0.105806206879332905E+02    0.168170434887033693E+01    0.554609905779768866E+02    0.566457540155903473E+08    0.135694366413373672E+03   -0.678471832066868359E+02
    0.105806206879332905E+02    0.168170434887033693E+01    0.554609905779768866E+02    0.566457540155903473E+08    0.135694366413373672E+03   -0.678471832066868359E+02
    0.984981408716997819E+01    0.168961955783265338E+01    0.846989946616758971E+02    0.183786854019722760E+09    0.135690105281586824E+03   -0.678450526407934120E+02
    0.514962077140808105E+02    0.163448168127650550E+01    0.491763055324554443E+02    0.157408967919770747E+09    0.135652672104704720E+03   -0.678263360523523602E+02
    0.316442597606600025E+02    0.164898982783372183E+01    0.567670940816757650E+02    0.154577892051077813E+09    0.135627369609305759E+03   -0.678136848046528797E+02
    0.117415259485161059E+02    0.168462240592541068E+01    0.953734469345763216E+02    0.656285262345891967E+08    0.135609739481136103E+03   -0.678048697405680514E+02
    0.117415259485161059E+02    0.168462240592541068E+01    0.953734469345763216E+02    0.656285262345891967E+08    0.135609739481136103E+03   -0.678048697405680514E+02
    0.361043146270417168E+02    0.169691272499296741E+01    0.224247046183792307E+02    0.170773501890323520E+09    0.135589794555262273E+03   -0.677948972776311365E+02
    0.405769320370716144E+02    0.169652969157535538E+01    0.231625743029975411E+02    0.162642605264807850E+09    0.135581948952427410E+03   -0.677909744762137052E+02
    0.232688014233072415E+02    0.166171410093264438E+01    0.537754055927590287E+02    0.110111342859891847E+09    0.135576849755232274E+03   -0.677884248776161371E+02
    0.862273195457595421E+01    0.163991260607895195E+01    0.126431553674993697E+02    0.331822659141695917E+09    0.135572118497999583E+03   -0.677860592489997913E+02
    0.341749834460442941E+02    0.164538507622931407E+01    0.506842381623131217E+02    0.837891837182932347E+08    0.135523507133596695E+03   -0.677617535667983475E+02
    0.341749834460442941E+02    0.164538507622931407E+01    0.506842381623131217E+02    0.837891837182932347E+08    0.135523507133596695E+03   -0.677617535667983475E+02
    0.557429128426008802E+02    0.161152094607832375E+01    0.829752085635489465E+02    0.392491088415545404E+09    0.135516705077175118E+03   -0.677583525385875589E+02
    0.557429128426008802E+02    0.161152094607832375E+01    0.829752085635489465E+02    0.392491088415545404E+09    0.135516705077175118E+03   -0.677583525385875589E+02
    0.418111223180206260E+01    0.166300991741438953E+01    0.328139833430912091E+02    0.707354037908919752E+08    0.135499110426122996E+03   -0.677495552130614982E+02
    0.320731838895471055E+01    0.164947587487171732E+01    0.399472119935296490E+02    0.641579672193888187E+09    0.135484540287767828E+03   -0.677422701438839141E+02
    0.170828676163639948E+02    0.167808243239891475E+01    0.400716403962442698E+02    0.650984964466776699E+08    0.135465193594066079E+03   -0.677325967970330396E+02
    0.170828676163639948E+02    0.167808243239891475E+01    0.400716403962442698E+02    0.650984964466776699E+08    0.135465193594066079E+03   -0.677325967970330396E+02
    0.202797091500945044E+02    0.164267784959530627E+01    0.163119847326318634E+02    0.241233582214148194E+09    0.135450766286872863E+03   -0.677253831434364315E+02
    0.202797091500945044E+02    0.164267784959530627E+01    0.163119847326318634E+02    0.241233582214148194E+09    0.135450766286872863E+03   -0.677253831434364315E+02
    0.484366157719623871E+02    0.162306173051190261E+01    0.274149836105884610E+02    0.319066269950444818E+09    0.135441513980044476E+03   -0.677207569900222381E+02
    0.196358867377851141E+02    0.163666418605641284E+01    0.987788734480593433E+02    0.305497610646857679E+09    0.135427028257807592E+03   -0.677135141289037961E+02
    0.317595526249481672E+02    0.167539333683873326E+01    0.314510904173398664E+02    0.145192592510465622E+09    0.135418009523674044E+03   -0.677090047618370221E+02
    0.220162769621145173E+02    0.165005805171275477E+01    0.854679790834344573E+02    0.625911766510356218E+08    0.135366446107838328E+03   -0.676832230539191642E+02
    0.220162769621145173E+02    0.165005805171275477E+01    0.854679790834344573E+02    0.625911766510356218E+08    0.135366446107838328E+03   -0.676832230539191642E+02
    0.305627312248625813E+02    0.162918016775689378E+01    0.877453521402056964E+02    0.660886575015768528E+09    0.135324846556862440E+03   -0.676624232784312198E+02
    0.303315805940648389E+02    0.157872068714354796E+01    0.873322769477397003E+02    0.235158851597547531E+09    0.135255094002176349E+03   -0.676275470010881747E+02
    0.303315805940648389E+02    0.157872068714354796E+01    0.873322769477397003E+02    0.235158851597547531E+09    0.135255094002176349E+03   -0.676275470010881747E+02
    0.118703679484337314E+02    0.164157869917722388E+01    0.628599889729220536E+02    0.725320315934738517E+09    0.135242299669852343E+03   -0.676211498349261717E+02
    0.118703679484337314E+02    0.164157869917722388E+01    0.628599889729220536E+02    0.725320315934738517E+09    0.135242299669852343E+03   -0.676211498349261717E+02
    0.140539499412465450E+02    0.163725295891194089E+01    0.258394129209554846E+01    0.504005009041251957E+09    0.135232445417152007E+03   -0.676162227085760037E+02
    0.183668542493355780E+02    0.160901720457552022E+01    0.462459372402324842E+01    0.599572714878707081E+08    0.135220029687275712E+03   -0.676100148436378561E+02
    0.307201406026016279E+02    0.164485903316618831E+01    0.229065740021470496E+02    0.112272652257612288E+09    0.135196238159406164E+03   -0.675981190797030820E+02
    0.858871412320333434E+02    0.156756329622523216E+01    0.136664906985717600E+02    0.176960759477076083E+09    0.135148570892754748E+03   -0.675742854463773739E+02
    0.229060421046015712E+02    0.163448444999016118E+01    0.432021239477834200E+02    0.516449936605650365E+09    0.135120748875947356E+03   -0.675603744379736781E+02
    0.676138398187055003E+02    0.161517318742339500E+01    0.431125341320725113E+02    0.258679950460840344E+09    0.135101756653403896E+03   -0.675508783267019481E+02
    0.396126596373248887E+02    0.169463877415388042E+01    0.222387662988000763E+02    0.794654560641437322E+08    0.135085727966073819E+03   -0.675428639830369093E+02
    0.209871363953170160E+02    0.167472619397865663E+01    0.709236054094765223E+02    0.128738337546119675E+09    0.135050785235960802E+03   -0.675253926179804012E+02
    0.209871363953170160E+02    0.167472619397865663E+01    0.709236054094765223E+02    0.128738337546119675E+09    0.135050785235960802E+03   -0.675253926179804012E+02
    0.555866642617748408E+01    0.164499908116407667E+01    0.668215946746014424E+02    0.728271255885167360E+09    0.135026712151421407E+03   -0.675133560757107034E+02
    0.134619860875357968E+02    0.162141365234935897E+01    0.215084212165361244E+02    0.532831898579312563E+08    0.135022677141988254E+03   -0.675113385709941269E+02
    0.174914203269722037E+02    0.165007951522678487E+01    0.739180128592455361E+02    0.641368269631220475E+08    0.135010447576605060E+03   -0.675052237883025299E+02
    0.364831915565016089E+02    0.162225800659828501E+01    0.221517621761645813E+02    0.597975501187746450E+08    0.134967458683207013E+03   -0.674837293416035067E+02
    0.670620182773136548E+02    0.156970325759016260E+01    0.391148495530552935E+02    0.182451438311413825E+09    0.134946994412752133E+03   -0.674734972063760665E+02
    0.670620182773136548E+02    0.156970325759016260E+01    0.391148495530552935E+02    0.182451438311413825E+09    0.134946994412752133E+03   -0.674734972063760665E+02
    0.259920673165714344E+01    0.166568949111226194E+01    0.387511909745729497E+02    0.816922872081407607E+08    0.134894038324348003E+03   -0.674470191621740014E+02
    0.801881779622297728E+02    0.160805707933643349E+01    0.558794626141530948E+01    0.146507910048669279E+09    0.134865103110265494E+03   -0.674325515551327470E+02
    0.801881779622297728E+02    0.160805707933643349E+01    0.558794626141530948E+01    0.146507910048669279E+09    0.134865103110265494E+03   -0.674325515551327470E+02
    0.766078712980738459E+02    0.157255205978197821E+01    0.117252387555624367E+02    0.182336056544554830E+09    0.134840119325459966E+03   -0.674200596627299831E+02
    0.829661546548055924E+02    0.156324710493515084E+01    0.858889184441774312E+01    0.192384084803352237E+09    0.134799251396827600E+03   -0.673996256984138000E+02
    0.620594043090492633E+02    0.161123693547244962E+01    0.739068162968537621E+02    0.773237139368488044E+08    0.134797210639528970E+03   -0.673986053197644850E+02
    0.368327988846499821E+02    0.161325195729460491E+01    0.215965677994461345E+02    0.598010068045635745E+08    0.134741987842134279E+03   -0.673709939210671394E+02
    0.460965121686113477E+02    0.168462917812810775E+01    0.337647075628065920E+02    0.984133903127713501E+08    0.134730018234875104E+03   -0.673650091174375518E+02
    0.460965121686113477E+02    0.168462917812810775E+01    0.337647075628065920E+02    0.984133903127713501E+08    0.134730018234875104E+03   -0.673650091174375518E+02
    0.534621941165540591E+02    0.161974998066512654E+01    0.698282450624995050E+02    0.728900363969171345E+08    0.134722146078463027E+03   -0.673610730392315133E+02
    0.534621941165540591E+02    0.161974998066512654E+01    0.698282450624995050E+02    0.728900363969171345E+08    0.134722146078463027E+03   -0.673610730392315133E+02
    0.182980153295484307E+02    0.163813949208191523E+01    0.742965246236058476E+02    0.582275898990705684E+08    0.134699939668140303E+03   -0.673499698340701514E+02
    0.182980153295484307E+02    0.163813949208191523E+01    0.742965246236058476E+02    0.582275898990705684E+08    0.134699939668140303E+03   -0.673499698340701514E+02
    0.759950036905499076E+02    0.156439408096200694E+01    0.176534885818274212E+02    0.201663270914230734E+09    0.134672996503426731E+03   -0.673364982517133654E+02
    0.759950036905499076E+02    0.156439408096200694E+01    0.176534885818274212E+02    0.201663270914230734E+09    0.134672996503426731E+03   -0.673364982517133654E+02
    0.750610490905266090E+02    0.159885536511213933E+01    0.206219545154803825E+02    0.483875586655911803E+09    0.134668812056194753E+03   -0.673344060280973764E+02
    0.750610490905266090E+02    0.159885536511213933E+01    0.206219545154803825E+02    0.483875586655911803E+09    0.134668812056194753E+03   -0.673344060280973764E+02
    0.313234240105601245E+02    0.162895414555986950E+01    0.422264081870203398E+02    0.657134321356881186E+08    0.134636808778161821E+03   -0.673184043890809107E+02
    0.182401812114310147E+02    0.163115037388252815E+01    0.906150336808780423E+02    0.301680724063174486E+09    0.134636267902113929E+03   -0.673181339510569643E+02
    0.794367588082066050E+02    0.158771657617957884E+01    0.713405819118986244E+02    0.736804040323154926E+09    0.134631301159071711E+03   -0.673156505795358555E+02
    0.206881545287700908E+01    0.166501026158507837E+01    0.532213117329324419E+02    0.142947509993846923E+09    0.134631203549179759E+03   -0.673156017745898794E+02
    0.999337541860330170E+01    0.169260414012592242E+01    0.529684140232670870E+02    0.165348102699615061E+09    0.134612131281008857E+03   -0.673060656405044284E+02
    0.999337541860330170E+01    0.169260414012592242E+01    0.529684140232670870E+02    0.165348102699615061E+09    0.134612131281008857E+03   -0.673060656405044284E+02
    0.134425220268410373E+01    0.166466830222605289E+01    0.426227311225796868E+02    0.135174766289449573E+09    0.134608644521418881E+03   -0.673043222607094407E+02
    0.134425220268410373E+01    0.166466830222605289E+01    0.426227311225796868E+02    0.135174766289449573E+09    0.134608644521418881E+03   -0.673043222607094407E+02
    0.265166209065375966E+02    0.163629537765654653E+01    0.842336489272061471E+02    0.228040674909874916E+09    0.134601627689647728E+03   -0.673008138448238640E+02
    0.693705375669072399E+01    0.166534993393670727E+01    0.798266465071409073E+02    0.838425788512348682E+08    0.134594321466690843E+03   -0.672971607333454216E+02
    0.693705375669072399E+01    0.166534993393670727E+01    0.798266465071409073E+02    0.838425788512348682E+08    0.134594321466690843E+03   -0.672971607333454216E+02
    0.173100559187553777E+02    0.162626130456251761E+01    0.754958188828236132E+02    0.792690045863544226E+09    0.134583645309343211E+03   -0.672918226546716056E+02
    0.173100559187553777E+02    0.162626130456251761E+01    0.754958188828236132E+02    0.792690045863544226E+09    0.134583645309343211E+03   -0.672918226546716056E+02
    0.922568601899223140E+01    0.168344010885494777E+01    0.906453338634483252E+01    0.209668608757895947E+09    0.134575331368631453E+03   -0.672876656843157264E+02
    0.922568601899223140E+01    0.168344010885494777E+01    0.906453338634483252E+01    0.209668608757895947E+09    0.134575331368631453E+03   -0.672876656843157264E+02
    0.652575783096175002E+02    0.158530424763816713E+01    0.698411169152408462E+02    0.378809025855144858E+09    0.134549669879913381E+03   -0.672748349399566905E+02
    0.652575783096175002E+02    0.158530424763816713E+01    0.698411169152408462E+02    0.378809025855144858E+09    0.134549669879913381E+03   -0.672748349399566905E+02
    0.567431295600253183E+01    0.169929846604655421E+01    0.394087009370836157E+02    0.877815220915008485E+08    0.134544046417240338E+03   -0.672720232086201690E+02
    0.567431295600253183E+01    0.169929846604655421E+01    0.394087009370836157E+02    0.877815220915008485E+08    0.134544046417240338E+03   -0.672720232086201690E+02
    0.732363415330927978E+02    0.160820131313830439E+01    0.483127128528405052E+02    0.109019763348794714E+09    0.134538264463307627E+03   -0.672691322316538134E+02
    0.223140768341010940E+02    0.167702896004420787E+01    0.593726006124800278E+02    0.105920103649592787E+09    0.134530493716916993E+03   -0.672652468584584966E+02
    0.340304983058645618E+02    0.168193516062837856E+01    0.424516782098048395E+02    0.861916259076227099E+08    0.134522629108975678E+03   -0.672613145544878392E+02
    0.512893640004150053E+00    0.166709149096548437E+01    0.543254309021581747E+02    0.134512075921193272E+09    0.134501643091480616E+03   -0.672508215457403082E+02
    0.169020372305792250E+02    0.163198621307555203E+01    0.740712522302257952E+02    0.298838472103396118E+09    0.134471285688900593E+03   -0.672356428444502967E+02
    0.770052302931144084E+01    0.168462151812096339E+01    0.119783323203048386E+02    0.202921317865809917E+09    0.134452345426625953E+03   -0.672261727133129767E+02
    0.126842411735026008E+02    0.163538762630310419E+01    0.598077194797444349E+02    0.595481067966337129E+08    0.134435915519437827E+03   -0.672179577597189137E+02
    0.239796160670986609E+02    0.165006922830933789E+01    0.887260543147942684E+02    0.101053001017944232E+09    0.134426289972272059E+03   -0.672131449861360295E+02
    0.544588905223224895E+01    0.166512149877117688E+01    0.676107136380012292E+02    0.104958018667726651E+09    0.134413656138594831E+03   -0.672068280692974156E+02
    0.544588905223224895E+01    0.166512149877117688E+01    0.676107136380012292E+02    0.104958018667726651E+09    0.134413656138594831E+03   -0.672068280692974156E+02
    0.373676515061593761E+02    0.168966069635632921E+01    0.217124095691134720E+02    0.146339350590145022E+09    0.134380955753237401E+03   -0.671904778766187007E+02
    0.245630620378156515E+02    0.169329153490586348E+01    0.458958928961491424E+02    0.116390794173830941E+09    0.134377307661260033E+03   -0.671886538306300167E+02
    0.595276238439703320E+01    0.167076720928099531E+01    0.566389686516792139E+02    0.992444343067759573E+08    0.134372697160027002E+03   -0.671863485800135010E+02
    0.595276238439703320E+01    0.167076720928099531E+01    0.566389686516792139E+02    0.992444343067759573E+08    0.134372697160027002E+03   -0.671863485800135010E+02
    0.805059571207663396E+02    0.159219277411574534E+01    0.317077344861036607E+02    0.224913947443810940E+09    0.134365722679277042E+03   -0.671828613396385208E+02
    0.805059571207663396E+02    0.159219277411574534E+01    0.317077344861036607E+02    0.224913947443810940E+09    0.134365722679277042E+03   -0.671828613396385208E+02
    0.511171815500256628E+02    0.157043626074506704E+01    0.272255868503310055E+02    0.215232119149758667E+09    0.134363565045315596E+03   -0.671817825226577980E+02
    0.511171815500256628E+02    0.157043626074506704E+01    0.272255868503310055E+02    0.215232119149758667E+09    0.134363565045315596E+03   -0.671817825226577980E+02
    0.192277905544445460E+02    0.163240411745682623E+01    0.235428452106749964E+01    0.730827988625539839E+08    0.134358468398333116E+03   -0.671792341991665580E+02
    0.458186849355203734E+02    0.163008226983910487E+01    0.696291794021088890E+02    0.117689105166220695E+09    0.134347544551502267E+03   -0.671737722757511335E+02
    0.259483003126841112E+02    0.164499931785024400E+01    0.941161298356674223E+02    0.109928490851860270E+09    0.134340471468213877E+03   -0.671702357341069387E+02
    0.157744384260987900E+02    0.170073437004096584E+01    0.194652125731145951E+02    0.109112530196573704E+09    0.134333759604290947E+03   -0.671668798021454734E+02
    0.157744384260987900E+02    0.170073437004096584E+01    0.194652125731145951E+02    0.109112530196573704E+09    0.134333759604290947E+03   -0.671668798021454734E+02
    0.291874663069717499E+02    0.168080602137346302E+01    0.388614475977506117E+02    0.888903644964345396E+08    0.134298540037339308E+03   -0.671492700186696538E+02
    0.291874663069717499E+02    0.168080602137346302E+01    0.388614475977506117E+02    0.888903644964345396E+08    0.134298540037339308E+03   -0.671492700186696538E+02
    0.493336148648632067E+00    0.165629204388121365E+01    0.751901680770722436E+02    0.652719985592772588E+08    0.134290209985817171E+03   -0.671451049929085855E+02
    0.320871709724673906E+02    0.163295657530247129E+01    0.717608245030619258E+02    0.199374483381555825E+09    0.134270913278539467E+03   -0.671354566392697336E+02
    0.364050845819554425E+02    0.168138965754563308E+01    0.114535007711964507E+02    0.132802765293078303E+09    0.134255992952081016E+03   -0.671279964760405079E+02
    0.162990040852310507E+02    0.165214736332556544E+01    0.643791036203328275E+02    0.155835373151191235E+09    0.134246943918010942E+03   -0.671234719590054709E+02
    0.162990040852310507E+02    0.165214736332556544E+01    0.643791036203328275E+02    0.155835373151191235E+09    0.134246943918010942E+03   -0.671234719590054709E+02
    0.408296783838345831E+02    0.168949918621120299E+01    0.705435889255966853E+01    0.119078129861880824E+09    0.134183766184291414E+03   -0.670918830921457072E+02
    0.138923673368241669E+02    0.162582730687802535E+01    0.881529929601708346E+02    0.307695466696364760E+09    0.134178189005931927E+03   -0.670890945029659633E+02
    0.574027274235295124E+02    0.158174080402535333E+01    0.318579840339503697E+02    0.118901492804292202E+09    0.134176499822054126E+03   -0.670882499110270629E+02
    0.520915213957212586E+02    0.161052293778257183E+01    0.680400214063249535E+02    0.775884564673432857E+08    0.134173425310347170E+03   -0.670867126551735851E+02
    0.520915213957212586E+02    0.161052293778257183E+01    0.680400214063249535E+02    0.775884564673432857E+08    0.134173425310347170E+03   -0.670867126551735851E+02
    0.760916314723439910E+02    0.158898648563302092E+01    0.263793070979016981E+02    0.102814406584109858E+09    0.134172999081301157E+03   -0.670864995406505784E+02
    0.118053084683574827E+02    0.167556555806671281E+01    0.140373443763046417E+02    0.967193546329737455E+08    0.134159841999359884E+03   -0.670799209996799419E+02
    0.118053084683574827E+02    0.167556555806671281E+01    0.140373443763046417E+02    0.967193546329737455E+08    0.134159841999359884E+03   -0.670799209996799419E+02
    0.416534598839762964E+02    0.168421771897882477E+01    0.109353399583174737E+01    0.973034837285514474E+08    0.134146394597730222E+03   -0.670731972988651108E+02
    0.360431717207293048E+02    0.160633514335234961E+01    0.898250147417870721E+02    0.380179810042575359E+09    0.134136859746239310E+03   -0.670684298731196549E+02
    0.226656651144218557E+01    0.166059773328338878E+01    0.534644100783254501E+02    0.893860206653852314E+08    0.134123413802305038E+03   -0.670617069011525189E+02
    0.121902454818506563E+02    0.169494776633668720E+01    0.218516839266713037E+01    0.169274941649734765E+09    0.134119567384706698E+03   -0.670597836923533492E+02
    0.121902454818506563E+02    0.169494776633668720E+01    0.218516839266713037E+01    0.169274941649734765E+09    0.134119567384706698E+03   -0.670597836923533492E+02
    0.450529868159451112E+02    0.161415530099441140E+01    0.136961868229123649E+02    0.697095934544045448E+09    0.134102069504762511E+03   -0.670510347523812555E+02
    0.450529868159451112E+02    0.161415530099441140E+01    0.136961868229123649E+02    0.697095934544045448E+09    0.134102069504762511E+03   -0.670510347523812555E+02
    0.302553488580228453E+02    0.163318988199287718E+01    0.152495666130468166E+02    0.871398327964817137E+08    0.134070038587316731E+03   -0.670350192936583653E+02
    0.302553488580228453E+02    0.163318988199287718E+01    0.152495666130468166E+02    0.871398327964817137E+08    0.134070038587316731E+03   -0.670350192936583653E+02
    0.186032259973428751E+02    0.157728071583252394E+01    0.191598948443416646E+02    0.379488361588687360E+09    0.134048070490167078E+03   -0.670240352450835388E+02
    0.422644871336959440E+02    0.161099758565300499E+01    0.803076994460955440E+01    0.384466600239149570E+09    0.134025396570383748E+03   -0.670126982851918740E+02
    0.187875257747417699E+02    0.168857182959386143E+01    0.404323709200416772E+02    0.821350054948910177E+08    0.134022770619640113E+03   -0.670113853098200565E+02
    0.187875257747417699E+02    0.168857182959386143E+01    0.404323709200416772E+02    0.821350054948910177E+08    0.134022770619640113E+03   -0.670113853098200565E+02
    0.426076496762881263E+02    0.163049011275128963E+01    0.440728082743084713E+02    0.997475234493554384E+08    0.134016609676046215E+03   -0.670083048380231077E+02
    0.515485447852783807E+02    0.159975371171277470E+01    0.162393917958275082E+02    0.746753137783298641E+08    0.134007524589998582E+03   -0.670037622949992908E+02
    0.495668677779563041E+02    0.162539009508206100E+01    0.190068503362398467E+02    0.952710284622446746E+08    0.134004559834390818E+03   -0.670022799171954091E+02
    0.166575353633531655E+02    0.168797361486977882E+01    0.151576433127853019E+02    0.782265786589227021E+08    0.133982712091677570E+03   -0.669913560458387849E+02
    0.162194257144915674E+02    0.162486771787397499E+01    0.381918205576622398E+02    0.414803849274796247E+09    0.133961615164659122E+03   -0.669808075823295610E+02
    0.246734377360377799E+02    0.163472862809384334E+01    0.680576031831054564E+02    0.730601222849056572E+08    0.133914141154402074E+03   -0.669570705772010371E+02
    0.243471670914363187E+02    0.164202671584539983E+01    0.898127678374795408E+02    0.120268213630972803E+09    0.133895115607824351E+03   -0.669475578039121757E+02
    0.103909891187990873E+02    0.163800831337875086E+01    0.119472909332007671E+01    0.862975080945266336E+08    0.133871287471166227E+03   -0.669356437355831133E+02
    0.567302862344870995E+01    0.169331782153326493E+01    0.320178765728452817E+02    0.143895042866749942E+09    0.133844772982926202E+03   -0.669223864914631008E+02
    0.235305708238004243E+02    0.161976564057523764E+01    0.863927624731959725E+02    0.283513402253690183E+09    0.133841736166553545E+03   -0.669208680832767726E+02
    0.435354309983452907E+02    0.158034106389891993E+01    0.129936994445829903E+02    0.384150986878321469E+09    0.133819513015263851E+03   -0.669097565076319256E+02
    0.468381944772211867E+01    0.168414873391217990E+01    0.718556551945630986E+02    0.102115495640523911E+09    0.133819122041260357E+03   -0.669095610206301785E+02
    0.168435275906078985E+02    0.169096279021713292E+01    0.297949937180088433E+02    0.144594686816232055E+09    0.133818138233530789E+03   -0.669090691167653944E+02
    0.105631265773929996E+02    0.162227542420981985E+01    0.905906813318854347E+02    0.729745736307285309E+09    0.133769257650611053E+03   -0.668846288253055263E+02
    0.105631265773929996E+02    0.162227542420981985E+01    0.905906813318854347E+02    0.729745736307285309E+09    0.133769257650611053E+03   -0.668846288253055263E+02
    0.251237010159369909E+02    0.160670796885849065E+01    0.292640699184902715E+02    0.731858789188392162E+08    0.133738711091713753E+03   -0.668693555458568767E+02
    0.250418523720064856E+01    0.162739599366343657E+01    0.219227823763835161E+02    0.425309589805728853E+09    0.133717372079609675E+03   -0.668586860398048373E+02
    0.250418523720064856E+01    0.162739599366343657E+01    0.219227823763835161E+02    0.425309589805728853E+09    0.133717372079609675E+03   -0.668586860398048373E+02
    0.290701413004236322E+02    0.158513872788947552E+01    0.483298491656329432E+02    0.133148753807681844E+09    0.133714872459256640E+03   -0.668574362296283198E+02
    0.346826009200895911E+02    0.160969112253697211E+01    0.652972199747536024E+02    0.754389679545485675E+08    0.133689975304291238E+03   -0.668449876521456190E+02
    0.750014082872781529E+01    0.169174937416637228E+01    0.351847344477555524E+02    0.126280394549761534E+09    0.133680472371882928E+03   -0.668402361859414640E+02
    0.485238526010372127E+02    0.161321400247969193E+01    0.673214706533018443E+02    0.224753907318866849E+09    0.133676017824821173E+03   -0.668380089124105865E+02
    0.239879262790890309E+02    0.162946562517642479E+01    0.995229481685917250E+02    0.778914456867750138E+08    0.133672941874446337E+03   -0.668364709372231687E+02
    0.183977212677533934E+02    0.162491506239116257E+01    0.104321281194690343E+02    0.504021994913634777E+09    0.133658783168395388E+03   -0.668293915841976940E+02
    0.183977212677533934E+02    0.162491506239116257E+01    0.104321281194690343E+02    0.504021994913634777E+09    0.133658783168395388E+03   -0.668293915841976940E+02
    0.125601887702941895E+02    0.168157497450939286E+01    0.431755602359771729E+02    0.140154998497161567E+09    0.133644675776634699E+03   -0.668223378883173496E+02
    0.125601887702941895E+02    0.168157497450939286E+01    0.431755602359771729E+02    0.140154998497161567E+09    0.133644675776634699E+03   -0.668223378883173496E+02
    0.575006200861377081E+02    0.160078106200932702E+01    0.294173187075820692E+02    0.253941086064513654E+09    0.133641840426212241E+03   -0.668209202131061204E+02
    0.413830530741125386E+02    0.160215669271558481E+01    0.592082268752248808E+02    0.384367309641422510E+09    0.133638531716562312E+03   -0.668192658582811561E+02
    0.224913510402301391E+02    0.168503107918497008E+01    0.328515786143235573E+02    0.123537863953461990E+09    0.133610069982996180E+03   -0.668050349914980899E+02
    0.623736264868091794E+01    0.168602275813145419E+01    0.507547290415123129E+02    0.939631870604531020E+08    0.133609959324569132E+03   -0.668049796622845662E+02
    0.166492397044086360E+02    0.160348319422129260E+01    0.479600963048519588E+02    0.772442023324692547E+08    0.133590081559793759E+03   -0.667950407798968797E+02
    0.556931445944914785E+02    0.158601936420345435E+01    0.508854725848181602E+02    0.864713213359556675E+09    0.133583547403896887E+03   -0.667917737019484434E+02
    0.359391992402644362E+02    0.162360435748566845E+01    0.921682866362505280E+02    0.159875057632083952E+09    0.133568336375053406E+03   -0.667841681875267028E+02
    0.359391992402644362E+02    0.162360435748566845E+01    0.921682866362505280E+02    0.159875057632083952E+09    0.133568336375053406E+03   -0.667841681875267028E+02
    0.213522563655530462E+02    0.163572894263121249E+01    0.345548621621072272E+02    0.867420552339706272E+08    0.133557616448879884E+03   -0.667788082244399419E+02
    0.648603187756812982E+01    0.157961928324766943E+01    0.551212897005913049E+02    0.100373502102106285E+10    0.133552643390474202E+03   -0.667763216952371010E+02
    0.135496191897907821E+02    0.164933217506700602E+01    0.590278064163530374E+02    0.116510521889919445E+09    0.133544855262011595E+03   -0.667724276310057974E+02
    0.893739715818026781E+01    0.168666720444464469E+01    0.484785745662748653E+02    0.113131057024313495E+09    0.133543015120463764E+03   -0.667715075602318819E+02
    0.375913492900298474E+01    0.163045907201375528E+01    0.711393482462113838E+02    0.280681227843536615E+09    0.133537851565942901E+03   -0.667689257829714506E+02
    0.237377014798752413E+02    0.162911127918482856E+01    0.690612800930677651E+02    0.752030827756817043E+08    0.133535174161485884E+03   -0.667675870807429419E+02
    0.504128331498306039E+02    0.161045110108510947E+01    0.643235449652635083E+02    0.971972000535391271E+08    0.133504674294425712E+03   -0.667523371472128559E+02
    0.504128331498306039E+02    0.161045110108510947E+01    0.643235449652635083E+02    0.971972000535391271E+08    0.133504674294425712E+03   -0.667523371472128559E+02
    0.129188825163292886E+02    0.168006237698393579E+01    0.191034954509040666E+02    0.990568389328827113E+08    0.133495267029972922E+03   -0.667476335149864610E+02
    0.659721039727519543E+01    0.162447811726972779E+01    0.881905819051443274E+02    0.667633261798075199E+09    0.133481321367556461E+03   -0.667406606837782306E+02
    0.127274868486199235E+02    0.161847043320607709E+01    0.671499693425890456E+02    0.419114255383250773E+09    0.133446145311036958E+03   -0.667230726555184788E+02
    0.437723702681800688E+02    0.158490778616156880E+01    0.349224166048864504E+02    0.912541094313958168E+09    0.133443565613541637E+03   -0.667217828067708183E+02
    0.960555238373760112E+01    0.161595999114220290E+01    0.972076294425980194E+02    0.467607180932572603E+09    0.133427517473949820E+03   -0.667137587369749099E+02
    0.542122050212322009E+02    0.159619487003262561E+01    0.842139636266295071E+02    0.695682206774087906E+09    0.133422916082912110E+03   -0.667114580414560550E+02
    0.156359818205608239E+02    0.162458858533518069E+01    0.533773169085438184E+02    0.273475974011639833E+09    0.133422426060460623E+03   -0.667112130302303115E+02
    0.266050624502906752E+01    0.165561580799155594E+01    0.892828460544228051E+02    0.145411159044864982E+09    0.133422152182502600E+03   -0.667110760912513001E+02
    0.478828800261293566E+02    0.159987301145149319E+01    0.883324686495684972E+02    0.192087846372355223E+09    0.133416890267071835E+03   -0.667084451335359176E+02
    0.105004046539643991E+01    0.162491262190439878E+01    0.359908173611929172E+01    0.459931015381513596E+09    0.133416051097315318E+03   -0.667080255486576590E+02
    0.195537830300733475E+02    0.160876004406798501E+01    0.131204814738124149E+02    0.325299351701736867E+09    0.133410646858497785E+03   -0.667053234292488924E+02
    0.793084074896067293E+01    0.159166346200888609E+01    0.520701568424676324E+02    0.132749002077074483E+09    0.133396605531144587E+03   -0.666983027655722935E+02
    0.354433132358670733E+02    0.162443765092429349E+01    0.791144869845990684E+02    0.101444110887101904E+09    0.133389961522877456E+03   -0.666949807614387282E+02
    0.489171485094390093E+02    0.159648227290331057E+01    0.124700240891146095E+02    0.387691943613318324E+09    0.133387477802210583E+03   -0.666937389011052915E+02
    0.597089713340604931E+02    0.161265373207483620E+01    0.191754709786538839E+02    0.144875747404025495E+09    0.133356666092753301E+03   -0.666783330463766504E+02
    0.355992757634524324E+02    0.162525695599209263E+01    0.642078292609803043E+02    0.170070238180999815E+09    0.133353527847775041E+03   -0.666767639238875205E+02
    0.128574889072122911E+02    0.163883313978433187E+01    0.559084534602730443E+01    0.113388270187744156E+09    0.133340620508404697E+03   -0.666703102542023487E+02
    0.413223608361144414E+02    0.161689883455045336E+01    0.853290811246168204E+02    0.116654776244170099E+09    0.133337450804707629E+03   -0.666687254023538145E+02
    0.106651067925000760E+02    0.165103544943133174E+01    0.969064005119359706E+02    0.114119626554784656E+09    0.133335584885928455E+03   -0.666677924429642275E+02
    0.559452014999581735E+02    0.158495226563390457E+01    0.925348817965685413E+02    0.717388312622251391E+09    0.133325920194532387E+03   -0.666629600972661933E+02
    0.361386498544411126E+02    0.158014338117378728E+01    0.954027158664529225E+02    0.878946555904122233E+09    0.133323335033218910E+03   -0.666616675166094552E+02
    0.427645559244664053E+01    0.168470240898777357E+01    0.224687425131148402E+02    0.147553965250515610E+09    0.133316576901381268E+03   -0.666582884506906339E+02
    0.184464866412702619E+02    0.158830290402330121E+01    0.601070914678617143E+02    0.196721441323671699E+09    0.133306112930027837E+03   -0.666530564650139183E+02
    0.237643860010881198E+02    0.162712312314352858E+01    0.666394520366002929E+01    0.890051720809784532E+08    0.133279639916259299E+03   -0.666398199581296495E+02
    0.249458781836765233E+02    0.160541669697208622E+01    0.960087700149629626E+02    0.245495778749279559E+09    0.133270922439339387E+03   -0.666354612196696934E+02
    0.162228958072124136E+02    0.156050154897921445E+01    0.549113001462624197E+02    0.583614439948609233E+09    0.133267936251425738E+03   -0.666339681257128689E+02
    0.134626672926588338E+02    0.163757049377371899E+01    0.871407543063604173E+01    0.136361108991870672E+09    0.133258162722903762E+03   -0.666290813614518811E+02
    0.357024230445702173E+02    0.162559780217845673E+01    0.382844699035351468E+02    0.173647063230600208E+09    0.133255914327707046E+03   -0.666279571638535231E+02
    0.993260238901834214E+01    0.164973722420056723E+01    0.981463318382231336E+02    0.132504579010384604E+09    0.133251118655348307E+03   -0.666255593276741536E+02
    0.216395022524689580E+02    0.163700909341414835E+01    0.773053483906816865E+02    0.146504370804921240E+09    0.133250181370448388E+03   -0.666250906852241940E+02
    0.368612951973648109E+02    0.162647467227265219E+01    0.941385776638695937E+01    0.135612399833300769E+09    0.133239128626597847E+03   -0.666195643132989233E+02
    0.530776356011068629E+01    0.161156107066500365E+01    0.675095950844124530E+02    0.837749154168544263E+08    0.133234385202561867E+03   -0.666171926012809337E+02
    0.168206947041587647E+02    0.163727738364689390E+01    0.209939509234326458E+02    0.131596791305429980E+09    0.133209310411629360E+03   -0.666046552058146801E+02
    0.474493585602324188E+02    0.160040917074306788E+01    0.380742155213910394E+02    0.253416196021601319E+09    0.133198436354974177E+03   -0.665992181774870886E+02
    0.263640454854067023E+02    0.160817007572510762E+01    0.402737693407205821E+01    0.270509599668074667E+09    0.133181293096049785E+03   -0.665906465480248926E+02
    0.124880745620734483E+02    0.161575019235787187E+01    0.600780564007862097E+02    0.425652921198800325E+09    0.133174831890650267E+03   -0.665874159453251337E+02
    0.688091696564544542E+01    0.162059860172497205E+01    0.645470848089145903E+02    0.760438483721546084E+08    0.133166466154763640E+03   -0.665832330773818200E+02
    0.364443852643178658E+02    0.159823261041123721E+01    0.425100329542103861E+01    0.925487970110309571E+08    0.133158601691400975E+03   -0.665793008457004873E+02
    0.438803149724877670E+02    0.160810005803132450E+01    0.735285196312550227E+02    0.171071893209711701E+09    0.133158158610914370E+03   -0.665790793054571850E+02
    0.216701986194260670E+02    0.162658528733901742E+01    0.118478444458657286E+02    0.214162196413462192E+09    0.133152872402185892E+03   -0.665764362010929460E+02
    0.260082694952729998E+01    0.161608716425156018E+01    0.201316557667542888E+02    0.386899609854744911E+09    0.133147935211094989E+03   -0.665739676055474945E+02
    0.411815204256609704E+02    0.159385179575657276E+01    0.761971797688353831E+02    0.172058062021834075E+09    0.133131304860991236E+03   -0.665656524304956179E+02
    0.340172374261900003E+02    0.162292474218264271E+01    0.760966531487037940E+02    0.107365459784643918E+09    0.133121948218603563E+03   -0.665609741093017817E+02
    0.167267041014932083E+02    0.164108471483720963E+01    0.681498458417208184E+02    0.133184000203491107E+09    0.133120374241655639E+03   -0.665601871208278197E+02
    0.283435868224261327E+02    0.160951443227956981E+01    0.481569252693710315E+01    0.884121933406735957E+08    0.133116742666577267E+03   -0.665583713332886333E+02
    0.475465902148458426E+02    0.160104431906362144E+01    0.512952323094104230E+02    0.630877464578552127E+09    0.133057802468617467E+03   -0.665289012343087336E+02
    0.119379885190508954E+02    0.161903944879726391E+01    0.817993051602063446E+02    0.837761067143912911E+08    0.133057798184712908E+03   -0.665288990923564540E+02
    0.255319776385460457E+02    0.162925288613847741E+01    0.107570761251273908E+02    0.157272852196319938E+09    0.133054685440718629E+03   -0.665273427203593144E+02
    0.300278454134539494E+02    0.161883145306494280E+01    0.926951518804565637E+02    0.159095423340584844E+09    0.133053528919322446E+03   -0.665267644596612229E+02
    0.179040048598959700E+02    0.163966405431949247E+01    0.707646316802222941E+02    0.111874895303026468E+09    0.133050686590001447E+03   -0.665253432950007237E+02
    0.487159582977100847E+01    0.162302095147374748E+01    0.393491435678471646E+02    0.778467124412371665E+08    0.133043631788649293E+03   -0.665218158943246465E+02
    0.212643153768240403E+02    0.163112243422574021E+01    0.754801369777676285E+02    0.898474521588470042E+08    0.133030572386654171E+03   -0.665152861933270856E+02
    0.217668440470670745E+02    0.163494447225381645E+01    0.655938964384336316E+02    0.103824415181243345E+09    0.133022938032376629E+03   -0.665114690161883146E+02
    0.120224620343083117E+02    0.160219386456309265E+01    0.287098989990912727E+02    0.380129795832163751E+09    0.133015654210013224E+03   -0.665078271050066121E+02
    0.653827131638415615E+01    0.159641271154309017E+01    0.103534660645474599E+02    0.109242573919149190E+09    0.133012522231263659E+03   -0.665062611156318297E+02
    0.137890128507886303E+02    0.164092500207793490E+01    0.460088691090486037E+02    0.129359343212438434E+09    0.133000094589130299E+03   -0.665000472945651495E+02
    0.283805078348501771E+01    0.161788338844715107E+01    0.714611103277851782E+02    0.267407750663420469E+09    0.132987563518572642E+03   -0.664937817592863212E+02
    0.104769498632645739E+02    0.159832385877657113E+01    0.812612079148443627E+02    0.126901336158611193E+09    0.132969102961063413E+03   -0.664845514805317066E+02
    0.323120803784530324E+02    0.161848492674477473E+01    0.615532244663437780E+02    0.917687529081382155E+08    0.132957819410523001E+03   -0.664789097052615006E+02
    0.604551465376398767E+01    0.161737109952439018E+01    0.545796121024386025E+02    0.748048022830676556E+09    0.132957807702508660E+03   -0.664789038512543300E+02
    0.276754206492915991E+02    0.160877280660855493E+01    0.342912654955894158E+01    0.240236904857574522E+09    0.132931685592237358E+03   -0.664658427961186788E+02
    0.223821576580715416E+02    0.162613129040952953E+01    0.871985655435314300E+02    0.159222562419163465E+09    0.132914100017142658E+03   -0.664570500085713292E+02
    0.310121101408662270E+01    0.162318398213725779E+01    0.129507568114697360E+02    0.543144190344455123E+09    0.132913420846605590E+03   -0.664567104233027948E+02
    0.993084646259181625E+01    0.164154063189460642E+01    0.926600772569275080E+02    0.168270729031624645E+09    0.132908470941820184E+03   -0.664542354709100920E+02
    0.327069257485042231E+01    0.159961142209002505E+01    0.958807495555983706E+02    0.434655206047074199E+09    0.132896959389623248E+03   -0.664484796948116241E+02
    0.738326378789049453E+01    0.163495119052649662E+01    0.857423737992076553E+02    0.759770125112095177E+08    0.132894341321738779E+03   -0.664471706608693893E+02
    0.310623668233047887E+02    0.156497593852035144E+01    0.775968877643300203E+02    0.833434486799863338E+09    0.132883953034305733E+03   -0.664419765171528667E+02
    0.173768148630909214E+01    0.161008082282015197E+01    0.766531611310695524E+02    0.100604851009741962E+09    0.132882890739120228E+03   -0.664414453695601139E+02
    0.879635896332194456E+01    0.164580422265507842E+01    0.563414166955951359E+02    0.998428964605315626E+08    0.132877068623351818E+03   -0.664385343116759088E+02
    0.302272754945397581E+01    0.160328605931441093E+01    0.155450379011531421E+02    0.212952210914390713E+09    0.132874783490275917E+03   -0.664373917451379583E+02
    0.457502889066476328E+02    0.160836836066039512E+01    0.114078977883283095E+02    0.161904881559058011E+09    0.132871679989459324E+03   -0.664358399947296618E+02
    0.118658074979410415E+02    0.162091559411674968E+01    0.379747798331567736E+02    0.586581921265047073E+09    0.132862683076910002E+03   -0.664313415384550012E+02
    0.284350620005209187E+02    0.158843458020872585E+01    0.221723543352371770E+02    0.176446283451667756E+09    0.132854513288524771E+03   -0.664272566442623855E+02
    0.896187898932485361E+01    0.161212802642807018E+01    0.647880460239279756E+02    0.459099662961626172E+09    0.132845397412806477E+03   -0.664226987064032386E+02
    0.317421078176758620E+02    0.160567168654374592E+01    0.264604655481350584E+02    0.501561452814828694E+09    0.132843255615532627E+03   -0.664216278077663134E+02
    0.106502903260324544E+02    0.159833551363943926E+01    0.655111579084439732E+01    0.110046293230053157E+09    0.132835801372253371E+03   -0.664179006861266856E+02
    0.132762193485261157E+02    0.160323643478059208E+01    0.658349655774104860E+02    0.248839926081416726E+09    0.132801013030532772E+03   -0.664005065152663860E+02
    0.274410856397633971E+02    0.160495931118316992E+01    0.846479186195944777E+02    0.175858927213246763E+09    0.132806853861968420E+03   -0.664034269309842102E+02
    0.777353164381493578E+01    0.161053267529209276E+01    0.751442201807486185E+02    0.180690028606270313E+09    0.132480240579536769E+03   -0.662401202897683845E+02
    0.133121036380978524E+02    0.161816618817551716E+01    0.683397599223483070E+02    0.187244465220852911E+09    0.132353364174168263E+03   -0.661766820870841315E+02
    0.318644970352002677E+01    0.163954116421293450E+01    0.539916566946758252E+02    0.167001197101132512E+09    0.132413782026964014E+03   -0.662068910134820072E+02
    0.128571116361944284E+02    0.161631967369585317E+01    0.674392687376821414E+02    0.213821972414635003E+09    0.132503321877174386E+03   -0.662516609385871931E+02
    0.109887476035359644E+02    0.161548887397747865E+01    0.558468157761641066E+02    0.170651138964876980E+09    0.132122922382295201E+03   -0.660614611911476004E+02
    0.359525669623338899E+02    0.161785515853684014E+01    0.592839296726887426E+02    0.133536744562679768E+09    0.132665236978232315E+03   -0.663326184891161574E+02
    0.162199227846649450E+02    0.160007741166535844E+01    0.690983991755330038E+02    0.127798337061552942E+09    0.132642472288913382E+03   -0.663212361444566909E+02
    0.851100575798716008E+01    0.163969963906404681E+01    0.835620349985871513E+02    0.127155857125401080E+09    0.132378047188129869E+03   -0.661890235940649347E+02
    0.705531018752414685E+01    0.162758861259513443E+01    0.585593147586348408E+02    0.138370280989424765E+09    0.132154640668403374E+03   -0.660773203342016870E+02
    0.988583550558069390E+01    0.163363995028194053E+01    0.599494166906603070E+02    0.110859630189822376E+09    0.132289982151854417E+03   -0.661449910759272086E+02
    0.197763287851682605E+02    0.159924497410227784E+01    0.552492455580663631E+02    0.129814740102060869E+09    0.132516535890599954E+03   -0.662582679452999770E+02
    0.144982675122517186E+02    0.161561072842438525E+01    0.577700709285680034E+02    0.103087595284392297E+09    0.132302681008119066E+03   -0.661513405040595330E+02
    0.956038034927506075E+01    0.161354408553171313E+01    0.733744352980497467E+02    0.104825653653302327E+09    0.132513813634686556E+03   -0.662569068173432782E+02
    0.200549319948124847E+02    0.161781178094628353E+01    0.121218854286099873E+02    0.152995072330103219E+09    0.132071534122794048E+03   -0.660357670613970242E+02
    0.201461713699866429E+02    0.160038625870154316E+01    0.291353899457576127E+02    0.162975100277224004E+09    0.132382814823128115E+03   -0.661914074115640574E+02
    0.978277129557517888E+01    0.161397997540914284E+01    0.264738082794512337E+02    0.165682484807134569E+09    0.132057481520043382E+03   -0.660287407600216909E+02
    0.230188977289315311E+02    0.163000972314816561E+01    0.366230810367548543E+02    0.151471179679286361E+09    0.132811738895205394E+03   -0.664058694476026972E+02
    0.317056953648004658E+02    0.161596399944089208E+01    0.204377253254482589E+02    0.171045918901328474E+09    0.132292125510775804E+03   -0.661460627553879021E+02
    0.383864475818794304E+02    0.160023067981854239E+01    0.680836238447244568E+01    0.113546461485158339E+09    0.132625266647490321E+03   -0.663126333237451604E+02
    0.321250605459871323E+02    0.160427338700120803E+01    0.377305857153508555E+02    0.103478026510569081E+09    0.132683625753635766E+03   -0.663418128768178832E+02
    0.364738069116061467E+02    0.161853024445207661E+01    0.149181340104715225E+02    0.961617842981234342E+08    0.132765029489509175E+03   -0.663825147447545874E+02
    0.379346441710122377E+02    0.161939165162772913E+01    0.480291277398909173E+02    0.164648859391165704E+09    0.132799955010960616E+03   -0.663999775054803081E+02
    0.269669108670717739E+01    0.164089968406590203E+01    0.650902264575934595E+02    0.170214180912695676E+09    0.132418872979004760E+03   -0.662094364895023801E+02
    0.339462876386631223E+02    0.160526681701824048E+01    0.500482992382874627E+02    0.154195797171216726E+09    0.132582752444908323E+03   -0.662913762224541614E+02
    0.147826521152080623E+02    0.161063961938710509E+01    0.516149951866421119E+02    0.104529166115482390E+09    0.132403655746300132E+03   -0.662018278731500658E+02
    0.106534013259920730E+02    0.159830320101831602E+01    0.816635399480118593E+02    0.190076442558068693E+09    0.132789004648317245E+03   -0.663945023241586227E+02
    0.291376625778756804E+02    0.160288440035197044E+01    0.207910729951640327E+02    0.192321723933053702E+09    0.132539049331284474E+03   -0.662695246656422370E+02
    0.335771110035394926E+02    0.159738872790209907E+01    0.146925216062225914E+02    0.243093844948950619E+09    0.132703951141181676E+03   -0.663519755705908381E+02
    0.302645359296721139E+02    0.162359208316157289E+01    0.450532376751749908E+02    0.112474236589981198E+09    0.132636786719350113E+03   -0.663183933596750563E+02
    0.633195751178437316E+01    0.161385349832826375E+01    0.200447401105433762E+02    0.180198313776467234E+09    0.132150363991780949E+03   -0.660751819958904747E+02
    0.171258540161550847E+02    0.160090764706347133E+01    0.667386112922866204E+02    0.133059719782578871E+09    0.132570197938995534E+03   -0.662850989694977670E+02
    0.246553800709880626E+02    0.162107795471941585E+01    0.410094557363663910E+02    0.182880746939343274E+09    0.132500564723834486E+03   -0.662502823619172432E+02
    0.249527853993230542E+01    0.163896724210275790E+01    0.979888054650324420E+02    0.854307938907341063E+08    0.132244094114398877E+03   -0.661220470571994383E+02
    0.478941551007892574E+01    0.163878873490560673E+01    0.318718041785622646E+02    0.165953729377858847E+09    0.132682545234281719E+03   -0.663412726171408593E+02
    0.153223445123358282E+02    0.161659446509946081E+01    0.644866476173254313E+02    0.149266190644334674E+09    0.132178530662367876E+03   -0.660892653311839382E+02
    0.174106529711952938E+02    0.161682570449542307E+01    0.438551806613042032E+02    0.176682022156695873E+09    0.132112523715971463E+03   -0.660562618579857315E+02
    0.301585899476607970E+02    0.161965177121955795E+01    0.236671793371627182E+02    0.157178787972231150E+09    0.132369679857822405E+03   -0.661848399289112024E+02
    0.439370689570523822E+02    0.160328200920425057E+01    0.477628032445482376E+02    0.166987886522257000E+09    0.132786519453310092E+03   -0.663932597266550459E+02
    0.146852724478980932E+02    0.163525624582886131E+01    0.817663449747103357E+02    0.123578027498564720E+09    0.132637653531569583E+03   -0.663188267657847916E+02
    0.644647668983617539E+01    0.163768419816573396E+01    0.914796409673127187E+02    0.895686460550693274E+08    0.132393380778334148E+03   -0.661966903891670739E+02
    0.433715773892164691E+02    0.161577686364905682E+01    0.392236935421334607E+02    0.109729866939924985E+09    0.132723218451953556E+03   -0.663616092259767782E+02
    0.301000358631331282E-01    0.164039206209146715E+01    0.673727457152072162E+02    0.154386202097449481E+09    0.132044902774378130E+03   -0.660224513871890650E+02
    0.851851431912367651E+01    0.163692838968941023E+01    0.794020148838920079E+02    0.911052853959135860E+08    0.132487394379020003E+03   -0.662436971895100015E+02
    0.141990194657758479E+02    0.161938782207399701E+01    0.766585522005417204E+02    0.101010724481485695E+09    0.132528099657570692E+03   -0.662640498287853461E+02
    0.869980754437088244E+01    0.163768950107970035E+01    0.441148539545450049E+02    0.156466172640511394E+09    0.132609408300819837E+03   -0.663047041504099184E+02
    0.338382877524288901E+02    0.159991802865371091E+01    0.506671297208285196E+02    0.139886272305485934E+09    0.132528790213248328E+03   -0.662643951066241641E+02
    0.129561282772034065E+02    0.162277408673891710E+01    0.305052764907537970E+02    0.160708382469952792E+09    0.132144553113568946E+03   -0.660722765567844732E+02
    0.375283153596095715E+02    0.160162601526930981E+01    0.632698017291520216E+02    0.132650694087087542E+09    0.132722045941500625E+03   -0.663610229707503123E+02
    0.188996549903677291E+02    0.161326428481044881E+01    0.445614575284604584E+02    0.184021768369339317E+09    0.132215124141930858E+03   -0.661075620709654288E+02
    0.293145978217930221E+02    0.160244031636578965E+01    0.480836250121023028E+02    0.113046583694969445E+09    0.132455444812004089E+03   -0.662277224060020444E+02
    0.124360477898389217E+02    0.162138403100506689E+01    0.334562727255752819E+02    0.138957126399271220E+09    0.132052903812555172E+03   -0.660264519062775861E+02
    0.921334853063821058E+01    0.161520174540369665E+01    0.995735736141956096E+01    0.102915942528096527E+09    0.132301070534919404E+03   -0.661505352674597020E+02
    0.152537018268966502E+02    0.163483210632555864E+01    0.287700253000122146E+02    0.113484137443576425E+09    0.132787386115666152E+03   -0.663936930578330760E+02
    0.503560310344664863E+01    0.161713125814949632E+01    0.182634129273817045E+02    0.103278989631118774E+09    0.132222105659789662E+03   -0.661110528298948310E+02
    0.156853431246989299E+02    0.161320008850608376E+01    0.349249015979995292E+02    0.871878979910078347E+08    0.132778749141357878E+03   -0.663893745706789389E+02
    0.237098303054162898E+02    0.162693366356165803E+01    0.258640462518990972E+02    0.105192361504925847E+09    0.132666069029131734E+03   -0.663330345145658669E+02
    0.248656663956083470E+02    0.162032375423151165E+01    0.203584134527576026E+02    0.945425664381747246E+08    0.132598598263638536E+03   -0.662992991318192679E+02
    0.685151275517732739E+01    0.161647463625626364E+01    0.188804244377873793E+02    0.115184470979899287E+09    0.131964017803979090E+03   -0.659820089019895448E+02
    0.242050956547400560E+02    0.161380898218023883E+01    0.321887004003111628E+02    0.535917078060835838E+09    0.132733076028202277E+03   -0.663665380141011383E+02
    0.239273639342218267E+02    0.158575808659500961E+01    0.232011670582851330E+02    0.453945413289534450E+09    0.132594190844773863E+03   -0.662970954223869313E+02
    0.406281672153684852E+02    0.157341392115031709E+01    0.401465007559889813E+02    0.742280247384035230E+09    0.132156316435710778E+03   -0.660781582178553890E+02
    0.318241105380578020E+02    0.159164298399382975E+01    0.536080415171866775E+02    0.415128780377223790E+09    0.132807682210663302E+03   -0.664038411053316509E+02
    0.147493806636821496E+02    0.157390625313082522E+01    0.429614774397707322E+02    0.754480656260536790E+09    0.132116586599266526E+03   -0.660582932996332630E+02
    0.226026612624186960E+02    0.160797102022977922E+01    0.449727308915542920E+02    0.678126598183230400E+09    0.132640648318346337E+03   -0.663203241591731683E+02
    0.141166879416581050E+02    0.160132452429586847E+01    0.763173355763835559E+02    0.590974702020264506E+09    0.132041127551178135E+03   -0.660205637755890677E+02
    0.452911325915486671E+02    0.158836630299069226E+01    0.563533007982231169E+02    0.660548963614432931E+09    0.132270052578658522E+03   -0.661350262893292609E+02
    0.192760420824480363E+02    0.155949238092318776E+01    0.357988167090891238E+02    0.795667322958493948E+09    0.132394942085693117E+03   -0.661974710428465585E+02
    0.317751782500290467E+02    0.159553108219823692E+01    0.108553344146876629E+01    0.610634549056082129E+09    0.132177324726564962E+03   -0.660886623632824808E+02
    0.280036164185958221E+02    0.159926818602698750E+01    0.989724665839394930E+02    0.573226615003242612E+09    0.132550920004285160E+03   -0.662754600021425802E+02
    0.850315237572144667E+00    0.161854046507205451E+01    0.449577557721389240E+02    0.481814084051695347E+09    0.132704880003286178E+03   -0.663524400016430889E+02
    0.108616749052958550E+01    0.158992507261964056E+01    0.697101907371582001E+02    0.657133100367083192E+09    0.132053261011316692E+03   -0.660266305056583462E+02
    0.219166136873307558E+02    0.160649640992049347E+01    0.740719085135648356E+02    0.606072203206601739E+09    0.132560120040093437E+03   -0.662800600200467187E+02
    0.247275516057723515E+02    0.159771095651222583E+01    0.819241783412162050E+02    0.762122632059987783E+09    0.132498481872839761E+03   -0.662492409364198807E+02
    0.787193473838895841E+01    0.159977408503510432E+01    0.878840907308960766E+02    0.792856175062871099E+09    0.132522178286147494E+03   -0.662610891430737468E+02
    0.216965118942104285E+01    0.159626357115831752E+01    0.846170556625410057E+02    0.501646023060560346E+09    0.132277798108719026E+03   -0.661388990543595128E+02
    0.256631155532647490E+02    0.159150380141391801E+01    0.754066226539217723E+02    0.673920211183312535E+09    0.132097672017831684E+03   -0.660488360089158419E+02
    0.875699275237772135E+01    0.159735588610645296E+01    0.638986895231463876E+02    0.698040643593369007E+09    0.131892028026150911E+03   -0.659460140130754553E+02
    0.741876054974364330E+01    0.161486638350842426E+01    0.851922586244942082E+01    0.569384619167363405E+09    0.132428792208006882E+03   -0.662143961040034412E+02
    0.224387203884013893E+02    0.159215197569912248E+01    0.655251963832975690E+02    0.582668251852733135E+09    0.131927175177795135E+03   -0.659635875888975676E+02
