    0.329384207725524902E+02    0.176248852642256448E+01    0.391671001911163330E+02    0.141043329189142175E+08    0.829613362251648425E+02   -0.414806681125824213E+02
    0.319779515266418457E+02    0.167358505427032189E+01    0.452934265136718750E+02    0.141637146256767772E+08    0.802006711916939707E+02   -0.401003355958469854E+02
    0.636764168739318848E+02    0.162205695277046669E+01    0.922078728675842285E+02    0.192976806870970702E+10    0.793519463890916938E+02   -0.396759731945458469E+02
    0.874871233301718689E+02    0.173851563661966169E+01    0.184248444797279127E+02    0.128717811708688870E+09    0.787064776145007130E+02   -0.393532388072503565E+02
    0.264889597892761230E+02    0.169988566737644597E+01    0.783226072788238525E+02    0.133023955703519043E+08    0.786360320628811564E+02   -0.393180160314405782E+02
    0.166802823543548584E+03    0.164101835370749694E+01    0.117721438407897949E+02    0.331757672347748429E+08    0.786102420353173841E+02   -0.393051210176586920E+02
    0.727598667144775391E+02    0.170574779407810539E+01    0.879852116107940674E+02    0.668377563770874143E+09    0.785768824957826268E+02   -0.392884412478913134E+02
    0.342649365453556398E+00    0.159143069633490786E+01    0.670981247060522605E+02    0.321483065013216920E+08    0.784685323917908875E+02   -0.392342661958954437E+02
    0.168977141380310059E+03    0.167155425365514332E+01    0.229910731315612793E+02    0.163574930850257307E+09    0.783059778876494619E+02   -0.391529889438247309E+02
    0.279451191425323486E+03    0.159545876563151445E+01    0.307176232337951660E+02    0.217556845681529015E+09    0.779691655364033664E+02   -0.389845827682016832E+02
    0.155858666751875710E+02    0.163897441605550598E+01    0.522149574221537947E+02    0.147609906565893006E+10    0.779186796579778900E+02   -0.389593398289889450E+02
    0.551602244377136230E+02    0.168721888935871012E+01    0.702293097972869873E+02    0.338762853554219082E+08    0.778463264301775837E+02   -0.389231632150887918E+02
    0.299717435524620797E+02    0.172675423232856118E+01    0.516765008100813859E+02    0.502320482701185942E+09    0.776111291214603654E+02   -0.388055645607301827E+02
    0.492080046937282489E+02    0.162974466945314633E+01    0.891306744302747234E+02    0.151015539573268676E+10    0.774679804485325292E+02   -0.387339902242662646E+02
    0.195042014122009277E+03    0.154919508345245704E+01    0.173212945461273193E+02    0.973953996581440568E+09    0.772733148332526838E+02   -0.386366574166263419E+02
    0.124567747116088867E+03    0.168969876371096572E+01    0.532229721546173096E+02    0.709775019609836042E+08    0.769808277628529538E+02   -0.384904138814264769E+02
    0.178018701820851078E+03    0.165254232243504040E+01    0.316606744701671374E+02    0.245549222499649733E+09    0.766665551606657800E+02   -0.383332775803328900E+02
    0.217062913516288845E+02    0.169680372282697944E+01    0.104743441592012871E+02    0.471218248252280429E+08    0.765648037073049181E+02   -0.382824018536524591E+02
    0.863727879776018597E+02    0.160451752668150016E+01    0.328654483784638387E+02    0.340535129931083322E+08    0.764230571555366112E+02   -0.382115285777683056E+02
    0.699526071548461914E+01    0.167787628330267458E+01    0.994642674922943115E+02    0.350768784578614384E+08    0.763072334682708799E+02   -0.381536167341354400E+02
    0.340713858604431152E+02    0.171224255990912599E+01    0.993431866168975830E+02    0.462887028679684028E+08    0.762144856050102959E+02   -0.381072428025051479E+02
    0.134683902098895203E+03    0.164871201418516589E+01    0.859950466836879315E+02    0.454131515952972025E+08    0.760773653157497591E+02   -0.380386826578748796E+02
    0.178370475769042969E+02    0.171767794876354563E+01    0.197140574455261230E+01    0.602055629320817515E+08    0.760612853647648706E+02   -0.380306426823824353E+02
    0.191022157669067383E+02    0.169697657396891843E+01    0.333479285240173340E+02    0.710769814808239937E+09    0.759388797353429652E+02   -0.379694398676714826E+02
    0.115270122962615957E+03    0.167539529908561757E+01    0.635829205323296804E+02    0.307331011135089993E+09    0.757772177082957654E+02   -0.378886088541478827E+02
    0.711549520492553711E+02    0.156861857811044980E+01    0.450923740863800049E+02    0.435419893280146122E+08    0.753880375623679697E+02   -0.376940187811839849E+02
    0.116808789477025528E+03    0.168594600122408722E+01    0.232944289823856892E+02    0.120585602723122209E+09    0.753506431079836148E+02   -0.376753215539918074E+02
    0.201030790805816650E+03    0.162282260484159035E+01    0.472952246665954590E+02    0.604589310050030589E+09    0.752876175702273827E+02   -0.376438087851136913E+02
    0.242505729198455811E+03    0.162511879005788340E+01    0.607070684432983398E+02    0.199218897599365681E+09    0.752418925372512319E+02   -0.376209462686256160E+02
    0.861223925112402213E+02    0.170988179646009564E+01    0.930217761045590095E+02    0.205219160279648811E+09    0.751886015406558670E+02   -0.375943007703279335E+02
    0.778394998587951079E+02    0.171366912827936524E+01    0.619163183992583726E+02    0.102535289791642949E+09    0.751267106241129738E+02   -0.375633553120564869E+02
    0.186506211757659912E+03    0.164620590745316075E+01    0.421899139881134033E+02    0.208758750877483845E+09    0.751118174750812102E+02   -0.375559087375406051E+02
    0.922659039497375488E+02    0.169446159746292913E+01    0.960775017738342285E+01    0.228032851189255357E+09    0.749400133616010180E+02   -0.374700066808005090E+02
    0.883864704844666171E+01    0.160582531515934201E+01    0.739823426412487493E+02    0.448313237599609569E+08    0.747879158204000305E+02   -0.373939579102000152E+02
    0.149136950056204029E+03    0.164870981167041508E+01    0.113359869931611144E+02    0.353176569299741685E+09    0.747690736308840087E+02   -0.373845368154420044E+02
    0.236398755167488218E+03    0.160640119707381812E+01    0.813916980074450720E+02    0.172683885696385056E+09    0.747664379522078377E+02   -0.373832189761039189E+02
    0.859877467155456543E+02    0.167638400664799625E+01    0.747940301895141602E+02    0.375783959113879919E+09    0.746776780635188686E+02   -0.373388390317594343E+02
    0.986570119857788086E+02    0.169132004832140903E+01    0.470022141933441162E+02    0.215549813669713825E+09    0.746051969232737235E+02   -0.373025984616368618E+02
    0.136455714702606201E+03    0.165567845762540755E+01    0.186419188976287842E+02    0.244557980141472548E+09    0.745443052101688153E+02   -0.372721526050844076E+02
    0.831001400947570801E+02    0.167934987155549287E+01    0.213606715202331543E+02    0.826495286702430397E+08    0.745001456097917441E+02   -0.372500728048958720E+02
    0.139553453920022736E+02    0.171255725505223788E+01    0.362768700590389792E+00    0.793633804267456681E+08    0.744615818366101365E+02   -0.372307909183050683E+02
    0.219459840564558561E+02    0.170665057846074952E+01    0.852307326256577085E+02    0.609767441331072748E+08    0.743313570849682606E+02   -0.371656785424841303E+02
    0.316579629625659003E+02    0.164388694837101834E+01    0.631132162782620156E+02    0.430721742252456620E+08    0.743292325749795282E+02   -0.371646162874897641E+02
    0.157820268383003963E+03    0.161116608740873879E+01    0.767010252967627935E+02    0.482261416399025023E+08    0.741728439477757178E+02   -0.370864219738878589E+02
    0.288711931003207063E+02    0.164418352874443530E+01    0.437407662403726718E+02    0.966040516580750942E+09    0.741218837768074650E+02   -0.370609418884037325E+02
    0.643180608749389648E+02    0.166311874757461498E+01    0.181775629520416260E+02    0.663263849925987720E+08    0.740957740687005639E+02   -0.370478870343502820E+02
    0.104899144720408998E+03    0.167031178962147031E+01    0.411088670663862317E+02    0.117385144722378850E+09    0.740717401638070498E+02   -0.370358700819035249E+02
    0.489909345226875104E+02    0.165949661430908280E+01    0.593854721674611170E+02    0.774513983572337866E+09    0.740132727320361283E+02   -0.370066363660180642E+02
    0.347745418548583984E+01    0.172418084046536646E+01    0.944956898689270020E+02    0.912146362081403732E+08    0.739370631991585299E+02   -0.369685315995792649E+02
    0.517505304183102766E+02    0.171398487978851310E+01    0.392872818062233762E+02    0.181597096125669092E+09    0.738619602910200115E+02   -0.369309801455100057E+02
    0.300225019454956055E+02    0.166625196132133646E+01    0.301453530788421631E+02    0.581673146558767408E+08    0.738442706883070770E+02   -0.369221353441535385E+02
    0.161123216152191162E+03    0.162215443394650904E+01    0.521233737468719482E+02    0.535343837478711158E+08    0.736626133574259541E+02   -0.368313066787129770E+02
    0.388883313390210787E+02    0.167693189550850197E+01    0.165860322908249125E+01    0.761771604852768779E+08    0.736542397134036833E+02   -0.368271198567018416E+02
    0.498227864754661098E+02    0.168351299004341426E+01    0.380696854219139311E+02    0.405844190839263678E+09    0.736166444519063816E+02   -0.368083222259531908E+02
    0.249617695808410645E+02    0.169567154164924205E+01    0.664880275726318359E+01    0.332308018338151157E+09    0.736092620749424071E+02   -0.368046310374712036E+02
    0.227902928534964957E+03    0.157703342380001543E+01    0.768590847506227703E+02    0.171626433498774916E+09    0.735269337112044354E+02   -0.367634668556022177E+02
    0.976872444152832031E+01    0.169089854676936091E+01    0.500580966472625732E+02    0.545521730508070588E+09    0.735108482652624673E+02   -0.367554241326312336E+02
    0.430003306949022530E+02    0.165879155320308347E+01    0.749542670294757229E+01    0.675501172014521837E+09    0.734425866226508788E+02   -0.367212933113254394E+02
    0.356055243441750662E+02    0.167474939204623330E+01    0.683251133771144055E+02    0.597237312027722001E+09    0.734224554444480759E+02   -0.367112277222240380E+02
    0.356055243441750662E+02    0.167474939204623330E+01    0.683251133771144055E+02    0.597237312027722001E+09    0.734224554444480759E+02   -0.367112277222240380E+02
    0.380325047563698035E+02    0.166361373765325915E+01    0.639703487871698826E+02    0.710745197798465967E+09    0.734136205215421853E+02   -0.367068102607710927E+02
    0.588078590888796526E+02    0.168330660985440117E+01    0.634202168810064393E+02    0.760341413880748451E+08    0.733970516576328436E+02   -0.366985258288164218E+02
    0.142863632042630968E+02    0.171799356657091984E+01    0.178867131382885596E+02    0.230173885533568412E+09    0.733920338084521546E+02   -0.366960169042260773E+02
    0.872395761628944513E+02    0.165871333980335067E+01    0.974915570911222886E+02    0.470756157271629930E+09    0.733600925677639850E+02   -0.366800462838819925E+02
    0.872395761628944513E+02    0.165871333980335067E+01    0.974915570911222886E+02    0.470756157271629930E+09    0.733600925677639850E+02   -0.366800462838819925E+02
    0.317334062212225234E+02    0.165367315909577006E+01    0.724962246386660496E+02    0.835822926470867991E+09    0.732944256572016144E+02   -0.366472128286008072E+02
    0.186780571937561035E+03    0.163928191069172557E+01    0.606686413288116455E+02    0.154392086940626353E+09    0.732775368143867638E+02   -0.366387684071933819E+02
    0.186780571937561035E+03    0.163928191069172557E+01    0.606686413288116455E+02    0.154392086940626353E+09    0.732775368143867638E+02   -0.366387684071933819E+02
    0.546307012086743526E+02    0.169371374525201079E+01    0.125587168643848202E+02    0.238999046455980659E+09    0.732750421038855961E+02   -0.366375210519427981E+02
    0.638819093333952424E+02    0.167975161669310502E+01    0.585137613999998720E+02    0.861975268800494671E+08    0.731495802351340814E+02   -0.365747901175670407E+02
    0.167184140551162301E+03    0.164182556624667564E+01    0.574790869562333526E+02    0.279623408916828930E+09    0.730611408245921297E+02   -0.365305704122960648E+02
    0.538817339900746628E+01    0.166951037797495827E+01    0.615514669009439714E+02    0.598989905062825829E+08    0.730219600495113355E+02   -0.365109800247556677E+02
    0.221967697143554688E+02    0.161965975490986147E+01    0.252951025962829590E+02    0.605460528897567615E+08    0.729909171769330811E+02   -0.364954585884665406E+02
    0.362049644186026569E+02    0.167183929901889328E+01    0.225892148149155503E+01    0.826672660997713804E+08    0.729838548669086720E+02   -0.364919274334543360E+02
    0.362049644186026569E+02    0.167183929901889328E+01    0.225892148149155503E+01    0.826672660997713804E+08    0.729838548669086720E+02   -0.364919274334543360E+02
    0.122594379041499550E+02    0.170227248600252512E+01    0.714183512055878964E+02    0.302333010196047306E+09    0.729719291773049576E+02   -0.364859645886524788E+02
    0.597149399748154508E+02    0.168208331304038317E+01    0.990168321350833480E+02    0.790226110609701872E+08    0.729428969078913525E+02   -0.364714484539456762E+02
    0.387309789657592773E+02    0.163524653013991106E+01    0.859827160835266113E+02    0.937224172176272988E+09    0.729125289893964919E+02   -0.364562644946982459E+02
    0.742556452751159668E+02    0.165794902486879403E+01    0.714236438274383545E+02    0.506768632269847870E+09    0.728987588704823111E+02   -0.364493794352411555E+02
    0.314570071992272950E+02    0.168359883470658511E+01    0.534929052226494903E+02    0.429088809755536318E+09    0.728986110067664868E+02   -0.364493055033832434E+02
    0.314570071992272950E+02    0.168359883470658511E+01    0.534929052226494903E+02    0.429088809755536318E+09    0.728986110067664868E+02   -0.364493055033832434E+02
    0.423810196775392978E+01    0.170430528112658797E+01    0.433240435760088900E+02    0.889617411061127037E+08    0.728857172046312343E+02   -0.364428586023156171E+02
    0.558426767439256295E+02    0.168195560147159417E+01    0.477134523116377736E+02    0.896529722618146241E+08    0.728816103237222137E+02   -0.364408051618611069E+02
    0.474815161639043168E+02    0.164808674432392577E+01    0.556469633019166636E+02    0.546247103189763650E+08    0.728701981779055359E+02   -0.364350990889527679E+02
    0.240127102642675325E+02    0.164343058566892775E+01    0.513700516659974511E+02    0.862332739760542631E+09    0.727699663079607717E+02   -0.363849831539803859E+02
    0.190119111103709344E+03    0.157563661421490409E+01    0.715096594002576609E+02    0.976603690333054960E+08    0.727666147810945461E+02   -0.363833073905472730E+02
    0.459370670557793659E+02    0.166433803392944579E+01    0.411129218517677408E+01    0.839867159608455151E+08    0.727497321977763249E+02   -0.363748660988881625E+02
    0.187246139351517002E+03    0.163368182906340409E+01    0.771762203976576870E+02    0.121111142673647881E+09    0.726919598221089700E+02   -0.363459799110544850E+02
    0.119578156125873434E+03    0.164395387355539890E+01    0.298074227465005741E+02    0.495230082588085294E+09    0.726902649679868631E+02   -0.363451324839934315E+02
    0.506270985334752979E+02    0.166546931385856589E+01    0.789141341388249771E+02    0.707161685230966210E+08    0.726535625670319121E+02   -0.363267812835159560E+02
    0.142598099942507503E+03    0.161080004057106985E+01    0.738379305770786516E+02    0.726533290457112432E+09    0.726206832736136505E+02   -0.363103416368068252E+02
    0.525939450561975477E+02    0.162486055088208081E+01    0.867075200516098050E+02    0.943397942248773217E+09    0.726057378178408896E+02   -0.363028689089204448E+02
    0.255615062109109275E+02    0.169655133524847135E+01    0.525900647898049485E+02    0.909295595364101976E+08    0.725890481994754282E+02   -0.362945240997377141E+02
    0.255615062109109275E+02    0.169655133524847135E+01    0.525900647898049485E+02    0.909295595364101976E+08    0.725890481994754282E+02   -0.362945240997377141E+02
    0.463906348827685946E+02    0.167221574645021187E+01    0.873108032626554262E+02    0.752896105692865551E+08    0.725091840666208896E+02   -0.362545920333104448E+02
    0.463906348827685946E+02    0.167221574645021187E+01    0.873108032626554262E+02    0.752896105692865551E+08    0.725091840666208896E+02   -0.362545920333104448E+02
    0.169842652778463687E+02    0.169348160153511929E+01    0.428768587146395461E+02    0.296849497970385790E+09    0.724681965171046159E+02   -0.362340982585523079E+02
    0.169842652778463687E+02    0.169348160153511929E+01    0.428768587146395461E+02    0.296849497970385790E+09    0.724681965171046159E+02   -0.362340982585523079E+02
    0.447952062846614112E+02    0.160445017158261471E+01    0.400095596640031061E+02    0.980068475599987745E+09    0.724472559956184625E+02   -0.362236279978092313E+02
    0.147144794464111328E+02    0.166615727769444288E+01    0.243511021137237549E+02    0.598592155326467037E+09    0.723997408697524065E+02   -0.361998704348762033E+02
    0.593375563621520996E+02    0.169000223902757529E+01    0.804192483425140381E+02    0.112195719829037547E+09    0.723942491797306786E+02   -0.361971245898653393E+02
    0.169441253853047186E+03    0.162191491843260516E+01    0.743840810618483061E+02    0.826128973522564769E+08    0.723822169084370302E+02   -0.361911084542185151E+02
    0.120023293148816620E+03    0.163929853714071894E+01    0.594290361893030834E+02    0.675396337659814060E+08    0.722993635657236808E+02   -0.361496817828618404E+02
    0.487165244105001705E+02    0.165730007597740769E+01    0.497077098797927963E+01    0.497850077751313508E+09    0.722391595617699949E+02   -0.361195797808849974E+02
    0.192259442846664935E+00    0.170578212931227813E+01    0.347188438586502315E+02    0.125564027480049849E+09    0.722310004037946953E+02   -0.361155002018973477E+02
    0.192259442846664935E+00    0.170578212931227813E+01    0.347188438586502315E+02    0.125564027480049849E+09    0.722310004037946953E+02   -0.361155002018973477E+02
    0.230803569801450230E+02    0.170852266368000283E+01    0.946877099506902482E+02    0.138262844078983992E+09    0.722286443162738436E+02   -0.361143221581369218E+02
    0.608220007022047398E+02    0.167008486591863803E+01    0.388276001691002719E+02    0.107988972159707531E+09    0.722177286973198136E+02   -0.361088643486599068E+02
    0.750016882421359981E+02    0.163792693208298523E+01    0.854217411168928180E+02    0.522976069020827040E+08    0.721830302992948702E+02   -0.360915151496474351E+02
    0.511164665222167969E+02    0.161023469422925358E+01    0.653819322586059570E+02    0.598216256189920902E+08    0.721819719016341423E+02   -0.360909859508170712E+02
    0.511164665222167969E+02    0.161023469422925358E+01    0.653819322586059570E+02    0.598216256189920902E+08    0.721819719016341423E+02   -0.360909859508170712E+02
    0.178063133411865749E+03    0.162305087445932572E+01    0.481898663283407913E+01    0.132448670233834758E+09    0.721328164320146925E+02   -0.360664082160073463E+02
    0.974634289741516113E+02    0.165490607805644063E+01    0.544304549694061279E+02    0.135657846368229032E+09    0.721196967524445824E+02   -0.360598483762222912E+02
    0.927158063840679034E+02    0.161417926362268327E+01    0.126988292283242599E+01    0.696217022454944551E+08    0.720979948861135114E+02   -0.360489974430567557E+02
    0.927158063840679034E+02    0.161417926362268327E+01    0.126988292283242599E+01    0.696217022454944551E+08    0.720979948861135114E+02   -0.360489974430567557E+02
    0.561986742538942341E+01    0.162608005958365354E+01    0.186582534785228162E+02    0.757951179294851869E+08    0.720932955293926057E+02   -0.360466477646963028E+02
    0.561986742538942341E+01    0.162608005958365354E+01    0.186582534785228162E+02    0.757951179294851869E+08    0.720932955293926057E+02   -0.360466477646963028E+02
    0.721876621246337891E+02    0.165928000213558779E+01    0.976393222808837891E+01    0.124308589238740414E+09    0.720789092459606451E+02   -0.360394546229803225E+02
    0.367821051066953197E+01    0.167181670233399116E+01    0.773511915982874712E+02    0.590881755350041509E+09    0.720619542605601850E+02   -0.360309771302800925E+02
    0.150254786014556885E+03    0.161680119627040653E+01    0.943843483924865723E+02    0.558240273764548540E+09    0.720071479003187420E+02   -0.360035739501593710E+02
    0.378199661942413670E+02    0.168176266154555099E+01    0.373555305589978204E+02    0.105225950420702979E+09    0.720032457528245970E+02   -0.360016228764122985E+02
    0.378199661942413670E+02    0.168176266154555099E+01    0.373555305589978204E+02    0.105225950420702979E+09    0.720032457528245970E+02   -0.360016228764122985E+02
    0.717799286494675357E+02    0.165674128605128557E+01    0.658091378811063237E+02    0.370073422163463116E+09    0.719983488900695363E+02   -0.359991744450347682E+02
    0.457295292312667812E+02    0.169105595716974189E+01    0.668836965061958040E+02    0.142167362347618312E+09    0.719016128700948656E+02   -0.359508064350474328E+02
    0.507436471624452601E+01    0.170671967200353669E+01    0.897205604579081779E+02    0.120787479951344445E+09    0.718301932576150080E+02   -0.359150966288075040E+02
    0.507436471624452601E+01    0.170671967200353669E+01    0.897205604579081779E+02    0.120787479951344445E+09    0.718301932576150080E+02   -0.359150966288075040E+02
    0.979523062705993652E+02    0.162724119900330044E+01    0.579147338867187500E+02    0.737064291660039306E+09    0.718201532190053200E+02   -0.359100766095026600E+02
    0.148390502969801389E+03    0.162170305160978168E+01    0.359388892307553078E+02    0.490155741666128099E+09    0.718149754004939496E+02   -0.359074877002469748E+02
    0.171424607407918359E+03    0.162499130635680311E+01    0.393982491191226316E+02    0.313995822685384870E+09    0.717962943655437016E+02   -0.358981471827718508E+02
    0.792217558583897485E+01    0.168499485089214018E+01    0.646611205017672397E+01    0.112745099130834341E+09    0.717740420225626394E+02   -0.358870210112813197E+02
    0.132508240584850114E+03    0.164465277565536461E+01    0.999178598224435603E+02    0.247716523622511864E+09    0.717130280265892139E+02   -0.358565140132946070E+02
    0.293131489076633223E+01    0.169524015082130664E+01    0.599856795893307790E+02    0.100911386988036409E+09    0.716871130418997780E+02   -0.358435565209498890E+02
    0.293131489076633223E+01    0.169524015082130664E+01    0.599856795893307790E+02    0.100911386988036409E+09    0.716871130418997780E+02   -0.358435565209498890E+02
    0.442051490832209453E+02    0.165351500651876693E+01    0.214782628929271979E+02    0.513565704940574527E+09    0.716821557513253822E+02   -0.358410778756626911E+02
    0.972033493796780590E+02    0.161462765430335553E+01    0.867170335946880400E+01    0.748696701375785768E+08    0.716772306616028914E+02   -0.358386153308014457E+02
    0.972033493796780590E+02    0.161462765430335553E+01    0.867170335946880400E+01    0.748696701375785768E+08    0.716772306616028914E+02   -0.358386153308014457E+02
    0.226090769375430405E+02    0.166454985491392859E+01    0.233721938619371663E+02    0.910793956730892360E+08    0.716640739295406490E+02   -0.358320369647703245E+02
    0.974305243439751649E+02    0.165096651747861256E+01    0.504037959074084227E+02    0.127869462242853343E+09    0.716593538543765192E+02   -0.358296769271882596E+02
    0.169169902801513672E+01    0.167614272820578547E+01    0.132519960403442383E+02    0.313438844923386931E+09    0.716491733077792787E+02   -0.358245866538896394E+02
    0.261819325791610638E+02    0.169518212693587556E+01    0.640332300623716009E+02    0.169420004496575087E+09    0.716437180903689921E+02   -0.358218590451844960E+02
    0.538276893244127663E+02    0.165282944975233725E+01    0.988874040171113506E+02    0.554846196738216043E+09    0.716304890370929002E+02   -0.358152445185464501E+02
    0.214700698852539062E+02    0.163679259979543867E+01    0.258320569992065430E+02    0.744223205383772969E+09    0.715975575361175913E+02   -0.357987787680587957E+02
    0.214700698852539062E+02    0.163679259979543867E+01    0.258320569992065430E+02    0.744223205383772969E+09    0.715975575361175913E+02   -0.357987787680587957E+02
    0.390308555900943972E+02    0.165593273765286320E+01    0.241549384950542390E+02    0.498291645268902719E+09    0.715966403758471870E+02   -0.357983201879235935E+02
    0.390308555900943972E+02    0.165593273765286320E+01    0.241549384950542390E+02    0.498291645268902719E+09    0.715966403758471870E+02   -0.357983201879235935E+02
    0.258439888024173605E+02    0.161527207724887623E+01    0.207693061308801177E+02    0.817948711419086307E+08    0.715730903792449027E+02   -0.357865451896224513E+02
    0.890374520887996823E+01    0.163392657968403276E+01    0.554389371639825512E+01    0.704590990322292209E+09    0.715288818828038160E+02   -0.357644409414019080E+02
    0.890374520887996823E+01    0.163392657968403276E+01    0.554389371639825512E+01    0.704590990322292209E+09    0.715288818828038160E+02   -0.357644409414019080E+02
    0.391737938395627197E+02    0.163357983178076993E+01    0.361505888677526670E+02    0.687106659638556540E+08    0.715037613226679127E+02   -0.357518806613339564E+02
    0.391737938395627197E+02    0.163357983178076993E+01    0.361505888677526670E+02    0.687106659638556540E+08    0.715037613226679127E+02   -0.357518806613339564E+02
    0.466693752124583270E+02    0.161473987412799058E+01    0.460004369307742866E+01    0.758137087156485915E+09    0.714974575151353520E+02   -0.357487287575676760E+02
    0.466693752124583270E+02    0.161473987412799058E+01    0.460004369307742866E+01    0.758137087156485915E+09    0.714974575151353520E+02   -0.357487287575676760E+02
    0.169846075533227548E+03    0.162924670478124578E+01    0.366683913340204910E+02    0.134896748992748410E+09    0.714672805648821736E+02   -0.357336402824410868E+02
    0.126371860504150391E+03    0.164409563656018087E+01    0.511102318763732910E+02    0.139697268478173941E+09    0.714650101001157623E+02   -0.357325050500578811E+02
    0.126371860504150391E+03    0.164409563656018087E+01    0.511102318763732910E+02    0.139697268478173941E+09    0.714650101001157623E+02   -0.357325050500578811E+02
    0.256519989858344033E+02    0.160797551362155722E+01    0.198277826839364764E+02    0.845812092537268251E+08    0.714415196246524147E+02   -0.357207598123262073E+02
    0.256519989858344033E+02    0.160797551362155722E+01    0.198277826839364764E+02    0.845812092537268251E+08    0.714415196246524147E+02   -0.357207598123262073E+02
    0.164008574590509284E+03    0.163507481575626223E+01    0.754234926603664491E+02    0.232351931319056928E+09    0.714395381775081830E+02   -0.357197690887540915E+02
    0.124842566966167837E+03    0.164529742010934132E+01    0.789456015016813240E+02    0.227885355846645594E+09    0.714306479083626584E+02   -0.357153239541813292E+02
    0.124842566966167837E+03    0.164529742010934132E+01    0.789456015016813240E+02    0.227885355846645594E+09    0.714306479083626584E+02   -0.357153239541813292E+02
    0.756915602350323269E+02    0.163847651929794536E+01    0.983181099098613345E+02    0.651498414656440690E+08    0.713927820323479239E+02   -0.356963910161739619E+02
    0.148109261957827755E+03    0.159537894967026772E+01    0.807603038360149981E+02    0.122318055349702582E+09    0.713505308915034391E+02   -0.356752654457517195E+02
    0.148109261957827755E+03    0.159537894967026772E+01    0.807603038360149981E+02    0.122318055349702582E+09    0.713505308915034391E+02   -0.356752654457517195E+02
    0.163760187737481658E+03    0.159929123763540559E+01    0.931148121131913911E+02    0.321957432159782529E+09    0.713446826842587427E+02   -0.356723413421293714E+02
    0.163760187737481658E+03    0.159929123763540559E+01    0.931148121131913911E+02    0.321957432159782529E+09    0.713446826842587427E+02   -0.356723413421293714E+02
    0.454482470863830983E+02    0.167134410964050573E+01    0.676476182133153117E+02    0.125226714191217244E+09    0.713367361703231211E+02   -0.356683680851615605E+02
    0.103826323640170557E+03    0.164215756994939399E+01    0.636956621738618978E+02    0.441011637977746248E+09    0.712438364168564533E+02   -0.356219182084282266E+02
    0.103826323640170557E+03    0.164215756994939399E+01    0.636956621738618978E+02    0.441011637977746248E+09    0.712438364168564533E+02   -0.356219182084282266E+02
    0.258416411815287219E+02    0.168347958787034346E+01    0.655365420938301355E+02    0.216261519578021377E+09    0.711915814880792936E+02   -0.355957907440396468E+02
    0.258416411815287219E+02    0.168347958787034346E+01    0.655365420938301355E+02    0.216261519578021377E+09    0.711915814880792936E+02   -0.355957907440396468E+02
    0.118869023803781033E+02    0.168898232669063031E+01    0.860950963710160266E+02    0.244439096529434681E+09    0.711573122620273750E+02   -0.355786561310136875E+02
    0.118869023803781033E+02    0.168898232669063031E+01    0.860950963710160266E+02    0.244439096529434681E+09    0.711573122620273750E+02   -0.355786561310136875E+02
    0.131693966473967066E+03    0.159711831541594229E+01    0.296786314359701429E+02    0.101639320751084417E+09    0.711443849917798730E+02   -0.355721924958899365E+02
    0.131693966473967066E+03    0.159711831541594229E+01    0.296786314359701429E+02    0.101639320751084417E+09    0.711443849917798730E+02   -0.355721924958899365E+02
    0.321907810817160609E+02    0.164000144054918362E+01    0.485042155802914721E+02    0.741434845463111550E+08    0.711086922961374341E+02   -0.355543461480687171E+02
    0.321907810817160609E+02    0.164000144054918362E+01    0.485042155802914721E+02    0.741434845463111550E+08    0.711086922961374341E+02   -0.355543461480687171E+02
    0.988823030632572397E+01    0.165648546437001043E+01    0.234719708876355142E+02    0.516263423431554258E+09    0.710953136449801946E+02   -0.355476568224900973E+02
    0.681198643269302906E+01    0.165935034134553772E+01    0.152402556059631511E+02    0.996319335883952230E+08    0.710860709721272315E+02   -0.355430354860636157E+02
    0.620630169231297870E+02    0.161723624665725163E+01    0.329422860840965868E+02    0.724681922671189189E+09    0.710817521262830780E+02   -0.355408760631415390E+02
    0.449104446021064803E+02    0.166447742261893605E+01    0.383708490836283858E+02    0.226546485436331511E+09    0.710281464024298828E+02   -0.355140732012149414E+02
    0.124035491272165800E+03    0.164321551028088342E+01    0.742131083698672711E+02    0.179216499756047100E+09    0.710180535344507575E+02   -0.355090267672253788E+02
    0.124035491272165800E+03    0.164321551028088342E+01    0.742131083698672711E+02    0.179216499756047100E+09    0.710180535344507575E+02   -0.355090267672253788E+02
    0.147543823400630089E+03    0.162440717943367852E+01    0.435238422956816606E+01    0.126823571803481072E+09    0.710091394032404537E+02   -0.355045697016202269E+02
    0.146413332459571933E+03    0.161206420192142774E+01    0.745002715981715653E+02    0.112345064669569880E+09    0.709699083711340393E+02   -0.354849541855670196E+02
    0.231777989254950185E+02    0.166848057186840926E+01    0.281842582407909497E+02    0.134883422373079926E+09    0.709621061079412243E+02   -0.354810530539706122E+02
    0.386278629302978516E+02    0.167022354381690175E+01    0.653453230857849121E+02    0.202524739922539681E+09    0.709599665395589625E+02   -0.354799832697794812E+02
    0.106734318145495291E+02    0.166791767445433248E+01    0.180597179670111885E+02    0.286879218424076617E+09    0.709459843175167464E+02   -0.354729921587583732E+02
    0.809837979866889981E+02    0.158548957046073791E+01    0.149384296548862618E+02    0.868732457291893214E+08    0.709103828576854056E+02   -0.354551914288427028E+02
    0.809837979866889981E+02    0.158548957046073791E+01    0.149384296548862618E+02    0.868732457291893214E+08    0.709103828576854056E+02   -0.354551914288427028E+02
    0.106015805730238768E+03    0.163287937297667241E+01    0.152710280803348066E+02    0.525225045395493388E+09    0.708956425389866212E+02   -0.354478212694933106E+02
    0.340134849538497051E+02    0.165238339781189136E+01    0.387549865103975577E+02    0.470790311537337661E+09    0.708946325936327355E+02   -0.354473162968163678E+02
    0.147810286720380134E+03    0.160718707293467999E+01    0.148029988586665837E+02    0.142264419152781934E+09    0.708943647469641860E+02   -0.354471823734820930E+02
    0.147810286720380134E+03    0.160718707293467999E+01    0.148029988586665837E+02    0.142264419152781934E+09    0.708943647469641860E+02   -0.354471823734820930E+02
    0.237024765033708462E+02    0.165486088109437857E+01    0.344318559053446336E+02    0.473539624455814779E+09    0.708905059236535351E+02   -0.354452529618267675E+02
    0.111327248507804164E+02    0.165783562603152146E+01    0.244728386746886306E+01    0.371780074542746723E+09    0.708779685009242257E+02   -0.354389842504621129E+02
    0.145638698814700433E+03    0.163311411680106344E+01    0.836892522520951871E+02    0.115866753231093273E+09    0.708629415711830575E+02   -0.354314707855915287E+02
    0.110182166099548340E+03    0.162186563779929349E+01    0.663854062557220459E+02    0.573357232702815890E+09    0.708108680826188390E+02   -0.354054340413094195E+02
    0.110182166099548340E+03    0.162186563779929349E+01    0.663854062557220459E+02    0.573357232702815890E+09    0.708108680826188390E+02   -0.354054340413094195E+02
    0.156541267703365691E+03    0.159685793207121085E+01    0.122621773119369450E+02    0.230501152511250556E+09    0.707970881412050801E+02   -0.353985440706025400E+02
    0.721049205747597597E+02    0.165202697799417209E+01    0.754692726773214275E+02    0.277643598485460877E+09    0.707630902509584416E+02   -0.353815451254792208E+02
    0.721049205747597597E+02    0.165202697799417209E+01    0.754692726773214275E+02    0.277643598485460877E+09    0.707630902509584416E+02   -0.353815451254792208E+02
    0.535756262733221522E+01    0.164701622685450100E+01    0.223363351909924717E+02    0.537735703169030309E+09    0.707472820461291008E+02   -0.353736410230645504E+02
    0.535756262733221522E+01    0.164701622685450100E+01    0.223363351909924717E+02    0.537735703169030309E+09    0.707472820461291008E+02   -0.353736410230645504E+02
    0.563962197185642822E+02    0.165752235065993769E+01    0.462753904789588972E+02    0.205399162961952925E+09    0.707464236753436921E+02   -0.353732118376718461E+02
    0.563962197185642822E+02    0.165752235065993769E+01    0.462753904789588972E+02    0.205399162961952925E+09    0.707464236753436921E+02   -0.353732118376718461E+02
    0.533829331398010254E+02    0.158588556498461597E+01    0.816572606563568115E+02    0.951545230347977132E+08    0.707175889115727614E+02   -0.353587944557863807E+02
    0.533829331398010254E+02    0.158588556498461597E+01    0.816572606563568115E+02    0.951545230347977132E+08    0.707175889115727614E+02   -0.353587944557863807E+02
    0.151427879397387329E+03    0.156930665005042647E+01    0.966777937284387150E+02    0.479609601721219122E+09    0.706787988777980303E+02   -0.353393994388990151E+02
    0.758745908812490342E+02    0.164973226418889629E+01    0.266581871850362582E+02    0.186532148637597889E+09    0.706747483192484083E+02   -0.353373741596242041E+02
    0.144237518430267841E+03    0.162520366126462390E+01    0.284726230666348066E+02    0.137342587640570551E+09    0.706123190804933074E+02   -0.353061595402466537E+02
    0.974859414381449483E+02    0.154639711465310814E+01    0.169703859267565633E+02    0.324114817591809273E+09    0.706111605332044121E+02   -0.353055802666022061E+02
    0.112298413915540171E+00    0.165266656807171985E+01    0.949082555448483589E+01    0.125233178689571485E+09    0.705687036868681616E+02   -0.352843518434340808E+02
    0.846795512402132111E+01    0.166843272014078847E+01    0.520734264198556644E+02    0.278083604096114218E+09    0.705487880837192449E+02   -0.352743940418596225E+02
    0.125221198773279411E+03    0.163600813629094022E+01    0.390084775729951119E+02    0.114286911536637440E+09    0.705289722157257017E+02   -0.352644861078628509E+02
    0.125221198773279411E+03    0.163600813629094022E+01    0.390084775729951119E+02    0.114286911536637440E+09    0.705289722157257017E+02   -0.352644861078628509E+02
    0.759813785552978516E+02    0.164784680048560750E+01    0.266631782054901123E+02    0.260899979107758909E+09    0.705122330122681547E+02   -0.352561165061340773E+02
    0.146445277417897106E+02    0.167608395701854551E+01    0.937601315531199759E+02    0.141348012518583894E+09    0.704841657195556479E+02   -0.352420828597778240E+02
    0.146445277417897106E+02    0.167608395701854551E+01    0.937601315531199759E+02    0.141348012518583894E+09    0.704841657195556479E+02   -0.352420828597778240E+02
    0.138478361766747781E+03    0.162889507942383571E+01    0.777657994879710515E+02    0.327076363240292609E+09    0.704598717175347105E+02   -0.352299358587673552E+02
    0.877848250303790820E+02    0.164612733304157421E+01    0.697783376983444583E+02    0.277681012259905398E+09    0.704268698366754222E+02   -0.352134349183377111E+02
    0.877848250303790820E+02    0.164612733304157421E+01    0.697783376983444583E+02    0.277681012259905398E+09    0.704268698366754222E+02   -0.352134349183377111E+02
    0.116679105290957565E+03    0.162788618870255131E+01    0.738272875485522064E+02    0.473452141054154456E+09    0.704011615117448457E+02   -0.352005807558724229E+02
    0.506609741542815470E+02    0.162281828094263147E+01    0.140650028226959094E+02    0.982990984682323039E+08    0.703934738655713801E+02   -0.351967369327856900E+02
    0.233623981475830078E+02    0.166383612426672145E+01    0.397919952869415283E+02    0.195383154630946308E+09    0.703825472155894829E+02   -0.351912736077947415E+02
    0.233623981475830078E+02    0.166383612426672145E+01    0.397919952869415283E+02    0.195383154630946308E+09    0.703825472155894829E+02   -0.351912736077947415E+02
    0.125741422176361084E+03    0.162706527770809761E+01    0.165343880653381348E+01    0.124243400329596281E+09    0.703791925600941681E+02   -0.351895962800470841E+02
    0.103704634963090569E+03    0.160029952869098979E+01    0.174431819504563173E+02    0.107915415975503415E+09    0.703617773644918145E+02   -0.351808886822459073E+02
    0.309898839740011134E+02    0.163327677257104487E+01    0.864783260079272651E+02    0.656736825203915119E+09    0.703560204300283374E+02   -0.351780102150141687E+02
    0.414796724569250017E+02    0.162215533652874333E+01    0.381868782968613090E+02    0.634692411905094981E+09    0.703453202562638751E+02   -0.351726601281319375E+02
    0.414796724569250017E+02    0.162215533652874333E+01    0.381868782968613090E+02    0.634692411905094981E+09    0.703453202562638751E+02   -0.351726601281319375E+02
    0.140699232135596077E+03    0.162379627999327303E+01    0.974988389010521246E+02    0.296600606104719520E+09    0.702979384861781398E+02   -0.351489692430890699E+02
    0.739446029224920807E+02    0.163253089309249133E+01    0.829024282288819165E+02    0.802428761605324298E+08    0.702723752602191070E+02   -0.351361876301095535E+02
    0.345108607629671624E+02    0.164824052088125006E+01    0.858078345203174706E+02    0.476018649108600259E+09    0.702654065415649143E+02   -0.351327032707824571E+02
    0.345108607629671624E+02    0.164824052088125006E+01    0.858078345203174706E+02    0.476018649108600259E+09    0.702654065415649143E+02   -0.351327032707824571E+02
    0.797085870899909423E+02    0.162081490849616050E+01    0.284333873184015147E+02    0.979731510150645822E+08    0.702588145091603309E+02   -0.351294072545801654E+02
    0.797085870899909423E+02    0.162081490849616050E+01    0.284333873184015147E+02    0.979731510150645822E+08    0.702588145091603309E+02   -0.351294072545801654E+02
    0.557094123158679011E+02    0.162858512385878540E+01    0.648881453207488050E+02    0.830408578714488894E+08    0.702450222903767809E+02   -0.351225111451883905E+02
    0.769379936859796487E+02    0.164476204147961869E+01    0.960561170328652025E+02    0.336814906509425581E+09    0.702408734336392371E+02   -0.351204367168196185E+02
    0.769379936859796487E+02    0.164476204147961869E+01    0.960561170328652025E+02    0.336814906509425581E+09    0.702408734336392371E+02   -0.351204367168196185E+02
    0.135022764984643089E+03    0.163107758344836506E+01    0.316432063008294904E+02    0.143735919614439428E+09    0.702407877558139262E+02   -0.351203938779069631E+02
    0.135022764984643089E+03    0.163107758344836506E+01    0.316432063008294904E+02    0.143735919614439428E+09    0.702407877558139262E+02   -0.351203938779069631E+02
    0.739189578539647272E+02    0.164953400721860266E+01    0.860114975215410311E+02    0.168001035769624770E+09    0.702401931044999230E+02   -0.351200965522499615E+02
    0.739189578539647272E+02    0.164953400721860266E+01    0.860114975215410311E+02    0.168001035769624770E+09    0.702401931044999230E+02   -0.351200965522499615E+02
    0.105791488844605965E+03    0.162962916099790300E+01    0.639089130491457524E+02    0.487755977682682514E+09    0.702352928005570618E+02   -0.351176464002785309E+02
    0.490450457827391944E+02    0.165003939857739712E+01    0.132198775884601272E+02    0.224732967803446263E+09    0.702222753862543811E+02   -0.351111376931271906E+02
    0.490450457827391944E+02    0.165003939857739712E+01    0.132198775884601272E+02    0.224732967803446263E+09    0.702222753862543811E+02   -0.351111376931271906E+02
    0.167816882031414650E+03    0.158019012414122995E+01    0.331569272023129926E+02    0.292080208143478453E+09    0.702111646841708250E+02   -0.351055823420854125E+02
    0.167816882031414650E+03    0.158019012414122995E+01    0.331569272023129926E+02    0.292080208143478453E+09    0.702111646841708250E+02   -0.351055823420854125E+02
    0.273537378302109637E+02    0.165410512685460276E+01    0.704503476619209152E+02    0.105487862169903964E+09    0.702095019802513320E+02   -0.351047509901256660E+02
    0.321216299260773397E+02    0.162685375657899467E+01    0.463569804714184244E+02    0.618916133241140366E+09    0.702012183175641837E+02   -0.351006091587820919E+02
    0.321216299260773397E+02    0.162685375657899467E+01    0.463569804714184244E+02    0.618916133241140366E+09    0.702012183175641837E+02   -0.351006091587820919E+02
    0.218663747936786059E+02    0.164714117091040313E+01    0.990298714222239767E+02    0.522741867914882660E+09    0.701942185808910040E+02   -0.350971092904455020E+02
    0.218663747936786059E+02    0.164714117091040313E+01    0.990298714222239767E+02    0.522741867914882660E+09    0.701942185808910040E+02   -0.350971092904455020E+02
    0.712858715971754435E+02    0.164429548922823399E+01    0.981655006270712782E+00    0.158543546731426597E+09    0.701806377188641477E+02   -0.350903188594320739E+02
    0.595629256058564760E+01    0.161377797612053597E+01    0.658776175151959791E+02    0.122792552705412254E+09    0.701801015601537159E+02   -0.350900507800768580E+02
    0.618105388161939970E+02    0.161914746170364521E+01    0.541481559571728699E+01    0.530611977783336937E+09    0.701519009343799382E+02   -0.350759504671899691E+02
    0.137961520367716048E+03    0.163066911525239333E+01    0.803368359746340843E+02    0.148937478572344780E+09    0.701490396053073084E+02   -0.350745198026536542E+02
    0.765609713946902275E+02    0.162497877963673587E+01    0.646218268282756725E+02    0.585635646520853639E+09    0.701346219011313963E+02   -0.350673109505656981E+02
    0.101839303970336914E+02    0.165817831685390416E+01    0.272764503955841064E+02    0.161340060032752395E+09    0.701102698954988455E+02   -0.350551349477494227E+02
    0.128348082639767171E+03    0.159173949188397068E+01    0.254559865752420009E+02    0.468794863522632480E+09    0.700889429211650423E+02   -0.350444714605825212E+02
    0.121633932994667745E+03    0.163397820799779803E+01    0.970559570694241245E+02    0.305032224932063282E+09    0.700582938037003657E+02   -0.350291469018501829E+02
    0.121633932994667745E+03    0.163397820799779803E+01    0.970559570694241245E+02    0.305032224932063282E+09    0.700582938037003657E+02   -0.350291469018501829E+02
    0.121300816535949707E+02    0.160731145674585663E+01    0.149825811386108398E+02    0.589011345965712547E+09    0.700576075755831624E+02   -0.350288037877915812E+02
    0.121300816535949707E+02    0.160731145674585663E+01    0.149825811386108398E+02    0.589011345965712547E+09    0.700576075755831624E+02   -0.350288037877915812E+02
    0.104108632647573202E+03    0.161497433523055212E+01    0.483944779300701668E+02    0.473414724760234714E+09    0.700534982246451818E+02   -0.350267491123225909E+02
    0.788893418311375854E+02    0.164118310622110308E+01    0.170676426643751498E+02    0.127265615768078834E+09    0.700374934560327489E+02   -0.350187467280163744E+02
    0.788893418311375854E+02    0.164118310622110308E+01    0.170676426643751498E+02    0.127265615768078834E+09    0.700374934560327489E+02   -0.350187467280163744E+02
    0.624900007752009188E+02    0.164515554778070849E+01    0.193321751833950550E+02    0.297137907332453489E+09    0.700371189234119527E+02   -0.350185594617059763E+02
    0.624900007752009188E+02    0.164515554778070849E+01    0.193321751833950550E+02    0.297137907332453489E+09    0.700371189234119527E+02   -0.350185594617059763E+02
    0.815407809740003131E+02    0.164202180645145801E+01    0.173983038200254008E+02    0.143773009952188969E+09    0.700238495321801224E+02   -0.350119247660900612E+02
    0.815407809740003131E+02    0.164202180645145801E+01    0.173983038200254008E+02    0.143773009952188969E+09    0.700238495321801224E+02   -0.350119247660900612E+02
    0.792822519617756427E+02    0.161601064851132792E+01    0.662056216621563465E+02    0.579877928696064472E+09    0.700222945021621683E+02   -0.350111472510810842E+02
    0.860253246315769786E+02    0.162318849335647286E+01    0.182962005216684531E+02    0.481170743699444354E+09    0.700056383849944837E+02   -0.350028191924972418E+02
    0.335077586530178095E+02    0.163438572739211230E+01    0.409970053115086728E+02    0.556867733587867260E+09    0.699932354045695320E+02   -0.349966177022847660E+02
    0.115198934073920029E+03    0.162769536342118193E+01    0.883962560785523976E+02    0.390996062286305249E+09    0.699932122745525760E+02   -0.349966061372762880E+02
    0.115198934073920029E+03    0.162769536342118193E+01    0.883962560785523976E+02    0.390996062286305249E+09    0.699932122745525760E+02   -0.349966061372762880E+02
    0.191286337223164864E+02    0.166549923413188150E+01    0.885097751789027996E+02    0.182285257294784367E+09    0.699930345632188988E+02   -0.349965172816094494E+02
    0.136712582488963619E+03    0.162432348362059908E+01    0.876880333711448543E+02    0.267071691069368929E+09    0.699897447624933875E+02   -0.349948723812466937E+02
    0.117631648198109673E+03    0.161580477413902068E+01    0.489814368696317715E+01    0.230841449298210174E+09    0.699652981815774524E+02   -0.349826490907887262E+02
    0.553867043698451269E+02    0.164811665402393914E+01    0.703387787491577541E+02    0.136326152234635681E+09    0.699525519701730900E+02   -0.349762759850865450E+02
    0.442405840911958421E+02    0.160730752048934256E+01    0.509751396952126044E+02    0.107234901410669610E+09    0.699433149917164769E+02   -0.349716574958582385E+02
    0.787364408635190784E+02    0.163732210635474629E+01    0.467984076741894555E+02    0.440308465513162494E+09    0.699225823233748258E+02   -0.349612911616874129E+02
    0.976089827867194657E+02    0.162914632282424354E+01    0.287596212941416560E+02    0.104860846261558577E+09    0.699162974194679236E+02   -0.349581487097339618E+02
    0.246219475717922087E+01    0.162911421612689877E+01    0.363095155470699922E+02    0.148114405784409970E+09    0.699142256609035542E+02   -0.349571128304517771E+02
    0.246219475717922087E+01    0.162911421612689877E+01    0.363095155470699922E+02    0.148114405784409970E+09    0.699142256609035542E+02   -0.349571128304517771E+02
    0.348633850898256696E+02    0.162001814093350371E+01    0.389617929907877851E+02    0.560051147719192147E+09    0.699107007941965435E+02   -0.349553503970982717E+02
    0.348633850898256696E+02    0.162001814093350371E+01    0.389617929907877851E+02    0.560051147719192147E+09    0.699107007941965435E+02   -0.349553503970982717E+02
    0.622615994374972033E+02    0.162145197744041503E+01    0.434710019314322267E+02    0.551263627393238187E+09    0.698961380496174058E+02   -0.349480690248087029E+02
    0.122089407750151764E+03    0.162502489058512545E+01    0.617586923452703260E+02    0.132744001209164113E+09    0.698904119603282936E+02   -0.349452059801641468E+02
    0.124350786209106445E+03    0.160286508694269259E+01    0.487460076808929443E+02    0.366732209726972520E+09    0.698825619092425683E+02   -0.349412809546212841E+02
    0.676507266941228664E+02    0.164715259724629681E+01    0.691101567406071240E+02    0.182756750347814143E+09    0.698753796334599855E+02   -0.349376898167299927E+02
    0.536646373442247508E+02    0.161893936583320541E+01    0.113402406156004787E+02    0.498079921080491900E+09    0.698742345758954997E+02   -0.349371172879477498E+02
    0.856082471667254055E+02    0.158512129718349004E+01    0.345190512210409608E+02    0.114755787999229193E+09    0.698652087998923434E+02   -0.349326043999461717E+02
    0.142451166418419092E+03    0.157972285521390043E+01    0.427665229061139840E+01    0.168379292699826419E+09    0.698646612742803796E+02   -0.349323306371401898E+02
    0.110316883407296061E+03    0.162407913526668612E+01    0.955594604878996563E+02    0.399762744264909804E+09    0.698638604271398833E+02   -0.349319302135699417E+02
    0.283785762836204505E+02    0.164951883253480602E+01    0.995356768108188987E+02    0.379052635427490592E+09    0.698578748255891639E+02   -0.349289374127945820E+02
    0.553511451900712004E+01    0.164555095139860685E+01    0.557109920015798963E+02    0.118392715123105511E+09    0.698567341257638930E+02   -0.349283670628819465E+02
    0.282299970417620187E+02    0.158648101864594504E+01    0.483138117975496684E+02    0.138632151173052996E+09    0.698312527627782060E+02   -0.349156263813891030E+02
    0.653874596509142592E+01    0.161312874450256705E+01    0.643072247943772766E+02    0.157848634481347054E+09    0.698260146241503605E+02   -0.349130073120751803E+02
    0.653874596509142592E+01    0.161312874450256705E+01    0.643072247943772766E+02    0.157848634481347054E+09    0.698260146241503605E+02   -0.349130073120751803E+02
    0.442508634075785423E+02    0.159206578477919902E+01    0.251780153334371697E+02    0.129257317799010918E+09    0.698259192154529558E+02   -0.349129596077264779E+02
    0.129056395974080317E+03    0.163210832117596283E+01    0.455827558776130175E+02    0.222861442162739724E+09    0.698224025320120916E+02   -0.349112012660060458E+02
    0.673726867279236608E+01    0.164224990044225105E+01    0.966728022531722786E+01    0.338634772253227174E+09    0.698166834624156820E+02   -0.349083417312078410E+02
    0.345043142546880830E+02    0.164628094690803128E+01    0.651574293971530096E+02    0.113048430746484652E+09    0.698062002729402593E+02   -0.349031001364701297E+02
    0.136325895786285400E+03    0.158294791323713269E+01    0.786720693111419678E+02    0.438596144628200889E+09    0.697963776107770002E+02   -0.348981888053885001E+02
    0.155664696433723098E+02    0.164351074783540674E+01    0.415539541125415202E+01    0.304760409696779668E+09    0.697726281751684354E+02   -0.348863140875842177E+02
    0.860423847425322492E+02    0.164131897356211720E+01    0.170168946006305966E+02    0.187948257133707047E+09    0.697712526374597815E+02   -0.348856263187298907E+02
    0.395933973524535219E+02    0.165556056402382534E+01    0.991750532014701491E+02    0.223056316532225281E+09    0.697711907891093972E+02   -0.348855953945546986E+02
    0.287302690637462241E+02    0.161609901856210314E+01    0.201100108424975010E+01    0.199498637024792105E+09    0.697665229774783029E+02   -0.348832614887391514E+02
    0.141689728322907604E+00    0.164937924002549852E+01    0.521344773893327016E+02    0.327434240995299697E+09    0.697568771312981539E+02   -0.348784385656490770E+02
    0.165809813229709597E+02    0.160410431761731265E+01    0.668704777999371061E+02    0.146437384478852898E+09    0.697490631730186408E+02   -0.348745315865093204E+02
    0.928878503656614356E+02    0.162185307794867217E+01    0.873367514518055543E+02    0.104554215809806496E+09    0.697320340271725598E+02   -0.348660170135862799E+02
    0.208874834803987319E+01    0.162649759249754156E+01    0.273746968920354554E+02    0.194040508897189528E+09    0.697301081491428221E+02   -0.348650540745714110E+02
    0.256171746511811200E+02    0.164164346389532656E+01    0.205655175859726143E+02    0.387389944200314462E+09    0.697123818703191773E+02   -0.348561909351595887E+02
    0.153905863865307140E+02    0.165835749840626567E+01    0.782499989069430342E+02    0.259549530918986201E+09    0.696931026100413789E+02   -0.348465513050206894E+02
    0.741173009507842693E+02    0.162795627788009911E+01    0.579397686120498463E+02    0.506487600670832455E+09    0.696898948304946373E+02   -0.348449474152473186E+02
    0.478870270221650784E+01    0.163385150604190699E+01    0.672638374756805604E+02    0.122476226751043811E+09    0.696884785448313266E+02   -0.348442392724156633E+02
    0.996316940054015987E+02    0.162448328160923583E+01    0.127713113363083175E+01    0.160760773584602356E+09    0.696869145548816391E+02   -0.348434572774408196E+02
    0.602618280966034874E+02    0.155687526775837171E+01    0.737774885841900385E+02    0.409065458029322147E+09    0.696723647607868202E+02   -0.348361823803934101E+02
    0.652336966771469928E+01    0.165478199776695156E+01    0.587792513086065398E+02    0.279910765854269743E+09    0.696612127964282024E+02   -0.348306063982141012E+02
    0.105181033507041803E+03    0.162252572687222729E+01    0.423134618138291785E+01    0.273262294073322654E+09    0.696610086073503112E+02   -0.348305043036751556E+02
    0.845781692829705634E+01    0.159469961853829267E+01    0.728307818929718707E+02    0.698467194722919106E+09    0.696602006847962656E+02   -0.348301003423981328E+02
    0.202662649359789704E+02    0.164959536776507321E+01    0.373765787937308929E+02    0.199343403990597457E+09    0.696490284449620844E+02   -0.348245142224810422E+02
    0.387957096099853516E+02    0.164480997196266343E+01    0.651906311511993408E+02    0.123325704506934837E+09    0.696348038807064853E+02   -0.348174019403532427E+02
    0.585730092130274897E+02    0.163369403863560825E+01    0.551282838865402738E+02    0.101133067597946271E+09    0.696346554495508343E+02   -0.348173277247754172E+02
    0.124931730532574193E+03    0.162816641780975435E+01    0.387787311635196161E+02    0.228411614723618865E+09    0.696283577846677844E+02   -0.348141788923338922E+02
    0.108846262524793971E+03    0.160981804178314736E+01    0.686221248872105178E+02    0.386366097067869425E+09    0.696272925010484158E+02   -0.348136462505242079E+02
    0.115001084566619653E+03    0.162708460073745931E+01    0.300505265970127100E+01    0.234605972227400601E+09    0.696248961033238913E+02   -0.348124480516619457E+02
    0.592617452259868855E+02    0.161753474131595887E+01    0.633035774807533524E+01    0.406408067435072958E+09    0.696220535182664833E+02   -0.348110267591332416E+02
    0.415473687384488741E+02    0.157391895239804724E+01    0.582515506720219491E+02    0.149169855723634839E+09    0.696217271487920328E+02   -0.348108635743960164E+02
    0.326189994812011719E+02    0.163766428869003011E+01    0.632081449031829834E+02    0.493876427046478152E+09    0.696163958594058982E+02   -0.348081979297029491E+02
    0.784172601946691259E+02    0.162970643380478752E+01    0.741509797735056542E+00    0.389465580799768806E+09    0.696085586563707750E+02   -0.348042793281853875E+02
    0.155028803482658128E+01    0.161931722790328769E+01    0.502215580672819328E+02    0.358530670627337158E+09    0.695993798841484477E+02   -0.347996899420742238E+02
    0.106099396938625588E+03    0.163674455748486891E+01    0.590673557151899615E+02    0.170816517612836391E+09    0.695966276021522816E+02   -0.347983138010761408E+02
    0.645480273475547932E+02    0.160078406832676978E+01    0.871106802201793755E+02    0.134502785078943342E+09    0.695912610632335316E+02   -0.347956305316167658E+02
    0.345193524965422611E+02    0.160729485667292238E+01    0.734317871117371652E+02    0.641947422507056713E+09    0.695718736493316214E+02   -0.347859368246658107E+02
    0.491196323372921668E+02    0.163495263446080474E+01    0.150868844035620011E+02    0.126275249229997098E+09    0.695613657751891736E+02   -0.347806828875945868E+02
    0.183279127188934226E+02    0.162567064615133527E+01    0.488297435958646702E+02    0.144368913039279252E+09    0.695610441639353496E+02   -0.347805220819676748E+02
    0.913804571435830582E+02    0.161521904362383828E+01    0.576879138996814547E+02    0.418588495066450238E+09    0.695567344969229282E+02   -0.347783672484614641E+02
    0.541860493469714442E+02    0.163335913707655833E+01    0.108094394023777323E+02    0.128716092267648369E+09    0.695531207506888620E+02   -0.347765603753444310E+02
    0.890528277087307316E+02    0.161334953963490357E+01    0.850146032610654601E+02    0.485771249836171150E+09    0.695443968992507280E+02   -0.347721984496253640E+02
    0.280846537032640562E+02    0.165002571928065267E+01    0.726852332024062093E+02    0.274694003028460920E+09    0.695317194450755238E+02   -0.347658597225377619E+02
    0.462228156068368108E+02    0.163132823873097754E+01    0.358949014653564120E+02    0.488135687312995315E+09    0.695303748939146402E+02   -0.347651874469573201E+02
    0.427191590824447545E+02    0.160328921957619963E+01    0.162924866514793472E+02    0.573775580628152251E+09    0.695016552940455767E+02   -0.347508276470227884E+02
    0.916078083961258898E+02    0.162776174710433441E+01    0.853176544918564019E+02    0.421569923578243315E+09    0.695016137005043362E+02   -0.347508068502521681E+02
    0.102742329459456030E+03    0.163787497035401852E+01    0.950899018939899463E+02    0.223664981898330778E+09    0.695015864039932154E+02   -0.347507932019966077E+02
    0.690381589112089102E+02    0.161297942653798465E+01    0.521978549971620822E+02    0.136009870622196257E+09    0.694982957644379269E+02   -0.347491478822189634E+02
    0.681089844820844377E+02    0.162872772701305490E+01    0.397078869981818130E+02    0.110487118867267296E+09    0.694938192750666985E+02   -0.347469096375333493E+02
    0.805153382530274371E+02    0.159367539992842944E+01    0.269338590495445729E+02    0.157043074250647366E+09    0.694780634029750956E+02   -0.347390317014875478E+02
    0.887818666672273480E+02    0.163907457352300723E+01    0.841116186948735560E+02    0.150288721727510810E+09    0.694758793570519799E+02   -0.347379396785259900E+02
    0.101875327388846031E+03    0.162518285642590987E+01    0.674820256709718365E+02    0.131431675870589733E+09    0.694708843428805665E+02   -0.347354421714402832E+02
    0.128540560344843779E+02    0.164791895425534274E+01    0.605127736727405292E+02    0.164117703535545945E+09    0.694607510817042169E+02   -0.347303755408521084E+02
    0.165917002050876512E+02    0.163013054701066684E+01    0.493001480928927904E+02    0.465511278957370460E+09    0.694542922272108285E+02   -0.347271461136054143E+02
    0.454537850449345768E+02    0.161141635793601190E+01    0.109678140128410355E+02    0.192081210136668295E+09    0.694522946625985185E+02   -0.347261473312992592E+02
    0.297226309776306152E+02    0.164129751596129458E+01    0.709442257881164551E+02    0.119017612408691928E+09    0.694308791037359470E+02   -0.347154395518679735E+02
    0.578097182780237588E+02    0.163745679813103662E+01    0.187533522457778679E+01    0.322233211419956028E+09    0.694275641080378989E+02   -0.347137820540189495E+02
    0.357163342477031023E+02    0.162599025462927838E+01    0.251502242485234824E+02    0.155220433175650269E+09    0.694097586556554518E+02   -0.347048793278277259E+02
    0.380270007402274146E+01    0.159988070136270677E+01    0.171185691858293225E+02    0.286810731965823889E+09    0.694065290570315483E+02   -0.347032645285157741E+02
    0.406984115700990188E+02    0.160701846088289946E+01    0.825373264195243195E+02    0.135002493041634679E+09    0.694029301798834979E+02   -0.347014650899417489E+02
    0.151951644775044663E+02    0.165192798338353497E+01    0.705016762138921678E+02    0.217777912684188068E+09    0.694028088777324683E+02   -0.347014044388662342E+02
    0.114826348629794623E+03    0.161056039744898927E+01    0.911744611017027324E+02    0.212161190363181233E+09    0.693990786216428575E+02   -0.346995393108214287E+02
    0.648335158978206181E+02    0.163322561004069544E+01    0.799974680317502163E+02    0.456678546177615047E+09    0.693964711902331288E+02   -0.346982355951165644E+02
    0.107822436555790162E+03    0.160306738953352301E+01    0.601283173151752948E+02    0.189057463784707993E+09    0.693919807131858306E+02   -0.346959903565929153E+02
    0.113711293265557387E+03    0.161970474325797276E+01    0.967967947350105788E+02    0.209546906642342031E+09    0.693903867842749662E+02   -0.346951933921374831E+02
    0.717090962092156445E+02    0.163770272370220193E+01    0.998580894200331812E+02    0.120538743420679793E+09    0.693348960060991573E+02   -0.346674480030495786E+02
    0.316244519652645124E+02    0.164312909010707697E+01    0.240801758181284349E+02    0.202267251330221951E+09    0.693651397114554698E+02   -0.346825698557277349E+02
    0.350175858843062784E+02    0.163538412568742642E+01    0.435572881656835023E+02    0.131422219480427533E+09    0.693424431361901838E+02   -0.346712215680950919E+02
    0.286362130937716586E+02    0.163816380933486627E+01    0.280489382125119704E+02    0.247675174090223759E+09    0.690399331641299341E+02   -0.345199665820649670E+02
    0.604656608036620185E+02    0.162045532458734898E+01    0.628660985027635704E+02    0.207021030665015727E+09    0.688446252614406404E+02   -0.344223126307203202E+02
    0.603465683134824218E+02    0.163487401946112954E+01    0.404918474860447333E+02    0.206499948543464959E+09    0.688146167436555345E+02   -0.344073083718277672E+02
    0.228178217824092116E+02    0.163282773871655640E+01    0.227873126421499395E+01    0.254274128185798705E+09    0.692985870436323665E+02   -0.346492935218161833E+02
    0.111466958762306394E+02    0.163830640701920971E+01    0.779553659704868096E+02    0.184991465552050292E+09    0.689631238332851524E+02   -0.344815619166425762E+02
    0.945848226559370886E+02    0.158572051316247919E+01    0.358142985816275896E+02    0.174590572529264897E+09    0.692130719631253015E+02   -0.346065359815626508E+02
    0.231303309468805729E+02    0.163038700466909203E+01    0.981603170754653860E+02    0.128006814114349082E+09    0.691695644798929123E+02   -0.345847822399464562E+02
    0.186775764120230505E+02    0.164930734421218950E+01    0.964205115333178782E+02    0.293219421872630060E+09    0.693496146337614050E+02   -0.346748073168807025E+02
    0.361653457109562879E+02    0.163360067638711692E+01    0.392192897955879829E+02    0.186954617351084441E+09    0.689127047230433334E+02   -0.344563523615216667E+02
    0.184441337935181267E+02    0.163184047974971569E+01    0.429380175223410632E+02    0.198363797761699498E+09    0.690664279919507464E+02   -0.345332139959753732E+02
    0.229418469264058356E+01    0.163188207084656933E+01    0.650279323713461253E+02    0.248948267200215667E+09    0.691355751048120055E+02   -0.345677875524060028E+02
    0.942391163150745257E+02    0.162418664585071748E+01    0.489393053317916298E+02    0.232921980704481155E+09    0.690343231613367010E+02   -0.345171615806683505E+02
    0.378629168143609007E+02    0.160289796541351826E+01    0.122995801518242196E+02    0.240699622151028067E+09    0.691130252301326777E+02   -0.345565126150663389E+02
    0.377999462924431242E+02    0.161227455471539782E+01    0.391110252350906151E+02    0.473569314776201427E+09    0.693304801336221317E+02   -0.346652400668110658E+02
    0.345877105193016874E+02    0.160140863039526415E+01    0.395252668940761254E+02    0.449848213043302834E+09    0.688259961359165402E+02   -0.344129980679582701E+02
    0.493789208832275222E+02    0.160863767039340266E+01    0.226601282007736415E+02    0.317545689092246234E+09    0.690525187838705392E+02   -0.345262593919352696E+02
    0.192916135078354642E+02    0.157885808258459348E+01    0.251566578250876098E+02    0.447756258474333107E+09    0.683083633691429384E+02   -0.341541816845714692E+02
    0.892501426664937725E+02    0.157004797504783089E+01    0.587607828516934916E+02    0.538934939314327598E+09    0.689633565737955223E+02   -0.344816782868977612E+02
    0.769292835416403733E+02    0.162788768770776948E+01    0.924337808200690461E+02    0.396981259500952721E+09    0.691522897945142745E+02   -0.345761448972571372E+02
    0.338768772292861939E+02    0.163052910614706792E+01    0.657528636404178286E+02    0.293018141155714810E+09    0.687176737779994653E+02   -0.343588368889997327E+02
    0.197859942734300560E+02    0.158244102406961540E+01    0.803042836082584159E+02    0.520244586260296345E+09    0.686012748239088523E+02   -0.343006374119544262E+02
    0.388770964787184354E+02    0.161994611196398819E+01    0.948762684466763346E+02    0.282192931201526284E+09    0.686947170161643896E+02   -0.343473585080821948E+02
    0.278415622261615390E+02    0.156696602074940294E+01    0.332629363689959305E+02    0.378433184216629684E+09    0.686527639322329719E+02   -0.343263819661164860E+02
    0.642169807688088241E+02    0.161430813194879730E+01    0.449153442326876586E+02    0.282503932576108932E+09    0.689872434499769156E+02   -0.344936217249884578E+02
    0.431380152183259256E+02    0.162839143167752409E+01    0.384937633846652076E+02    0.300250465464965045E+09    0.688783840745565072E+02   -0.344391920372782536E+02
    0.780905253532924490E+02    0.158772160389492245E+01    0.490818613584475116E+02    0.295985711249328554E+09    0.685412323145282016E+02   -0.342706161572641008E+02
    0.447133547332039569E+02    0.160706580451272685E+01    0.531962309158659750E+02    0.237455972105501443E+09    0.688347459934859671E+02   -0.344173729967429836E+02
    0.609349305442677078E+02    0.159904125910576078E+01    0.707902348241014039E+02    0.429134598820044816E+09    0.687345577695805616E+02   -0.343672788847902808E+02
    0.219283106227885476E+02    0.157343745820153669E+01    0.584543820760120099E+02    0.525796176063572645E+09    0.686150811969461074E+02   -0.343075405984730537E+02
    0.600985464115081669E+02    0.160986454535589063E+01    0.479550318934708812E+02    0.226165727159250766E+09    0.689091725172112177E+02   -0.344545862586056089E+02
    0.439855503352564270E+02    0.159982546113682877E+01    0.840249541430649742E+02    0.423990476781211913E+09    0.686640757277413485E+02   -0.343320378638706742E+02
    0.214778496470113609E+02    0.159755658897252650E+01    0.827962475548190326E+02    0.248212530110904932E+09    0.689622359682366692E+02   -0.344811179841183346E+02
    0.529812569844901375E+02    0.159831928459142047E+01    0.675452709360935444E+02    0.416298551475078166E+09    0.686600500130329863E+02   -0.343300250065164931E+02
    0.274235521307643744E+02    0.160332358298225630E+01    0.793806070915644426E+02    0.242259698748956889E+09    0.688736433867833853E+02   -0.344368216933916926E+02
    0.566503323504417367E+02    0.155890713435874928E+01    0.593376021377638310E+02    0.423282326326033831E+09    0.693711274537520950E+02   -0.346855637268760475E+02
    0.902159515657782407E+02    0.159878306424613381E+01    0.443566208862864215E+02    0.242369494311970681E+09    0.690205961561111394E+02   -0.345102980780555697E+02
    0.715564079564321620E+01    0.160220987549458882E+01    0.486670463167363536E+02    0.387469901957801163E+09    0.690720822863511899E+02   -0.345360411431755949E+02
    0.237447657390205826E+02    0.164114882269212714E+01    0.942275088845314173E+02    0.125702491883081645E+09    0.692626504803104410E+02   -0.346313252401552205E+02
    0.356997533940075868E+02    0.157608302595933725E+01    0.282973548744550953E+02    0.516179586278263748E+09    0.683326419361590638E+02   -0.341663209680795319E+02
    0.235366177717503007E+02    0.163416561078462741E+01    0.917456213534930782E+02    0.438074847496685445E+09    0.691542335785336775E+02   -0.345771167892668387E+02
    0.589869660801948754E+02    0.162046019120905815E+01    0.715804337972419660E+02    0.198307815329378277E+09    0.688124755564404040E+02   -0.344062377782202020E+02
    0.765551840676745865E+01    0.160828989906247100E+01    0.668054161110856199E+02    0.375135278279265881E+09    0.691263682341591164E+02   -0.345631841170795582E+02
    0.833281992692178477E+02    0.158181270209074221E+01    0.337076733559983595E+02    0.586082309072183132E+09    0.689405586007868152E+02   -0.344702793003934076E+02
    0.509563701713324377E+02    0.161176130546322827E+01    0.868582385284786938E+02    0.365077174118416309E+09    0.687963341675129811E+02   -0.343981670837564906E+02
    0.144532111209598195E+02    0.160446391890263351E+01    0.330626433599185106E+02    0.460351581643536389E+09    0.691874054677483343E+02   -0.345937027338741672E+02
    0.101477560296375117E+03    0.162649791639492802E+01    0.716461447567140368E+02    0.228728176662639350E+09    0.689926087909776697E+02   -0.344963043954888349E+02
    0.825497867545807793E+02    0.157784198572865053E+01    0.833979895592536309E+02    0.226329441424171209E+09    0.686447702763153131E+02   -0.343223851381576566E+02
    0.641033745685800795E+02    0.158629269105476212E+01    0.298919779639151066E+02    0.171391314005772024E+09    0.690911397921481694E+02   -0.345455698960740847E+02
    0.161823130447643990E+02    0.158973102072091699E+01    0.136194251967513065E+02    0.419137879922329128E+09    0.687001974576529477E+02   -0.343500987288264739E+02
    0.164822521232194390E+02    0.158657857192986351E+01    0.663760318530322877E+02    0.366503631239113986E+09    0.685035711529519062E+02   -0.342517855764759531E+02
    0.745055479909186857E+02    0.160614390677461683E+01    0.895809797563658492E+02    0.300269070097865641E+09    0.686610067828828221E+02   -0.343305033914414111E+02
    0.681177748055402787E+02    0.163545433326127432E+01    0.221581594803575683E+02    0.302938979144020617E+09    0.691486212982095907E+02   -0.345743106491047953E+02
    0.126357617931572381E+02    0.165331230291778808E+01    0.806086505141054062E+02    0.227794038926093638E+09    0.693477836622748498E+02   -0.346738918311374249E+02
    0.448595703599990259E+02    0.164275084662052451E+01    0.290760099206175084E+02    0.212856879428259164E+09    0.693047772219136675E+02   -0.346523886109568338E+02
    0.375655619340073912E+02    0.161191536828136761E+01    0.790925832644077786E+02    0.535371689530679107E+09    0.692451197771937359E+02   -0.346225598885968679E+02
    0.106218827722872575E+03    0.159773538013535288E+01    0.273558244234749957E+02    0.247591942903135687E+09    0.692957213781560881E+02   -0.346478606890780441E+02
    0.737793135547442063E+02    0.158305652020658405E+01    0.966664147549680592E+02    0.184021668666612387E+09    0.690840882800778502E+02   -0.345420441400389251E+02
    0.149298315612677239E+02    0.163635873353033445E+01    0.629563756095318254E+02    0.182494642243488014E+09    0.689952184038256178E+02   -0.344976092019128089E+02
    0.203292872639502669E+02    0.158491859447038252E+01    0.646390757237101781E+02    0.441634228905822158E+09    0.684339764785246985E+02   -0.342169882392623492E+02
    0.690290834438425236E+02    0.161430640264138181E+01    0.710177023251677184E+02    0.146585193878127992E+09    0.692687132086423958E+02   -0.346343566043211979E+02
    0.290736556880597234E+02    0.164024231761279649E+01    0.266520850395683198E+02    0.269266738582220733E+09    0.691625522540635131E+02   -0.345812761270317566E+02
    0.138345604725740241E+02    0.157048084189135029E+01    0.151958897429543391E+02    0.377243312082692981E+09    0.685898323701561310E+02   -0.342949161850780655E+02
    0.935812797257817550E+02    0.160684098547223653E+01    0.488214770653997547E+02    0.182502104410482645E+09    0.691880897466998306E+02   -0.345940448733499153E+02
    0.231962246332157740E+02    0.164134167959030841E+01    0.738260438688446214E+02    0.347670127559743464E+09    0.692400499918216354E+02   -0.346200249959108177E+02
    0.271476268765692907E+02    0.160616429912214720E+01    0.575606602963164207E+02    0.185918089344965905E+09    0.691528313323864268E+02   -0.345764156661932134E+02
    0.829724736675281775E+02    0.159761983728052570E+01    0.897578764710284958E+02    0.381129434117190540E+09    0.689734912978011891E+02   -0.344867456489005946E+02
    0.667090364549128623E+02    0.163188976599426927E+01    0.945906512565630777E+02    0.183508649045243651E+09    0.686165350914623389E+02   -0.343082675457311694E+02
    0.338324704030053667E+02    0.162791790889044030E+01    0.266751945339903109E+02    0.288601368157449007E+09    0.690267506231654124E+02   -0.345133753115827062E+02
    0.220520349186256546E+02    0.164258811824890061E+01    0.912033271133809791E+02    0.134083670844245702E+09    0.692577735271529917E+02   -0.346288867635764959E+02
    0.525064200760407687E+02    0.160935976261927038E+01    0.822684962048913775E+02    0.147220534348400861E+09    0.692049453857037520E+02   -0.346024726928518760E+02
    0.895897619192376595E+02    0.161080041692737952E+01    0.240914259172075447E+02    0.270070435517764926E+09    0.692557094623219456E+02   -0.346278547311609728E+02
    0.403016817732830148E+02    0.158062482212747080E+01    0.601733790460988303E+02    0.276146853993168235E+09    0.683305371573406717E+02   -0.341652685786703358E+02
    0.113550242119635403E+02    0.159403608013078069E+01    0.735790522180683695E+02    0.463511533449429989E+09    0.687080436241700738E+02   -0.343540218120850369E+02
