    0.769732636719535463E+02    0.136510984916437161E+01    0.182427628487900577E+02    0.565315006582175270E+08    0.952032685629896491E+03   -0.476016342814948246E+03
    0.575830419457516598E+02    0.136929252276775926E+01    0.147904171964174331E+02    0.595620483447991535E+08    0.950257202628137748E+03   -0.475128601314068874E+03
    0.723387380437530112E+02    0.136829272043916039E+01    0.667692866462211576E+01    0.383102289717895091E+08    0.949550215430559547E+03   -0.474775107715279773E+03
    0.626714075632383825E+02    0.137204391643441848E+01    0.739577567858668594E+01    0.388404707969891727E+08    0.949012064298025052E+03   -0.474506032149012526E+03
    0.415206872141775563E+02    0.135671658219918334E+01    0.153834969776004478E+02    0.580905687927849963E+08    0.948401294014594441E+03   -0.474200647007297221E+03
    0.432633229359225027E+02    0.137249209739783096E+01    0.149908443739968220E+02    0.301283333078066036E+08    0.948373019506402443E+03   -0.474186509753201221E+03
    0.117337425861072475E+02    0.136645289540767623E+01    0.109363751770128008E+02    0.523528988498795852E+08    0.948204459945569852E+03   -0.474102229972784926E+03
    0.483283128294806303E+02    0.135418677880116212E+01    0.122559419929913407E+02    0.350950844666618779E+08    0.948067381507086566E+03   -0.474033690753543283E+03
    0.283884864177355318E+02    0.135602417603338643E+01    0.152702841484674465E+02    0.500905328023336232E+08    0.947791579642911302E+03   -0.473895789821455651E+03
    0.661989451568591960E+02    0.136741537612391650E+01    0.205187098285400253E+02    0.501157651366595700E+08    0.947180909229872668E+03   -0.473590454614936334E+03
    0.770381305345660081E+02    0.135962861971426485E+01    0.171214708249874725E+02    0.413310806679332405E+08    0.946712770773644593E+03   -0.473356385386822296E+03
    0.471946064764979880E+02    0.135851603175372726E+01    0.223319714146094803E+02    0.469216084896313399E+08    0.946622510808346988E+03   -0.473311255404173494E+03
    0.429636803430203713E+02    0.136674228286135535E+01    0.261011939709462517E+02    0.385678525112486333E+08    0.946270325649053348E+03   -0.473135162824526674E+03
    0.640325594255381105E+02    0.137230226001806899E+01    0.104232238140744329E+02    0.343684522530722693E+08    0.946216713575738936E+03   -0.473108356787869468E+03
    0.140756122291478132E+02    0.136111685164892982E+01    0.143080966117249329E+02    0.313424482377823330E+08    0.946200360702516491E+03   -0.473100180351258246E+03
    0.195958216484144785E+02    0.137221927000286414E+01    0.191564114947390252E+02    0.392010758621501848E+08    0.945915477216849581E+03   -0.472957738608424791E+03
    0.191534674460185386E+02    0.137174344741567178E+01    0.118189866412625779E+02    0.457678641507951766E+08    0.945746665939872628E+03   -0.472873332969936314E+03
    0.394508905919876867E+02    0.137376162507585176E+01    0.140118382669423838E+02    0.423712571425307244E+08    0.945686157193318877E+03   -0.472843078596659439E+03
    0.726056784285657670E+02    0.137002256287155411E+01    0.137528784323206814E+02    0.391618269708084166E+08    0.945450605380288152E+03   -0.472725302690144076E+03
    0.470533054125832066E+02    0.135879963574895068E+01    0.700462479542012684E+01    0.363471709483813718E+08    0.945275614529248287E+03   -0.472637807264624143E+03
    0.398626456939516984E+02    0.136420461414529304E+01    0.259985202145607595E+02    0.397532674962874800E+08    0.945198256629901721E+03   -0.472599128314950860E+03
    0.403965652633921479E+02    0.136153918142530284E+01    0.230522577762971430E+02    0.547215593160608560E+08    0.945132634902709697E+03   -0.472566317451354848E+03
    0.659715074398804973E+02    0.136513924748601090E+01    0.701263802408916259E+01    0.346032189446430951E+08    0.945123747962576545E+03   -0.472561873981288272E+03
    0.501972913855314005E+02    0.135949792843107709E+01    0.154697873903271610E+02    0.306601945445527472E+08    0.945115100105894498E+03   -0.472557550052947249E+03
    0.355049967765808105E+02    0.136467865183730064E+01    0.192264258861541748E+02    0.680973545025263429E+08    0.945082770159155302E+03   -0.472541385079577651E+03
    0.388991784990437495E+02    0.136161241442606462E+01    0.238168126006722822E+02    0.362575621144039035E+08    0.945072368800095546E+03   -0.472536184400047773E+03
    0.596031003472030818E+02    0.136839453454015092E+01    0.814814121935938296E+01    0.413566376329482049E+08    0.945071564421712083E+03   -0.472535782210856041E+03
    0.167255681873318665E+02    0.136248523352741868E+01    0.102620523150104592E+02    0.315145049519031607E+08    0.944972038584623760E+03   -0.472486019292311880E+03
    0.330517133886027139E+02    0.137263344525831199E+01    0.183561023022953371E+02    0.418941129030109569E+08    0.944969765279992657E+03   -0.472484882639996329E+03
    0.213113478198153103E+02    0.137387226856994715E+01    0.133002966633804736E+02    0.369603013127291799E+08    0.944940054888821010E+03   -0.472470027444410505E+03
    0.817171342047145686E+02    0.136476310911039511E+01    0.177146189780866479E+02    0.380886398276456743E+08    0.944808758268307884E+03   -0.472404379134153942E+03
    0.131576390305159006E+02    0.136780410994661028E+01    0.874271060219214213E+01    0.326252642920031026E+08    0.944795291160488432E+03   -0.472397645580244216E+03
    0.259802175279135099E+02    0.136278845425742756E+01    0.202448676154733427E+02    0.662127733311977535E+08    0.944788339782321941E+03   -0.472394169891160971E+03
    0.639903453657628987E+02    0.136565226214446600E+01    0.760443687775331512E+01    0.315317453985996880E+08    0.944774937699777865E+03   -0.472387468849888933E+03
    0.333297907409207923E+02    0.136163146320268980E+01    0.217174103731101162E+02    0.331370556356423497E+08    0.944678592604532014E+03   -0.472339296302266007E+03
    0.370414227535752758E+02    0.137110927188531440E+01    0.163257458437149197E+02    0.485770746417101771E+08    0.944529812322238513E+03   -0.472264906161119256E+03
    0.342033966289397640E+02    0.137267570582918430E+01    0.803119604285139133E+01    0.333329582035293318E+08    0.944310702212883257E+03   -0.472155351106441628E+03
    0.314087784370206187E+02    0.136910283733118843E+01    0.212559290688435141E+02    0.503895971309606060E+08    0.944299417673317294E+03   -0.472149708836658647E+03
    0.161950354737936060E+02    0.136312656192920789E+01    0.145688708605704651E+02    0.535379578540914878E+08    0.944286716439367410E+03   -0.472143358219683705E+03
    0.236650166802827648E+02    0.136249682183744913E+01    0.214948543181818472E+02    0.607194568912272081E+08    0.944189212360513011E+03   -0.472094606180256505E+03
    0.674812543389450497E+02    0.136897326524662288E+01    0.947693731211903057E+01    0.341950943434978426E+08    0.944066703630568099E+03   -0.472033351815284050E+03
    0.136367491626617099E+02    0.136084677074349036E+01    0.170346667490528745E+02    0.488763025044348314E+08    0.943977235641315019E+03   -0.471988617820657510E+03
    0.484062395711500670E+02    0.136441086783441246E+01    0.159980752239520569E+02    0.613957622154009119E+08    0.943964073707957368E+03   -0.471982036853978684E+03
    0.211594700813293457E+02    0.136194682585821703E+01    0.227923691272735596E+02    0.423608231116273552E+08    0.943803355900709676E+03   -0.471901677950354838E+03
    0.276269862896035079E+02    0.136596849752673011E+01    0.146569511777716883E+02    0.599312008083875179E+08    0.943676110161028191E+03   -0.471838055080514096E+03
    0.420296267379660051E+02    0.136284426069000264E+01    0.207351909062207014E+02    0.625853856915762648E+08    0.943548039961366158E+03   -0.471774019980683079E+03
    0.546978233916423662E+02    0.136595163968476285E+01    0.243155586691569638E+02    0.388614865780086070E+08    0.943543380921479979E+03   -0.471771690460739990E+03
    0.576845589852016687E+02    0.136843234852113671E+01    0.746946115225521101E+01    0.372212609947234541E+08    0.943530870410813691E+03   -0.471765435205406845E+03
    0.323386219546416669E+02    0.136171556076874967E+01    0.198193008440839407E+02    0.624980985404357910E+08    0.943514453941513807E+03   -0.471757226970756903E+03
    0.639646959883007042E+02    0.136616476615025451E+01    0.207483100105528742E+02    0.465366336733162105E+08    0.943480947793062796E+03   -0.471740473896531398E+03
    0.363606942799685982E+02    0.136620421249626856E+01    0.202893864155856569E+02    0.623650813249306008E+08    0.943346882443496270E+03   -0.471673441221748135E+03
    0.587980465983710516E+02    0.137065919635415745E+01    0.182391158072424666E+02    0.354668974508988187E+08    0.943327691841950355E+03   -0.471663845920975177E+03
    0.658670531920304825E+02    0.136741672579106655E+01    0.177358972936422710E+02    0.310145203628469817E+08    0.943261921290622922E+03   -0.471630960645311461E+03
    0.625666198034031282E+02    0.136052553990049585E+01    0.202225126639017247E+02    0.432000961339955777E+08    0.943246463058198401E+03   -0.471623231529099201E+03
    0.667219984943112649E+02    0.136442379924676827E+01    0.857071809965974829E+01    0.351957492104541287E+08    0.943160442366753955E+03   -0.471580221183376977E+03
    0.119237106507460204E+02    0.137057343507946650E+01    0.160684029303642184E+02    0.380401518183658719E+08    0.943074567340165004E+03   -0.471537283670082502E+03
    0.328824344468785768E+02    0.136703707065512692E+01    0.226461130513569238E+02    0.500182873404509276E+08    0.942994831979503147E+03   -0.471497415989751573E+03
    0.476393451266309356E+02    0.137010264378738755E+01    0.171814922183481613E+02    0.467195519976156056E+08    0.942930236652800659E+03   -0.471465118326400329E+03
    0.246742320298574249E+02    0.136841711853453929E+01    0.222198401564833610E+02    0.381094563985955641E+08    0.942890400745291004E+03   -0.471445200372645502E+03
    0.626972739836218338E+02    0.136515298787263673E+01    0.821648070597074742E+01    0.380828726109941229E+08    0.942847496439465772E+03   -0.471423748219732886E+03
    0.320432126626806451E+02    0.136622217796976519E+01    0.969672812494973613E+01    0.467854157050377503E+08    0.942837241162483338E+03   -0.471418620581241669E+03
    0.605766202429227647E+02    0.136689636944171178E+01    0.899401321623695615E+01    0.313492085510687754E+08    0.942809502746182943E+03   -0.471404751373091472E+03
    0.423420963086465960E+02    0.135699516684747445E+01    0.151987053467396827E+02    0.383173252774325237E+08    0.942735382091178849E+03   -0.471367691045589424E+03
    0.630258071116063689E+02    0.136202098431376695E+01    0.165100058197683417E+02    0.473476676915693209E+08    0.942716211820275021E+03   -0.471358105910137510E+03
    0.282527181552917703E+02    0.136643264171711110E+01    0.237301072058471156E+02    0.448085322504508793E+08    0.942715240101942527E+03   -0.471357620050971263E+03
    0.433675292972127053E+02    0.136327128307113710E+01    0.206983676736207514E+02    0.539369342650820389E+08    0.942655476606629236E+03   -0.471327738303314618E+03
    0.747109481454886861E+02    0.136534384074273252E+01    0.119855042834345866E+02    0.367259261441667154E+08    0.942599615512477271E+03   -0.471299807756238636E+03
    0.340594283156485105E+02    0.137089588720628019E+01    0.199206235847740452E+02    0.390362687814726681E+08    0.942588797933568003E+03   -0.471294398966784001E+03
    0.260238357214246037E+02    0.136042535485443716E+01    0.207224515834526457E+02    0.393118706435193121E+08    0.942516059856163452E+03   -0.471258029928081726E+03
    0.442439782656748548E+02    0.137107171769851988E+01    0.193535861003951659E+02    0.384950360835712925E+08    0.942505744875140181E+03   -0.471252872437570090E+03
    0.538307723229812893E+02    0.137027692044009086E+01    0.882345138132785145E+01    0.346847410782870129E+08    0.942439574749465237E+03   -0.471219787374732618E+03
    0.301815384173417662E+02    0.136140638291787130E+01    0.201249583782066139E+02    0.343019641750638112E+08    0.942397268221825811E+03   -0.471198634110912906E+03
    0.482745936105466669E+02    0.136443948089155942E+01    0.222089680989224547E+02    0.334942480031615049E+08    0.942379806450216620E+03   -0.471189903225108310E+03
    0.675206374645797780E+02    0.136373076215545153E+01    0.121533240002418879E+02    0.425350348615110889E+08    0.942347726883063842E+03   -0.471173863441531921E+03
    0.609595500148156404E+02    0.136917981805046574E+01    0.188010998369534619E+02    0.343072155196458921E+08    0.942323140540754025E+03   -0.471161570270377013E+03
    0.162998315523740338E+02    0.136371368948302485E+01    0.130943593431233349E+02    0.474530337976131141E+08    0.942244668224390239E+03   -0.471122334112195119E+03
    0.348382570672892200E+02    0.136443553079746871E+01    0.210430501174150280E+02    0.324008848183565401E+08    0.942081738688476662E+03   -0.471040869344238331E+03
    0.287057694306553977E+02    0.136200870553646980E+01    0.123774088131333322E+02    0.488849122588309199E+08    0.942012725986692658E+03   -0.471006362993346329E+03
    0.353809571790858257E+02    0.136627553754531972E+01    0.166193321342286140E+02    0.539033283228384107E+08    0.941996442081162741E+03   -0.470998221040581370E+03
    0.699404717429105460E+02    0.136384590738562705E+01    0.200605459443279273E+02    0.387356449574316517E+08    0.941932371650564619E+03   -0.470966185825282309E+03
    0.360321981756173386E+02    0.137001829969295019E+01    0.163384444475658128E+02    0.469423261571790352E+08    0.941851234005820970E+03   -0.470925617002910485E+03
    0.473807136404106828E+02    0.137189451627048342E+01    0.138767302888341391E+02    0.395538902869332284E+08    0.941796419678429174E+03   -0.470898209839214587E+03
    0.238043540597384151E+02    0.136013307294155239E+01    0.131313542460129309E+02    0.446406757881470919E+08    0.941715617060453951E+03   -0.470857808530226976E+03
    0.534559787936199271E+02    0.136473121867781755E+01    0.210231590145670637E+02    0.327383023805561662E+08    0.941677312766331170E+03   -0.470838656383165585E+03
    0.201520460980568252E+02    0.137082141064473384E+01    0.157546875995509286E+02    0.410448417697521150E+08    0.941593370088928168E+03   -0.470796685044464084E+03
    0.127672042106709451E+02    0.136789088713554463E+01    0.170273111755197455E+02    0.354821703285923898E+08    0.941593185907180668E+03   -0.470796592953590334E+03
    0.122299117696637687E+02    0.136246963625253792E+01    0.146687703713193667E+02    0.368166298066387177E+08    0.941496206841792741E+03   -0.470748103420896371E+03
    0.496988572159554778E+02    0.135832629219764800E+01    0.162847945441918860E+02    0.407806983588449061E+08    0.941486667673610668E+03   -0.470743333836805334E+03
    0.175958057045951008E+02    0.136146843227697278E+01    0.188678477335485510E+02    0.416740202557608411E+08    0.941468959310838954E+03   -0.470734479655419477E+03
    0.397420179531611808E+02    0.136158763452908249E+01    0.221719599004747820E+02    0.389744303271112517E+08    0.941461041448858396E+03   -0.470730520724429198E+03
    0.485201105801773735E+02    0.136689416040286593E+01    0.747863900050110431E+01    0.351934810885820538E+08    0.941446146357294310E+03   -0.470723073178647155E+03
    0.292258692168222822E+02    0.136518709655653825E+01    0.229463066280651979E+02    0.383161893293550685E+08    0.941433545679394001E+03   -0.470716772839697001E+03
    0.956893684449979709E+01    0.136608167872589226E+01    0.124778043121542996E+02    0.380509919397756755E+08    0.941393583225692623E+03   -0.470696791612846312E+03
    0.361723025554707363E+02    0.136118201848977649E+01    0.200648225130355122E+02    0.486550400776446983E+08    0.941351156233834217E+03   -0.470675578116917109E+03
    0.651008758024269412E+02    0.136440197187559087E+01    0.206898845490633079E+02    0.418295582111127377E+08    0.941346970088498892E+03   -0.470673485044249446E+03
    0.218125778364858718E+02    0.136859666916841438E+01    0.156553676731685485E+02    0.471839179813484401E+08    0.941283029216581781E+03   -0.470641514608290890E+03
    0.286519303370166689E+02    0.136465511883096946E+01    0.205146446816364261E+02    0.335602296172048524E+08    0.941275150978545867E+03   -0.470637575489272933E+03
    0.126922931140621156E+02    0.136290946803516633E+01    0.137504985581815866E+02    0.364970937413893044E+08    0.941239046005533737E+03   -0.470619523002766869E+03
    0.263205271649801595E+02    0.136844921685927634E+01    0.117921523130202424E+02    0.453639039365288541E+08    0.941230436465368030E+03   -0.470615218232684015E+03
    0.243935827615259697E+02    0.136865153687262309E+01    0.859652160116503694E+01    0.368501250438782498E+08    0.941208028128825276E+03   -0.470604014064412638E+03
    0.137847185718368621E+02    0.136485231051914613E+01    0.198128439557364686E+02    0.423896893889718950E+08    0.941138720140281407E+03   -0.470569360070140704E+03
    0.137847185718368621E+02    0.136485231051914613E+01    0.198128439557364686E+02    0.423896893889718950E+08    0.941138720140281407E+03   -0.470569360070140704E+03
    0.336579463527381506E+02    0.136602131739629273E+01    0.139607399876722020E+02    0.505321183889500350E+08    0.941120651478713853E+03   -0.470560325739356927E+03
    0.500019946482444482E+02    0.136660185349176677E+01    0.795409201572518132E+01    0.345629533840530887E+08    0.941010622981066717E+03   -0.470505311490533359E+03
    0.471886280988397999E+02    0.136296769553404573E+01    0.796751176811125550E+01    0.362689623081909120E+08    0.941009932352652868E+03   -0.470504966176326434E+03
    0.237453247820241096E+02    0.136707238591952307E+01    0.100196286259507268E+02    0.425568837709001973E+08    0.941009457852573746E+03   -0.470504728926286873E+03
    0.237453247820241096E+02    0.136707238591952307E+01    0.100196286259507268E+02    0.425568837709001973E+08    0.941009457852573746E+03   -0.470504728926286873E+03
    0.221312702871021649E+02    0.136956847800461579E+01    0.115885932759241026E+02    0.330681295435379408E+08    0.940995431702382007E+03   -0.470497715851191003E+03
    0.221312702871021649E+02    0.136956847800461579E+01    0.115885932759241026E+02    0.330681295435379408E+08    0.940995431702382007E+03   -0.470497715851191003E+03
    0.539443297727986959E+02    0.136843641431594087E+01    0.199276438894495342E+02    0.430047490430100486E+08    0.940953061152772989E+03   -0.470476530576386494E+03
    0.280705448580782075E+02    0.137119526416541704E+01    0.121779705923444883E+02    0.339460968049723133E+08    0.940947322692929447E+03   -0.470473661346464723E+03
    0.298946225446105203E+02    0.136407498067898292E+01    0.137588752342112315E+02    0.501386949993038401E+08    0.940852592288149253E+03   -0.470426296144074627E+03
    0.568235676047738849E+02    0.136124592371980757E+01    0.119038737082303587E+02    0.321362235864519365E+08    0.940842597394138693E+03   -0.470421298697069346E+03
    0.308881008894034004E+02    0.136121807653172544E+01    0.185440367090719107E+02    0.484676537202958465E+08    0.940837546419126170E+03   -0.470418773209563085E+03
    0.373144512228820489E+02    0.136813388629452826E+01    0.213716562645260915E+02    0.363264041440375224E+08    0.940824287490292022E+03   -0.470412143745146011E+03
    0.456005993601415938E+02    0.136444687599941528E+01    0.219637683913057700E+02    0.350733555862765759E+08    0.940824050228905207E+03   -0.470412025114452604E+03
    0.416629930252232512E+02    0.137173239699292338E+01    0.120523136384894816E+02    0.351813128331386819E+08    0.940750424150778144E+03   -0.470375212075389072E+03
    0.432313471102872100E+02    0.136867723876120118E+01    0.177348130451025661E+02    0.315711418730212674E+08    0.940714802974378131E+03   -0.470357401487189065E+03
    0.232914959401267225E+02    0.136919653011339260E+01    0.183187368406439504E+02    0.437601645408638865E+08    0.940682007415969451E+03   -0.470341003707984726E+03
    0.426671274886661536E+02    0.136537946949059896E+01    0.215889386460666728E+02    0.482759850327294692E+08    0.940622404472595804E+03   -0.470311202236297902E+03
    0.426671274886661536E+02    0.136537946949059896E+01    0.215889386460666728E+02    0.482759850327294692E+08    0.940622404472595804E+03   -0.470311202236297902E+03
    0.290047187249243272E+02    0.136355903468639039E+01    0.175129510000944322E+02    0.317910869593669325E+08    0.940600577123499306E+03   -0.470300288561749653E+03
    0.290047187249243272E+02    0.136355903468639039E+01    0.175129510000944322E+02    0.317910869593669325E+08    0.940600577123499306E+03   -0.470300288561749653E+03
    0.251590348653772935E+02    0.136561091354513064E+01    0.189322147181643707E+02    0.330345975460852422E+08    0.940597814888336188E+03   -0.470298907444168094E+03
    0.237214483195720689E+02    0.136822681855333572E+01    0.144501432662180047E+02    0.464360894915830046E+08    0.940562280576416811E+03   -0.470281140288208405E+03
    0.607737823445763041E+02    0.136138712710302623E+01    0.154927309491776519E+02    0.433414849936857224E+08    0.940546582542300712E+03   -0.470273291271150356E+03
    0.581116036753470482E+02    0.136290889421818839E+01    0.197498658280092556E+02    0.345980078568834811E+08    0.940531376432812067E+03   -0.470265688216406033E+03
    0.430479820693731412E+02    0.136537724374421310E+01    0.126181865707116643E+02    0.479456923715054020E+08    0.940506964459961750E+03   -0.470253482229980875E+03
    0.416808890298247761E+02    0.136378454690621087E+01    0.804986323183223362E+01    0.351483472243435979E+08    0.940470948137920004E+03   -0.470235474068960002E+03
    0.416808890298247761E+02    0.136378454690621087E+01    0.804986323183223362E+01    0.351483472243435979E+08    0.940470948137920004E+03   -0.470235474068960002E+03
    0.309337373335670378E+02    0.137090298127325028E+01    0.169491309940990931E+02    0.391399029186177179E+08    0.940438844680069110E+03   -0.470219422340034555E+03
    0.344420458736429751E+02    0.136292432080227832E+01    0.222506727176565846E+02    0.413478179935736582E+08    0.940438684634179594E+03   -0.470219342317089797E+03
    0.525918513994121923E+02    0.135962969869933126E+01    0.140273105898782671E+02    0.419454817123656794E+08    0.940431685052694434E+03   -0.470215842526347217E+03
    0.278228407379201919E+02    0.136110840865995320E+01    0.185450211383299468E+02    0.456699885982393399E+08    0.940405954144141674E+03   -0.470202977072070837E+03
    0.278228407379201919E+02    0.136110840865995320E+01    0.185450211383299468E+02    0.456699885982393399E+08    0.940405954144141674E+03   -0.470202977072070837E+03
    0.428099067343532127E+02    0.136592939158288140E+01    0.132172850987436910E+02    0.481386793999506161E+08    0.940364696675905861E+03   -0.470182348337952931E+03
    0.176623921849056913E+02    0.136325863603097508E+01    0.133189234962138574E+02    0.437302643113662004E+08    0.940363173915023481E+03   -0.470181586957511740E+03
    0.258133539155800200E+02    0.136406752917471352E+01    0.216427106940132710E+02    0.439687839902838394E+08    0.940341339981570172E+03   -0.470170669990785086E+03
    0.143555879537058093E+02    0.136465582984487344E+01    0.186759910063983128E+02    0.423798721770546362E+08    0.940334626587940420E+03   -0.470167313293970210E+03
    0.631106791126791435E+02    0.136633729614687383E+01    0.195177277624893897E+02    0.409236342016405612E+08    0.940330742467095547E+03   -0.470165371233547773E+03
    0.597501322565045356E+02    0.136776447764450038E+01    0.194886108280699055E+02    0.398257858769550771E+08    0.940298019915146028E+03   -0.470149009957573014E+03
    0.411968235396469211E+02    0.137088775322570355E+01    0.169499802556589572E+02    0.365441155550317764E+08    0.940294343859966716E+03   -0.470147171929983358E+03
    0.438358894375783095E+02    0.136866691002153162E+01    0.156181023443997145E+02    0.464801605548954234E+08    0.940288520800585843E+03   -0.470144260400292922E+03
    0.439503612989755084E+02    0.136655624680655863E+01    0.153805661452738995E+02    0.491196049624230564E+08    0.940286728531566496E+03   -0.470143364265783248E+03
    0.439503612989755084E+02    0.136655624680655863E+01    0.153805661452738995E+02    0.491196049624230564E+08    0.940286728531566496E+03   -0.470143364265783248E+03
    0.491905746394720254E+02    0.136771216414140073E+01    0.149295107725259335E+02    0.464340201994076073E+08    0.940230117311362164E+03   -0.470115058655681082E+03
    0.414306860480631656E+02    0.136031773406235690E+01    0.174350462492969953E+02    0.458972009453408420E+08    0.940216835985562398E+03   -0.470108417992781199E+03
    0.574412081895353595E+02    0.136482383209162461E+01    0.933842916607286888E+01    0.346664105605265796E+08    0.940171378016852486E+03   -0.470085689008426243E+03
    0.476131547114611280E+02    0.136438333105643839E+01    0.206360262414408382E+02    0.475836046081198305E+08    0.940067122334690794E+03   -0.470033561167345397E+03
    0.605660652194076548E+02    0.136520377580742291E+01    0.128724449025832222E+02    0.429360999310885668E+08    0.940033632993567949E+03   -0.470016816496783974E+03
    0.605660652194076548E+02    0.136520377580742291E+01    0.128724449025832222E+02    0.429360999310885668E+08    0.940033632993567949E+03   -0.470016816496783974E+03
    0.349715722247749454E+02    0.136258845209343771E+01    0.990498584689558292E+01    0.416616170621527955E+08    0.940032314051980393E+03   -0.470016157025990196E+03
    0.349715722247749454E+02    0.136258845209343771E+01    0.990498584689558292E+01    0.416616170621527955E+08    0.940032314051980393E+03   -0.470016157025990196E+03
    0.126140902863858972E+02    0.136499151064970259E+01    0.156178624574086733E+02    0.418330893675543293E+08    0.939974468647438243E+03   -0.469987234323719122E+03
    0.126140902863858972E+02    0.136499151064970259E+01    0.156178624574086733E+02    0.418330893675543293E+08    0.939974468647438243E+03   -0.469987234323719122E+03
    0.607060290989775737E+02    0.136923362035567897E+01    0.141956749743583863E+02    0.358075934790592790E+08    0.939956147202198736E+03   -0.469978073601099368E+03
    0.607060290989775737E+02    0.136923362035567897E+01    0.141956749743583863E+02    0.358075934790592790E+08    0.939956147202198736E+03   -0.469978073601099368E+03
    0.337082430136795068E+02    0.136069801520317557E+01    0.155019586755302576E+02    0.461040327260481566E+08    0.939941310304746480E+03   -0.469970655152373240E+03
    0.337082430136795068E+02    0.136069801520317557E+01    0.155019586755302576E+02    0.461040327260481566E+08    0.939941310304746480E+03   -0.469970655152373240E+03
    0.283156496554611898E+02    0.136591083298222027E+01    0.188976687018462393E+02    0.491840416486821920E+08    0.939919673961461285E+03   -0.469959836980730643E+03
    0.436253877060114235E+02    0.136536161736134565E+01    0.821147682224707331E+01    0.355585207548960671E+08    0.939868135434908254E+03   -0.469934067717454127E+03
    0.436253877060114235E+02    0.136536161736134565E+01    0.821147682224707331E+01    0.355585207548960671E+08    0.939868135434908254E+03   -0.469934067717454127E+03
    0.414597926675443063E+02    0.136084650135625984E+01    0.164553802118385946E+02    0.465855228905865923E+08    0.939867151125942883E+03   -0.469933575562971441E+03
    0.585796111025807775E+02    0.136485713225369709E+01    0.189804454805014231E+02    0.333455484743966684E+08    0.939814162364143613E+03   -0.469907081182071806E+03
    0.275193469156338111E+02    0.136385041810498331E+01    0.103712779843880991E+02    0.419807808651443422E+08    0.939781576077294289E+03   -0.469890788038647145E+03
    0.275193469156338111E+02    0.136385041810498331E+01    0.103712779843880991E+02    0.419807808651443422E+08    0.939781576077294289E+03   -0.469890788038647145E+03
    0.545533692383887612E+02    0.136193701644666354E+01    0.201532791704086591E+02    0.386269090058196262E+08    0.939780310514198618E+03   -0.469890155257099309E+03
    0.514941040419585363E+02    0.136679048865356489E+01    0.114531109051401270E+02    0.427189162101020515E+08    0.939735392629744524E+03   -0.469867696314872262E+03
    0.501348467651803347E+02    0.136679595182823599E+01    0.972844570033475264E+01    0.398145209224067107E+08    0.939708932642200580E+03   -0.469854466321100290E+03
    0.580751684863782671E+02    0.136324826502900920E+01    0.118633552476842734E+02    0.323902882689178810E+08    0.939679583860878211E+03   -0.469839791930439105E+03
    0.580751684863782671E+02    0.136324826502900920E+01    0.118633552476842734E+02    0.323902882689178810E+08    0.939679583860878211E+03   -0.469839791930439105E+03
    0.278829058519186397E+02    0.136801025196068693E+01    0.198747638075019104E+02    0.369963353579374254E+08    0.939658478278740176E+03   -0.469829239139370088E+03
    0.455823357519792083E+02    0.136908874156701388E+01    0.136634002435937205E+02    0.435194290977876633E+08    0.939634740931214310E+03   -0.469817370465607155E+03
    0.455823357519792083E+02    0.136908874156701388E+01    0.136634002435937205E+02    0.435194290977876633E+08    0.939634740931214310E+03   -0.469817370465607155E+03
    0.595166909710822054E+02    0.136212791395182697E+01    0.189336331224659027E+02    0.374661773187863678E+08    0.939601627401761334E+03   -0.469800813700880667E+03
    0.334966696487333806E+02    0.136045097713396035E+01    0.133995582050164312E+02    0.432285689660908282E+08    0.939588312615052359E+03   -0.469794156307526180E+03
    0.522158566721223494E+02    0.136186696408076147E+01    0.101345085756517133E+02    0.361608913497910053E+08    0.939572740863384638E+03   -0.469786370431692319E+03
    0.479492370557121035E+02    0.136602692424343442E+01    0.167118330211026311E+02    0.478447809416788444E+08    0.939513655588504321E+03   -0.469756827794252160E+03
    0.479492370557121035E+02    0.136602692424343442E+01    0.167118330211026311E+02    0.478447809416788444E+08    0.939513655588504321E+03   -0.469756827794252160E+03
    0.254049777310004430E+02    0.136934463333873846E+01    0.150509345942482824E+02    0.340581024142122790E+08    0.939486089991942322E+03   -0.469743044995971161E+03
    0.254049777310004430E+02    0.136934463333873846E+01    0.150509345942482824E+02    0.340581024142122790E+08    0.939486089991942322E+03   -0.469743044995971161E+03
    0.433560290581806456E+02    0.136938228710863785E+01    0.168237580412478387E+02    0.431668189224940613E+08    0.939379718774492062E+03   -0.469689859387246031E+03
    0.433560290581806456E+02    0.136938228710863785E+01    0.168237580412478387E+02    0.431668189224940613E+08    0.939379718774492062E+03   -0.469689859387246031E+03
    0.589695574175872324E+02    0.136157946374927863E+01    0.156993790973880891E+02    0.418223008166128471E+08    0.939378115356885246E+03   -0.469689057678442623E+03
    0.614510258251347992E+02    0.136681593611682151E+01    0.116280740821206034E+02    0.369055330248619244E+08    0.939344045701338814E+03   -0.469672022850669407E+03
    0.635927686195042625E+02    0.136474255027694036E+01    0.189927112605557973E+02    0.370257076434275731E+08    0.939323232587933603E+03   -0.469661616293966802E+03
    0.338133891510384572E+02    0.136572399106609144E+01    0.209364959857116908E+02    0.455064417934166193E+08    0.939253668941649494E+03   -0.469626834470824747E+03
    0.296519637604467583E+02    0.136666972427103106E+01    0.201681833861875219E+02    0.447867800482983813E+08    0.939246654436831932E+03   -0.469623327218415966E+03
    0.296519637604467583E+02    0.136666972427103106E+01    0.201681833861875219E+02    0.447867800482983813E+08    0.939246654436831932E+03   -0.469623327218415966E+03
    0.270957307895764501E+02    0.136703625475864077E+01    0.190523587089743138E+02    0.452933486164409444E+08    0.939246323558292261E+03   -0.469623161779146130E+03
    0.295419718361985417E+02    0.136664605927843308E+01    0.198294400806005342E+02    0.453836503437547460E+08    0.939222925188258387E+03   -0.469611462594129193E+03
    0.295419718361985417E+02    0.136664605927843308E+01    0.198294400806005342E+02    0.453836503437547460E+08    0.939222925188258387E+03   -0.469611462594129193E+03
    0.579469423586214205E+02    0.136416990252338111E+01    0.122293848543354287E+02    0.416827381258464828E+08    0.939212824564567427E+03   -0.469606412282283713E+03
    0.259570965164206200E+02    0.136966504447644910E+01    0.117052484611919301E+02    0.372633327484664693E+08    0.939193432552864465E+03   -0.469596716276432232E+03
    0.206918941658058735E+02    0.136671006024107822E+01    0.169498249523077398E+02    0.349902541500879824E+08    0.939176184780620360E+03   -0.469588092390310180E+03
    0.335376127007476939E+02    0.136381755137247218E+01    0.160630950587689192E+02    0.488129238511076644E+08    0.939145576249154828E+03   -0.469572788124577414E+03
    0.172174293294390175E+02    0.136437632546613719E+01    0.144868297263304413E+02    0.424381072538290918E+08    0.939141327836037249E+03   -0.469570663918018624E+03
    0.644167049007983934E+02    0.136490172315209568E+01    0.134709206539758544E+02    0.394844118129585311E+08    0.939105241868830262E+03   -0.469552620934415131E+03
    0.464216169993699737E+02    0.136225247198044963E+01    0.205916983309346762E+02    0.403589165371747017E+08    0.939101788959002306E+03   -0.469550894479501153E+03
    0.464216169993699737E+02    0.136225247198044963E+01    0.205916983309346762E+02    0.403589165371747017E+08    0.939101788959002306E+03   -0.469550894479501153E+03
    0.272107998458647273E+02    0.136203271835195716E+01    0.183180747546641953E+02    0.437221684236180037E+08    0.939068379640587750E+03   -0.469534189820293875E+03
    0.272107998458647273E+02    0.136203271835195716E+01    0.183180747546641953E+02    0.437221684236180037E+08    0.939068379640587750E+03   -0.469534189820293875E+03
    0.182347542734712640E+02    0.136781863374915047E+01    0.145397580285809180E+02    0.360785030729078501E+08    0.939067319177516538E+03   -0.469533659588758269E+03
    0.485198747346921948E+02    0.136234872132901641E+01    0.165500997164563763E+02    0.324004611269835420E+08    0.939061969299491238E+03   -0.469530984649745619E+03
    0.485198747346921948E+02    0.136234872132901641E+01    0.165500997164563763E+02    0.324004611269835420E+08    0.939061969299491238E+03   -0.469530984649745619E+03
    0.281748230233438051E+02    0.136478306331437871E+01    0.149527829367479139E+02    0.473932710700936317E+08    0.939058177703522006E+03   -0.469529088851761003E+03
    0.379317219151731990E+02    0.136677131562583076E+01    0.195006333888850065E+02    0.460308725396171585E+08    0.938989586899723008E+03   -0.469494793449861504E+03
    0.297123395949665934E+02    0.136358012967325437E+01    0.102066815618171134E+02    0.394236253814891949E+08    0.938970184226834476E+03   -0.469485092113417238E+03
    0.297123395949665934E+02    0.136358012967325437E+01    0.102066815618171134E+02    0.394236253814891949E+08    0.938970184226834476E+03   -0.469485092113417238E+03
    0.565502211211953849E+02    0.136666272234507868E+01    0.175690505146985743E+02    0.431631814527925178E+08    0.938963069225092227E+03   -0.469481534612546113E+03
    0.564256201431910753E+02    0.136210316563248135E+01    0.182433422423382723E+02    0.362365722390571535E+08    0.938944112873997256E+03   -0.469472056436998628E+03
    0.258125710993951998E+02    0.136477977353809221E+01    0.109412469918619522E+02    0.343673198560424745E+08    0.938927282469132365E+03   -0.469463641234566182E+03
    0.258125710993951998E+02    0.136477977353809221E+01    0.109412469918619522E+02    0.343673198560424745E+08    0.938927282469132365E+03   -0.469463641234566182E+03
    0.541639719964500301E+02    0.136877812472387816E+01    0.141388184019996750E+02    0.404363651552309766E+08    0.938923204722707055E+03   -0.469461602361353528E+03
    0.541639719964500301E+02    0.136877812472387816E+01    0.141388184019996750E+02    0.404363651552309766E+08    0.938923204722707055E+03   -0.469461602361353528E+03
    0.534355457957891176E+02    0.136805367347900031E+01    0.116833280496123812E+02    0.394391158150447905E+08    0.938920592574077432E+03   -0.469460296287038716E+03
    0.534355457957891176E+02    0.136805367347900031E+01    0.116833280496123812E+02    0.394391158150447905E+08    0.938920592574077432E+03   -0.469460296287038716E+03
    0.280140909053019449E+02    0.136581489720326643E+01    0.100054849696559280E+02    0.391857560264233053E+08    0.938913042036579554E+03   -0.469456521018289777E+03
    0.455612948837211391E+02    0.135997779337816960E+01    0.140705045735108065E+02    0.361868872745348886E+08    0.938903942243875917E+03   -0.469451971121937959E+03
    0.455612948837211391E+02    0.135997779337816960E+01    0.140705045735108065E+02    0.361868872745348886E+08    0.938903942243875917E+03   -0.469451971121937959E+03
    0.260166613441890817E+02    0.136785340383152887E+01    0.192097767207399102E+02    0.388376417880449221E+08    0.938859377223379852E+03   -0.469429688611689926E+03
    0.365855135382509502E+02    0.136214223905746623E+01    0.123961346717402741E+02    0.435803034547863603E+08    0.938859347459616743E+03   -0.469429673729808371E+03
    0.426777896421124794E+02    0.136876339338929620E+01    0.160372117998320185E+02    0.324927678750390038E+08    0.938857869444492735E+03   -0.469428934722246368E+03
    0.420071397632779195E+02    0.136422921735961111E+01    0.216501912896906354E+02    0.397484453385057151E+08    0.938848715429202798E+03   -0.469424357714601399E+03
    0.420071397632779195E+02    0.136422921735961111E+01    0.216501912896906354E+02    0.397484453385057151E+08    0.938848715429202798E+03   -0.469424357714601399E+03
    0.366902631441732794E+02    0.136080204258843152E+01    0.179750524046320699E+02    0.422074686209867224E+08    0.938846402774683838E+03   -0.469423201387341919E+03
    0.366902631441732794E+02    0.136080204258843152E+01    0.179750524046320699E+02    0.422074686209867224E+08    0.938846402774683838E+03   -0.469423201387341919E+03
    0.283501826578667142E+02    0.136816745264343664E+01    0.179125322074392592E+02    0.352242433075443357E+08    0.938823635787090097E+03   -0.469411817893545049E+03
    0.283501826578667142E+02    0.136816745264343664E+01    0.179125322074392592E+02    0.352242433075443357E+08    0.938823635787090097E+03   -0.469411817893545049E+03
    0.225240599957305960E+02    0.136923594417848449E+01    0.145129735655588323E+02    0.370625413336070254E+08    0.938806078472486774E+03   -0.469403039236243387E+03
    0.455301179560175768E+02    0.136007983366083063E+01    0.165509321160011389E+02    0.383504513918909058E+08    0.938789820062563990E+03   -0.469394910031281995E+03
    0.180603520087618747E+02    0.136710184538977808E+01    0.133837895015010169E+02    0.391180205594767779E+08    0.938772110337642289E+03   -0.469386055168821144E+03
    0.180603520087618747E+02    0.136710184538977808E+01    0.133837895015010169E+02    0.391180205594767779E+08    0.938772110337642289E+03   -0.469386055168821144E+03
    0.208853619339727530E+02    0.136868316972290782E+01    0.151468396841743793E+02    0.396989422176457271E+08    0.938744387980868055E+03   -0.469372193990434027E+03
    0.208853619339727530E+02    0.136868316972290782E+01    0.151468396841743793E+02    0.396989422176457271E+08    0.938744387980868055E+03   -0.469372193990434027E+03
    0.336076812615461549E+02    0.136601822847920906E+01    0.202978094387984065E+02    0.362052287115875483E+08    0.938727969433283306E+03   -0.469363984716641653E+03
    0.336076812615461549E+02    0.136601822847920906E+01    0.202978094387984065E+02    0.362052287115875483E+08    0.938727969433283306E+03   -0.469363984716641653E+03
    0.387444717395942249E+02    0.136875317992696588E+01    0.115763017645053949E+02    0.410478255059911758E+08    0.938711524330174825E+03   -0.469355762165087413E+03
    0.379045041461329504E+02    0.136759100369615894E+01    0.178526552756425829E+02    0.455576189750254303E+08    0.938695586913891702E+03   -0.469347793456945851E+03
    0.379045041461329504E+02    0.136759100369615894E+01    0.178526552756425829E+02    0.455576189750254303E+08    0.938695586913891702E+03   -0.469347793456945851E+03
    0.439886543964489931E+02    0.136039280923387107E+01    0.155796123697706292E+02    0.420773814445249736E+08    0.938693711158858036E+03   -0.469346855579429018E+03
    0.430477864077394443E+02    0.136922823339651623E+01    0.163663582435903550E+02    0.339366779719588012E+08    0.938659952475144792E+03   -0.469329976237572396E+03
    0.430477864077394443E+02    0.136922823339651623E+01    0.163663582435903550E+02    0.339366779719588012E+08    0.938659952475144792E+03   -0.469329976237572396E+03
    0.444935031076960499E+02    0.136629123959941490E+01    0.103661629028492541E+02    0.405996147284573391E+08    0.938659272780018682E+03   -0.469329636390009341E+03
    0.359434985148673789E+02    0.136975508066181528E+01    0.150290277734490250E+02    0.343552805934654325E+08    0.938650867203567373E+03   -0.469325433601783686E+03
    0.311366529018044744E+02    0.136188557647034703E+01    0.186266219016323298E+02    0.427010551150526255E+08    0.938626290564638111E+03   -0.469313145282319056E+03
    0.502981855435425089E+02    0.136052091344427595E+01    0.141333042225642753E+02    0.396577289382846430E+08    0.938575348152859988E+03   -0.469287674076429994E+03
    0.502981855435425089E+02    0.136052091344427595E+01    0.141333042225642753E+02    0.396577289382846430E+08    0.938575348152859988E+03   -0.469287674076429994E+03
    0.432602587359317212E+02    0.136056660087426717E+01    0.151780686466079811E+02    0.422312285062706023E+08    0.938553652351562960E+03   -0.469276826175781480E+03
    0.432602587359317212E+02    0.136056660087426717E+01    0.151780686466079811E+02    0.422312285062706023E+08    0.938553652351562960E+03   -0.469276826175781480E+03
    0.590467624839826684E+02    0.136478205375593342E+01    0.184906015011112252E+02    0.417735894317891598E+08    0.938523953120417673E+03   -0.469261976560208836E+03
    0.265324433845998549E+02    0.136399447660528561E+01    0.146074721755677039E+02    0.452994658560057729E+08    0.938518773255397946E+03   -0.469259386627698973E+03
    0.265324433845998549E+02    0.136399447660528561E+01    0.146074721755677039E+02    0.452994658560057729E+08    0.938518773255397946E+03   -0.469259386627698973E+03
    0.379349706602593955E+02    0.136649337292184025E+01    0.945180725529428400E+01    0.363932766503368095E+08    0.938517949701377574E+03   -0.469258974850688787E+03
    0.559278408875791513E+02    0.136638087855958235E+01    0.146472015824146684E+02    0.321528678647137396E+08    0.938516298866633633E+03   -0.469258149433316817E+03
    0.559278408875791513E+02    0.136638087855958235E+01    0.146472015824146684E+02    0.321528678647137396E+08    0.938516298866633633E+03   -0.469258149433316817E+03
    0.539994957018909147E+02    0.136635980183037531E+01    0.106016923469313102E+02    0.372654732781838998E+08    0.938513414839622442E+03   -0.469256707419811221E+03
    0.231435977358858835E+02    0.136211474768171636E+01    0.153443904654671748E+02    0.398552623253833205E+08    0.938469531663609700E+03   -0.469234765831804850E+03
    0.386060309649440114E+02    0.136496760673820949E+01    0.938368096019735987E+01    0.359569503057653010E+08    0.938462899298070170E+03   -0.469231449649035085E+03
    0.386060309649440114E+02    0.136496760673820949E+01    0.938368096019735987E+01    0.359569503057653010E+08    0.938462899298070170E+03   -0.469231449649035085E+03
    0.340406164061580156E+02    0.136953464930808000E+01    0.139522728313265265E+02    0.410283612435708642E+08    0.938437435124885724E+03   -0.469218717562442862E+03
    0.345824248898579114E+02    0.136144489231422527E+01    0.166930173695890431E+02    0.439238377229596972E+08    0.938423963873646699E+03   -0.469211981936823349E+03
    0.349094834873861899E+02    0.136984839616327014E+01    0.126199785069636690E+02    0.354192657357930839E+08    0.938420298350549501E+03   -0.469210149175274751E+03
    0.488491064750421913E+02    0.136468907757186098E+01    0.114402132096410760E+02    0.418519063384236097E+08    0.938368875865719133E+03   -0.469184437932859566E+03
    0.292738590354907551E+02    0.136815938640032053E+01    0.169383881514677022E+02    0.347283670793876350E+08    0.938347087391424566E+03   -0.469173543695712283E+03
    0.359230391162845706E+02    0.137007806335468252E+01    0.140686056009666487E+02    0.384858949841464460E+08    0.938322428728305795E+03   -0.469161214364152897E+03
    0.197483168829255042E+02    0.136680049380192159E+01    0.138953030156307396E+02    0.401662527056007609E+08    0.938318718646386060E+03   -0.469159359323193030E+03
    0.580571115293753195E+02    0.136436546650794499E+01    0.175433486816429998E+02    0.424485027791944668E+08    0.938278298738099693E+03   -0.469139149369049846E+03
    0.580571115293753195E+02    0.136436546650794499E+01    0.175433486816429998E+02    0.424485027791944668E+08    0.938278298738099693E+03   -0.469139149369049846E+03
    0.548131910326900069E+02    0.136675199629250055E+01    0.163853873277051818E+02    0.332438143444878869E+08    0.938268100903679283E+03   -0.469134050451839641E+03
    0.359537818668758717E+02    0.136610352129766532E+01    0.192062638701315649E+02    0.348353163840728030E+08    0.938241924435498390E+03   -0.469120962217749195E+03
    0.359537818668758717E+02    0.136610352129766532E+01    0.192062638701315649E+02    0.348353163840728030E+08    0.938241924435498390E+03   -0.469120962217749195E+03
    0.252689534525238351E+02    0.136336266568261610E+01    0.119325966585381362E+02    0.385180561940141991E+08    0.938239526830035402E+03   -0.469119763415017701E+03
    0.468625749260476638E+02    0.136380958258147600E+01    0.132644199957622551E+02    0.441522658961691856E+08    0.938228327257553246E+03   -0.469114163628776623E+03
    0.468625749260476638E+02    0.136380958258147600E+01    0.132644199957622551E+02    0.441522658961691856E+08    0.938228327257553246E+03   -0.469114163628776623E+03
    0.497902069257071176E+02    0.136668525588520473E+01    0.197300809125098269E+02    0.411865034064966515E+08    0.938222993142661267E+03   -0.469111496571330633E+03
    0.463246907055702550E+02    0.136812031811384704E+01    0.182227008816905851E+02    0.353270073363721147E+08    0.938219119270428564E+03   -0.469109559635214282E+03
    0.234182297756005120E+02    0.136437013458050460E+01    0.178132144687452936E+02    0.435217924289285988E+08    0.938184511000527664E+03   -0.469092255500263832E+03
    0.334339749652997682E+02    0.136505321663890511E+01    0.204952347283656131E+02    0.379447553934899196E+08    0.938164820907739681E+03   -0.469082410453869841E+03
    0.334339749652997682E+02    0.136505321663890511E+01    0.204952347283656131E+02    0.379447553934899196E+08    0.938164820907739681E+03   -0.469082410453869841E+03
    0.270370355888217162E+02    0.136583437797379692E+01    0.121454910134003455E+02    0.420028326750150770E+08    0.938164694349177807E+03   -0.469082347174588904E+03
    0.325842103916982637E+02    0.136519941863489880E+01    0.143894674031156935E+02    0.459071649217814952E+08    0.938160076975763786E+03   -0.469080038487881893E+03
    0.325842103916982637E+02    0.136519941863489880E+01    0.143894674031156935E+02    0.459071649217814952E+08    0.938160076975763786E+03   -0.469080038487881893E+03
    0.424745194566011648E+02    0.136369221391796080E+01    0.103954057636311106E+02    0.393638887483150065E+08    0.938148865172797969E+03   -0.469074432586398984E+03
    0.424745194566011648E+02    0.136369221391796080E+01    0.103954057636311106E+02    0.393638887483150065E+08    0.938148865172797969E+03   -0.469074432586398984E+03
    0.316446505643407363E+02    0.136476965680060713E+01    0.115912261333719293E+02    0.333063557765018456E+08    0.938147801946587265E+03   -0.469073900973293632E+03
    0.321853407077381775E+02    0.136917755051865764E+01    0.172988249969267045E+02    0.387406155866657346E+08    0.938146510809670872E+03   -0.469073255404835436E+03
    0.573885968344717412E+02    0.136506748205388084E+01    0.114794428887148339E+02    0.356008042662288845E+08    0.938132780946037428E+03   -0.469066390473018714E+03
    0.477154178604612227E+02    0.136326128456451889E+01    0.146973930142876128E+02    0.445398787535672113E+08    0.938103187464869166E+03   -0.469051593732434583E+03
    0.459659167817141352E+02    0.136741088812008993E+01    0.192519750114321972E+02    0.416377298214926496E+08    0.938093965639530325E+03   -0.469046982819765162E+03
    0.209438700108536757E+02    0.136683181397744713E+01    0.147970839747240852E+02    0.411018150803745985E+08    0.938089056866841133E+03   -0.469044528433420567E+03
    0.271908557027217839E+02    0.136790186999814312E+01    0.128282325620506530E+02    0.344740204757400081E+08    0.938080557402834074E+03   -0.469040278701417037E+03
    0.271908557027217839E+02    0.136790186999814312E+01    0.128282325620506530E+02    0.344740204757400081E+08    0.938080557402834074E+03   -0.469040278701417037E+03
    0.460079427872698048E+02    0.136527006784911165E+01    0.156280482587681231E+02    0.316481748438550606E+08    0.938074731999257097E+03   -0.469037365999628548E+03
    0.460079427872698048E+02    0.136527006784911165E+01    0.156280482587681231E+02    0.316481748438550606E+08    0.938074731999257097E+03   -0.469037365999628548E+03
    0.287642322792884890E+02    0.136353638209948347E+01    0.166466801167687066E+02    0.345677141345994994E+08    0.938071044326101173E+03   -0.469035522163050587E+03
    0.348185436376552886E+02    0.136336826203067685E+01    0.199391208016703807E+02    0.421917165150703639E+08    0.938030847632517521E+03   -0.469015423816258760E+03
    0.229713271130425483E+02    0.136594479719869488E+01    0.183857271488154517E+02    0.388864677971062958E+08    0.938015316810856120E+03   -0.469007658405428060E+03
    0.229713271130425483E+02    0.136594479719869488E+01    0.183857271488154517E+02    0.388864677971062958E+08    0.938015316810856120E+03   -0.469007658405428060E+03
    0.414227964135442761E+02    0.136763600985309042E+01    0.170810426684841801E+02    0.441244542117842063E+08    0.938007065175803177E+03   -0.469003532587901589E+03
    0.478863781079010451E+02    0.136682639377390758E+01    0.142019187789578947E+02    0.434364119049618915E+08    0.938005685732211191E+03   -0.469002842866105595E+03
    0.361487457222948194E+02    0.136286297119260214E+01    0.140378429253348340E+02    0.442930756524151042E+08    0.937996759678668241E+03   -0.468998379839334120E+03
    0.424679044323631274E+02    0.136054703152298306E+01    0.149437565303452811E+02    0.374513355552989915E+08    0.937994996435775420E+03   -0.468997498217887710E+03
    0.460629141493992051E+02    0.136152642450934014E+01    0.140900780119369387E+02    0.420086263609200269E+08    0.937988025491047779E+03   -0.468994012745523889E+03
    0.527058619161671160E+02    0.136466030867233012E+01    0.111696831431725787E+02    0.344084837100340426E+08    0.937959911463098251E+03   -0.468979955731549126E+03
    0.501798142218757803E+02    0.136689306990686976E+01    0.191325379883567379E+02    0.409211327592089921E+08    0.937955658293409329E+03   -0.468977829146704664E+03
    0.484657673279709300E+02    0.136483910443717082E+01    0.141003504574720111E+02    0.443625467266622335E+08    0.937942562189988962E+03   -0.468971281094994481E+03
    0.271457434361103367E+02    0.136534792734767740E+01    0.196443110564193404E+02    0.401469578445547372E+08    0.937938681311631854E+03   -0.468969340655815927E+03
    0.209162310894509709E+02    0.136509127706488109E+01    0.153034355157631143E+02    0.361982074163422883E+08    0.937926601369213245E+03   -0.468963300684606622E+03
    0.209162310894509709E+02    0.136509127706488109E+01    0.153034355157631143E+02    0.361982074163422883E+08    0.937926601369213245E+03   -0.468963300684606622E+03
    0.416074753137893438E+02    0.136738173722022927E+01    0.195786715674860687E+02    0.374713944638817087E+08    0.937925893638032676E+03   -0.468962946819016338E+03
    0.564217977520069809E+02    0.136188114653114600E+01    0.151348992205628843E+02    0.379912694189108610E+08    0.937892101132684388E+03   -0.468946050566342194E+03
    0.214370395285121305E+02    0.136566566041658533E+01    0.176561139458849894E+02    0.396476090085301399E+08    0.937880535765298305E+03   -0.468940267882649152E+03
    0.337847800655543935E+02    0.136312664357921420E+01    0.147398281377260112E+02    0.445697536355123445E+08    0.937853150316546817E+03   -0.468926575158273408E+03
    0.356369465261518812E+02    0.136095117846829661E+01    0.149570070716671228E+02    0.374550818732435033E+08    0.937835977217899313E+03   -0.468917988608949656E+03
    0.343131521668780692E+02    0.136114249640796015E+01    0.151725785506549578E+02    0.370945432851416320E+08    0.937831913903439727E+03   -0.468915956951719863E+03
    0.343131521668780692E+02    0.136114249640796015E+01    0.151725785506549578E+02    0.370945432851416320E+08    0.937831913903439727E+03   -0.468915956951719863E+03
    0.592683490916400615E+02    0.136382224407115826E+01    0.144696946291989921E+02    0.397529715959512442E+08    0.937790767450472003E+03   -0.468895383725236002E+03
    0.399214798270969098E+02    0.136553317329891200E+01    0.204349018324227671E+02    0.378946594971486181E+08    0.937785354078610681E+03   -0.468892677039305340E+03
    0.461022292961246620E+02    0.136798098640591359E+01    0.110832139755550028E+02    0.370423728906448781E+08    0.937771700046641172E+03   -0.468885850023320586E+03
    0.461022292961246620E+02    0.136798098640591359E+01    0.110832139755550028E+02    0.370423728906448781E+08    0.937771700046641172E+03   -0.468885850023320586E+03
    0.328756478982697260E+02    0.136439145466311662E+01    0.107966046727605427E+02    0.356399279377807900E+08    0.937747491577218057E+03   -0.468873745788609028E+03
    0.267638305780177959E+02    0.136669960181392502E+01    0.186028520427919482E+02    0.403873101071647704E+08    0.937737695297388655E+03   -0.468868847648694327E+03
    0.388916291352331669E+02    0.136219130183848480E+01    0.116644132506416121E+02    0.363054590065475702E+08    0.937727747444392207E+03   -0.468863873722196104E+03
    0.455789717793983655E+02    0.136702811479172737E+01    0.191873139784347373E+02    0.414043108759358451E+08    0.937721010080879410E+03   -0.468860505040439705E+03
    0.410548891079540326E+02    0.136499770720679559E+01    0.173917763617351504E+02    0.329619697325466685E+08    0.937711521311036449E+03   -0.468855760655518225E+03
    0.380862223663204205E+02    0.136498398525392828E+01    0.175681296204122539E+02    0.333193383376050144E+08    0.937707176387975665E+03   -0.468853588193987832E+03
    0.342289193077352394E+02    0.136249639174693238E+01    0.169002095324685833E+02    0.355152736469746307E+08    0.937706139889676706E+03   -0.468853069944838353E+03
    0.295272868917196831E+02    0.136912771217132412E+01    0.135924887641086087E+02    0.376048074554703161E+08    0.937702817119333872E+03   -0.468851408559666936E+03
    0.444662595058237571E+02    0.136739207181890121E+01    0.128600542522599834E+02    0.417408351491935030E+08    0.937702221463450769E+03   -0.468851110731725385E+03
    0.233467250296516688E+02    0.136486882627788431E+01    0.175997966735749571E+02    0.418510708693170398E+08    0.937665089336892720E+03   -0.468832544668446360E+03
    0.502813861168916247E+02    0.136752062526946960E+01    0.166018685077842996E+02    0.417057492567181289E+08    0.937662329969837970E+03   -0.468831164984918985E+03
    0.402216937630135263E+02    0.136841323008997029E+01    0.183139429702347520E+02    0.387355760701545924E+08    0.937659260508783859E+03   -0.468829630254391930E+03
    0.384916330094256125E+02    0.136591399271075331E+01    0.164376407869266608E+02    0.455852246848096177E+08    0.937635540454728925E+03   -0.468817770227364463E+03
    0.337755297700206398E+02    0.136280864590774509E+01    0.124985318572826376E+02    0.409665170732627660E+08    0.937630228672143971E+03   -0.468815114336071986E+03
    0.463158032428470818E+02    0.136272418216973823E+01    0.187848344037443091E+02    0.373544099905145839E+08    0.937623874145241302E+03   -0.468811937072620651E+03
    0.273795280023426812E+02    0.136301093090112913E+01    0.128792150795981613E+02    0.377463804876919389E+08    0.937614826250301462E+03   -0.468807413125150731E+03
    0.391354874186101398E+02    0.136176255829409043E+01    0.134958597215567941E+02    0.351367178389047012E+08    0.937610594162082975E+03   -0.468805297081041488E+03
    0.391354874186101398E+02    0.136176255829409043E+01    0.134958597215567941E+02    0.351367178389047012E+08    0.937610594162082975E+03   -0.468805297081041488E+03
    0.308719752082020982E+02    0.136635666342662820E+01    0.126036278400442328E+02    0.337467989339375868E+08    0.937589369130891100E+03   -0.468794684565445550E+03
    0.550582236560334835E+02    0.136524318792339927E+01    0.183318121947889665E+02    0.359068430991569981E+08    0.937563168700151891E+03   -0.468781584350075946E+03
    0.550582236560334835E+02    0.136524318792339927E+01    0.183318121947889665E+02    0.359068430991569981E+08    0.937563168700151891E+03   -0.468781584350075946E+03
    0.317483773155673248E+02    0.136488529758449295E+01    0.152183902198195700E+02    0.330874102432529554E+08    0.937549700023362675E+03   -0.468774850011681337E+03
    0.317483773155673248E+02    0.136488529758449295E+01    0.152183902198195700E+02    0.330874102432529554E+08    0.937549700023362675E+03   -0.468774850011681337E+03
    0.363463754928469740E+02    0.136366386586668153E+01    0.144524923324993555E+02    0.330294177643064931E+08    0.937520822010797360E+03   -0.468760411005398680E+03
    0.494481869073317029E+02    0.136536836404509221E+01    0.182098321111198622E+02    0.435024866051829457E+08    0.937495277077335231E+03   -0.468747638538667616E+03
    0.364650715198318380E+02    0.136420734642169106E+01    0.197571439584055000E+02    0.378377553938257024E+08    0.937484638378616751E+03   -0.468742319189308375E+03
    0.318472087968261270E+02    0.136273947878377433E+01    0.122776506885453074E+02    0.377131538782180771E+08    0.937460072851860559E+03   -0.468730036425930280E+03
    0.318472087968261270E+02    0.136273947878377433E+01    0.122776506885453074E+02    0.377131538782180771E+08    0.937460072851860559E+03   -0.468730036425930280E+03
    0.328175031800908812E+02    0.136831040570248730E+01    0.128501775449809426E+02    0.348331518126323223E+08    0.937457129603090834E+03   -0.468728564801545417E+03
    0.375040319715757988E+02    0.136723974276951155E+01    0.126772562916908083E+02    0.333131215073718280E+08    0.937426407607532042E+03   -0.468713203803766021E+03
    0.461543593864502881E+02    0.136407727383968602E+01    0.123465578704588204E+02    0.333183385960560180E+08    0.937397404910260661E+03   -0.468698702455130331E+03
    0.226586513600352895E+02    0.136567045142774601E+01    0.141983985574951532E+02    0.402323354648908302E+08    0.937394424055174454E+03   -0.468697212027587227E+03
    0.270727286353044860E+02    0.136320315812496906E+01    0.171485363752652056E+02    0.387808141213188246E+08    0.937388241534627241E+03   -0.468694120767313620E+03
    0.270727286353044860E+02    0.136320315812496906E+01    0.171485363752652056E+02    0.387808141213188246E+08    0.937388241534627241E+03   -0.468694120767313620E+03
    0.377596565867538132E+02    0.136239589308539966E+01    0.177553862612961844E+02    0.369560903393181562E+08    0.937375643162299525E+03   -0.468687821581149763E+03
    0.327822497874571326E+02    0.136680811183135709E+01    0.177157957298471764E+02    0.354572427761378810E+08    0.937367766047446707E+03   -0.468683883023723354E+03
    0.319613594702189694E+02    0.136752733432274498E+01    0.149994686974560594E+02    0.426415574953266829E+08    0.937364922001615582E+03   -0.468682461000807791E+03
    0.447413968094626284E+02    0.136754699529586587E+01    0.112781156336436403E+02    0.363607440246165618E+08    0.937363582981018908E+03   -0.468681791490509454E+03
    0.265717678342605659E+02    0.136438057590588357E+01    0.131455794778257307E+02    0.408792246750057787E+08    0.937348433713754503E+03   -0.468674216856877251E+03
    0.394821794662004208E+02    0.136240095658706784E+01    0.133245622479458596E+02    0.414115272805260420E+08    0.937336505839892652E+03   -0.468668252919946326E+03
    0.295682220871218284E+02    0.136493180228231048E+01    0.188729890079671065E+02    0.422460007519890070E+08    0.937327770088403895E+03   -0.468663885044201947E+03
    0.391623730513749280E+02    0.136820885478741139E+01    0.117814657438137278E+02    0.356614454405819327E+08    0.937305803231115306E+03   -0.468652901615557653E+03
    0.570128879032691458E+02    0.136505579675280719E+01    0.136759493850670939E+02    0.347174661372156814E+08    0.937291247912048561E+03   -0.468645623956024281E+03
    0.315686828743186823E+02    0.136504118303906297E+01    0.111355204252858968E+02    0.378086273719300628E+08    0.937273724746950847E+03   -0.468636862373475424E+03
    0.302640759218147295E+02    0.136277046368658183E+01    0.163586474147279937E+02    0.369947249971329644E+08    0.937251190540706830E+03   -0.468625595270353415E+03
    0.332990709394026752E+02    0.136376010185212704E+01    0.190279756489960015E+02    0.386498120777458698E+08    0.937234391360647123E+03   -0.468617195680323562E+03
    0.407265314533965253E+02    0.136713593360743690E+01    0.145305581199444340E+02    0.428535033864324465E+08    0.937222774479160989E+03   -0.468611387239580495E+03
    0.352825642610860157E+02    0.136220426448422627E+01    0.127883285426873208E+02    0.382337560403182283E+08    0.937220046160588481E+03   -0.468610023080294241E+03
    0.434000846420912794E+02    0.136649919432592215E+01    0.161577254618127846E+02    0.437332858510101959E+08    0.937217903034342612E+03   -0.468608951517171306E+03
    0.314096554534785533E+02    0.136680726719498402E+01    0.183962625482537732E+02    0.410684420623029247E+08    0.937209473080843281E+03   -0.468604736540421641E+03
    0.355190720215991149E+02    0.136823528637073166E+01    0.174248168788842790E+02    0.375162593336159289E+08    0.937173448896826471E+03   -0.468586724448413236E+03
    0.388014398709472346E+02    0.136769940772484233E+01    0.114252821469884225E+02    0.367798772009507865E+08    0.937168800655038126E+03   -0.468584400327519063E+03
    0.264520039111212846E+02    0.136544611279289518E+01    0.125795974721731767E+02    0.364933095013705641E+08    0.937164672979873330E+03   -0.468582336489936665E+03
    0.417200660079690451E+02    0.136202768914811845E+01    0.175070196211496985E+02    0.397484966442843899E+08    0.937138911679988041E+03   -0.468569455839994021E+03
    0.501787651447864675E+02    0.136761632710855729E+01    0.173117333147985448E+02    0.378413347250440419E+08    0.937138245924541138E+03   -0.468569122962270569E+03
    0.409442666643203950E+02    0.136186113427139222E+01    0.141808557985851298E+02    0.358891087473468557E+08    0.937137306793233506E+03   -0.468568653396616753E+03
    0.412763730201133683E+02    0.136795569287023677E+01    0.121965325835278833E+02    0.350240571868755817E+08    0.937135607919538415E+03   -0.468567803959769208E+03
    0.339865523547679231E+02    0.136625781939551483E+01    0.118547240096295283E+02    0.399401164130336046E+08    0.937125947988081975E+03   -0.468562973994040988E+03
    0.388127446349977276E+02    0.136417556345811097E+01    0.171499155236833083E+02    0.446017376899592876E+08    0.937104461803724917E+03   -0.468552230901862458E+03
    0.362814018687110647E+02    0.136193784488091807E+01    0.160399170450499575E+02    0.408332217821795121E+08    0.937099574199589824E+03   -0.468549787099794912E+03
    0.442279465506732521E+02    0.136687410541751042E+01    0.120094912006068082E+02    0.344412708404799849E+08    0.937090027204267585E+03   -0.468545013602133793E+03
    0.520472536384060191E+02    0.136415390770487011E+01    0.185585957727429331E+02    0.375947791997133270E+08    0.937075399446060260E+03   -0.468537699723030130E+03
    0.358631997083658192E+02    0.136702893883854393E+01    0.155110583741545351E+02    0.430930942292835787E+08    0.937071180904084713E+03   -0.468535590452042356E+03
    0.420657973639676328E+02    0.136519894612721693E+01    0.170270637079602629E+02    0.336278307635545507E+08    0.937065630486897703E+03   -0.468532815243448852E+03
    0.398906567614188390E+02    0.136481315550107718E+01    0.113211108979825710E+02    0.395357539719863534E+08    0.937063646866979752E+03   -0.468531823433489876E+03
    0.436884118196750322E+02    0.136741221971217963E+01    0.116260957208419953E+02    0.374475431606795564E+08    0.937058963901580682E+03   -0.468529481950790341E+03
    0.318993262870456142E+02    0.136399092627893559E+01    0.118169177611157625E+02    0.376962528890090957E+08    0.937051354223220301E+03   -0.468525677111610150E+03
    0.398950186931597699E+02    0.136519677021965169E+01    0.130989359592139483E+02    0.329362250981543250E+08    0.937044145632688014E+03   -0.468522072816344007E+03
    0.372772312215429764E+02    0.136165966171265707E+01    0.147801787523926969E+02    0.384208721227908134E+08    0.937014933362503257E+03   -0.468507466681251628E+03
    0.540900810307838782E+02    0.136575706188923651E+01    0.178966912220230370E+02    0.390240366522461921E+08    0.936990791214770979E+03   -0.468495395607385490E+03
    0.445575630291238625E+02    0.136838020894890389E+01    0.155317347102059635E+02    0.396477070930583701E+08    0.936985377012535082E+03   -0.468492688506267541E+03
    0.307606489130297440E+02    0.136826288931503259E+01    0.158222123088840707E+02    0.389034474364812076E+08    0.936976689480565142E+03   -0.468488344740282571E+03
    0.572923791384142831E+02    0.136602364086438377E+01    0.151984553235473197E+02    0.374452448907462880E+08    0.936971571706651048E+03   -0.468485785853325524E+03
    0.442959655336396025E+02    0.136513604803990640E+01    0.111499514391477597E+02    0.382469447791737914E+08    0.936969642765302979E+03   -0.468484821382651489E+03
    0.525794520229309583E+02    0.136450426106995781E+01    0.175260834091499227E+02    0.413570192806769684E+08    0.936954803590977235E+03   -0.468477401795488618E+03
    0.346037335776642294E+02    0.136439655110286640E+01    0.190115024187569510E+02    0.379994708732896373E+08    0.936947456498398765E+03   -0.468473728249199382E+03
    0.310851534295182930E+02    0.136757353942364968E+01    0.127722351225885014E+02    0.363268875227086917E+08    0.936938558723729557E+03   -0.468469279361864778E+03
    0.544650900369802144E+02    0.136558574288443357E+01    0.138198015107996834E+02    0.395809428537096828E+08    0.936937986118854042E+03   -0.468468993059427021E+03
    0.515570183427111033E+02    0.136259148722181855E+01    0.141532007895124234E+02    0.370089062200148180E+08    0.936930294058036679E+03   -0.468465147029018340E+03
    0.387720077968500760E+02    0.136554951693993809E+01    0.164638545919672303E+02    0.336277630254509300E+08    0.936930264605573598E+03   -0.468465132302786799E+03
    0.266920288835197574E+02    0.136728185348075026E+01    0.150454106590715764E+02    0.372203332133776024E+08    0.936922215145489417E+03   -0.468461107572744709E+03
    0.382611360259057207E+02    0.136809943089401509E+01    0.159078702925169324E+02    0.409562363115472049E+08    0.936914493677208270E+03   -0.468457246838604135E+03
    0.402971203899065813E+02    0.136479979528235673E+01    0.111290293746351541E+02    0.378995348679635897E+08    0.936873761643966418E+03   -0.468436880821983209E+03
    0.359276348665598135E+02    0.136432461896597346E+01    0.114358765252019445E+02    0.375632221293303519E+08    0.936866948362381322E+03   -0.468433474181190661E+03
    0.525739468754999848E+02    0.136375283332467068E+01    0.142597781463967230E+02    0.349110973284275159E+08    0.936839458492926497E+03   -0.468419729246463248E+03
    0.405186858619144346E+02    0.136430382524191463E+01    0.172956668294003322E+02    0.439128747292673513E+08    0.936832692047538103E+03   -0.468416346023769051E+03
    0.508190698940542518E+02    0.136579562858438686E+01    0.176439772482833064E+02    0.358094406982076019E+08    0.936820925087567161E+03   -0.468410462543783581E+03
    0.473502726910573912E+02    0.136638279182966738E+01    0.125212015528818608E+02    0.346568098140825331E+08    0.936818853498236649E+03   -0.468409426749118325E+03
    0.538796524153056851E+02    0.136472021603480709E+01    0.156069023917563943E+02    0.346813817364283353E+08    0.936817317426553473E+03   -0.468408658713276736E+03
    0.259910201533925509E+02    0.136494144267111839E+01    0.134641444478192103E+02    0.385126857171853781E+08    0.936811787911489319E+03   -0.468405893955744659E+03
    0.498578839073279738E+02    0.136456507542353145E+01    0.182825071539180826E+02    0.410717054978366867E+08    0.936800834643780718E+03   -0.468400417321890359E+03
    0.419722801329533581E+02    0.136498451756942640E+01    0.187846011786508100E+02    0.364542194071067199E+08    0.936780240010824514E+03   -0.468390120005412257E+03
    0.478061718807519824E+02    0.136725533978430747E+01    0.125845484757222579E+02    0.361911099325698540E+08    0.936780211542060442E+03   -0.468390105771030221E+03
    0.370228762268531639E+02    0.136682071278805073E+01    0.126601637172288282E+02    0.401530042031449080E+08    0.936759988982691993E+03   -0.468379994491345997E+03
    0.557383394512594990E+02    0.136557559983946120E+01    0.164322839512748331E+02    0.365375968520196155E+08    0.936753913094553809E+03   -0.468376956547276905E+03
    0.340928351550521143E+02    0.136314965681758293E+01    0.172944229701491743E+02    0.411077163158052862E+08    0.936752226108223113E+03   -0.468376113054111556E+03
    0.447448346020040830E+02    0.136637259401637490E+01    0.120550057645288717E+02    0.388035397057659552E+08    0.936746692177561727E+03   -0.468373346088780863E+03
    0.382918725922038021E+02    0.136521085485785387E+01    0.118088804122986453E+02    0.396872447381669283E+08    0.936734091908289997E+03   -0.468367045954144999E+03
    0.512932951483898734E+02    0.136414100107250147E+01    0.130473612981268605E+02    0.390961440257056132E+08    0.936709424248550135E+03   -0.468354712124275068E+03
    0.387244975081534619E+02    0.136679334881332548E+01    0.184158486116390563E+02    0.397700709248605818E+08    0.936697230555824376E+03   -0.468348615277912188E+03
    0.423272907910726630E+02    0.136279180822216484E+01    0.131155184222999992E+02    0.391942277374728695E+08    0.936697124831233623E+03   -0.468348562415616811E+03
    0.434461310650646482E+02    0.136436853670315883E+01    0.167544944367522604E+02    0.343831839815636501E+08    0.936677234349821219E+03   -0.468338617174910610E+03
    0.336378847873965370E+02    0.136678357092093883E+01    0.127040657359286442E+02    0.355541953184053227E+08    0.936675800726293119E+03   -0.468337900363146559E+03
    0.356348439305252427E+02    0.136727798402277645E+01    0.174923842952249373E+02    0.401822375379898325E+08    0.936646428886884905E+03   -0.468323214443442453E+03
    0.387405907037906942E+02    0.136623213130635235E+01    0.146458834147917489E+02    0.337379941403644979E+08    0.936638205507653311E+03   -0.468319102753826655E+03
    0.290625118184720677E+02    0.136588913387838207E+01    0.158518067337681554E+02    0.418466941238153651E+08    0.936638044111248519E+03   -0.468319022055624259E+03
    0.499370801467572605E+02    0.136408310084890871E+01    0.130024535136070476E+02    0.352369483745058402E+08    0.936636708661510397E+03   -0.468318354330755199E+03
    0.299527336353008913E+02    0.136374906630150927E+01    0.149455660348963342E+02    0.410584756982263625E+08    0.936632013175518864E+03   -0.468316006587759432E+03
    0.336546187758815094E+02    0.136646820327071361E+01    0.158268672347268105E+02    0.349441663578606918E+08    0.936613861510020911E+03   -0.468306930755010455E+03
    0.507765612603315617E+02    0.136609983860096595E+01    0.173176540594708896E+02    0.399360297757931352E+08    0.936608838525373926E+03   -0.468304419262686963E+03
    0.488044485150474898E+02    0.136339299664946156E+01    0.175913038927520553E+02    0.377968927995743603E+08    0.936600117402177489E+03   -0.468300058701088744E+03
    0.363460116478972637E+02    0.136766130945896092E+01    0.138060061944211228E+02    0.364873463653196096E+08    0.936313131006469803E+03   -0.468156565503234901E+03
    0.497483121066067469E+02    0.136611516440140091E+01    0.128203047009819855E+02    0.357658955268586278E+08    0.936541087664990755E+03   -0.468270543832495378E+03
    0.410500190678377734E+02    0.136689983597761056E+01    0.159445669729687936E+02    0.386237944518143535E+08    0.935832565473210821E+03   -0.467916282736605410E+03
    0.543841775605648650E+02    0.136470564920762705E+01    0.164259504409365142E+02    0.389580230168929249E+08    0.936472984623231696E+03   -0.468236492311615848E+03
    0.478435758849567350E+02    0.136555976673938861E+01    0.142968453229105279E+02    0.382421141707103401E+08    0.935706106306040397E+03   -0.467853053153020198E+03
    0.340310132378450092E+02    0.136323542170452483E+01    0.140471921795326864E+02    0.397512790918122306E+08    0.936458902353618214E+03   -0.468229451176809107E+03
    0.323193557772734934E+02    0.136546136476344993E+01    0.125571350785005702E+02    0.385341121287433133E+08    0.936374693686537626E+03   -0.468187346843268813E+03
    0.328743988994826424E+02    0.136339579890198759E+01    0.146894922699474524E+02    0.389467194857210293E+08    0.936249033921689715E+03   -0.468124516960844858E+03
    0.359446086893526839E+02    0.136712802005812506E+01    0.173652684348095789E+02    0.385619699080157951E+08    0.936388575156332308E+03   -0.468194287578166154E+03
    0.463256202234593530E+02    0.136612316681317303E+01    0.156910150329814861E+02    0.383610929417736456E+08    0.935689744089490773E+03   -0.467844872044745387E+03
    0.350209574326007456E+02    0.136415250450195646E+01    0.148932152182101198E+02    0.363836042283482924E+08    0.935915889978353107E+03   -0.467957944989176553E+03
    0.407669773446447010E+02    0.136720770343492304E+01    0.138662811468871219E+02    0.346744174721294716E+08    0.936499286106345494E+03   -0.468249643053172747E+03
    0.410461250916403984E+02    0.136332389142860744E+01    0.150440911633057759E+02    0.350656224431141987E+08    0.936478709773898345E+03   -0.468239354886949172E+03
    0.422204437324859683E+02    0.136336017375143226E+01    0.140268131334352280E+02    0.389806213362592012E+08    0.936040324035783442E+03   -0.468020162017891721E+03
    0.424684304350132535E+02    0.136429888552321477E+01    0.160665486807368758E+02    0.373916778662706688E+08    0.935522175045829954E+03   -0.467761087522914977E+03
    0.424684304350132535E+02    0.136429888552321477E+01    0.160665486807368758E+02    0.373916778662706688E+08    0.935522175045829954E+03   -0.467761087522914977E+03
    0.390589442654990080E+02    0.136396236493924872E+01    0.180057309050283365E+02    0.398875358046200946E+08    0.936213125081695125E+03   -0.468106562540847563E+03
    0.486996150790318652E+02    0.136352392877871265E+01    0.175547690696298737E+02    0.397418734202511758E+08    0.936536842506400149E+03   -0.468268421253200074E+03
    0.489115340329508328E+02    0.136414819330901116E+01    0.173420397691483714E+02    0.388863055980442241E+08    0.936154099085929488E+03   -0.468077049542964744E+03
    0.460158441867503214E+02    0.136722287055998049E+01    0.137906372275919402E+02    0.394067444827580377E+08    0.936518386777929436E+03   -0.468259193388964718E+03
    0.458293835210729696E+02    0.136491765938488108E+01    0.116337375155043024E+02    0.367685560850619823E+08    0.936598821926733081E+03   -0.468299410963366540E+03
    0.396340478885534537E+02    0.136266340197782299E+01    0.163442195668167649E+02    0.393701201981240511E+08    0.936398708351734172E+03   -0.468199354175867086E+03
    0.378140382991407478E+02    0.136350518833431322E+01    0.182060984208315801E+02    0.397354100144929290E+08    0.936556151368173460E+03   -0.468278075684086730E+03
    0.453019995180654647E+02    0.136728422295114993E+01    0.167175970125336733E+02    0.383112985003677309E+08    0.936312225795938502E+03   -0.468156112897969251E+03
    0.452920492665320040E+02    0.136478541773798101E+01    0.181781334723066692E+02    0.414719856039196998E+08    0.936441665919128923E+03   -0.468220832959564461E+03
    0.430744364834880002E+02    0.136513379083693098E+01    0.126910260080345303E+02    0.398401676068712324E+08    0.936287868429844707E+03   -0.468143934214922353E+03
    0.377140063032126349E+02    0.136376828231648828E+01    0.155241666074536795E+02    0.412358181835708320E+08    0.936067900855846347E+03   -0.468033950427923173E+03
    0.423543679306879000E+02    0.136645366483120889E+01    0.149609351194318236E+02    0.357468271504881606E+08    0.935870386178039325E+03   -0.467935193089019663E+03
    0.374398075277631577E+02    0.136521822373440815E+01    0.184307684818074122E+02    0.382734660694273785E+08    0.936243742244354053E+03   -0.468121871122177026E+03
    0.438902779140299515E+02    0.136476391050651280E+01    0.179399983110845440E+02    0.367684494877566621E+08    0.936206224365944195E+03   -0.468103112182972097E+03
    0.457915469311127907E+02    0.136552824092313063E+01    0.143687220617958058E+02    0.368018330024802461E+08    0.935544513915766402E+03   -0.467772256957883201E+03
    0.457915469311127907E+02    0.136552824092313063E+01    0.143687220617958058E+02    0.368018330024802461E+08    0.935544513915766402E+03   -0.467772256957883201E+03
    0.383717182539122064E+02    0.136559281524689347E+01    0.175457473692738830E+02    0.409132034548733234E+08    0.936015548339132806E+03   -0.468007774169566403E+03
    0.369366206390913518E+02    0.136561865386353065E+01    0.154626207505879574E+02    0.373743392245315835E+08    0.935441151916609442E+03   -0.467720575958304721E+03
    0.407936687508552183E+02    0.136720263941395359E+01    0.167279953092052622E+02    0.393919155633814260E+08    0.936198986558391539E+03   -0.468099493279195769E+03
    0.377346958604218798E+02    0.136363736171972061E+01    0.127154928582222055E+02    0.374039672124284580E+08    0.936320324293229078E+03   -0.468160162146614539E+03
    0.421140407835594814E+02    0.136470818308053232E+01    0.175873010352428736E+02    0.407945288868684471E+08    0.935975155180613683E+03   -0.467987577590306842E+03
    0.381974164088731598E+02    0.136457100791117836E+01    0.184119990282053010E+02    0.421701967104937732E+08    0.936574198989864385E+03   -0.468287099494932193E+03
    0.475595401771392758E+02    0.136388447276235425E+01    0.149535211398298902E+02    0.386839891137900949E+08    0.935830616710210961E+03   -0.467915308355105481E+03
    0.338500756528717304E+02    0.136744085679768146E+01    0.160944733853185085E+02    0.406193059620187283E+08    0.936558662964386485E+03   -0.468279331482193243E+03
    0.439755155382098337E+02    0.136403348804176039E+01    0.137483465156559568E+02    0.386426528350403309E+08    0.935816288196546907E+03   -0.467908144098273453E+03
    0.380568664671588692E+02    0.136728470148280357E+01    0.130778405196478484E+02    0.364939432939521745E+08    0.936277910915439861E+03   -0.468138955457719931E+03
    0.391447022469165233E+02    0.136351418381651368E+01    0.157609577901168372E+02    0.399826118536529765E+08    0.935909809932862800E+03   -0.467954904966431400E+03
    0.381537052287564293E+02    0.136474985525528680E+01    0.149678389897384267E+02    0.355325714424574077E+08    0.935802149180816059E+03   -0.467901074590408030E+03
    0.403761111818442515E+02    0.136566437924446382E+01    0.154085141085110351E+02    0.351358615604450330E+08    0.935887553377300492E+03   -0.467943776688650246E+03
    0.374514938395035131E+02    0.136305890435143784E+01    0.156932010632148344E+02    0.381703954129202440E+08    0.936115690020850593E+03   -0.468057845010425297E+03
    0.440928840403998947E+02    0.136302372525384663E+01    0.133265772846875343E+02    0.360465159058781788E+08    0.936547203652152803E+03   -0.468273601826076401E+03
    0.346744574978039708E+02    0.136428425460246361E+01    0.165875402090129924E+02    0.357636756351894885E+08    0.936377385005023370E+03   -0.468188692502511685E+03
    0.461685509885804066E+02    0.136710324481900591E+01    0.171188643111332155E+02    0.379845825257250741E+08    0.936393338452999842E+03   -0.468196669226499921E+03
    0.422101776313458359E+02    0.136471273872756726E+01    0.172346526839157406E+02    0.408301662883974463E+08    0.935882795269818871E+03   -0.467941397634909436E+03
    0.444898122610867190E+02    0.136525738488081472E+01    0.180249846862286276E+02    0.398702449731577709E+08    0.936071314632966732E+03   -0.468035657316483366E+03
    0.370855716299978013E+02    0.136643832269540622E+01    0.182757522329955222E+02    0.393493928601795137E+08    0.936477685167793993E+03   -0.468238842583896997E+03
    0.378153879113440894E+02    0.136673038947100789E+01    0.164479929352865248E+02    0.350780622681075782E+08    0.936549563083355565E+03   -0.468274781541677783E+03
    0.361358075315224383E+02    0.136606124402751017E+01    0.142264368217933761E+02    0.361691831143827960E+08    0.935809106922647970E+03   -0.467904553461323985E+03
    0.399685088126830408E+02    0.136709984084683778E+01    0.160724404598325030E+02    0.415510706695549339E+08    0.936519416110345219E+03   -0.468259708055172609E+03
    0.444330064211735234E+02    0.136430009162159216E+01    0.182629895115197414E+02    0.389904546577037424E+08    0.936225436464743325E+03   -0.468112718232371662E+03
    0.385697543931479103E+02    0.136541993049551569E+01    0.155979786192697869E+02    0.377189112083409503E+08    0.935335906531501109E+03   -0.467667953265750555E+03
    0.385697543931479103E+02    0.136541993049551569E+01    0.155979786192697869E+02    0.377189112083409503E+08    0.935335906531501109E+03   -0.467667953265750555E+03
    0.402066554842525292E+02    0.136331668541360873E+01    0.149137215628506237E+02    0.401760163106973842E+08    0.936080159946688468E+03   -0.468040079973344234E+03
    0.316319130729918037E+02    0.136400953134708058E+01    0.154018009459881924E+02    0.380724307923789918E+08    0.936029889897342628E+03   -0.468014944948671314E+03
    0.479182659430317628E+02    0.136553709974608251E+01    0.185741872807707686E+02    0.396505064097822681E+08    0.936580573105817280E+03   -0.468290286552908640E+03
    0.356088717907035459E+02    0.136332706945653204E+01    0.148476758271490201E+02    0.409407280264498666E+08    0.936370375614274849E+03   -0.468185187807137424E+03
    0.458473765522389485E+02    0.136349960048943553E+01    0.138344260866069053E+02    0.377856714680296704E+08    0.936031066305412537E+03   -0.468015533152706269E+03
    0.433003343138084915E+02    0.136609584432635467E+01    0.161332441120860821E+02    0.427278139376702830E+08    0.936597841383950254E+03   -0.468298920691975127E+03
    0.427240980576483622E+02    0.136347624086774988E+01    0.132700834548934452E+02    0.374746633177725002E+08    0.936116487477006558E+03   -0.468058243738503279E+03
    0.444382833364723666E+02    0.136497293972327682E+01    0.131828884299236506E+02    0.396641126161942258E+08    0.936061239760512649E+03   -0.468030619880256324E+03
    0.486797995044233502E+02    0.136566513316306115E+01    0.150088691576921978E+02    0.355259762588908300E+08    0.935978582998427328E+03   -0.467989291499213664E+03
    0.510076089006140094E+02    0.136389945626401898E+01    0.162567486757792743E+02    0.394401328436598033E+08    0.936260538003233023E+03   -0.468130269001616512E+03
    0.336293300840712348E+02    0.136617089428417304E+01    0.161807895367557251E+02    0.370724364927658513E+08    0.935938245848681618E+03   -0.467969122924340809E+03
    0.529186566059558743E+02    0.136485258593678527E+01    0.161182877439990975E+02    0.392713092407293841E+08    0.936260173263383649E+03   -0.468130086631691825E+03
    0.486596520070254144E+02    0.136589244807286314E+01    0.165065064266644974E+02    0.394701408948337063E+08    0.936023380042419262E+03   -0.468011690021209631E+03
    0.366917242833747110E+02    0.136506947268112788E+01    0.178782631579778517E+02    0.367338953369474038E+08    0.936283143503441693E+03   -0.468141571751720846E+03
    0.413910949482783934E+02    0.136428762437341211E+01    0.164689149186302970E+02    0.412288652402486280E+08    0.935896098653807485E+03   -0.467948049326903742E+03
    0.310065340088061312E+02    0.136696259865825431E+01    0.165267541448415436E+02    0.389621231765146330E+08    0.936410139448899599E+03   -0.468205069724449800E+03
    0.349260479955463907E+02    0.136491176778365486E+01    0.173393106224226834E+02    0.363748370205678791E+08    0.936270276787935927E+03   -0.468135138393967964E+03
    0.399068863258317208E+02    0.136292414873289980E+01    0.157954250754421128E+02    0.373573455252908692E+08    0.936204909336852779E+03   -0.468102454668426390E+03
    0.468536194225295901E+02    0.136584901513327006E+01    0.143586225166717938E+02    0.370381291032901481E+08    0.935659716712758723E+03   -0.467829858356379361E+03
    0.468536194225295901E+02    0.136584901513327006E+01    0.143586225166717938E+02    0.370381291032901481E+08    0.935659716712758723E+03   -0.467829858356379361E+03
    0.351648562086067287E+02    0.136758389046146167E+01    0.148862334321891048E+02    0.397076986360523477E+08    0.936351966305213068E+03   -0.468175983152606534E+03
    0.370630753702427640E+02    0.136616961542967452E+01    0.152739392526233893E+02    0.344254280227101594E+08    0.936418163964124005E+03   -0.468209081982062003E+03
    0.373206145372031060E+02    0.136751597287215754E+01    0.152264879612435564E+02    0.408052006205545291E+08    0.936502448450159818E+03   -0.468251224225079909E+03
    0.365804026794783823E+02    0.136465623375101064E+01    0.155743074021033898E+02    0.352661373679869398E+08    0.936065417335892221E+03   -0.468032708667946110E+03
    0.300862160822639240E+02    0.136639134000898310E+01    0.147925058484420173E+02    0.388157618163987100E+08    0.936171129842027653E+03   -0.468085564921013827E+03
