    0.137790002922129503E+03    0.139040636485881586E+01    0.163983359946540119E+02    0.164813922973303944E+08    0.349310159404833655E+03   -0.174655079702416828E+03
    0.567647814750671387E+02    0.136531975807078210E+01    0.388398826122283936E+02    0.199427432835442781E+09    0.348548049697661099E+03   -0.174274024848830550E+03
    0.208564016876931042E+02    0.136595719148975725E+01    0.170861615572005077E+01    0.147284438111455500E+09    0.347364371719215114E+03   -0.173682185859607557E+03
    0.105473713748693463E+02    0.137224308991085597E+01    0.413783901810137564E+02    0.125849359734967705E+08    0.346313196663959502E+03   -0.173156598331979751E+03
    0.147392005067715246E+03    0.134977690813080242E+01    0.261588650569112779E+02    0.349325610683834702E+08    0.344419090038186823E+03   -0.172209545019093412E+03
    0.680862711745971296E+02    0.137151281076470166E+01    0.233471632178851429E+02    0.910772500024899691E+08    0.343355632064494159E+03   -0.171677816032247080E+03
    0.154689036128351205E+03    0.136340465255172316E+01    0.138875756789668579E+02    0.388814567665830255E+08    0.343280404466744244E+03   -0.171640202233372122E+03
    0.112231314182281494E+03    0.135952529292505497E+01    0.102523267269134521E+02    0.687392916346612871E+08    0.342957026751082310E+03   -0.171478513375541155E+03
    0.730722994002555737E+02    0.135982834615019144E+01    0.680286426938698074E+01    0.871530682096919119E+08    0.342314272041800507E+03   -0.171157136020900253E+03
    0.625719435011383140E+02    0.137417091175368644E+01    0.362696071776738194E+02    0.393050387630940229E+08    0.342026176269552479E+03   -0.171013088134776240E+03
    0.145197744166939827E+03    0.136981564462472316E+01    0.409612096273449833E+01    0.282797178260112442E+08    0.341849324938766586E+03   -0.170924662469383293E+03
    0.728312198149252623E+02    0.136554636769046467E+01    0.279599320320715208E+02    0.803212189834442884E+08    0.341782442229466028E+03   -0.170891221114733014E+03
    0.650472904638962177E+02    0.137237303912229769E+01    0.265373829033754909E+02    0.703954561802664250E+08    0.341756938110697320E+03   -0.170878469055348660E+03
    0.118903330450589635E+03    0.136169905890291365E+01    0.170128290302346805E+02    0.556465337518243045E+08    0.341629675231535032E+03   -0.170814837615767516E+03
    0.694151565541485382E+02    0.138812116066899316E+01    0.566430966285878323E+01    0.388688362224390656E+08    0.341534915963359140E+03   -0.170767457981679570E+03
    0.156885805970329756E+03    0.135953139862193884E+01    0.162637282780192685E+02    0.236722228264131658E+08    0.341173896765414327E+03   -0.170586948382707163E+03
    0.724744623357234872E+02    0.134980535067707352E+01    0.311447764552116020E+02    0.567327631194841042E+08    0.340875526168830675E+03   -0.170437763084415337E+03
    0.373071663106941571E+02    0.136578389137476841E+01    0.143350071920140181E+02    0.912945894221224040E+08    0.340777541110507286E+03   -0.170388770555253643E+03
    0.738621068308334827E+02    0.137041159167843540E+01    0.324995761168920652E+02    0.117812260070873182E+08    0.340688239641021369E+03   -0.170344119820510684E+03
    0.329132236362059203E+02    0.136993622628634082E+01    0.370897939439025137E+02    0.399515469531853646E+08    0.340672106343314169E+03   -0.170336053171657085E+03
    0.217239260673522949E+02    0.137726156556539769E+01    0.282421231269836426E+02    0.286771771648483574E+08    0.340665740273596896E+03   -0.170332870136798448E+03
    0.806358104769859523E+02    0.137436716582947360E+01    0.292196719798714923E+02    0.273117049398618601E+08    0.340626573790792008E+03   -0.170313286895396004E+03
    0.201210936974149561E+02    0.137069345187962455E+01    0.352789031371211337E+02    0.477563960069527104E+08    0.340526524965073520E+03   -0.170263262482536760E+03
    0.496070384979248047E+02    0.136879444902086544E+01    0.338370382785797119E+02    0.541882067265240178E+08    0.340454873847778913E+03   -0.170227436923889456E+03
    0.575116872787475586E+02    0.138399520432574819E+01    0.143819808959960938E+02    0.432660987827848047E+08    0.340410059683667953E+03   -0.170205029841833976E+03
    0.150739794214845233E+03    0.135991020981624233E+01    0.163589252294268235E+02    0.272495280381877162E+08    0.340240459928533255E+03   -0.170120229964266628E+03
    0.361832096144993187E+02    0.136950482262549733E+01    0.332308764940798014E+02    0.535464881226968169E+08    0.340148735161797390E+03   -0.170074367580898695E+03
    0.151650107369403173E+03    0.135590595609986564E+01    0.981447531176474008E+01    0.237446356780908294E+08    0.340143971527316239E+03   -0.170071985763658120E+03
    0.100498248689762192E+03    0.137362299168437429E+01    0.218051668835224675E+02    0.211530600851539113E+08    0.340082817080156360E+03   -0.170041408540078180E+03
    0.898066718921529343E+02    0.137435152052615539E+01    0.276390437975189656E+02    0.307370853405899704E+08    0.340062101512203071E+03   -0.170031050756101536E+03
    0.320081521010566732E+02    0.135526343839558794E+01    0.353265167858198339E+02    0.544763466288475469E+08    0.340008578459266687E+03   -0.170004289229633343E+03
    0.900294688301484172E+02    0.138146925470722048E+01    0.101596892207719520E+02    0.205526104029623456E+08    0.340004138253002338E+03   -0.170002069126501169E+03
    0.979203335809098405E+02    0.136176595338198680E+01    0.179000847165086476E+02    0.625161912923020124E+08    0.339974779035087636E+03   -0.169987389517543818E+03
    0.129810631275177002E+03    0.136893447453576322E+01    0.206571400165557861E+02    0.301172460854353532E+08    0.339932168092058077E+03   -0.169966084046029039E+03
    0.145801603794097900E+03    0.136356989151899621E+01    0.135429203510284424E+02    0.244230980563989766E+08    0.339902653487387397E+03   -0.169951326743693699E+03
    0.712662621002900920E+02    0.138140172149988394E+01    0.103365406543421159E+02    0.412445527486002669E+08    0.339837338994210825E+03   -0.169918669497105412E+03
    0.491477084271214864E+02    0.138524480105071590E+01    0.123432294878796323E+01    0.158285220668371655E+08    0.339778867926988767E+03   -0.169889433963494383E+03
    0.768047399824003350E+02    0.136167881780899536E+01    0.348534922206064266E+02    0.304009331400319710E+08    0.339754604245224300E+03   -0.169877302122612150E+03
    0.328873768249284026E+02    0.139236906517422421E+01    0.163517718342838165E+02    0.116121292555259448E+08    0.339750268619068208E+03   -0.169875134309534104E+03
    0.531455598697434226E+02    0.137491665401305729E+01    0.233878760334176903E+02    0.533239081210096329E+08    0.339703887084370422E+03   -0.169851943542185211E+03
    0.818061303294737385E+01    0.136658151058793020E+01    0.205483468840179562E+02    0.164030101095274072E+08    0.339643704824739132E+03   -0.169821852412369566E+03
    0.125160490652557158E+03    0.137056482424581150E+01    0.158738631632064511E+02    0.230414679738552682E+08    0.339598825170951386E+03   -0.169799412585475693E+03
    0.247858226195927500E+02    0.139107154021258062E+01    0.167311737546088928E+02    0.289404543165805712E+08    0.339595992818553327E+03   -0.169797996409276664E+03
    0.612670256091161747E+02    0.135671594851391775E+01    0.361986185388360866E+02    0.458671624111374840E+08    0.339527185167745188E+03   -0.169763592583872594E+03
    0.194049765816750974E+01    0.136506958089508745E+01    0.304147456074333356E+02    0.575735513513301834E+08    0.339502117081795632E+03   -0.169751058540897816E+03
    0.142141898259616141E+03    0.136318337696764247E+01    0.843883381338458349E+01    0.238204553536150940E+08    0.339438441864925551E+03   -0.169719220932462775E+03
    0.931801753460841979E+02    0.136043230221757927E+01    0.917101369639795472E+01    0.557071358997429088E+08    0.339412931310374574E+03   -0.169706465655187287E+03
    0.116195025083635755E+03    0.135023018957263385E+01    0.219770802617724819E+02    0.237422904431985281E+08    0.339407718765132131E+03   -0.169703859382566066E+03
    0.203914423132884970E+02    0.136510372021250825E+01    0.332183574096265559E+02    0.309278702304124571E+08    0.339379913560824036E+03   -0.169689956780412018E+03
    0.122692657200112819E+03    0.136393025424522341E+01    0.231440025260627920E+02    0.243798339940767847E+08    0.339252051482514389E+03   -0.169626025741257195E+03
    0.212538129804121390E+01    0.136735339620031016E+01    0.127511823007927632E+02    0.683454885601180047E+08    0.339187747967568441E+03   -0.169593873983784221E+03
    0.520725774431383641E+02    0.136109225499664155E+01    0.320367676897818825E+02    0.134771538348711282E+08    0.339152631351193975E+03   -0.169576315675596987E+03
    0.700846926109755373E+02    0.136046514178949884E+01    0.326420649899178557E+02    0.504226147671286538E+08    0.339055955491461418E+03   -0.169527977745730709E+03
    0.743239150523303778E+02    0.137303443777405754E+01    0.201476969109537762E+02    0.188035771784246527E+08    0.339030612652352090E+03   -0.169515306326176045E+03
    0.130567970048164682E+03    0.136118461594967743E+01    0.492193532100387898E+01    0.104547909635578655E+08    0.338994988221272990E+03   -0.169497494110636495E+03
    0.278999533601937451E+02    0.137272457002011450E+01    0.249855230317608701E+02    0.251124711547089815E+08    0.338949127966141191E+03   -0.169474563983070595E+03
    0.469393643639327465E+02    0.137413404544277595E+01    0.250063267457986740E+02    0.142061549794826955E+08    0.338946832893395026E+03   -0.169473416446697513E+03
    0.478198099973637269E+02    0.136142071664213504E+01    0.190251521656226750E+02    0.100786506721510757E+08    0.338945204923157064E+03   -0.169472602461578532E+03
    0.478198099973637269E+02    0.136142071664213504E+01    0.190251521656226750E+02    0.100786506721510757E+08    0.338945204923157064E+03   -0.169472602461578532E+03
    0.170876576469305483E+02    0.137947875496299832E+01    0.230235656440681957E+02    0.359496450534747690E+08    0.338925663385493408E+03   -0.169462831692746704E+03
    0.866296887397766113E+02    0.137161980359354319E+01    0.587140321731567383E+01    0.100301389868331589E+08    0.338875303236702905E+03   -0.169437651618351452E+03
    0.875368385912229314E+02    0.135350778426596530E+01    0.241690465024497243E+02    0.107172169040438309E+08    0.338871898483200710E+03   -0.169435949241600355E+03
    0.114155994945591814E+03    0.136654253009352611E+01    0.647977053966125038E+00    0.105360871458371934E+08    0.338832336604608088E+03   -0.169416168302304044E+03
    0.114155994945591814E+03    0.136654253009352611E+01    0.647977053966125038E+00    0.105360871458371934E+08    0.338832336604608088E+03   -0.169416168302304044E+03
    0.326883763320622407E+02    0.137600970681345669E+01    0.222558353800121864E+02    0.501435395090533420E+08    0.338827394917610036E+03   -0.169413697458805018E+03
    0.224726170379059766E+02    0.136790467227680246E+01    0.322339021295322325E+02    0.480428242422722876E+08    0.338814610906442795E+03   -0.169407305453221397E+03
    0.134988419174153137E+03    0.135895710799989766E+01    0.960596265561162710E+01    0.310347762712792382E+08    0.338785078519798844E+03   -0.169392539259899422E+03
    0.411121200185804696E+02    0.138584927537596059E+01    0.135730101760843151E+02    0.126783753563001510E+08    0.338773360512805311E+03   -0.169386680256402656E+03
    0.411121200185804696E+02    0.138584927537596059E+01    0.135730101760843151E+02    0.126783753563001510E+08    0.338773360512805311E+03   -0.169386680256402656E+03
    0.262785955315936164E+02    0.137602407628941070E+01    0.155048935918077362E+02    0.108182825517772697E+08    0.338744594311491142E+03   -0.169372297155745571E+03
    0.222640769138307135E+02    0.137531991339041393E+01    0.278318140579878239E+02    0.397905744904958978E+08    0.338742100399178582E+03   -0.169371050199589291E+03
    0.547600647902218753E+02    0.136590495926269306E+01    0.114790414697785046E+02    0.665067153646962419E+08    0.338681208328515822E+03   -0.169340604164257911E+03
    0.547600647902218753E+02    0.136590495926269306E+01    0.114790414697785046E+02    0.665067153646962419E+08    0.338681208328515822E+03   -0.169340604164257911E+03
    0.258547580057438431E+02    0.138279618655057757E+01    0.234149572512283632E+00    0.248859264116713628E+08    0.338629674461876448E+03   -0.169314837230938224E+03
    0.108395377316497488E+03    0.136883480889165332E+01    0.151003428583663641E+02    0.185247518492280059E+08    0.338626308322940645E+03   -0.169313154161470322E+03
    0.117110483691484632E+03    0.136540305052459687E+01    0.212481322749592705E+01    0.129058502882869933E+08    0.338616058095698577E+03   -0.169308029047849288E+03
    0.115894432221329637E+03    0.136646110612422955E+01    0.125925643169764978E+02    0.180768175418144204E+08    0.338614134160081335E+03   -0.169307067080040667E+03
    0.115894432221329637E+03    0.136646110612422955E+01    0.125925643169764978E+02    0.180768175418144204E+08    0.338614134160081335E+03   -0.169307067080040667E+03
    0.704623344171683357E+02    0.136909716309602625E+01    0.292158935809182054E+02    0.126368973278885726E+08    0.338567550752205761E+03   -0.169283775376102881E+03
    0.171270521682875341E+02    0.137976892726683076E+01    0.146603081006753797E+02    0.450673025789788738E+08    0.338554712872985533E+03   -0.169277356436492767E+03
    0.792298200369725834E+02    0.137109821683059874E+01    0.242315449668623977E+02    0.239661730923973545E+08    0.338530891943997460E+03   -0.169265445971998730E+03
    0.792298200369725834E+02    0.137109821683059874E+01    0.242315449668623977E+02    0.239661730923973545E+08    0.338530891943997460E+03   -0.169265445971998730E+03
    0.450005286162580305E+02    0.137508790618051924E+01    0.985388634109559547E+01    0.173229580178958923E+08    0.338498006054687153E+03   -0.169249003027343576E+03
    0.234621080574420411E+02    0.136519423908993098E+01    0.196234791488806017E+02    0.707288130963232368E+08    0.338468470735927554E+03   -0.169234235367963777E+03
    0.951368624446220394E+02    0.135823203831269002E+01    0.279194840620826668E+02    0.134063131624393687E+08    0.338462608610164239E+03   -0.169231304305082119E+03
    0.489792889554162798E+02    0.136413141055015341E+01    0.237450007285194147E+02    0.679866848496969789E+08    0.338431124077152049E+03   -0.169215562038576024E+03
    0.448187949217085180E+01    0.136374045921343900E+01    0.104729333758683030E+02    0.182334538681767024E+08    0.338378026982449285E+03   -0.169189013491224642E+03
    0.386881828308105469E+01    0.137531482725044962E+01    0.352941155433654785E+01    0.141120586601101160E+08    0.338325370978691524E+03   -0.169162685489345762E+03
    0.386881828308105469E+01    0.137531482725044962E+01    0.352941155433654785E+01    0.141120586601101160E+08    0.338325370978691524E+03   -0.169162685489345762E+03
    0.585324039193269456E+02    0.137260129082326454E+01    0.216168527878305916E+02    0.152372346888654046E+08    0.338322190937952143E+03   -0.169161095468976072E+03
    0.948200225830078125E+02    0.136588638000188967E+01    0.217561900615692139E+02    0.194038589803836495E+08    0.338296157688911194E+03   -0.169148078844455597E+03
    0.948200225830078125E+02    0.136588638000188967E+01    0.217561900615692139E+02    0.194038589803836495E+08    0.338296157688911194E+03   -0.169148078844455597E+03
    0.491366858869016383E+02    0.137073951372315128E+01    0.274874119345311740E+02    0.120731485219752807E+08    0.338294002871508894E+03   -0.169147001435754447E+03
    0.144037820485564030E+02    0.136676505237909018E+01    0.318014402313250528E+02    0.409674694870663658E+08    0.338292534369692873E+03   -0.169146267184846437E+03
    0.144037820485564030E+02    0.136676505237909018E+01    0.318014402313250528E+02    0.409674694870663658E+08    0.338292534369692873E+03   -0.169146267184846437E+03
    0.852190314805307310E+02    0.137061686784309300E+01    0.265954248790354058E+02    0.311633871374311782E+08    0.338281896483413902E+03   -0.169140948241706951E+03
    0.127099629871657797E+03    0.136623712759109628E+01    0.817632017852018578E+01    0.291394026146733277E+08    0.338264768348899736E+03   -0.169132384174449868E+03
    0.127099629871657797E+03    0.136623712759109628E+01    0.817632017852018578E+01    0.291394026146733277E+08    0.338264768348899736E+03   -0.169132384174449868E+03
    0.559494419078460794E+02    0.136412501228092409E+01    0.235335957434994896E+02    0.162693228654108215E+08    0.338198908433572456E+03   -0.169099454216786228E+03
    0.559494419078460794E+02    0.136412501228092409E+01    0.235335957434994896E+02    0.162693228654108215E+08    0.338198908433572456E+03   -0.169099454216786228E+03
    0.749999354683515520E+02    0.136409356529466463E+01    0.314285787818106961E+02    0.355621999909157082E+08    0.338184871491187096E+03   -0.169092435745593548E+03
    0.749999354683515520E+02    0.136409356529466463E+01    0.314285787818106961E+02    0.355621999909157082E+08    0.338184871491187096E+03   -0.169092435745593548E+03
    0.476725449119767504E+02    0.136312158231571057E+01    0.278345918349479291E+02    0.605284551989064738E+08    0.338139064114745224E+03   -0.169069532057372612E+03
    0.183073789525876229E+02    0.135822392520190749E+01    0.319258309957440645E+02    0.502620996007679030E+08    0.338134819654987155E+03   -0.169067409827493577E+03
    0.766206546454603341E+02    0.137536380756016618E+01    0.224313814000253835E+02    0.308392085181576386E+08    0.338084962836939042E+03   -0.169042481418469521E+03
    0.766206546454603341E+02    0.137536380756016618E+01    0.224313814000253835E+02    0.308392085181576386E+08    0.338084962836939042E+03   -0.169042481418469521E+03
    0.301517467991356831E+02    0.138333439234830458E+01    0.456716006461058122E+01    0.348610522854128182E+08    0.338083983244817773E+03   -0.169041991622408887E+03
    0.628553422408437825E+02    0.137614780484051868E+01    0.191239006457168195E+02    0.141441352486819718E+08    0.338063056191744806E+03   -0.169031528095872403E+03
    0.628553422408437825E+02    0.137614780484051868E+01    0.191239006457168195E+02    0.141441352486819718E+08    0.338063056191744806E+03   -0.169031528095872403E+03
    0.710834163949094346E+02    0.136731039930647591E+01    0.235389744771670948E+02    0.204596642412625700E+08    0.338041088774980494E+03   -0.169020544387490247E+03
    0.710834163949094346E+02    0.136731039930647591E+01    0.235389744771670948E+02    0.204596642412625700E+08    0.338041088774980494E+03   -0.169020544387490247E+03
    0.236721625947728249E+02    0.137716442245476900E+01    0.144243873276470005E+02    0.113335721318098251E+08    0.337973207429210788E+03   -0.168986603714605394E+03
    0.236721625947728249E+02    0.137716442245476900E+01    0.144243873276470005E+02    0.113335721318098251E+08    0.337973207429210788E+03   -0.168986603714605394E+03
    0.967657099246297463E+02    0.137367391883356604E+01    0.987656239066961561E+01    0.323846595450409576E+08    0.337963611548866140E+03   -0.168981805774433070E+03
    0.501872338897182857E+02    0.137700548740382134E+01    0.667520725020626937E+01    0.157208812517866399E+08    0.337958463537905288E+03   -0.168979231768952644E+03
    0.192389622371617577E+02    0.136984800123041794E+01    0.251341318595064429E+02    0.124223977345800810E+08    0.337940055769235926E+03   -0.168970027884617963E+03
    0.192389622371617577E+02    0.136984800123041794E+01    0.251341318595064429E+02    0.124223977345800810E+08    0.337940055769235926E+03   -0.168970027884617963E+03
    0.907127092634054293E+02    0.137472744759032595E+01    0.280895260341255826E+01    0.260243966720182076E+08    0.337918340969297958E+03   -0.168959170484648979E+03
    0.214699543095247165E+02    0.137279501322131936E+01    0.272678229949807438E+02    0.348144600904129073E+08    0.337900483863033571E+03   -0.168950241931516786E+03
    0.214699543095247165E+02    0.137279501322131936E+01    0.272678229949807438E+02    0.348144600904129073E+08    0.337900483863033571E+03   -0.168950241931516786E+03
    0.107554471445556690E+02    0.136616320782499745E+01    0.485503459607896204E+01    0.107312736383580603E+08    0.337899588786159654E+03   -0.168949794393079827E+03
    0.440461024316030318E+02    0.136393325410656741E+01    0.303416686382946317E+02    0.287166724407955259E+08    0.337891281428922014E+03   -0.168945640714461007E+03
    0.420506576152788654E+02    0.137148958312082847E+01    0.186598194249762601E-01    0.155726482169357426E+08    0.337860755060551583E+03   -0.168930377530275791E+03
    0.468702145827403385E+02    0.136613329786057047E+01    0.304961099289640778E+02    0.476300505736883804E+08    0.337839010397501056E+03   -0.168919505198750528E+03
    0.468702145827403385E+02    0.136613329786057047E+01    0.304961099289640778E+02    0.476300505736883804E+08    0.337839010397501056E+03   -0.168919505198750528E+03
    0.104451208827869335E+01    0.136668566273001479E+01    0.543319507824866843E+01    0.200228454591479562E+08    0.337782035153057564E+03   -0.168891017576528782E+03
    0.374767732344900750E+02    0.137484756612042625E+01    0.158597697353868412E+02    0.209055792297774628E+08    0.337757063188088182E+03   -0.168878531594044091E+03
    0.374767732344900750E+02    0.137484756612042625E+01    0.158597697353868412E+02    0.209055792297774628E+08    0.337757063188088182E+03   -0.168878531594044091E+03
    0.876988494441823150E+02    0.136141303615102149E+01    0.290606769628361086E+02    0.368658773870647252E+08    0.337680465696162400E+03   -0.168840232848081200E+03
    0.876988494441823150E+02    0.136141303615102149E+01    0.290606769628361086E+02    0.368658773870647252E+08    0.337680465696162400E+03   -0.168840232848081200E+03
    0.108130831104285861E+03    0.137045506270174711E+01    0.829276200757896831E+01    0.247316986103875078E+08    0.337616902390282746E+03   -0.168808451195141373E+03
    0.108130831104285861E+03    0.137045506270174711E+01    0.829276200757896831E+01    0.247316986103875078E+08    0.337616902390282746E+03   -0.168808451195141373E+03
    0.840697146029390119E+01    0.135481675876513386E+01    0.189130907296912483E+02    0.203441912354560681E+08    0.337607558051951742E+03   -0.168803779025975871E+03
    0.587983076732046328E+02    0.137567171932457533E+01    0.180195488800611181E+01    0.212445769796165526E+08    0.337573040544001060E+03   -0.168786520272000530E+03
    0.399416263458698566E+02    0.135625159018082853E+01    0.146515700921492602E+02    0.694562724535522908E+08    0.337509830185549276E+03   -0.168754915092774638E+03
    0.913399594804527624E+02    0.134738830909048568E+01    0.980442425539023787E+01    0.176651314253616184E+08    0.337492890438736936E+03   -0.168746445219368468E+03
    0.413085222244262695E+02    0.136424319645391878E+01    0.313755989074707031E+02    0.359068568728637472E+08    0.337483406782933116E+03   -0.168741703391466558E+03
    0.413085222244262695E+02    0.136424319645391878E+01    0.313755989074707031E+02    0.359068568728637472E+08    0.337483406782933116E+03   -0.168741703391466558E+03
    0.519550393680062399E+02    0.137522014272948656E+01    0.748756550511423136E+01    0.431374374361644834E+08    0.337472401217240872E+03   -0.168736200608620436E+03
    0.571167850159719137E+01    0.137989340239987457E+01    0.111442922128814104E+02    0.328287877607254274E+08    0.337451905368268001E+03   -0.168725952684134000E+03
    0.571167850159719137E+01    0.137989340239987457E+01    0.111442922128814104E+02    0.328287877607254274E+08    0.337451905368268001E+03   -0.168725952684134000E+03
    0.584227576461835696E+02    0.137665710217690140E+01    0.816650513218466401E+01    0.201422369650789537E+08    0.337425495137132998E+03   -0.168712747568566499E+03
    0.584227576461835696E+02    0.137665710217690140E+01    0.816650513218466401E+01    0.201422369650789537E+08    0.337425495137132998E+03   -0.168712747568566499E+03
    0.799136601819397470E+02    0.136322814824295757E+01    0.329890328952851952E+01    0.445349698889888227E+08    0.337405718827873841E+03   -0.168702859413936920E+03
    0.799136601819397470E+02    0.136322814824295757E+01    0.329890328952851952E+01    0.445349698889888227E+08    0.337405718827873841E+03   -0.168702859413936920E+03
    0.548343927414287577E+02    0.136274018937649366E+01    0.218923481764080670E+02    0.160168894024381023E+08    0.337397781953734864E+03   -0.168698890976867432E+03
    0.548343927414287577E+02    0.136274018937649366E+01    0.218923481764080670E+02    0.160168894024381023E+08    0.337397781953734864E+03   -0.168698890976867432E+03
    0.680634473658901555E+02    0.137428472639672461E+01    0.143181555371741318E+02    0.206441882860154286E+08    0.337380797158577252E+03   -0.168690398579288626E+03
    0.680634473658901555E+02    0.137428472639672461E+01    0.143181555371741318E+02    0.206441882860154286E+08    0.337380797158577252E+03   -0.168690398579288626E+03
    0.897168695090682746E+02    0.136949271178025578E+01    0.228457684476296095E+02    0.326355899318983853E+08    0.337368921347686978E+03   -0.168684460673843489E+03
    0.952235361412357584E+01    0.135788974518575456E+01    0.478267445517030687E+01    0.537832493032764047E+08    0.337345135334411850E+03   -0.168672567667205925E+03
    0.210785822213250142E+02    0.136868107651252791E+01    0.182857125484078011E+02    0.549835471597694904E+08    0.337287110669202775E+03   -0.168643555334601388E+03
    0.210785822213250142E+02    0.136868107651252791E+01    0.182857125484078011E+02    0.549835471597694904E+08    0.337287110669202775E+03   -0.168643555334601388E+03
    0.104458700370987856E+03    0.134522508203643310E+01    0.297181196692433547E+01    0.198885723042130955E+08    0.337213299110256230E+03   -0.168606649555128115E+03
    0.104458700370987856E+03    0.134522508203643310E+01    0.297181196692433547E+01    0.198885723042130955E+08    0.337213299110256230E+03   -0.168606649555128115E+03
    0.908520891199614589E+01    0.135830289233350965E+01    0.110061283543245700E+02    0.627108024997307435E+08    0.337212953534319183E+03   -0.168606476767159592E+03
    0.908520891199614589E+01    0.135830289233350965E+01    0.110061283543245700E+02    0.627108024997307435E+08    0.337212953534319183E+03   -0.168606476767159592E+03
    0.613250849591453004E+02    0.137041304904498884E+01    0.106737805875971716E+02    0.166457035354093108E+08    0.337184720216652408E+03   -0.168592360108326204E+03
    0.613250849591453004E+02    0.137041304904498884E+01    0.106737805875971716E+02    0.166457035354093108E+08    0.337184720216652408E+03   -0.168592360108326204E+03
    0.218936668676195900E+02    0.137737346541934325E+01    0.280581875430982919E+01    0.345635091379767284E+08    0.337183937172794970E+03   -0.168591968586397485E+03
    0.119483718069979368E+02    0.137451082787287771E+01    0.139881465483957808E+02    0.135094787582908515E+08    0.337171573863473725E+03   -0.168585786931736862E+03
    0.864634694882545745E+02    0.135919314730960727E+01    0.542299419363710733E+01    0.456423946694441512E+08    0.337161202887483341E+03   -0.168580601443741671E+03
    0.109032222394731448E+03    0.135220526285219500E+01    0.172367527740399495E+02    0.237919014699112624E+08    0.337160486124575073E+03   -0.168580243062287536E+03
    0.109032222394731448E+03    0.135220526285219500E+01    0.172367527740399495E+02    0.237919014699112624E+08    0.337160486124575073E+03   -0.168580243062287536E+03
    0.101266760875541635E+03    0.136574483870552976E+01    0.209849891264869264E+02    0.127809188385403808E+08    0.337117182861991523E+03   -0.168558591430995762E+03
    0.121607777524909494E+03    0.136324485966909226E+01    0.137419079269754274E+02    0.272937673253344670E+08    0.337109574392450270E+03   -0.168554787196225135E+03
    0.643821775545298749E+02    0.137045231307256610E+01    0.107987092013252379E+02    0.182941093645907156E+08    0.337108493888066732E+03   -0.168554246944033366E+03
    0.643821775545298749E+02    0.137045231307256610E+01    0.107987092013252379E+02    0.182941093645907156E+08    0.337108493888066732E+03   -0.168554246944033366E+03
    0.213265487241759750E+02    0.137337438740330176E+01    0.891474315458195399E+01    0.221923278129329011E+08    0.337104521454407291E+03   -0.168552260727203645E+03
    0.490456437387404236E+02    0.137136318288731185E+01    0.274739272809031032E+01    0.188933728734607138E+08    0.337098249273416172E+03   -0.168549124636708086E+03
    0.550856011223709956E+02    0.136833735299464565E+01    0.200073175501479668E+02    0.514199486421777159E+08    0.337093378996121146E+03   -0.168546689498060573E+03
    0.550856011223709956E+02    0.136833735299464565E+01    0.200073175501479668E+02    0.514199486421777159E+08    0.337093378996121146E+03   -0.168546689498060573E+03
    0.971119511644726003E+02    0.135690350081498545E+01    0.151981452798194141E+02    0.167720527369385455E+08    0.337092685421263411E+03   -0.168546342710631706E+03
    0.328716635704040527E+02    0.137203350320275885E+01    0.245271384716033936E+02    0.294888137102851160E+08    0.337084765108541433E+03   -0.168542382554270716E+03
    0.328716635704040527E+02    0.137203350320275885E+01    0.245271384716033936E+02    0.294888137102851160E+08    0.337084765108541433E+03   -0.168542382554270716E+03
    0.318211965066423339E+02    0.137227736424162083E+01    0.122138382625196158E+02    0.153180564139493704E+08    0.337080501563135215E+03   -0.168540250781567607E+03
    0.318211965066423339E+02    0.137227736424162083E+01    0.122138382625196158E+02    0.153180564139493704E+08    0.337080501563135215E+03   -0.168540250781567607E+03
    0.907047070939800761E+02    0.136530305254299078E+01    0.117200380464719789E+02    0.443984420790523812E+08    0.337066163853362923E+03   -0.168533081926681461E+03
    0.823187540543089469E+01    0.136472496734183446E+01    0.493973055782366899E+01    0.201861417911851965E+08    0.337062925246503255E+03   -0.168531462623251628E+03
    0.823187540543089469E+01    0.136472496734183446E+01    0.493973055782366899E+01    0.201861417911851965E+08    0.337062925246503255E+03   -0.168531462623251628E+03
    0.372623832335939786E+01    0.136448215016713204E+01    0.263897622817720894E+02    0.337986872735885084E+08    0.337058633060759064E+03   -0.168529316530379532E+03
    0.546667469060982043E+02    0.135007598865314660E+01    0.215388605110741693E+02    0.113853540231192745E+08    0.337046188092495868E+03   -0.168523094046247934E+03
    0.677085153002454803E+02    0.137145442133126649E+01    0.119214453202746320E+02    0.446965172438334674E+08    0.336975376087349787E+03   -0.168487688043674893E+03
    0.576864382259342605E+02    0.137830077629547354E+01    0.800542945569600484E+01    0.263744724076370709E+08    0.336971522135564726E+03   -0.168485761067782363E+03
    0.982142780539668507E+02    0.135833145870353489E+01    0.170656789999770488E+02    0.107053703030852973E+08    0.336948659709349613E+03   -0.168474329854674806E+03
    0.885564603111647131E+02    0.135460844633542621E+01    0.770497800864824223E+00    0.389895978478797227E+08    0.336846134902687254E+03   -0.168423067451343627E+03
    0.885564603111647131E+02    0.135460844633542621E+01    0.770497800864824223E+00    0.389895978478797227E+08    0.336846134902687254E+03   -0.168423067451343627E+03
    0.341005919236745285E+02    0.136458400258310775E+01    0.151344498465532187E+02    0.161596111238636039E+08    0.336802569661104371E+03   -0.168401284830552186E+03
    0.341005919236745285E+02    0.136458400258310775E+01    0.151344498465532187E+02    0.161596111238636039E+08    0.336802569661104371E+03   -0.168401284830552186E+03
    0.257701414933661255E+02    0.137244757568071329E+01    0.122192543801753963E+02    0.228548529720748141E+08    0.336764741451460679E+03   -0.168382370725730340E+03
    0.579193376459736342E+02    0.136968311266021248E+01    0.454493350238290894E+01    0.425337985646465570E+08    0.336750789668251059E+03   -0.168375394834125530E+03
    0.579193376459736342E+02    0.136968311266021248E+01    0.454493350238290894E+01    0.425337985646465570E+08    0.336750789668251059E+03   -0.168375394834125530E+03
    0.395257775153676292E+02    0.135207905117499361E+01    0.164666095201401532E+02    0.108004323701638766E+08    0.336746298130678952E+03   -0.168373149065339476E+03
    0.195511664586924927E+01    0.136099408717969239E+01    0.194123954885065619E+00    0.266610592325397804E+08    0.336726972888714727E+03   -0.168363486444357363E+03
    0.195511664586924927E+01    0.136099408717969239E+01    0.194123954885065619E+00    0.266610592325397804E+08    0.336726972888714727E+03   -0.168363486444357363E+03
    0.676982531181258764E+02    0.137430713311795549E+01    0.455969746973544332E+01    0.128544726273753550E+08    0.336715287193808990E+03   -0.168357643596904495E+03
    0.676982531181258764E+02    0.137430713311795549E+01    0.455969746973544332E+01    0.128544726273753550E+08    0.336715287193808990E+03   -0.168357643596904495E+03
    0.354659433247828275E+02    0.135019049059388219E+01    0.569981101910125698E+01    0.559780108299239650E+08    0.336687080056845275E+03   -0.168343540028422638E+03
    0.800695709890150198E+02    0.135890620821296593E+01    0.156582655050767343E+02    0.178617551704518534E+08    0.336628089851322898E+03   -0.168314044925661449E+03
    0.308743342399453731E+02    0.137134551226800783E+01    0.791455084492350824E+01    0.202512747698189653E+08    0.336622433346825630E+03   -0.168311216673412815E+03
    0.308743342399453731E+02    0.137134551226800783E+01    0.791455084492350824E+01    0.202512747698189653E+08    0.336622433346825630E+03   -0.168311216673412815E+03
    0.130976434708771396E+02    0.136115343142346856E+01    0.117191631708552446E+02    0.192783073849111162E+08    0.336602749712010109E+03   -0.168301374856005054E+03
    0.830682535346594761E+02    0.135791238151001470E+01    0.141701559095991829E+02    0.172592722239137478E+08    0.336599581662340313E+03   -0.168299790831170156E+03
    0.830682535346594761E+02    0.135791238151001470E+01    0.141701559095991829E+02    0.172592722239137478E+08    0.336599581662340313E+03   -0.168299790831170156E+03
    0.519422916661094725E+01    0.137117914646598993E+01    0.175521739142182902E+02    0.447508310191076547E+08    0.336594683725404991E+03   -0.168297341862702496E+03
    0.872637784793334532E+02    0.137119743229533286E+01    0.147729891564726401E+02    0.129126327627634238E+08    0.336571810171515665E+03   -0.168285905085757832E+03
    0.263445696880064020E+02    0.137446905741686010E+01    0.116440659414030900E+01    0.295430548806162141E+08    0.336552359223874475E+03   -0.168276179611937238E+03
    0.263445696880064020E+02    0.137446905741686010E+01    0.116440659414030900E+01    0.295430548806162141E+08    0.336552359223874475E+03   -0.168276179611937238E+03
    0.417788214722841573E+02    0.137559016359719810E+01    0.194428200525898980E+02    0.314288685879005007E+08    0.336548149122508448E+03   -0.168274074561254224E+03
    0.165124622560634933E+02    0.137344582312414931E+01    0.125797841077113510E+02    0.122441165699847843E+08    0.336542790996284452E+03   -0.168271395498142226E+03
    0.165124622560634933E+02    0.137344582312414931E+01    0.125797841077113510E+02    0.122441165699847843E+08    0.336542790996284452E+03   -0.168271395498142226E+03
    0.261728851577212289E+02    0.137039378189925531E+01    0.115973279848542727E+02    0.485062738272903562E+08    0.336535962326945764E+03   -0.168267981163472882E+03
    0.346296951971673153E+02    0.136542735818646399E+01    0.784085431007845202E+01    0.161533469557785802E+08    0.336531268622491893E+03   -0.168265634311245947E+03
    0.990133400505363284E+02    0.135057684749168860E+01    0.191214119480089444E+02    0.306893680015171729E+08    0.336492864626342282E+03   -0.168246432313171141E+03
    0.990133400505363284E+02    0.135057684749168860E+01    0.191214119480089444E+02    0.306893680015171729E+08    0.336492864626342282E+03   -0.168246432313171141E+03
    0.650377491589528489E+02    0.134983544124125765E+01    0.204995681618368550E+02    0.137363503440554012E+08    0.336457348279002133E+03   -0.168228674139501067E+03
    0.694478780831192495E+02    0.137088323537170886E+01    0.148421148011425732E+02    0.220862769284105413E+08    0.336440171446760417E+03   -0.168220085723380208E+03
    0.694478780831192495E+02    0.137088323537170886E+01    0.148421148011425732E+02    0.220862769284105413E+08    0.336440171446760417E+03   -0.168220085723380208E+03
    0.542342525934593525E+02    0.136836311655557452E+01    0.257940810419139197E+02    0.314610368788202927E+08    0.336420415111505463E+03   -0.168210207555752731E+03
    0.542342525934593525E+02    0.136836311655557452E+01    0.257940810419139197E+02    0.314610368788202927E+08    0.336420415111505463E+03   -0.168210207555752731E+03
    0.533403767708669889E+02    0.137296455991204369E+01    0.217942229709450181E+02    0.317052899734578580E+08    0.336417620505879029E+03   -0.168208810252939514E+03
    0.101947798292729232E+03    0.135891158328192896E+01    0.146283482605588819E+02    0.401961199743416831E+08    0.336394006542493287E+03   -0.168197003271246643E+03
    0.766125150333679699E+02    0.137237039940271877E+01    0.312600062087314079E+01    0.290323721622717157E+08    0.336384321881212713E+03   -0.168192160940606357E+03
    0.227829943968863340E+02    0.135594949067398929E+01    0.174412681865089425E+02    0.205416618882232718E+08    0.336341140180799925E+03   -0.168170570090399963E+03
    0.227829943968863340E+02    0.135594949067398929E+01    0.174412681865089425E+02    0.205416618882232718E+08    0.336341140180799925E+03   -0.168170570090399963E+03
    0.842623023355058507E+02    0.136756127949523765E+01    0.223832835122838461E+02    0.290544923561950028E+08    0.336339306609801554E+03   -0.168169653304900777E+03
    0.842623023355058507E+02    0.136756127949523765E+01    0.223832835122838461E+02    0.290544923561950028E+08    0.336339306609801554E+03   -0.168169653304900777E+03
    0.876817128529524723E+02    0.136183157271201827E+01    0.368969574916616772E+01    0.376822686853639632E+08    0.336301532703735120E+03   -0.168150766351867560E+03
    0.876817128529524723E+02    0.136183157271201827E+01    0.368969574916616772E+01    0.376822686853639632E+08    0.336301532703735120E+03   -0.168150766351867560E+03
    0.664770726514719712E+02    0.135258135966174819E+01    0.200568684235338424E+02    0.221037050778502747E+08    0.336294469979477412E+03   -0.168147234989738706E+03
    0.337704427534939100E+02    0.136765410971383972E+01    0.827465203013312500E+00    0.132169627925954331E+08    0.336283259021480262E+03   -0.168141629510740131E+03
    0.195648591237679845E+02    0.136449523220823243E+01    0.141678400604099579E+02    0.522893806786370724E+08    0.336280415982025829E+03   -0.168140207991012915E+03
    0.195648591237679845E+02    0.136449523220823243E+01    0.141678400604099579E+02    0.522893806786370724E+08    0.336280415982025829E+03   -0.168140207991012915E+03
    0.468270590132269646E+02    0.137010249896778102E+01    0.221063554213606324E+02    0.277437200147237070E+08    0.336273872977438145E+03   -0.168136936488719073E+03
    0.468270590132269646E+02    0.137010249896778102E+01    0.221063554213606324E+02    0.277437200147237070E+08    0.336273872977438145E+03   -0.168136936488719073E+03
    0.106903133444992477E+03    0.136569584127439647E+01    0.156718091313155625E+02    0.293189892879955135E+08    0.336263315016493948E+03   -0.168131657508246974E+03
    0.106903133444992477E+03    0.136569584127439647E+01    0.156718091313155625E+02    0.293189892879955135E+08    0.336263315016493948E+03   -0.168131657508246974E+03
    0.620313728167309364E+02    0.136709649613383610E+01    0.172041433034660862E+02    0.207767192330408879E+08    0.336212912826302670E+03   -0.168106456413151335E+03
    0.620313728167309364E+02    0.136709649613383610E+01    0.172041433034660862E+02    0.207767192330408879E+08    0.336212912826302670E+03   -0.168106456413151335E+03
    0.789284090962072895E+02    0.136035436495388606E+01    0.223038393951942737E+02    0.453092658399619535E+08    0.336196201687110317E+03   -0.168098100843555159E+03
    0.974761767984327747E+02    0.135795530926336472E+01    0.194153098011347467E+02    0.131874078111072369E+08    0.336184077060173479E+03   -0.168092038530086739E+03
    0.974761767984327747E+02    0.135795530926336472E+01    0.194153098011347467E+02    0.131874078111072369E+08    0.336184077060173479E+03   -0.168092038530086739E+03
    0.275631685749032727E+02    0.136925194228894265E+01    0.201024226968766904E+02    0.125359941284611784E+08    0.336179007460451032E+03   -0.168089503730225516E+03
    0.731028367877448630E+02    0.136803337558365024E+01    0.375865949547792022E+01    0.110284575654825419E+08    0.336154199311903881E+03   -0.168077099655951940E+03
    0.945921585924071167E+02    0.136511858683082421E+01    0.651801053244806372E+01    0.131007822898034435E+08    0.336150495916508021E+03   -0.168075247958254010E+03
    0.945921585924071167E+02    0.136511858683082421E+01    0.651801053244806372E+01    0.131007822898034435E+08    0.336150495916508021E+03   -0.168075247958254010E+03
    0.991236004213644009E+02    0.134504233944997043E+01    0.326237264417598372E+01    0.272765312259472571E+08    0.336143516984452674E+03   -0.168071758492226337E+03
    0.957777284418081507E+02    0.136596934833474370E+01    0.172264365007628442E+02    0.329971983242393620E+08    0.336137427936171207E+03   -0.168068713968085603E+03
    0.695258694335628036E+02    0.136890979535681834E+01    0.854797393794418880E+01    0.412574512935309187E+08    0.336119780870048430E+03   -0.168059890435024215E+03
    0.188380993511653791E+02    0.136579129532156807E+01    0.165146047626606851E+02    0.247540978708667979E+08    0.336086370641029475E+03   -0.168043185320514738E+03
    0.188633203506469727E+02    0.136814068718264381E+01    0.348514318466186523E+00    0.309639409284565672E+08    0.336075372415479364E+03   -0.168037686207739682E+03
    0.763285591415366405E+01    0.137347386612890654E+01    0.127396499539393719E+02    0.380079764430310652E+08    0.336074649300446140E+03   -0.168037324650223070E+03
    0.763285591415366405E+01    0.137347386612890654E+01    0.127396499539393719E+02    0.380079764430310652E+08    0.336074649300446140E+03   -0.168037324650223070E+03
    0.739958597818877593E+02    0.136762762345772715E+01    0.209219525675328066E+01    0.239797405842710063E+08    0.336056185974971129E+03   -0.168028092987485564E+03
    0.327101591855610465E+02    0.136915288102101917E+01    0.148591939965471322E+02    0.236777946435853690E+08    0.336026651639184479E+03   -0.168013325819592239E+03
    0.327101591855610465E+02    0.136915288102101917E+01    0.148591939965471322E+02    0.236777946435853690E+08    0.336026651639184479E+03   -0.168013325819592239E+03
    0.221090573562413688E+02    0.136047666592438565E+01    0.168425672538549058E+02    0.146843720835116096E+08    0.336021470998966720E+03   -0.168010735499483360E+03
    0.266595770625943942E+02    0.137075083738009051E+01    0.228698718112872861E+02    0.388581821011831164E+08    0.336017227381872203E+03   -0.168008613690936102E+03
    0.930082350239159013E+02    0.136584533635302030E+01    0.143262043829760106E+02    0.235890560126704946E+08    0.336003205487318098E+03   -0.168001602743659049E+03
    0.930082350239159013E+02    0.136584533635302030E+01    0.143262043829760106E+02    0.235890560126704946E+08    0.336003205487318098E+03   -0.168001602743659049E+03
    0.675209912766408991E+02    0.136613927515338407E+01    0.371173811613530180E+01    0.145194053098377548E+08    0.335958856083848104E+03   -0.167979428041924052E+03
    0.909566674272155353E+02    0.136081025718622795E+01    0.167865858429829906E+02    0.143881042745763473E+08    0.335958123811204530E+03   -0.167979061905602265E+03
    0.854105435949329177E+02    0.136271304534443205E+01    0.115975814636757164E+02    0.425800204577867091E+08    0.335916513039338440E+03   -0.167958256519669220E+03
    0.583615025554837885E+02    0.137284102596740132E+01    0.950054666955391980E+01    0.115915192025962602E+08    0.335909155598682105E+03   -0.167954577799341052E+03
    0.585205601139499691E+02    0.136342220657881530E+01    0.146116197685950713E+02    0.501172977014234886E+08    0.335904720320046636E+03   -0.167952360160023318E+03
    0.938750791079088742E+01    0.137365837603766749E+01    0.110452479070573144E+02    0.304975250992989428E+08    0.335893324630356972E+03   -0.167946662315178486E+03
    0.189755074010659435E+02    0.136967388007206425E+01    0.960551217086179676E+01    0.439953941856303886E+08    0.335891076804155659E+03   -0.167945538402077830E+03
    0.756727790143279293E+02    0.136766916830922103E+01    0.573476842858120506E+01    0.213434649184300117E+08    0.335890832609481038E+03   -0.167945416304740519E+03
    0.177318184353719976E+01    0.136300643854049697E+01    0.145078502301032977E+02    0.480580710395663306E+08    0.335890007242550212E+03   -0.167945003621275106E+03
    0.497938672231065595E+02    0.136518237219450023E+01    0.251328061592113023E+02    0.435609247776397541E+08    0.335886846558426669E+03   -0.167943423279213334E+03
    0.405779454863345848E+02    0.136800679522798330E+01    0.149581258654152869E+02    0.146320190395475384E+08    0.335886814502315531E+03   -0.167943407251157765E+03
    0.669987655912545108E+02    0.136951461423772436E+01    0.535502949959645402E+01    0.112962755380494911E+08    0.335860120444715790E+03   -0.167930060222357895E+03
    0.926244737287462669E+02    0.135830257646469676E+01    0.106432430559789797E+02    0.151338838175892457E+08    0.335837843365181641E+03   -0.167918921682590820E+03
    0.505072758986123986E+02    0.135409240846486068E+01    0.260331698777988159E+02    0.324063884508551843E+08    0.335837675637824873E+03   -0.167918837818912436E+03
    0.800275930894778327E+02    0.136444608493331310E+01    0.213326318292872692E+02    0.124478412544476874E+08    0.335831779500414257E+03   -0.167915889750207128E+03
    0.800275930894778327E+02    0.136444608493331310E+01    0.213326318292872692E+02    0.124478412544476874E+08    0.335831779500414257E+03   -0.167915889750207128E+03
    0.986728790075400042E+02    0.136395669934761954E+01    0.902116546164647559E+01    0.316067689350582398E+08    0.335827264059624326E+03   -0.167913632029812163E+03
    0.518423357944405225E+02    0.136940951424100432E+01    0.373083100783399590E+01    0.238150469657282382E+08    0.335815965542216645E+03   -0.167907982771108323E+03
    0.213579070045397188E+02    0.135979180614955131E+01    0.244857821931875286E+02    0.479441021961920038E+08    0.335806023602623611E+03   -0.167903011801311806E+03
    0.541597630170712847E+02    0.137306420177010957E+01    0.134838567846297881E+02    0.263970311816132702E+08    0.335802021257718764E+03   -0.167901010628859382E+03
    0.541597630170712847E+02    0.137306420177010957E+01    0.134838567846297881E+02    0.263970311816132702E+08    0.335802021257718764E+03   -0.167901010628859382E+03
    0.112909517483505173E+02    0.136907678377359177E+01    0.210030331753874435E+02    0.393279855927849561E+08    0.335791697272880981E+03   -0.167895848636440491E+03
    0.500631675361783195E+02    0.136483896027040408E+01    0.218840883441936640E+02    0.132401124720104989E+08    0.335777558664755418E+03   -0.167888779332377709E+03
    0.370424043452881335E+02    0.136681534358545687E+01    0.818913254690714432E+01    0.199639379373825192E+08    0.335772450337191117E+03   -0.167886225168595558E+03
    0.734536981248050438E+02    0.137086672496687312E+01    0.107083911787273660E+02    0.357592510552503318E+08    0.335757694901548007E+03   -0.167878847450774003E+03
    0.971657244215890330E+02    0.136006774640631622E+01    0.794055877080731687E+01    0.346721473199672550E+08    0.335729550025783453E+03   -0.167864775012891727E+03
    0.793269903757479540E+02    0.136101364025724014E+01    0.203803024128684100E+02    0.134384210067142714E+08    0.335675001281533184E+03   -0.167837500640766592E+03
    0.578050499944132099E+02    0.137020803652487655E+01    0.620829718823027488E+01    0.240603393906841353E+08    0.335651035591494690E+03   -0.167825517795747345E+03
    0.494068039483789467E+00    0.136801726720940575E+01    0.106444296773805220E+02    0.397940973670789748E+08    0.335644943982101950E+03   -0.167822471991050975E+03
    0.406509118917877572E+02    0.137364050717056974E+01    0.501722042108186983E+01    0.309214053336876556E+08    0.335644028017048015E+03   -0.167822014008524008E+03
    0.275105237337802500E+02    0.136318866169884112E+01    0.201038639544044839E+01    0.118542541022221278E+08    0.335633652485256505E+03   -0.167816826242628252E+03
    0.708286012375540821E+02    0.136336822168318617E+01    0.239129730985924596E+02    0.389172938658629730E+08    0.335601474117252394E+03   -0.167800737058626197E+03
    0.331374406814575195E+02    0.137004180411307974E+01    0.294014215469360352E+01    0.327629549567391500E+08    0.335587537839742765E+03   -0.167793768919871383E+03
    0.305681571182822953E+01    0.135737868660116368E+01    0.111121481613676707E+02    0.488470126589271128E+08    0.335586880305719717E+03   -0.167793440152859858E+03
    0.311510553995451751E+02    0.136499678102640520E+01    0.198922976185782936E+02    0.266059559469059221E+08    0.335576987732571297E+03   -0.167788493866285648E+03
    0.325316515528209820E+02    0.136941384065683081E+01    0.195749154057165242E+02    0.432590327462428883E+08    0.335553807498607455E+03   -0.167776903749303727E+03
    0.792149344806455957E+02    0.136627399402845162E+01    0.759989818246296789E+01    0.222396477086682171E+08    0.335531263476086451E+03   -0.167765631738043226E+03
    0.587860003094726338E+02    0.134995095020403033E+01    0.223139411235870568E+02    0.391327028996609375E+08    0.335518233025202392E+03   -0.167759116512601196E+03
    0.423401354611680887E+02    0.137267176565903481E+01    0.173686498056123284E+02    0.368332357152009904E+08    0.335471747867892702E+03   -0.167735873933946351E+03
    0.423401354611680887E+02    0.137267176565903481E+01    0.173686498056123284E+02    0.368332357152009904E+08    0.335471747867892702E+03   -0.167735873933946351E+03
    0.103056855584384806E+03    0.135963405027180828E+01    0.990187280784940782E+01    0.253193905282135382E+08    0.335468438258704396E+03   -0.167734219129352198E+03
    0.224309556167352682E+02    0.135308908187210419E+01    0.605182385423029157E+01    0.147702403708746880E+08    0.335463537209411527E+03   -0.167731768604705763E+03
    0.940406908793730594E+02    0.136014432064363167E+01    0.174630006505741910E+02    0.357533451807617322E+08    0.335461603487434445E+03   -0.167730801743717223E+03
    0.107034200580745118E+02    0.137033434241332852E+01    0.727889616425898023E+01    0.330561645232121162E+08    0.335452533087013990E+03   -0.167726266543506995E+03
    0.224353642684728776E+02    0.136728151733101710E+01    0.131612718417254531E+02    0.257155948328374475E+08    0.335449470056021937E+03   -0.167724735028010969E+03
    0.846086614163380624E+01    0.136845612649033987E+01    0.599154192761062010E+01    0.342391157318428457E+08    0.335447374039878127E+03   -0.167723687019939064E+03
    0.145215831503764239E+02    0.136711279749545445E+01    0.202002326342800309E+02    0.305640513880003244E+08    0.335440795313205967E+03   -0.167720397656602984E+03
    0.947848364510902854E+02    0.135915641413896693E+01    0.841116084787074492E+01    0.214734331708259955E+08    0.335437822914894070E+03   -0.167718911457447035E+03
    0.351111278264744371E+02    0.136114876704615329E+01    0.225562193573245153E+02    0.276616958066001013E+08    0.335422546050259768E+03   -0.167711273025129884E+03
    0.169430832852529996E+02    0.136511854637328089E+01    0.231007691992180462E+02    0.393378831855962574E+08    0.335411083376241038E+03   -0.167705541688120519E+03
    0.733845673773046201E+02    0.136982068745364916E+01    0.110816601146721059E+02    0.125773151941395756E+08    0.335407015844923194E+03   -0.167703507922461597E+03
    0.610751978430619928E+02    0.135705317023575267E+01    0.179076193502078951E+02    0.213737308422263525E+08    0.335403761436150830E+03   -0.167701880718075415E+03
    0.788497796049318822E+02    0.135926969047123802E+01    0.180036373325569592E+02    0.140472783453321327E+08    0.335387021361730717E+03   -0.167693510680865359E+03
    0.724503579736292664E+02    0.136426442121696434E+01    0.202813616137700699E+02    0.123918308861338589E+08    0.335386106166453544E+03   -0.167693053083226772E+03
    0.149782582392529195E+01    0.135761536361176627E+01    0.114988888938102516E+02    0.266777017053471692E+08    0.335382757749202710E+03   -0.167691378874601355E+03
    0.905310347688460269E+02    0.135755242041852298E+01    0.172597468312069369E+01    0.264728634830411561E+08    0.335378916281020395E+03   -0.167689458140510197E+03
    0.693045140582112396E+02    0.135802473593789430E+01    0.149967975580275219E+02    0.193482897047743089E+08    0.335366755647796481E+03   -0.167683377823898240E+03
    0.291054284365571085E+02    0.134968125659218696E+01    0.225857737165353889E+02    0.404659902674596533E+08    0.335343883723330293E+03   -0.167671941861665147E+03
    0.340961735809506123E+02    0.136416064615112531E+01    0.123992038635575792E+02    0.145550104975535460E+08    0.335335916518376507E+03   -0.167667958259188254E+03
    0.431604060953196011E+02    0.136883870222247395E+01    0.110513601404845527E+02    0.241577766132078804E+08    0.335327299380527506E+03   -0.167663649690263753E+03
    0.276160378943023908E+02    0.136504439904623354E+01    0.862205897486251338E+01    0.140714529238021988E+08    0.335306377292650723E+03   -0.167653188646325361E+03
    0.536984267229427772E+02    0.135684000670530369E+01    0.149650464255345348E+02    0.504103140914355814E+08    0.335305733234906711E+03   -0.167652866617453356E+03
    0.553967178608282325E+02    0.135927662507398472E+01    0.105215107738507418E+01    0.218822434036401026E+08    0.335305568821247391E+03   -0.167652784410623696E+03
    0.148878423134254412E+02    0.135114218225172178E+01    0.177918986204961236E+02    0.278685521848852299E+08    0.335302173417885683E+03   -0.167651086708942842E+03
    0.362659239255414212E+01    0.136865419192853666E+01    0.112442212875654430E+02    0.307188659785115495E+08    0.335301100614939344E+03   -0.167650550307469672E+03
    0.868383677882435592E+02    0.135542745460624148E+01    0.562879812587578421E+01    0.200375095174189247E+08    0.335296654340519240E+03   -0.167648327170259620E+03
    0.497528335222941038E+02    0.136305008489674995E+01    0.592767472668006334E+01    0.436723516861043125E+08    0.335296520018669014E+03   -0.167648260009334507E+03
    0.484877228625812222E+02    0.135932931763158238E+01    0.185052478675200582E+02    0.114691535154853594E+08    0.335249237809811291E+03   -0.167624618904905645E+03
    0.575687852055150842E+02    0.136039009896388552E+01    0.110638610013138141E+02    0.474815109022034779E+08    0.335237412884598825E+03   -0.167618706442299413E+03
    0.867073143222351064E+02    0.136665332272996132E+01    0.107460125103747384E+02    0.264112286154255159E+08    0.335236020617787176E+03   -0.167618010308893588E+03
    0.914003648058490654E+02    0.135618299599789505E+01    0.125317764685476423E+02    0.227446800415008701E+08    0.335210387776098912E+03   -0.167605193888049456E+03
    0.862360821925246341E+02    0.136615572953631359E+01    0.107456891055975010E+02    0.258517484763303213E+08    0.335207635422414796E+03   -0.167603817711207398E+03
    0.836417745179540759E+02    0.135995469651483503E+01    0.128712821184771951E+02    0.407963314406200647E+08    0.335172805232137932E+03   -0.167586402616068966E+03
    0.190607348251072004E+02    0.136000811023892099E+01    0.243655187724445561E+02    0.369651042151332945E+08    0.335152987989527617E+03   -0.167576493994763808E+03
    0.142822266953639172E+02    0.137005141859223589E+01    0.894610484876277923E+01    0.351939417548208311E+08    0.335144225908289172E+03   -0.167572112954144586E+03
    0.203098480744619181E+02    0.136164728245183042E+01    0.115825186514433547E+02    0.139101915977748483E+08    0.335132638708284048E+03   -0.167566319354142024E+03
    0.877842776043361823E+02    0.136302674630537290E+01    0.154562605164085536E+02    0.121823849216283895E+08    0.335129029455001444E+03   -0.167564514727500722E+03
    0.505270384578203480E+01    0.136635681545519172E+01    0.951768298651771971E+01    0.296603869689499475E+08    0.335127939115350102E+03   -0.167563969557675051E+03
    0.311743339122296668E+02    0.136762264827859870E+01    0.128975435181690408E+02    0.121139809782640208E+08    0.335127032114610927E+03   -0.167563516057305463E+03
    0.463220419983257443E+02    0.136147050506687650E+01    0.526111063390826850E+01    0.112068553419094365E+08    0.335094664268911231E+03   -0.167547332134455615E+03
    0.349470348765373657E+02    0.136714657590673094E+01    0.439556676199740082E+01    0.374193001543549225E+08    0.335090843289009285E+03   -0.167545421644504643E+03
    0.486706448893583055E+01    0.136747968896071370E+01    0.100267760564256587E+02    0.308299210071226619E+08    0.335084583754574510E+03   -0.167542291877287255E+03
    0.466320347353864477E+02    0.136807537245735822E+01    0.213628361741588684E+02    0.370649498677020296E+08    0.335072875088901583E+03   -0.167536437544450791E+03
    0.776876422463355425E+02    0.136747915932465425E+01    0.776173334897251443E+01    0.266277507557743266E+08    0.335071476350270586E+03   -0.167535738175135293E+03
    0.787036901579120496E+02    0.135925754588438452E+01    0.100567840305349616E+02    0.110881231178598180E+08    0.335051071811820464E+03   -0.167525535905910232E+03
    0.602684862171175268E+02    0.136763157217130482E+01    0.997063547269643102E+01    0.134586028090143874E+08    0.335032294599070326E+03   -0.167516147299535163E+03
    0.705074845496828573E+02    0.135399098492494585E+01    0.107939255485970320E+01    0.117931539923341237E+08    0.335028920207415638E+03   -0.167514460103707819E+03
    0.485113978241320254E+01    0.136236525425050559E+01    0.517200509472720160E+01    0.346853581527234092E+08    0.335025616229495256E+03   -0.167512808114747628E+03
    0.409996392499810298E+02    0.136581813778084582E+01    0.441452346057139255E+01    0.121839977440966573E+08    0.335023614028966392E+03   -0.167511807014483196E+03
    0.128182450216873445E+02    0.136852469619139483E+01    0.116989451862081282E+02    0.294503809981421307E+08    0.335013583259919187E+03   -0.167506791629959594E+03
    0.829618931153796808E+02    0.136632548545185784E+01    0.785915208798287956E+01    0.272290141948677190E+08    0.334994427105244370E+03   -0.167497213552622185E+03
    0.703410249484263943E+02    0.137003268618262020E+01    0.119276626262817729E+02    0.282565761306981891E+08    0.334991766271008430E+03   -0.167495883135504215E+03
    0.794847247438096804E+01    0.135904196819783851E+01    0.413145655438416348E+01    0.382596072573990971E+08    0.334974654429982536E+03   -0.167487327214991268E+03
    0.271409290419942586E+02    0.136305320616538861E+01    0.870588524462099755E+01    0.242670191856369488E+08    0.334970066039155881E+03   -0.167485033019577941E+03
    0.555866104812977184E+02    0.135989514995443361E+01    0.221608036599173630E+02    0.277677418998952657E+08    0.334968956302312222E+03   -0.167484478151156111E+03
    0.497837902321129064E+02    0.134950444197561747E+01    0.721076202062082938E+01    0.145755640318588205E+08    0.334937516195130570E+03   -0.167468758097565285E+03
    0.470797319381313173E+02    0.137053120533891315E+01    0.138039227958183517E+02    0.381786898699123561E+08    0.334931497851274742E+03   -0.167465748925637371E+03
    0.360384529453135087E+02    0.136269769445433964E+01    0.169979133641814286E+02    0.120170791133370232E+08    0.334906811639214709E+03   -0.167453405819607354E+03
    0.293879956904251642E+02    0.136545828046535722E+01    0.112547411902672607E+02    0.441444185527179465E+08    0.334891958138249720E+03   -0.167445979069124860E+03
    0.600103818297796892E+02    0.136400008017285290E+01    0.912120095174158863E+01    0.142384677597252280E+08    0.334883272175901482E+03   -0.167441636087950741E+03
    0.605533103931971652E+02    0.136161876567991502E+01    0.270297246503226818E+01    0.243410820307226479E+08    0.334869203557574849E+03   -0.167434601778787425E+03
    0.814234415481120806E+02    0.135638003145419073E+01    0.708304928317549365E+01    0.374699699854222313E+08    0.334860166370875049E+03   -0.167430083185437525E+03
    0.400876941242176272E+02    0.135713223466399557E+01    0.584517705413816913E+01    0.113063130274522025E+08    0.334854414091448575E+03   -0.167427207045724288E+03
    0.722013060125048867E+02    0.136908548459647417E+01    0.102761989734885102E+02    0.282702246359536275E+08    0.334850687220156090E+03   -0.167425343610078045E+03
    0.694358038532784008E+02    0.136308809086460392E+01    0.194245153493747758E+02    0.272979777593844458E+08    0.334845794809441600E+03   -0.167422897404720800E+03
    0.442665792512788698E+02    0.135028007734360922E+01    0.908975721254959090E+01    0.114037792204969339E+08    0.334839090877769195E+03   -0.167419545438884597E+03
    0.608182907994284960E+02    0.136288384315619848E+01    0.110888862069910239E+02    0.215208090170377269E+08    0.334830902691275014E+03   -0.167415451345637507E+03
    0.567991884212325076E+02    0.136353436451938781E+01    0.792947897116189093E+01    0.220504038019636758E+08    0.334823942698138808E+03   -0.167411971349069404E+03
    0.561810894795061202E+02    0.136577862582028908E+01    0.517938021251682201E+01    0.124801419601106215E+08    0.334818182676510276E+03   -0.167409091338255138E+03
    0.599880723141332766E+02    0.136636194839582181E+01    0.888878769410848335E+01    0.117125204410534184E+08    0.334804955963724183E+03   -0.167402477981862091E+03
    0.160274058860774993E+02    0.136216313120612731E+01    0.126904257983253199E+02    0.269485958627160415E+08    0.334801623448076953E+03   -0.167400811724038476E+03
    0.559000210841819367E+01    0.136524240911784100E+01    0.153413357932401073E+02    0.362241333928648159E+08    0.334778195142170205E+03   -0.167389097571085102E+03
    0.380128366655208225E+02    0.136782593674728137E+01    0.872698371777428683E+01    0.394723625162348300E+08    0.334761990323905707E+03   -0.167380995161952853E+03
    0.845556601659357483E+02    0.135228798922875759E+01    0.892780578693971805E+01    0.125369286514132563E+08    0.334746427812662034E+03   -0.167373213906331017E+03
    0.866734280425891335E+01    0.135341909072639521E+01    0.114880145919858236E+02    0.271528781671683900E+08    0.334735091559344198E+03   -0.167367545779672099E+03
    0.714780621891842856E+02    0.136508456542465662E+01    0.759118839604145101E+01    0.122786511485556420E+08    0.334716757000336429E+03   -0.167358378500168214E+03
    0.204726388391795311E+02    0.135513515203298751E+01    0.799642073573629153E+00    0.283245477017217875E+08    0.334715028858508106E+03   -0.167357514429254053E+03
    0.670166412875995974E+02    0.136169084316811451E+01    0.426078097857899607E+01    0.118816892131004073E+08    0.334714207571158852E+03   -0.167357103785579426E+03
    0.309801299668059293E+02    0.136919549594523815E+01    0.762494856665777299E+01    0.344190597749660388E+08    0.334706231991711547E+03   -0.167353115995855774E+03
    0.620707651646597327E+02    0.135891284379352362E+01    0.220156687284289809E+01    0.248980597777180411E+08    0.334681976066188554E+03   -0.167340988033094277E+03
    0.475088338608001095E+02    0.134982926656002400E+01    0.551001435775234527E+00    0.244708323422594480E+08    0.334680934749833057E+03   -0.167340467374916528E+03
    0.462524575317734659E+02    0.136149139302756916E+01    0.388243643982821141E+01    0.247357022952277698E+08    0.334641417143994545E+03   -0.167320708571997272E+03
    0.598895266094877243E+02    0.136687498043260036E+01    0.734707696274589761E+01    0.262825776877564378E+08    0.334633120291558669E+03   -0.167316560145779334E+03
    0.113366187768191047E+02    0.136600506046087178E+01    0.159183327606400020E+02    0.352184250236704499E+08    0.334630980273828868E+03   -0.167315490136914434E+03
    0.435690215067203752E+02    0.136105471396701283E+01    0.251202895340384691E+01    0.260762680050541870E+08    0.334625205254055686E+03   -0.167312602627027843E+03
    0.599412907526533942E+02    0.135347076501674635E+01    0.239913511135196256E+01    0.129524338436949253E+08    0.334622737533949078E+03   -0.167311368766974539E+03
    0.312413358428317949E+02    0.134866547374525814E+01    0.947599164892644730E+01    0.465320724442481175E+08    0.334622450106888095E+03   -0.167311225053444048E+03
    0.266615744078118810E+01    0.135148300734740312E+01    0.318836386838966757E+01    0.317491694433946125E+08    0.334612623847930649E+03   -0.167306311923965325E+03
    0.407735995035838386E+02    0.136131561317546490E+01    0.676295469981300368E+01    0.423221255865784287E+08    0.334608900267023785E+03   -0.167304450133511892E+03
    0.250951400048330378E+02    0.135674161225002554E+01    0.129516674396259308E+02    0.120197852125320863E+08    0.334607309824293452E+03   -0.167303654912146726E+03
    0.415964300474901538E+01    0.136026131705765430E+01    0.132620899318391832E+02    0.297581434228037037E+08    0.334597063192043208E+03   -0.167298531596021604E+03
    0.532777304624962724E+02    0.136338719500868089E+01    0.209959461190158514E+02    0.398956855275296122E+08    0.334583526673917845E+03   -0.167291763336958923E+03
    0.400082515478392224E+02    0.136090756569174753E+01    0.170716295097976776E+02    0.286809198694647886E+08    0.333872211395008947E+03   -0.166936105697504473E+03
    0.364061574630140683E+02    0.135688703517632092E+01    0.547123190228627543E+01    0.286173234620469064E+08    0.333540044379877315E+03   -0.166770022189938658E+03
    0.306797094397466488E+02    0.135659701025267698E+01    0.655412217227636695E+01    0.126855985068091415E+08    0.334241440916576437E+03   -0.167120720458288218E+03
    0.658143847237533492E+02    0.135900916186411691E+01    0.143684546986198676E+02    0.119329502761631813E+08    0.334255125293503454E+03   -0.167127562646751727E+03
    0.266187306907734325E+02    0.136084124434628251E+01    0.168716221392490588E+02    0.327256459451677240E+08    0.333724045364124379E+03   -0.166862022682062189E+03
    0.740933289283253345E+02    0.135811216574341032E+01    0.107824894145323356E+02    0.356202784675712883E+08    0.333958859687992856E+03   -0.166979429843996428E+03
    0.127308916096113549E+02    0.135685058261920122E+01    0.720539992832429910E+01    0.418504259142709151E+08    0.334509033466661947E+03   -0.167254516733330973E+03
    0.292048586988003649E+02    0.136056129979632967E+01    0.207184356914182288E+02    0.415624972998460084E+08    0.334380241310120368E+03   -0.167190120655060184E+03
    0.466103431608005607E+02    0.135072394980622246E+01    0.192352480362399092E+02    0.294311194246938936E+08    0.334559261439208683E+03   -0.167279630719604341E+03
    0.480216045017862641E+02    0.135988401959717797E+01    0.174414783841289598E+02    0.130620337358119488E+08    0.334448961899806250E+03   -0.167224480949903125E+03
    0.616435422591820270E+02    0.135463043785718140E+01    0.168193329573917119E+02    0.270541623429236636E+08    0.334180234717145709E+03   -0.167090117358572854E+03
    0.626572579986666156E+02    0.135945496376193087E+01    0.941886722939653609E+01    0.337188617504815757E+08    0.333570752879293309E+03   -0.166785376439646654E+03
    0.555456530428870963E+02    0.135839153630644516E+01    0.199570093913963049E+02    0.323736307545626424E+08    0.333947860509595785E+03   -0.166973930254797892E+03
    0.871385341389840704E+02    0.135915128567103993E+01    0.988773733271935740E+01    0.285256206691959873E+08    0.334157526074167095E+03   -0.167078763037083547E+03
    0.638533455096858518E+02    0.136142704359779620E+01    0.138001599952923737E+02    0.308708627500824295E+08    0.333476384441177345E+03   -0.166738192220588672E+03
    0.435288379015685649E+02    0.136216620092245044E+01    0.116670336695398316E+02    0.373829362207793891E+08    0.333547016584393475E+03   -0.166773508292196738E+03
    0.905328402706182267E+01    0.134879167635631170E+01    0.459321073577802785E+01    0.376479481261619255E+08    0.334203598865488971E+03   -0.167101799432744485E+03
    0.345436269434428880E+02    0.134970651492364002E+01    0.173358007289113747E+01    0.323372000029139221E+08    0.333935389120354557E+03   -0.166967694560177279E+03
    0.535872495150385717E+02    0.135862562675182663E+01    0.114145628719615573E+02    0.280238969138626717E+08    0.333309627587285320E+03   -0.166654813793642660E+03
    0.535872495150385717E+02    0.135862562675182663E+01    0.114145628719615573E+02    0.280238969138626717E+08    0.333309627587285320E+03   -0.166654813793642660E+03
    0.422874470253711294E+02    0.135683584001366975E+01    0.414957173966775805E+01    0.298688111952472925E+08    0.333478863698700366E+03   -0.166739431849350183E+03
    0.330085749699861992E+02    0.135820791824942666E+01    0.622858451196522012E+01    0.305373206716863662E+08    0.333378697864258015E+03   -0.166689348932129008E+03
    0.241339892046850224E+02    0.135696512904308086E+01    0.817615356676227201E+01    0.447287739228548929E+08    0.334537630448408891E+03   -0.167268815224204445E+03
    0.491865773904473471E+02    0.135297729573488690E+01    0.539091714143247991E+01    0.274695329999593534E+08    0.333560496437685231E+03   -0.166780248218842615E+03
    0.488457982558160850E+02    0.135960086883358677E+01    0.165696688331001383E+02    0.296142780950794779E+08    0.333439200028676055E+03   -0.166719600014338027E+03
    0.228953406211918491E+02    0.136266988456702443E+01    0.124071015912487752E+02    0.322763246184102111E+08    0.333702604527357835E+03   -0.166851302263678917E+03
    0.425094350982646034E+02    0.135821677257025875E+01    0.662486664033317574E+01    0.387787529543875530E+08    0.333849785667748563E+03   -0.166924892833874281E+03
    0.329093749665654585E+02    0.136047955294848810E+01    0.887751573824777296E+01    0.327980237599763088E+08    0.333429316577796385E+03   -0.166714658288898192E+03
    0.285702333884939037E+02    0.135960187006033650E+01    0.127128042145414515E+02    0.350881983681721836E+08    0.333317331412190356E+03   -0.166658665706095178E+03
    0.669498759704275557E+02    0.135656165536358775E+01    0.120282102702387910E+02    0.118691930763837136E+08    0.334169335315353692E+03   -0.167084667657676846E+03
    0.146952849148898643E+02    0.135273452735281441E+01    0.998009677277502583E+01    0.311705025744870417E+08    0.333562121576888785E+03   -0.166781060788444393E+03
    0.570269592348811329E+02    0.135700463602878063E+01    0.119604189571475743E+02    0.366023478714723662E+08    0.333357340194406163E+03   -0.166678670097203081E+03
    0.563145208509984485E+02    0.136019626620171064E+01    0.464224785471910906E+01    0.363252301671996936E+08    0.334297937555318981E+03   -0.167148968777659491E+03
    0.678273008610366475E+02    0.135463502083635490E+01    0.144985704907030772E+02    0.124376397541563734E+08    0.334232843166463226E+03   -0.167116421583231613E+03
    0.203775745477776837E+01    0.135196083167970205E+01    0.118319734229974092E+02    0.350241620503553525E+08    0.334149158797723032E+03   -0.167074579398861516E+03
    0.525247116453527880E+02    0.135233184514722860E+01    0.159520574910075172E+02    0.294699975029157139E+08    0.333667853174319134E+03   -0.166833926587159567E+03
    0.515773123975505356E+02    0.134432454421613490E+01    0.491163562731389813E+01    0.305050548178471588E+08    0.333737315226863643E+03   -0.166868657613431822E+03
    0.458766484626262780E+02    0.134395736842320690E+01    0.348018537385344562E+01    0.301764026974076927E+08    0.333691173587552100E+03   -0.166845586793776050E+03
    0.318301970282248838E+02    0.136149315624975009E+01    0.659075469578801165E+01    0.255058792864030004E+08    0.334502760854618373E+03   -0.167251380427309186E+03
    0.328001732915425421E+02    0.135638761502134941E+01    0.865523345280690215E+01    0.131277111755052786E+08    0.334125769608987298E+03   -0.167062884804493649E+03
    0.138070977988736079E+02    0.135831212681315883E+01    0.118539470725810947E+02    0.373360043266909793E+08    0.333729405998608399E+03   -0.166864702999304200E+03
    0.166113054842420347E+02    0.135675925056605018E+01    0.151000029471331807E+02    0.296515292909378968E+08    0.333921567999019317E+03   -0.166960783999509658E+03
    0.691100643427824508E+02    0.135335337583958704E+01    0.119090748054484443E+02    0.349394121281278208E+08    0.333753351123167818E+03   -0.166876675561583909E+03
    0.422195781724230130E+02    0.135005965522548266E+01    0.174935223638692925E+02    0.314962728521846868E+08    0.334089260340015642E+03   -0.167044630170007821E+03
    0.294640302829881016E+02    0.135743821767459494E+01    0.125827491679273678E+02    0.300478347335334755E+08    0.333197555301196189E+03   -0.166598777650598095E+03
    0.491570507857271863E+02    0.135791165043559126E+01    0.132229934105714015E+02    0.379791990540956110E+08    0.333322683067192884E+03   -0.166661341533596442E+03
    0.278979978279670782E+02    0.134932571686834413E+01    0.119412106218886880E+02    0.303965255989736356E+08    0.333495152840406035E+03   -0.166747576420203018E+03
    0.196816339566018961E+02    0.134903157859540213E+01    0.597405133317082004E+01    0.389176637040026039E+08    0.333888433840213111E+03   -0.166944216920106555E+03
    0.250717383628339121E+02    0.134947661637237282E+01    0.679767748384965120E+01    0.294733975680895410E+08    0.333506540271794961E+03   -0.166753270135897480E+03
    0.580916059029161929E+02    0.135815208760197725E+01    0.150352454453804523E+02    0.302345986885386668E+08    0.333193037095323916E+03   -0.166596518547661958E+03
    0.240624968782804629E+02    0.136367647719681084E+01    0.628819252433847353E+01    0.286026040846013837E+08    0.334328689225258984E+03   -0.167164344612629492E+03
    0.541402142781720102E+02    0.136792946420332617E+01    0.128033521070779983E+02    0.315265181041769087E+08    0.334177389094120599E+03   -0.167088694547060300E+03
    0.365318483820401099E+02    0.136621389451952990E+01    0.147179885328882936E+02    0.312119325834203176E+08    0.333909781626772997E+03   -0.166954890813386498E+03
    0.447185663970759038E+02    0.136686816527069066E+01    0.767831262082182953E+01    0.299681428687709011E+08    0.333975242273989011E+03   -0.166987621136994505E+03
    0.180267038463502089E+02    0.136593767588112835E+01    0.130453368713466968E+02    0.316668650443574637E+08    0.334247480742756579E+03   -0.167123740371378290E+03
    0.517122701781295575E+02    0.136580305431100268E+01    0.735187910354505991E+01    0.327320816131870598E+08    0.334174487177077822E+03   -0.167087243588538911E+03
    0.508575157320739635E+02    0.136594901368696009E+01    0.170080830577818354E+02    0.357556315019135550E+08    0.334143724082494828E+03   -0.167071862041247414E+03
    0.129616291315982721E+02    0.136369889124827215E+01    0.132058305295004139E+02    0.318915356369436122E+08    0.334205020501130264E+03   -0.167102510250565132E+03
    0.346826687169199417E+02    0.136372006948856628E+01    0.135357602097331302E+02    0.338667731546655223E+08    0.333592817846734988E+03   -0.166796408923367494E+03
    0.580840822824193026E+02    0.136510888853502221E+01    0.101716650936998381E+02    0.271622065405216552E+08    0.334077172448851229E+03   -0.167038586224425615E+03
    0.152345164303137857E+02    0.136403273527655644E+01    0.175696036348473434E+02    0.348670872093739137E+08    0.334410584035469526E+03   -0.167205292017734763E+03
    0.236660226984866107E+02    0.136863203724896065E+01    0.148671122937960867E+02    0.332906831488379724E+08    0.334524971253664205E+03   -0.167262485626832103E+03
    0.509045474754313148E+02    0.136583545335513690E+01    0.853489454184899010E+01    0.278156085504669324E+08    0.334077409759252248E+03   -0.167038704879626124E+03
    0.177758216393519355E+02    0.136406000886817158E+01    0.122328723207206256E+02    0.386272852190811858E+08    0.334196541260756248E+03   -0.167098270630378124E+03
    0.564027364942165690E+02    0.136552472278009707E+01    0.109735531964326700E+02    0.321720572207937352E+08    0.333920704184397493E+03   -0.166960352092198747E+03
    0.339808325784553844E+02    0.136349744083530355E+01    0.120444688625308487E+02    0.270187885386527330E+08    0.334172484591223053E+03   -0.167086242295611527E+03
    0.546711207978325433E+02    0.136251690424761107E+01    0.925584453348949232E+01    0.124576747673807312E+08    0.334089531076203571E+03   -0.167044765538101785E+03
    0.399728583715148034E+02    0.136248847478471724E+01    0.680364829275271443E+01    0.129114239800111968E+08    0.334422754614477014E+03   -0.167211377307238507E+03
    0.710125413985986000E+02    0.136210471363560859E+01    0.130630206081239351E+02    0.258256230020699017E+08    0.334260745895109778E+03   -0.167130372947554889E+03
    0.768778907618269898E+02    0.136394223667244963E+01    0.622374650881955649E+01    0.308145449796562269E+08    0.334555492586747334E+03   -0.167277746293373667E+03
    0.807777557342999160E+02    0.136286873241962025E+01    0.926100021898162851E+01    0.306236349092575163E+08    0.334219931211066523E+03   -0.167109965605533262E+03
    0.576862740189068290E+02    0.136432531146635072E+01    0.598321754730389799E+01    0.288740465360128246E+08    0.333973730680837207E+03   -0.166986865340418603E+03
    0.664117443666653600E+02    0.136262181659145631E+01    0.117365724177903399E+02    0.244744836014569923E+08    0.334407161484303288E+03   -0.167203580742151644E+03
