    0.248620629310607910E+03    0.137722717404236183E+01    0.413912534713745117E+00    0.442309131903332174E+08    0.256116669792437165E+03   -0.128058334896218582E+03
    0.387658669848273831E+02    0.136794141388689683E+01    0.247928263599177932E+02    0.431179190713016808E+09    0.255851655418803148E+03   -0.127925827709401574E+03
    0.117981433868408203E+02    0.135020602015373581E+01    0.241006791591644287E+02    0.586530068689376712E+09    0.255586066869344876E+03   -0.127793033434672438E+03
    0.168501138687133789E+03    0.137419484735851261E+01    0.115698814392089844E+02    0.248541363411640704E+09    0.254406466315725538E+03   -0.127203233157862769E+03
    0.153124566810609082E+03    0.136311393789427515E+01    0.223026486637026942E+02    0.889333866229071617E+08    0.253533422460952806E+03   -0.126766711230476403E+03
    0.110378554505630831E+03    0.137998471297454928E+01    0.150851067030226638E+02    0.115954298992974162E+08    0.253234656534008934E+03   -0.126617328267004467E+03
    0.193622271910424750E+02    0.136664432462172925E+01    0.109487534114437715E+02    0.485459384958637536E+09    0.252814618960903545E+03   -0.126407309480451772E+03
    0.163967311382293701E+03    0.137513744583557052E+01    0.704056024551391602E+01    0.175982342106377274E+09    0.252806315258368556E+03   -0.126403157629184278E+03
    0.114480442015639923E+03    0.136291098886354911E+01    0.209263031549165461E+02    0.121964740669081230E+08    0.252790569925745331E+03   -0.126395284962872665E+03
    0.104178013197188903E+03    0.135453668068006139E+01    0.284905441887214161E+01    0.166156076576139259E+10    0.252687751373828291E+03   -0.126343875686914146E+03
    0.882903083473779549E+00    0.135939683868801708E+01    0.377746224860620305E+01    0.187007245719344988E+08    0.252623730071631599E+03   -0.126311865035815799E+03
    0.182040136146767793E+03    0.136709051479372601E+01    0.563561552432079615E+01    0.297868977288609862E+09    0.252555579344570447E+03   -0.126277789672285223E+03
    0.224989554103840561E+03    0.136484025283237487E+01    0.831206781196385869E+01    0.445775407604278028E+08    0.252430758288473157E+03   -0.126215379144236579E+03
    0.102508485317230225E+03    0.137835107474795193E+01    0.141572237014770508E+02    0.222554371890726596E+09    0.252292439166930421E+03   -0.126146219583465211E+03
    0.164799749851226807E+03    0.137130731454113719E+01    0.841897726058959961E+01    0.772367195967665792E+09    0.252211140616300270E+03   -0.126105570308150135E+03
    0.667140278818571488E+02    0.134981289530540405E+01    0.269476108767614733E+02    0.807405147576673925E+08    0.252106724265981484E+03   -0.126053362132990742E+03
    0.707080829746453077E+02    0.135515052312574547E+01    0.253391787377337323E+02    0.875087932533872277E+08    0.252058640281555057E+03   -0.126029320140777529E+03
    0.128548316120684632E+03    0.135534441854421028E+01    0.243291421807603534E+02    0.170432576395978868E+09    0.252033587921136188E+03   -0.126016793960568094E+03
    0.370222382636615635E+02    0.136200672812682599E+01    0.152883625383280588E+02    0.482182927595847368E+09    0.251999304854601235E+03   -0.125999652427300617E+03
    0.493712425231933594E+02    0.136753606917279424E+01    0.158692300319671631E+02    0.131192825966030266E+08    0.251989372056328563E+03   -0.125994686028164281E+03
    0.181603737816795444E+03    0.135601491797122309E+01    0.165966604512058069E+02    0.747738135922102451E+09    0.251804056450987446E+03   -0.125902028225493723E+03
    0.726916661425497690E+01    0.135873500189033791E+01    0.113035947447246681E+02    0.319537005534519516E+08    0.251679624496896508E+03   -0.125839812248448254E+03
    0.826650261878967285E+02    0.137320434956200876E+01    0.839821696281433105E+01    0.105514197383869179E+08    0.251657457447989316E+03   -0.125828728723994658E+03
    0.166390895843505859E+03    0.137288353475694347E+01    0.135820508003234863E+02    0.328818925761226639E+08    0.251249777469807498E+03   -0.125624888734903749E+03
    0.163507133765336789E+03    0.136091175894059591E+01    0.156573461527211375E+02    0.585617207149758101E+09    0.251187222402643329E+03   -0.125593611201321664E+03
    0.131106512894144004E+03    0.135095663051627546E+01    0.235798952569576876E+02    0.124719845405160889E+09    0.251006695117421771E+03   -0.125503347558710885E+03
    0.603798068533005363E+02    0.137360212433102236E+01    0.149744564947993091E+02    0.128461262415197417E+09    0.250916519836608472E+03   -0.125458259918304236E+03
    0.534621263718930635E+02    0.136101337269139844E+01    0.141200687960419380E+02    0.467244158321328998E+09    0.250543759455146471E+03   -0.125271879727573236E+03
    0.139128088951110840E+03    0.135212773070544778E+01    0.226426720619201660E+01    0.126839771425519037E+10    0.250411567241258751E+03   -0.125205783620629376E+03
    0.117330559275707515E+03    0.136908922967850510E+01    0.110004993916223022E+02    0.739541136315179110E+09    0.250407029104603879E+03   -0.125203514552301939E+03
    0.133825109598691029E+03    0.137407609535075870E+01    0.462739632024556258E+01    0.752714434114758968E+09    0.250313455115156160E+03   -0.125156727557578080E+03
    0.248952388763427734E+03    0.135337623637608084E+01    0.886593461036682129E+01    0.282508607754683122E+08    0.250239345727279101E+03   -0.125119672863639551E+03
    0.222970791657105309E+03    0.135237232894948312E+01    0.144438963067370949E+02    0.185862202998049818E+08    0.250164136310297920E+03   -0.125082068155148960E+03
    0.151859474648860612E+03    0.136967015184162588E+01    0.135849422816809948E+02    0.556709539136911258E+08    0.250107105829310314E+03   -0.125053552914655157E+03
    0.151981347747673198E+03    0.136220144338039173E+01    0.125180983530645182E+02    0.156941437165205866E+09    0.250051874633484942E+03   -0.125025937316742471E+03
    0.111264011657883763E+02    0.137106508890986500E+01    0.599736226250828341E+01    0.131191192554540172E+09    0.250022796119857162E+03   -0.125011398059928581E+03
    0.225076988184519919E+02    0.135800118094672739E+01    0.606193067421799459E+01    0.197768042757587358E+08    0.249971487419057297E+03   -0.124985743709528649E+03
    0.153567910194396973E+03    0.137350874030750281E+01    0.103656232357025146E+02    0.722719458831728697E+08    0.249881025889259945E+03   -0.124940512944629972E+03
    0.795681574214646901E+02    0.136082487922799822E+01    0.147946940466259509E+02    0.432932029533591926E+09    0.249880057945851263E+03   -0.124940028972925631E+03
    0.294305974719196719E+02    0.135417725314580517E+01    0.366692252729501966E+01    0.524739675868001401E+09    0.249811978501050191E+03   -0.124905989250525096E+03
    0.268510355535188516E+02    0.136497081617980176E+01    0.253186903435045263E+01    0.242710778514785141E+09    0.249793826426376370E+03   -0.124896913213188185E+03
    0.112546245615648687E+03    0.137784376588416269E+01    0.500019163408505207E+01    0.601652961792395115E+09    0.249772318684158421E+03   -0.124886159342079210E+03
    0.708136558532714844E+02    0.138149064154913903E+01    0.359696745872497559E+01    0.562997801688724637E+09    0.249768537534795996E+03   -0.124884268767397998E+03
    0.116778898565124479E+03    0.137689261259811180E+01    0.132929426039858196E+02    0.356223403962656111E+08    0.249624891463648396E+03   -0.124812445731824198E+03
    0.113837141585892567E+03    0.136151337128202976E+01    0.184529068845742827E+02    0.868451630865897536E+08    0.249623305541043692E+03   -0.124811652770521846E+03
    0.120970488411772664E+03    0.138627872929377527E+01    0.254842857876644979E+01    0.100204640755753387E+08    0.249558774818120753E+03   -0.124779387409060377E+03
    0.103038311665606358E+03    0.137653404071720087E+01    0.389441308317720747E+01    0.308767649588876545E+09    0.249446999918593065E+03   -0.124723499959296532E+03
    0.993484419574779842E+01    0.137803266652962209E+01    0.468202596906244217E+01    0.312151125162991509E+08    0.249428718274063897E+03   -0.124714359137031948E+03
    0.764032502996484340E+02    0.136181274685310361E+01    0.180660003985171080E+02    0.627378228550286889E+08    0.249404390970517682E+03   -0.124702195485258841E+03
    0.162278480840301427E+03    0.136124429038627670E+01    0.357512417684856798E+01    0.269547798062587082E+09    0.249319598229076746E+03   -0.124659799114538373E+03
    0.130655587009963057E+03    0.137041177913148804E+01    0.371270921464910275E+01    0.301277311602338672E+09    0.249253191971234514E+03   -0.124626595985617257E+03
    0.193347512840311197E+03    0.136068000816873202E+01    0.714541230064561628E+01    0.681212795475978553E+08    0.249242830576660538E+03   -0.124621415288330269E+03
    0.748711128050739063E+02    0.138108363126216482E+01    0.122267434077512593E+02    0.460063534745298326E+08    0.249180494837726428E+03   -0.124590247418863214E+03
    0.180183768272399902E+03    0.137278836431012552E+01    0.464789867401123047E+01    0.654866465295549259E+08    0.249123042175102057E+03   -0.124561521087551029E+03
    0.172380063043023654E+03    0.135426380235639043E+01    0.137308477476647344E+02    0.877636057051916122E+08    0.249082599259094138E+03   -0.124541299629547069E+03
    0.176421711040288841E+03    0.136682418241885650E+01    0.111155275719581237E+02    0.402551058160645142E+08    0.248997604541794715E+03   -0.124498802270897357E+03
    0.311613999788720655E+02    0.137325922861210414E+01    0.767364995886027934E+01    0.132072904854716565E+08    0.248876149821694696E+03   -0.124438074910847348E+03
    0.107006200634663273E+03    0.137060054381131402E+01    0.139836090231131269E+02    0.785816900055312365E+08    0.248873760615822334E+03   -0.124436880307911167E+03
    0.495840907096862793E+02    0.136422135441063697E+01    0.355941653251647949E+01    0.520124996761726499E+09    0.248831916879407146E+03   -0.124415958439703573E+03
    0.453187445248876557E+02    0.135297947743202673E+01    0.635912425861995789E+01    0.502038345122549355E+09    0.248785046525816654E+03   -0.124392523262908327E+03
    0.127842545509338379E+03    0.138446780544592762E+01    0.951294898986816406E+01    0.423604568437302858E+08    0.248778539285174617E+03   -0.124389269642587308E+03
    0.859360430190933897E+02    0.135971155705730906E+01    0.118991714585563368E+02    0.219341569663951516E+09    0.248667824479430180E+03   -0.124333912239715090E+03
    0.113081820821579448E+02    0.136536620745625048E+01    0.269682278713076506E+01    0.297977430292489566E+08    0.248623271094478696E+03   -0.124311635547239348E+03
    0.944570941845430809E+02    0.136046720779255659E+01    0.119174377691265185E+02    0.197054762572589964E+09    0.248613015196422396E+03   -0.124306507598211198E+03
    0.492944365079275499E+02    0.135975626563840302E+01    0.921976055378575943E+01    0.268774124520681091E+08    0.248547912480903449E+03   -0.124273956240451724E+03
    0.124960655874386617E+03    0.137129995273198779E+01    0.130233803411044846E+02    0.379577761020063609E+08    0.248464877444189710E+03   -0.124232438722094855E+03
    0.150819064051490415E+03    0.135088764854618937E+01    0.978824284343493467E+01    0.309145946875476480E+09    0.248433280451863737E+03   -0.124216640225931869E+03
    0.176407558071057849E+03    0.135071968025591471E+01    0.355181172849157711E+01    0.170393903581433624E+09    0.248358246030614396E+03   -0.124179123015307198E+03
    0.117360523840650373E+03    0.135792605890199880E+01    0.108369529166681833E+02    0.224662662405936450E+09    0.248312115916419827E+03   -0.124156057958209914E+03
    0.569343053093101759E+02    0.135747307305704745E+01    0.154116812167074375E+02    0.826666744947014451E+08    0.248308540040373373E+03   -0.124154270020186686E+03
    0.108737349171247217E+03    0.135556551183961971E+01    0.181708550974364798E+02    0.387915880556860268E+08    0.248305427035167952E+03   -0.124152713517583976E+03
    0.226847528056428658E+02    0.136956074731908450E+01    0.235073848473396829E+01    0.161933847741204321E+09    0.248302592760555456E+03   -0.124151296380277728E+03
    0.145894852187513550E+03    0.138029428095233220E+01    0.812310865016401706E+01    0.156883412829883266E+08    0.248231226686031960E+03   -0.124115613343015980E+03
    0.993866920471191406E+02    0.137028462380182692E+01    0.105994641780853271E+02    0.106032738402602464E+09    0.248211673178270985E+03   -0.124105836589135492E+03
    0.912728309631347656E+02    0.136728138111456543E+01    0.312766432762145996E+01    0.658363897691341877E+09    0.248175875852319422E+03   -0.124087937926159711E+03
    0.194323468637959955E+02    0.138111214920170911E+01    0.542930512131142429E+01    0.660204788236067221E+08    0.248104379686399341E+03   -0.124052189843199670E+03
    0.710423593066756496E+02    0.135447479850642338E+01    0.169687157334486720E+02    0.492214309494403601E+08    0.248085559978088042E+03   -0.124042779989044021E+03
    0.116994470753503052E+03    0.136516886098089740E+01    0.157385827038125581E+01    0.350946054506563902E+09    0.248036104374880324E+03   -0.124018052187440162E+03
    0.172946642156739046E+03    0.138727463136760965E+01    0.314074398601778215E+01    0.114071496869146936E+08    0.248036019565214332E+03   -0.124018009782607166E+03
    0.160742492418326549E+03    0.137028742647169000E+01    0.419441779488044197E+01    0.903492496434940249E+08    0.248032053931837766E+03   -0.124016026965918883E+03
    0.136971700341395149E+03    0.135560281728213528E+01    0.171512935378470495E+02    0.631048201131951660E+08    0.247992671728332255E+03   -0.123996335864166127E+03
    0.154905736446380615E+03    0.136622071613601492E+01    0.116415083408355713E+02    0.269802857812828198E+08    0.247930555058024083E+03   -0.123965277529012042E+03
    0.449211091244190541E+02    0.136018798648107864E+01    0.122189702572777090E+02    0.706123224781052619E+08    0.247807145883925102E+03   -0.123903572941962551E+03
    0.104001427253904950E+03    0.136883427134107460E+01    0.120995840883658516E+02    0.897360576147546917E+08    0.247801213896993374E+03   -0.123900606948496687E+03
    0.754589823134338360E+02    0.137239258761518257E+01    0.240089695888996335E+01    0.232101995634321123E+09    0.247777279162192087E+03   -0.123888639581096044E+03
    0.922937576484319209E+02    0.136697196812336630E+01    0.107499473787061746E+02    0.151961977914795093E+08    0.247749931654260195E+03   -0.123874965827130097E+03
    0.293217872286427799E+02    0.137531718231053302E+01    0.596448290409433035E+01    0.380425099551088288E+08    0.247671542731514421E+03   -0.123835771365757211E+03
    0.669086875944821315E+02    0.136755093283338258E+01    0.109035281561815207E+02    0.137308928332353290E+08    0.247657358929841905E+03   -0.123828679464920953E+03
    0.484452899205773591E+02    0.136698098761935305E+01    0.104577551772221291E+02    0.495459787154566050E+08    0.247637727164569185E+03   -0.123818863582284592E+03
    0.868958635630580574E+02    0.135177877997728446E+01    0.806127659235438365E+01    0.331514389834724426E+09    0.247623206632458590E+03   -0.123811603316229295E+03
    0.366835300486903222E+02    0.139745748794679336E+01    0.488612643393552748E+01    0.422257892030899152E+08    0.247599245338870730E+03   -0.123799622669435365E+03
    0.473703293571307142E+02    0.136583535023352609E+01    0.334994864981449947E+01    0.185459338514199480E+08    0.247538208334039780E+03   -0.123769104167019890E+03
    0.870871511927475837E+02    0.136425697258805756E+01    0.998671900604701435E+01    0.238891780503681712E+08    0.247506508671607378E+03   -0.123753254335803689E+03
    0.211352357007458693E+03    0.137149954035266752E+01    0.328961193487109238E+01    0.208078509647082575E+08    0.247407506790741763E+03   -0.123703753395370882E+03
    0.401517152786254883E+02    0.136017375562023357E+01    0.607392787933349609E+01    0.152126760587723732E+09    0.247373883182870998E+03   -0.123686941591435499E+03
    0.401517152786254883E+02    0.136017375562023357E+01    0.607392787933349609E+01    0.152126760587723732E+09    0.247373883182870998E+03   -0.123686941591435499E+03
    0.146624483457556920E+03    0.136073469404498915E+01    0.124019593911065744E+02    0.220117546585286111E+08    0.247371511542218286E+03   -0.123685755771109143E+03
    0.167579685476359401E+03    0.137150115343797929E+01    0.387195850959956545E+01    0.649265542817365155E+08    0.247324109631648980E+03   -0.123662054815824490E+03
    0.145465877883513940E+03    0.138115970811519539E+01    0.362128965094146871E+01    0.525631429916411564E+08    0.247228401536141916E+03   -0.123614200768070958E+03
    0.164195415161319289E+03    0.136766990935402988E+01    0.770435569475723803E+01    0.112575071219894867E+08    0.247063875166331911E+03   -0.123531937583165956E+03
    0.164195415161319289E+03    0.136766990935402988E+01    0.770435569475723803E+01    0.112575071219894867E+08    0.247063875166331911E+03   -0.123531937583165956E+03
    0.129337264299203866E+03    0.137364663448298630E+01    0.704248899980949172E+01    0.752061933961491436E+08    0.247026358653892544E+03   -0.123513179326946272E+03
    0.339977840824935242E+02    0.136348106452289541E+01    0.741116727496297933E+01    0.426384021386307776E+08    0.246994062011410051E+03   -0.123497031005705026E+03
    0.215461418321692037E+03    0.136647770817097780E+01    0.399370391921257584E+01    0.204963804353483170E+08    0.246965323967901213E+03   -0.123482661983950607E+03
    0.360837776187459411E+02    0.139205237541537397E+01    0.376971665975306136E+01    0.353215151658836678E+08    0.246956556876527713E+03   -0.123478278438263857E+03
    0.481718637935602487E+02    0.137000526144707790E+01    0.772677368393978092E+01    0.334488748633948565E+08    0.246954313064793212E+03   -0.123477156532396606E+03
    0.481718637935602487E+02    0.137000526144707790E+01    0.772677368393978092E+01    0.334488748633948565E+08    0.246954313064793212E+03   -0.123477156532396606E+03
    0.794345420418092516E+02    0.138110481199573210E+01    0.787101528726145006E+01    0.318919051515024453E+08    0.246924884354380339E+03   -0.123462442177190169E+03
    0.101145583734976611E+03    0.136786293252356184E+01    0.633053723642687860E+00    0.235448462671843261E+09    0.246921104987842710E+03   -0.123460552493921355E+03
    0.101145583734976611E+03    0.136786293252356184E+01    0.633053723642687860E+00    0.235448462671843261E+09    0.246921104987842710E+03   -0.123460552493921355E+03
    0.422654328846114495E+02    0.135573470109280780E+01    0.900801732417648537E+01    0.994944941900883466E+08    0.246877727666319458E+03   -0.123438863833159729E+03
    0.134803877399862728E+03    0.137412119350167150E+01    0.711347679117732312E+01    0.556171420584481806E+08    0.246856491931567291E+03   -0.123428245965783645E+03
    0.134803877399862728E+03    0.137412119350167150E+01    0.711347679117732312E+01    0.556171420584481806E+08    0.246856491931567291E+03   -0.123428245965783645E+03
    0.661115489155323104E+02    0.136142707085708969E+01    0.995537382649915514E+01    0.103529974757275552E+09    0.246854281087354366E+03   -0.123427140543677183E+03
    0.710158536072456315E+02    0.137170887793314011E+01    0.947614519708169922E+01    0.371136276372833923E+08    0.246827383841493770E+03   -0.123413691920746885E+03
    0.164279954748831500E+03    0.135545538954311051E+01    0.130451463445347411E+02    0.376364491347471327E+08    0.246783007440037807E+03   -0.123391503720018903E+03
    0.961131768499496388E+02    0.137296548125952023E+01    0.390929043300481105E+01    0.161772690573835254E+09    0.246767879458943298E+03   -0.123383939729471649E+03
    0.961131768499496388E+02    0.137296548125952023E+01    0.390929043300481105E+01    0.161772690573835254E+09    0.246767879458943298E+03   -0.123383939729471649E+03
    0.845770256305252559E+02    0.138314328376246487E+01    0.193587128638727596E+00    0.114928570078474462E+09    0.246721242392557087E+03   -0.123360621196278544E+03
    0.343350931422936014E+02    0.138208826052910827E+01    0.432963200182340913E+01    0.474818641529583037E+08    0.246655484063885268E+03   -0.123327742031942634E+03
    0.161726474761962891E+02    0.136644344678577401E+01    0.250852108001708984E+01    0.434337509522227198E+08    0.246642551334430891E+03   -0.123321275667215446E+03
    0.222590350569757618E+03    0.136842801070842324E+01    0.111409878814135332E+01    0.194098582271752842E+08    0.246589003829118809E+03   -0.123294501914559405E+03
    0.222590350569757618E+03    0.136842801070842324E+01    0.111409878814135332E+01    0.194098582271752842E+08    0.246589003829118809E+03   -0.123294501914559405E+03
    0.620584134501607707E+02    0.136075236354148221E+01    0.105903462533718926E+02    0.823933135087759048E+08    0.246532592263677259E+03   -0.123266296131838629E+03
    0.711594187518845303E+02    0.136079169681684164E+01    0.112490067585193287E+02    0.352372978584080711E+08    0.246506086103988082E+03   -0.123253043051994041E+03
    0.166406369548794402E+03    0.137471232579793567E+01    0.443252360825144898E+01    0.382936059100988954E+08    0.246502157636376467E+03   -0.123251078818188233E+03
    0.166406369548794402E+03    0.137471232579793567E+01    0.443252360825144898E+01    0.382936059100988954E+08    0.246502157636376467E+03   -0.123251078818188233E+03
    0.104370694187844734E+03    0.135761071990337645E+01    0.852173156251203245E+01    0.177113543472048938E+08    0.246482629185938436E+03   -0.123241314592969218E+03
    0.101933422190759799E+03    0.135662866023378315E+01    0.142312536621658960E+02    0.517355972526161373E+08    0.246454950205184474E+03   -0.123227475102592237E+03
    0.591354130754284100E+02    0.136027138144220383E+01    0.108534659232963833E+02    0.582969739905249476E+08    0.246451287040729085E+03   -0.123225643520364542E+03
    0.591354130754284100E+02    0.136027138144220383E+01    0.108534659232963833E+02    0.582969739905249476E+08    0.246451287040729085E+03   -0.123225643520364542E+03
    0.660143221587974267E+02    0.137531617902928627E+01    0.253080817835717919E+01    0.148483702666439116E+09    0.246402593190978308E+03   -0.123201296595489154E+03
    0.371808719217591346E+02    0.136989900069231996E+01    0.320204160490838108E+00    0.124751187847407237E+09    0.246398368301523249E+03   -0.123199184150761624E+03
    0.152917683124542236E+03    0.137060169639710416E+01    0.699001550674438477E+01    0.163772743328963164E+08    0.246393737598169793E+03   -0.123196868799084896E+03
    0.152917683124542236E+03    0.137060169639710416E+01    0.699001550674438477E+01    0.163772743328963164E+08    0.246393737598169793E+03   -0.123196868799084896E+03
    0.301914229060018791E+02    0.135271325516123864E+01    0.288266760933237975E+01    0.148037374928941671E+08    0.246369467569832636E+03   -0.123184733784916318E+03
    0.524277595745287641E+02    0.137240509512514874E+01    0.499804455630112887E+01    0.996347620462231934E+08    0.246359060397040679E+03   -0.123179530198520339E+03
    0.135443747043609619E+03    0.137947798049082793E+01    0.483474731445312500E+01    0.164480336035255678E+08    0.246322120028954032E+03   -0.123161060014477016E+03
    0.179714334417164309E+03    0.136266274299858314E+01    0.645491286686943155E+01    0.421526262357051820E+08    0.246303628618756960E+03   -0.123151814309378480E+03
    0.155844742166811898E+03    0.137332574204250291E+01    0.668190012307738090E+01    0.290185771968041062E+08    0.246276995937816935E+03   -0.123138497968908467E+03
    0.537928978174577210E+02    0.137259293467569621E+01    0.668164557284117411E+01    0.331287564532133117E+08    0.246267670159736781E+03   -0.123133835079868390E+03
    0.556031465530395508E+02    0.135684640360790731E+01    0.103741824626922607E+02    0.788836867423012257E+08    0.246264736438891504E+03   -0.123132368219445752E+03
    0.199018548708869588E+03    0.136608465741733998E+01    0.355565995149309133E+01    0.303997793898880519E+08    0.246239658348106019E+03   -0.123119829174053010E+03
    0.199018548708869588E+03    0.136608465741733998E+01    0.355565995149309133E+01    0.303997793898880519E+08    0.246239658348106019E+03   -0.123119829174053010E+03
    0.122659568742191496E+03    0.135822606468999396E+01    0.777632409431028293E+01    0.109664148491756897E+08    0.246232188492640603E+03   -0.123116094246320301E+03
    0.122659568742191496E+03    0.135822606468999396E+01    0.777632409431028293E+01    0.109664148491756897E+08    0.246232188492640603E+03   -0.123116094246320301E+03
    0.515249710465215642E+02    0.136648014984770860E+01    0.330035107592591981E+01    0.210165173816333897E+08    0.246220625351249907E+03   -0.123110312675624954E+03
    0.155405143921832064E+03    0.136581214133547268E+01    0.874617050785404970E+01    0.381321898834334016E+08    0.246208390179599064E+03   -0.123104195089799532E+03
    0.134715528979504853E+03    0.136252945374078793E+01    0.987761586588493046E+01    0.545435063720443770E+08    0.246133880333799425E+03   -0.123066940166899712E+03
    0.183608724061681585E+03    0.136851863051257205E+01    0.242538614037848310E+01    0.426399446316563785E+08    0.246080756375084150E+03   -0.123040378187542075E+03
    0.143620099298257031E+03    0.137586079382480109E+01    0.545760665672057232E+01    0.451855325786566138E+08    0.246016692048925847E+03   -0.123008346024462924E+03
    0.143620099298257031E+03    0.137586079382480109E+01    0.545760665672057232E+01    0.451855325786566138E+08    0.246016692048925847E+03   -0.123008346024462924E+03
    0.571630580658829501E+02    0.136708216165014695E+01    0.816147255038567110E+01    0.604410884358324260E+08    0.246005751754608639E+03   -0.123002875877304319E+03
    0.571630580658829501E+02    0.136708216165014695E+01    0.816147255038567110E+01    0.604410884358324260E+08    0.246005751754608639E+03   -0.123002875877304319E+03
    0.439210245135624291E+02    0.136762458962529676E+01    0.557385216864897792E+01    0.775325918228598386E+08    0.245974071418737083E+03   -0.122987035709368541E+03
    0.916181830324970292E+02    0.136710832965478191E+01    0.999594204896838257E+01    0.609978297406321242E+08    0.245944889898005187E+03   -0.122972444949002593E+03
    0.157062831573523027E+03    0.137197927935940589E+01    0.597177390606026393E+01    0.190089667111435346E+08    0.245925789003462768E+03   -0.122962894501731384E+03
    0.157062831573523027E+03    0.137197927935940589E+01    0.597177390606026393E+01    0.190089667111435346E+08    0.245925789003462768E+03   -0.122962894501731384E+03
    0.549585985902196441E+02    0.136134269446217115E+01    0.764148777201650997E+01    0.309031851786739640E+08    0.245892398951704820E+03   -0.122946199475852410E+03
    0.674147910115986377E+02    0.138201475848509103E+01    0.489071935639772803E+01    0.716346693488012403E+08    0.245856084081003416E+03   -0.122928042040501708E+03
    0.674147910115986377E+02    0.138201475848509103E+01    0.489071935639772803E+01    0.716346693488012403E+08    0.245856084081003416E+03   -0.122928042040501708E+03
    0.837496595304284028E+02    0.137434402343416662E+01    0.698708502666227194E+01    0.142873078191325683E+08    0.245817915663038434E+03   -0.122908957831519217E+03
    0.837496595304284028E+02    0.137434402343416662E+01    0.698708502666227194E+01    0.142873078191325683E+08    0.245817915663038434E+03   -0.122908957831519217E+03
    0.948021901664406954E+02    0.139391097305265221E+01    0.378425659988612573E+01    0.399561857170390785E+08    0.245817328295631057E+03   -0.122908664147815529E+03
    0.166964225066716153E+03    0.137014445877636803E+01    0.595899542356566858E+01    0.248470003660320342E+08    0.245813366735822626E+03   -0.122906683367911313E+03
    0.166964225066716153E+03    0.137014445877636803E+01    0.595899542356566858E+01    0.248470003660320342E+08    0.245813366735822626E+03   -0.122906683367911313E+03
    0.177390835565281890E+03    0.136292067597207889E+01    0.756157264443548094E+01    0.250715965388435312E+08    0.245766700336972860E+03   -0.122883350168486430E+03
    0.148983755638576270E+03    0.137357028722684782E+01    0.575093524533761435E+01    0.236003183445241861E+08    0.245714609244329921E+03   -0.122857304622164961E+03
    0.148983755638576270E+03    0.137357028722684782E+01    0.575093524533761435E+01    0.236003183445241861E+08    0.245714609244329921E+03   -0.122857304622164961E+03
    0.926892196783772562E+02    0.137441963372170983E+01    0.641153750557386104E+01    0.730425712442409247E+08    0.245683083489222042E+03   -0.122841541744611021E+03
    0.105092160866502255E+03    0.137273611411216256E+01    0.747761346111028047E+01    0.588493151943362653E+08    0.245673399215425661E+03   -0.122836699607712831E+03
    0.120506694962738223E+03    0.136028773112869183E+01    0.372470588475000408E+01    0.132716937897700459E+09    0.245609211731031735E+03   -0.122804605865515867E+03
    0.152055027936891634E+03    0.136508203140246209E+01    0.520141176725813370E+01    0.543313651505526155E+08    0.245548640097043801E+03   -0.122774320048521901E+03
    0.648806681439128567E+02    0.136560599866798116E+01    0.820532813872883260E+01    0.464570262106763497E+08    0.245529402970775806E+03   -0.122764701485387903E+03
    0.648806681439128567E+02    0.136560599866798116E+01    0.820532813872883260E+01    0.464570262106763497E+08    0.245529402970775806E+03   -0.122764701485387903E+03
    0.101974117958664138E+03    0.135220487780927212E+01    0.820413950591932561E+01    0.153572594109674722E+09    0.245462243854277659E+03   -0.122731121927138830E+03
    0.602088225222627287E+02    0.137226487773115680E+01    0.608387496839479436E+01    0.657332848157463744E+08    0.245449832797966678E+03   -0.122724916398983339E+03
    0.602088225222627287E+02    0.137226487773115680E+01    0.608387496839479436E+01    0.657332848157463744E+08    0.245449832797966678E+03   -0.122724916398983339E+03
    0.689303716718853821E+02    0.139201912715592124E+01    0.184056961292831944E+00    0.835507877703679353E+08    0.245437408986161813E+03   -0.122718704493080907E+03
    0.689303716718853821E+02    0.139201912715592124E+01    0.184056961292831944E+00    0.835507877703679353E+08    0.245437408986161813E+03   -0.122718704493080907E+03
    0.223276051119834705E+03    0.135843273890100336E+01    0.199372337266107524E+01    0.260990755546552800E+08    0.245419331409889423E+03   -0.122709665704944712E+03
    0.223276051119834705E+03    0.135843273890100336E+01    0.199372337266107524E+01    0.260990755546552800E+08    0.245419331409889423E+03   -0.122709665704944712E+03
    0.988460171327114665E+02    0.134806489555941900E+01    0.100790655259490225E+01    0.235956350712145597E+09    0.245384964556293426E+03   -0.122692482278146713E+03
    0.104380354443506178E+03    0.138524783426487463E+01    0.458988220613095699E+01    0.374801544295864329E+08    0.245360005261209750E+03   -0.122680002630604875E+03
    0.529097460673256421E+02    0.137683485448353138E+01    0.434784090556837732E+01    0.353399195466781557E+08    0.245358360665203122E+03   -0.122679180332601561E+03
    0.752187453179567740E+02    0.138508779441264673E+01    0.199721298364473965E+01    0.244741691535405554E+08    0.245355418047062813E+03   -0.122677709023531406E+03
    0.752187453179567740E+02    0.138508779441264673E+01    0.199721298364473965E+01    0.244741691535405554E+08    0.245355418047062813E+03   -0.122677709023531406E+03
    0.331726010951519399E+02    0.138436987688268287E+01    0.883268070559924068E+00    0.504548015203359053E+08    0.245341823601539886E+03   -0.122670911800769943E+03
    0.331726010951519399E+02    0.138436987688268287E+01    0.883268070559924068E+00    0.504548015203359053E+08    0.245341823601539886E+03   -0.122670911800769943E+03
    0.108081633441147360E+03    0.136484310003838627E+01    0.114632408433450883E+01    0.111939538909277722E+09    0.245277040822844867E+03   -0.122638520411422434E+03
    0.108081633441147360E+03    0.136484310003838627E+01    0.114632408433450883E+01    0.111939538909277722E+09    0.245277040822844867E+03   -0.122638520411422434E+03
    0.908977439138892009E+02    0.138281335821470619E+01    0.289359045450820718E+01    0.199108882074353173E+08    0.245252668921694891E+03   -0.122626334460847445E+03
    0.141560240050460180E+03    0.137038002360152822E+01    0.740040381103144451E+01    0.125012294751421120E+08    0.245242512534069988E+03   -0.122621256267034994E+03
    0.674780546093729754E+02    0.138192952688225712E+01    0.276819755327857875E+01    0.785965128255311698E+08    0.245239856830381228E+03   -0.122619928415190614E+03
    0.674780546093729754E+02    0.138192952688225712E+01    0.276819755327857875E+01    0.785965128255311698E+08    0.245239856830381228E+03   -0.122619928415190614E+03
    0.208995195256297450E+03    0.135400715993611542E+01    0.544951335082978616E+01    0.292290092915493585E+08    0.245237724678496647E+03   -0.122618862339248324E+03
    0.208995195256297450E+03    0.135400715993611542E+01    0.544951335082978616E+01    0.292290092915493585E+08    0.245237724678496647E+03   -0.122618862339248324E+03
    0.809846609053288802E+02    0.138442005797132528E+01    0.348625895891873805E+01    0.536931462758456171E+08    0.245213925968938355E+03   -0.122606962984469178E+03
    0.130480270321671156E+03    0.137789736706763000E+01    0.428026287739668110E+01    0.214446435499407202E+08    0.245182465881218889E+03   -0.122591232940609444E+03
    0.130480270321671156E+03    0.137789736706763000E+01    0.428026287739668110E+01    0.214446435499407202E+08    0.245182465881218889E+03   -0.122591232940609444E+03
    0.353157678442976888E+02    0.137206271426643744E+01    0.466314369379556615E+00    0.844045558096981645E+08    0.245168491454783293E+03   -0.122584245727391647E+03
    0.353157678442976888E+02    0.137206271426643744E+01    0.466314369379556615E+00    0.844045558096981645E+08    0.245168491454783293E+03   -0.122584245727391647E+03
    0.870718475469213189E+02    0.136788001134064086E+01    0.556076954826361103E+01    0.931538389203507602E+08    0.245147923962132893E+03   -0.122573961981066446E+03
    0.870718475469213189E+02    0.136788001134064086E+01    0.556076954826361103E+01    0.931538389203507602E+08    0.245147923962132893E+03   -0.122573961981066446E+03
    0.122510368069598840E+03    0.137154906658043663E+01    0.340374616890115833E+01    0.111161085862387065E+08    0.245087856479649218E+03   -0.122543928239824609E+03
    0.122510368069598840E+03    0.137154906658043663E+01    0.340374616890115833E+01    0.111161085862387065E+08    0.245087856479649218E+03   -0.122543928239824609E+03
    0.162260757820904701E+03    0.137235259629946338E+01    0.247558310357144995E+01    0.428218679780535623E+08    0.245087746801153713E+03   -0.122543873400576857E+03
    0.624532478248032064E+02    0.139400377728376279E+01    0.916882989922578440E+00    0.522807181639847383E+08    0.245085224905255757E+03   -0.122542612452627878E+03
    0.153903310290976549E+03    0.137104779833295787E+01    0.645034645284212615E+01    0.128625254042504728E+08    0.245055323995712371E+03   -0.122527661997856185E+03
    0.153427987466742394E+03    0.136419680984153824E+01    0.731819365698545177E+01    0.331319489958721660E+08    0.245047292501772716E+03   -0.122523646250886358E+03
    0.958415538371084494E+02    0.136564602309130967E+01    0.686387855709304606E+00    0.121400398956800297E+09    0.245015391149773336E+03   -0.122507695574886668E+03
    0.958415538371084494E+02    0.136564602309130967E+01    0.686387855709304606E+00    0.121400398956800297E+09    0.245015391149773336E+03   -0.122507695574886668E+03
    0.381556320689895259E+02    0.135857924312301570E+01    0.401847055588763791E+01    0.131436490718096513E+08    0.245000893616732640E+03   -0.122500446808366320E+03
    0.381556320689895259E+02    0.135857924312301570E+01    0.401847055588763791E+01    0.131436490718096513E+08    0.245000893616732640E+03   -0.122500446808366320E+03
    0.138684924963317144E+03    0.137419660575516756E+01    0.425208921244324234E+01    0.462444968686384186E+08    0.245000792479465389E+03   -0.122500396239732694E+03
    0.138684924963317144E+03    0.137419660575516756E+01    0.425208921244324234E+01    0.462444968686384186E+08    0.245000792479465389E+03   -0.122500396239732694E+03
    0.618550784953297494E+02    0.137164932324318256E+01    0.216367464230380246E+01    0.255233726289265566E+08    0.244984430436312266E+03   -0.122492215218156133E+03
    0.654997825622558594E+02    0.137679554113324265E+01    0.338084697723388672E+01    0.757673695097090751E+08    0.244965347593813533E+03   -0.122482673796906766E+03
    0.654997825622558594E+02    0.137679554113324265E+01    0.338084697723388672E+01    0.757673695097090751E+08    0.244965347593813533E+03   -0.122482673796906766E+03
    0.621117473975763588E+02    0.136767598308151883E+01    0.359089659842080611E+01    0.944660636854135245E+08    0.244954100053885981E+03   -0.122477050026942990E+03
    0.621117473975763588E+02    0.136767598308151883E+01    0.359089659842080611E+01    0.944660636854135245E+08    0.244954100053885981E+03   -0.122477050026942990E+03
    0.127108275128124120E+03    0.135873984528924185E+01    0.105669610100155893E+02    0.344774287497685179E+08    0.244952905603932351E+03   -0.122476452801966175E+03
    0.127108275128124120E+03    0.135873984528924185E+01    0.105669610100155893E+02    0.344774287497685179E+08    0.244952905603932351E+03   -0.122476452801966175E+03
    0.131572444499430503E+03    0.137966113493582054E+01    0.346206205842636017E+01    0.425918086547365487E+08    0.244946224619555892E+03   -0.122473112309777946E+03
    0.131572444499430503E+03    0.137966113493582054E+01    0.346206205842636017E+01    0.425918086547365487E+08    0.244946224619555892E+03   -0.122473112309777946E+03
    0.451288051469718710E+02    0.136718637377322172E+01    0.392045319453362406E+01    0.605599295220941082E+08    0.244922114202672105E+03   -0.122461057101336053E+03
    0.451288051469718710E+02    0.136718637377322172E+01    0.392045319453362406E+01    0.605599295220941082E+08    0.244922114202672105E+03   -0.122461057101336053E+03
    0.117690726227733805E+03    0.135657273791127353E+01    0.103685879285821496E+02    0.662786817156872377E+08    0.244910072103069353E+03   -0.122455036051534677E+03
    0.118119449747010137E+03    0.137802758332890662E+01    0.289078280298253354E+01    0.548884907973487899E+08    0.244902987202272811E+03   -0.122451493601136406E+03
    0.381034794746678855E+02    0.135082288312084597E+01    0.513784897078166392E+01    0.486728858783126399E+08    0.244886811174849811E+03   -0.122443405587424905E+03
    0.381034794746678855E+02    0.135082288312084597E+01    0.513784897078166392E+01    0.486728858783126399E+08    0.244886811174849811E+03   -0.122443405587424905E+03
    0.119309067567805897E+03    0.136659925953575545E+01    0.651396164799806598E+01    0.191972830979860537E+08    0.244885170034777303E+03   -0.122442585017388652E+03
    0.119309067567805897E+03    0.136659925953575545E+01    0.651396164799806598E+01    0.191972830979860537E+08    0.244885170034777303E+03   -0.122442585017388652E+03
    0.956157754879057507E+02    0.135736808445448354E+01    0.101780027114123364E+02    0.677858906641495526E+08    0.244880443427410512E+03   -0.122440221713705256E+03
    0.956157754879057507E+02    0.135736808445448354E+01    0.101780027114123364E+02    0.677858906641495526E+08    0.244880443427410512E+03   -0.122440221713705256E+03
    0.685521336833300126E+02    0.137672485661357347E+01    0.457578778435810563E+01    0.130707923853260912E+08    0.244875626107874240E+03   -0.122437813053937120E+03
    0.685521336833300126E+02    0.137672485661357347E+01    0.457578778435810563E+01    0.130707923853260912E+08    0.244875626107874240E+03   -0.122437813053937120E+03
    0.362534714706568408E+02    0.137955722184740548E+01    0.873944685663907150E+00    0.489109526121627539E+08    0.244848378899497675E+03   -0.122424189449748837E+03
    0.807132826209879539E+02    0.138343204897200822E+01    0.364944167337062630E+01    0.487295598163981214E+08    0.244840798346077520E+03   -0.122420399173038760E+03
    0.222377997583784115E+02    0.135442669930458326E+01    0.350581461889859558E+00    0.341767073508400843E+08    0.244835464525900250E+03   -0.122417732262950125E+03
    0.222377997583784115E+02    0.135442669930458326E+01    0.350581461889859558E+00    0.341767073508400843E+08    0.244835464525900250E+03   -0.122417732262950125E+03
    0.977398212552605372E+02    0.137579575318499026E+01    0.466330747517087918E+01    0.541497300030693561E+08    0.244833274312150536E+03   -0.122416637156075268E+03
    0.977398212552605372E+02    0.137579575318499026E+01    0.466330747517087918E+01    0.541497300030693561E+08    0.244833274312150536E+03   -0.122416637156075268E+03
    0.229556481566088081E+03    0.135765422193446139E+01    0.492800089625316906E+00    0.184047610541911945E+08    0.244808338194131238E+03   -0.122404169097065619E+03
    0.184210974843050877E+03    0.135630882425493149E+01    0.747159447657243625E+01    0.272480785615399070E+08    0.244806230179756056E+03   -0.122403115089878028E+03
    0.184210974843050877E+03    0.135630882425493149E+01    0.747159447657243625E+01    0.272480785615399070E+08    0.244806230179756056E+03   -0.122403115089878028E+03
    0.146885909452734012E+03    0.136987700493868725E+01    0.535795688866282394E+01    0.347535604122127444E+08    0.244788248737693067E+03   -0.122394124368846533E+03
    0.576509359314080569E+02    0.137267653598335149E+01    0.682585229735754861E+00    0.193037761614981070E+08    0.244772335936409092E+03   -0.122386167968204546E+03
    0.576509359314080569E+02    0.137267653598335149E+01    0.682585229735754861E+00    0.193037761614981070E+08    0.244772335936409092E+03   -0.122386167968204546E+03
    0.135466195367601472E+03    0.137843051339645339E+01    0.200644079792107588E+01    0.484314203546403199E+08    0.244745537774805172E+03   -0.122372768887402586E+03
    0.168362740237927596E+03    0.135705441465984111E+01    0.842768457112097247E+00    0.692389227111185193E+08    0.244735810280074077E+03   -0.122367905140037038E+03
    0.361477674349947904E+02    0.136137909906040022E+01    0.171398127574489773E+00    0.866153863500215411E+08    0.244727809186107919E+03   -0.122363904593053960E+03
    0.221244932261845463E+03    0.135534650576452687E+01    0.262507558732689672E+01    0.168501829683097824E+08    0.244726170417355945E+03   -0.122363085208677973E+03
    0.221244932261845463E+03    0.135534650576452687E+01    0.262507558732689672E+01    0.168501829683097824E+08    0.244726170417355945E+03   -0.122363085208677973E+03
    0.169153589088534375E+03    0.135020742601679644E+01    0.115077298909208503E+01    0.789968318709802330E+08    0.244706218965976376E+03   -0.122353109482988188E+03
    0.108372383749940653E+03    0.137721437757658793E+01    0.515083102678744353E+01    0.308800912354515083E+08    0.244689910077848197E+03   -0.122344955038924098E+03
    0.162213493868778244E+03    0.136434087439242879E+01    0.700325843861298480E+01    0.123409153293664195E+08    0.244686410854759487E+03   -0.122343205427379743E+03
    0.612019975015563489E+02    0.137260214826283611E+01    0.403991798109682154E+01    0.521079451855355576E+08    0.244634912560408566E+03   -0.122317456280204283E+03
    0.537326648509152562E+02    0.135764041080009479E+01    0.186175570161767379E+01    0.153842613510141671E+08    0.244634845223857070E+03   -0.122317422611928535E+03
    0.164866676460733515E+03    0.136238001742839621E+01    0.363593047454020279E+01    0.109351408227840401E+08    0.244628287669973076E+03   -0.122314143834986538E+03
    0.120510867159316078E+03    0.137110802722710434E+01    0.634891038422218390E+01    0.410901402240368649E+08    0.244627676781038019E+03   -0.122313838390519010E+03
    0.151348352432250977E+03    0.137700746452283873E+01    0.287263393402099609E+01    0.254837264277460910E+08    0.244624324797530988E+03   -0.122312162398765494E+03
    0.128357167172805930E+03    0.138098536806544381E+01    0.271122811768522798E+01    0.208936759827449024E+08    0.244620442372462549E+03   -0.122310221186231274E+03
    0.168848903890607716E+03    0.136520221526082519E+01    0.583133857380200471E+01    0.122536954181098770E+08    0.244581466549567011E+03   -0.122290733274783506E+03
    0.168848903890607716E+03    0.136520221526082519E+01    0.583133857380200471E+01    0.122536954181098770E+08    0.244581466549567011E+03   -0.122290733274783506E+03
    0.810757346175090561E+02    0.136930553848888259E+01    0.346022870947771821E+01    0.195397896369592249E+08    0.244578509340321972E+03   -0.122289254670160986E+03
    0.810757346175090561E+02    0.136930553848888259E+01    0.346022870947771821E+01    0.195397896369592249E+08    0.244578509340321972E+03   -0.122289254670160986E+03
    0.129089383105091741E+03    0.137373624643226866E+01    0.439735739725677899E+01    0.201140624527466558E+08    0.244571259296069059E+03   -0.122285629648034529E+03
    0.442261381806997562E+02    0.136157813068717592E+01    0.358206696518398449E+01    0.640853135579431280E+08    0.244558501056549119E+03   -0.122279250528274559E+03
    0.187355420482174424E+03    0.135877774752516789E+01    0.441980751398713778E+01    0.113380798423202094E+08    0.244551034840418254E+03   -0.122275517420209127E+03
    0.189771476729584350E+03    0.136839452140578732E+01    0.115352158813345462E+01    0.294494440749030448E+08    0.244537953690376753E+03   -0.122268976845188377E+03
    0.189771476729584350E+03    0.136839452140578732E+01    0.115352158813345462E+01    0.294494440749030448E+08    0.244537953690376753E+03   -0.122268976845188377E+03
    0.132922161310655582E+03    0.136262929368517782E+01    0.312671801486663092E+01    0.824200296914857775E+08    0.244529764526034938E+03   -0.122264882263017469E+03
    0.838923678934226871E+02    0.136264170700476939E+01    0.316241478425167866E+00    0.128414476834110081E+09    0.244527872581288364E+03   -0.122263936290644182E+03
    0.898919877653980279E+02    0.136629931389854065E+01    0.464642080537855406E+01    0.221899343032799251E+08    0.244512561323829317E+03   -0.122256280661914658E+03
    0.898919877653980279E+02    0.136629931389854065E+01    0.464642080537855406E+01    0.221899343032799251E+08    0.244512561323829317E+03   -0.122256280661914658E+03
    0.110272633824228720E+03    0.138619469183048016E+01    0.151519707702856188E+01    0.218541222952562720E+08    0.244501432855060131E+03   -0.122250716427530065E+03
    0.109191766797772900E+03    0.135705754637660392E+01    0.103076508512394796E+02    0.371486677464304864E+08    0.244467566940453878E+03   -0.122233783470226939E+03
    0.109191766797772900E+03    0.135705754637660392E+01    0.103076508512394796E+02    0.371486677464304864E+08    0.244467566940453878E+03   -0.122233783470226939E+03
    0.145313114273555612E+03    0.137914833213151322E+01    0.461007390367229597E+00    0.451762917462956086E+08    0.244461934573209589E+03   -0.122230967286604795E+03
    0.145313114273555612E+03    0.137914833213151322E+01    0.461007390367229597E+00    0.451762917462956086E+08    0.244461934573209589E+03   -0.122230967286604795E+03
    0.111732355982233159E+03    0.137641224532413942E+01    0.486595036548718252E+01    0.325915659841954671E+08    0.244458896884978060E+03   -0.122229448442489030E+03
    0.151514589786529541E+03    0.137495703697340677E+01    0.308731198310852051E+01    0.240117484096488021E+08    0.244451883587091089E+03   -0.122225941793545545E+03
    0.136856096120731905E+03    0.137152476490587016E+01    0.515204064440038145E+01    0.294047477897314765E+08    0.244439046527526131E+03   -0.122219523263763065E+03
    0.136856096120731905E+03    0.137152476490587016E+01    0.515204064440038145E+01    0.294047477897314765E+08    0.244439046527526131E+03   -0.122219523263763065E+03
    0.614558757288595032E+02    0.136741630689147664E+01    0.511267849902182192E+01    0.430041700634838343E+08    0.244408493311074039E+03   -0.122204246655537020E+03
    0.760552069071545134E+02    0.135891307985988163E+01    0.122955607727520566E+00    0.123482961535892203E+09    0.244396835968007338E+03   -0.122198417984003669E+03
    0.113908172498716453E+03    0.136416260840428993E+01    0.364435150652344664E+01    0.173421409750936553E+08    0.244344701628360042E+03   -0.122172350814180021E+03
    0.132457309831929564E+03    0.136193119343999802E+01    0.588417741496270708E+01    0.566026934269638136E+08    0.244322796745041273E+03   -0.122161398372520637E+03
    0.132457309831929564E+03    0.136193119343999802E+01    0.588417741496270708E+01    0.566026934269638136E+08    0.244322796745041273E+03   -0.122161398372520637E+03
    0.113127981885033762E+03    0.137261910027911926E+01    0.453677531650122301E+01    0.120605382038974781E+08    0.244290877064087283E+03   -0.122145438532043642E+03
    0.113127981885033762E+03    0.137261910027911926E+01    0.453677531650122301E+01    0.120605382038974781E+08    0.244290877064087283E+03   -0.122145438532043642E+03
    0.113243461326251790E+03    0.137316642494263697E+01    0.274393162982029937E+01    0.690396159909875840E+08    0.244289778428247757E+03   -0.122144889214123879E+03
    0.543505549430847168E+02    0.136609189772256845E+01    0.361592769622802734E+01    0.532721558889070600E+08    0.244289105074953738E+03   -0.122144552537476869E+03
    0.543505549430847168E+02    0.136609189772256845E+01    0.361592769622802734E+01    0.532721558889070600E+08    0.244289105074953738E+03   -0.122144552537476869E+03
    0.373725061159877114E+02    0.137610778731962702E+01    0.360549456176956495E+00    0.412571663560632020E+08    0.244257705527907149E+03   -0.122128852763953574E+03
    0.534612520260379043E+02    0.136117843045642961E+01    0.461336060501057066E+01    0.134610516219136082E+08    0.244253742565052562E+03   -0.122126871282526281E+03
    0.162645065612393523E+03    0.136952187362619715E+01    0.336811784523302915E+01    0.187714303559939824E+08    0.244245309236307293E+03   -0.122122654618153646E+03
    0.103774607779585608E+03    0.136195738740808192E+01    0.396137316331329625E+01    0.942758201032082140E+08    0.244225562071722152E+03   -0.122112781035861076E+03
    0.103774607779585608E+03    0.136195738740808192E+01    0.396137316331329625E+01    0.942758201032082140E+08    0.244225562071722152E+03   -0.122112781035861076E+03
    0.582944875435956078E+02    0.137420770713311668E+01    0.101962847054210437E+01    0.779781944244534522E+08    0.244207817526370007E+03   -0.122103908763185004E+03
    0.156778151918878137E+03    0.136324661153189819E+01    0.127041539368660583E+01    0.579267529951145276E+08    0.244204869676645444E+03   -0.122102434838322722E+03
    0.112773636350350117E+03    0.136886266204628315E+01    0.519237574504480470E+01    0.267351775391071364E+08    0.244197499543013009E+03   -0.122098749771506505E+03
    0.144532726652063502E+03    0.136371958792962245E+01    0.657886116930289777E+01    0.286526594479173310E+08    0.244168936948696626E+03   -0.122084468474348313E+03
    0.139391021562212160E+03    0.136132126146414834E+01    0.257799530046381475E+01    0.724964799533922076E+08    0.244160299857188818E+03   -0.122080149928594409E+03
    0.887928000744172010E+02    0.135214720652345455E+01    0.113001623633383774E+01    0.148350563348075777E+09    0.244057543104665427E+03   -0.122028771552332714E+03
    0.104890751801031499E+03    0.137707271722405289E+01    0.299306656785627116E-01    0.773486553318239450E+08    0.244054825397252216E+03   -0.122027412698626108E+03
    0.104890751801031499E+03    0.137707271722405289E+01    0.299306656785627116E-01    0.773486553318239450E+08    0.244054825397252216E+03   -0.122027412698626108E+03
    0.109651543292845133E+03    0.135410832012665772E+01    0.103077126617561845E+02    0.363490805579671338E+08    0.244025272626585377E+03   -0.122012636313292688E+03
    0.445731176229313917E+02    0.136014488034177705E+01    0.283025621350656831E+01    0.398114775356132388E+08    0.244022506745805742E+03   -0.122011253372902871E+03
    0.516341915668491112E+02    0.137860725089706038E+01    0.120082631633884929E+01    0.132556723905246202E+08    0.243992686177930636E+03   -0.121996343088965318E+03
    0.516341915668491112E+02    0.137860725089706038E+01    0.120082631633884929E+01    0.132556723905246202E+08    0.243992686177930636E+03   -0.121996343088965318E+03
    0.974961855628336309E+02    0.137774923987020426E+01    0.258438796707860563E+01    0.152121082974803504E+08    0.243992433752885461E+03   -0.121996216876442730E+03
    0.833537712555630890E+02    0.138310813323142057E+01    0.541504650694760725E+00    0.248052908508281745E+08    0.243982466816901933E+03   -0.121991233408450967E+03
    0.388962829597581106E+02    0.137448222500843031E+01    0.124078348775068500E+00    0.424730814600824043E+08    0.243980066338879681E+03   -0.121990033169439840E+03
    0.123003592049070051E+03    0.136900182832353057E+01    0.117578866807895288E+01    0.745584586119594276E+08    0.243978181190910675E+03   -0.121989090595455338E+03
    0.123003592049070051E+03    0.136900182832353057E+01    0.117578866807895288E+01    0.745584586119594276E+08    0.243978181190910675E+03   -0.121989090595455338E+03
    0.147324249768106313E+03    0.135330932006152072E+01    0.290658364561353944E+01    0.105750023597177751E+08    0.243960767311506913E+03   -0.121980383655753457E+03
    0.147324249768106313E+03    0.135330932006152072E+01    0.290658364561353944E+01    0.105750023597177751E+08    0.243960767311506913E+03   -0.121980383655753457E+03
    0.475543383569715772E+02    0.136467493308489773E+01    0.165952651220547498E+01    0.545040750078881532E+08    0.243868084450477795E+03   -0.121934042225238898E+03
    0.475543383569715772E+02    0.136467493308489773E+01    0.165952651220547498E+01    0.545040750078881532E+08    0.243868084450477795E+03   -0.121934042225238898E+03
    0.465722584620854434E+02    0.135907960004143979E+01    0.246832137357232551E+01    0.505036146655528769E+08    0.243845561605816954E+03   -0.121922780802908477E+03
    0.465722584620854434E+02    0.135907960004143979E+01    0.246832137357232551E+01    0.505036146655528769E+08    0.243845561605816954E+03   -0.121922780802908477E+03
    0.156821699195299715E+03    0.137235259951669319E+01    0.308407556770512814E+01    0.123433117747836299E+08    0.243838730112064695E+03   -0.121919365056032348E+03
    0.156821699195299715E+03    0.137235259951669319E+01    0.308407556770512814E+01    0.123433117747836299E+08    0.243838730112064695E+03   -0.121919365056032348E+03
    0.133297422568333872E+03    0.136258599477927977E+01    0.413309397971108172E+01    0.645095997497245669E+08    0.243836564514144698E+03   -0.121918282257072349E+03
    0.109599701056998740E+03    0.137594659086170967E+01    0.385831006251436959E+01    0.355026295183079913E+08    0.243833439350120329E+03   -0.121916719675060165E+03
    0.109599701056998740E+03    0.137594659086170967E+01    0.385831006251436959E+01    0.355026295183079913E+08    0.243833439350120329E+03   -0.121916719675060165E+03
    0.754515265306429512E+02    0.136147393246521831E+01    0.457419966937848588E+00    0.165469873420641590E+08    0.243788327975987499E+03   -0.121894163987993750E+03
    0.113298137772376151E+03    0.137238755493863795E+01    0.968215244507431572E+00    0.713059032801962644E+08    0.243781184741482377E+03   -0.121890592370741189E+03
    0.975846221017693836E+02    0.137468871961953365E+01    0.216898658895756524E+01    0.668306742997321561E+08    0.243765695645162054E+03   -0.121882847822581027E+03
    0.110570891032114432E+03    0.138172002422481155E+01    0.193779479473133009E+01    0.426936121604167596E+08    0.243760082073649244E+03   -0.121880041036824622E+03
    0.121139169030954150E+03    0.137082738212021682E+01    0.543167962230145918E+01    0.142617962610490844E+08    0.243756163858936333E+03   -0.121878081929468166E+03
    0.104429907754792168E+03    0.136292754454143883E+01    0.494208024919186073E+01    0.695894691730447561E+08    0.243753526185737144E+03   -0.121876763092868572E+03
    0.108143477654495967E+03    0.136614507713458555E+01    0.305987925659522730E+01    0.733039472391035259E+08    0.243739742388858701E+03   -0.121869871194429351E+03
    0.132495698216324115E+03    0.135335491334422509E+01    0.734480883653161154E+01    0.554242706662969962E+08    0.243696989764641756E+03   -0.121848494882320878E+03
    0.132495698216324115E+03    0.135335491334422509E+01    0.734480883653161154E+01    0.554242706662969962E+08    0.243696989764641756E+03   -0.121848494882320878E+03
    0.120007499428848774E+03    0.136134093588654359E+01    0.187924861628607287E+01    0.869828898323520571E+08    0.243670834199069475E+03   -0.121835417099534737E+03
    0.978039443790416385E+02    0.138517807857559871E+01    0.149567831615316255E+00    0.156441102847365122E+08    0.243670214733621719E+03   -0.121835107366810860E+03
    0.978039443790416385E+02    0.138517807857559871E+01    0.149567831615316255E+00    0.156441102847365122E+08    0.243670214733621719E+03   -0.121835107366810860E+03
    0.968418095360962212E+02    0.134573433151055388E+01    0.102808748722056773E+02    0.663885175488334745E+08    0.243665801782527865E+03   -0.121832900891263932E+03
    0.968418095360962212E+02    0.134573433151055388E+01    0.102808748722056773E+02    0.663885175488334745E+08    0.243665801782527865E+03   -0.121832900891263932E+03
    0.364832921719291221E+02    0.136197479190291881E+01    0.211762570668195330E-01    0.377339801668489203E+08    0.243663852281165589E+03   -0.121831926140582794E+03
    0.165314789579884774E+03    0.136341955023734895E+01    0.648349176168866781E+00    0.107578273263309691E+08    0.243641255174231190E+03   -0.121820627587115595E+03
    0.980677524913283492E+02    0.138416410888420938E+01    0.245684225272810108E+01    0.135181440404228810E+08    0.243628919386022631E+03   -0.121814459693011315E+03
    0.121269475870878694E+03    0.135628446532546953E+01    0.755928800787846900E+01    0.153526367094441000E+08    0.243628119664488793E+03   -0.121814059832244396E+03
    0.145516838069080620E+03    0.136322309709800038E+01    0.140066478830385854E+01    0.549921845787368119E+08    0.243618676944014993E+03   -0.121809338472007497E+03
    0.145516838069080620E+03    0.136322309709800038E+01    0.140066478830385854E+01    0.549921845787368119E+08    0.243618676944014993E+03   -0.121809338472007497E+03
    0.797421612240526088E+02    0.137284654044114185E+01    0.374435391422049069E+01    0.405145191630064696E+08    0.243597073433823539E+03   -0.121798536716911769E+03
    0.148515136000522006E+03    0.136769287884806912E+01    0.242901890986584856E+01    0.446224902961544245E+08    0.243585017947558811E+03   -0.121792508973779405E+03
    0.110891343356953854E+03    0.136356514115148686E+01    0.664360747555002895E+01    0.329408709282750450E+08    0.243574724109502142E+03   -0.121787362054751071E+03
    0.170198383807454320E+03    0.136730079653420722E+01    0.285814060091594646E+01    0.202792863092421778E+08    0.243568263323808083E+03   -0.121784131661904041E+03
    0.114491381889814974E+03    0.136777326575926050E+01    0.489945224976704186E+01    0.462044460309318453E+08    0.243552205937591566E+03   -0.121776102968795783E+03
    0.124795969444226586E+03    0.137665615345339143E+01    0.215843220996280305E+01    0.409192170109740421E+08    0.243540246127083492E+03   -0.121770123063541746E+03
    0.935689253031839172E+02    0.137453895995572051E+01    0.197359856259850464E+01    0.558248546060974970E+08    0.243531366480371560E+03   -0.121765683240185780E+03
    0.147473846044346629E+03    0.135890681113837308E+01    0.842614639664774678E+00    0.105913209751013238E+08    0.243525326751612283E+03   -0.121762663375806142E+03
    0.570732569726485721E+02    0.135638368282887067E+01    0.129632703717129183E+01    0.278037137950529121E+08    0.243502409158115654E+03   -0.121751204579057827E+03
    0.977425592246129185E+02    0.136270298257113653E+01    0.645841775203550750E+01    0.359064050354609936E+08    0.243493621279019891E+03   -0.121746810639509945E+03
    0.162614602220606344E+03    0.136330227897253131E+01    0.410962329116194736E+00    0.479265013003818467E+08    0.243455665730670006E+03   -0.121727832865335003E+03
    0.189503544433598449E+03    0.135763126632794107E+01    0.414694297788033417E+01    0.197075536995096616E+08    0.243454883780174782E+03   -0.121727441890087391E+03
    0.517294958286333610E+02    0.135198257730567528E+01    0.128526256868790933E+01    0.728158795104303956E+08    0.243395771843265834E+03   -0.121697885921632917E+03
    0.549744014391164768E+02    0.134481068117443892E+01    0.147768283653400068E+01    0.827905630887761563E+08    0.243391486017474335E+03   -0.121695743008737168E+03
    0.549744014391164768E+02    0.134481068117443892E+01    0.147768283653400068E+01    0.827905630887761563E+08    0.243391486017474335E+03   -0.121695743008737168E+03
    0.549491626230154608E+02    0.136981548903358230E+01    0.611384335087542752E+00    0.599257505227668285E+08    0.243381347623909505E+03   -0.121690673811954753E+03
    0.119952901615252188E+03    0.137650906541510998E+01    0.661036958774685490E+00    0.494869030575610995E+08    0.243363796507506379E+03   -0.121681898253753189E+03
    0.105453785688999631E+03    0.136787962787566975E+01    0.462281021586588281E+01    0.463315033648992628E+08    0.243362159932919781E+03   -0.121681079966459890E+03
    0.139919718557926615E+03    0.136283025662433133E+01    0.176550465558910741E+01    0.594095686390623450E+08    0.243351571105758410E+03   -0.121675785552879205E+03
    0.120649559842151547E+03    0.136638101545404078E+01    0.279897565522818237E+01    0.575215587694067582E+08    0.243350937900364158E+03   -0.121675468950182079E+03
    0.499525379250522406E+02    0.136397385484311950E+01    0.580650020120877297E+00    0.552954055343693718E+08    0.243348071772815700E+03   -0.121674035886407850E+03
    0.848091078492618351E+02    0.136167281596003620E+01    0.576399863811444213E+01    0.420173492544607893E+08    0.243339916575804665E+03   -0.121669958287902332E+03
    0.514965523157042426E+02    0.137292825078736458E+01    0.624639305437058256E+00    0.316158208561320342E+08    0.243336376008128639E+03   -0.121668188004064319E+03
    0.911835567036262091E+02    0.136920211361425159E+01    0.394953307196310588E+01    0.473158101249703988E+08    0.243310580984409569E+03   -0.121655290492204784E+03
    0.188508637473714629E+03    0.136759787254676946E+01    0.658980840336398588E+00    0.143059195638449844E+08    0.243307308214597157E+03   -0.121653654107298578E+03
    0.101858021233321608E+03    0.137894858275064691E+01    0.203848389856651080E+01    0.413327757023839951E+08    0.243298803900997370E+03   -0.121649401950498685E+03
    0.124057134647815587E+03    0.136953705738949472E+01    0.322550032080313054E+01    0.213358238200581558E+08    0.243298185173636739E+03   -0.121649092586818369E+03
    0.878126615208111616E+02    0.136289572602244879E+01    0.546298860070222148E+01    0.439381306806611195E+08    0.243275403087109225E+03   -0.121637701543554613E+03
    0.107401156009915894E+03    0.136213003129745269E+01    0.244541337503415335E+01    0.760069273817998916E+08    0.243265949706546962E+03   -0.121632974853273481E+03
    0.705223583463571657E+02    0.137450890724799279E+01    0.801057549952143066E+00    0.293018730827629119E+08    0.243264536087834699E+03   -0.121632268043917350E+03
    0.574979800422923191E+02    0.135328346281500167E+01    0.420137148055516452E+01    0.402035014449469298E+08    0.243263242320216733E+03   -0.121631621160108367E+03
    0.114810436043955605E+03    0.137809961294647709E+01    0.180581701713599951E+01    0.402688840810138434E+08    0.243261871342978509E+03   -0.121630935671489254E+03
    0.726352551403469135E+02    0.135375249955261445E+01    0.524781502849609449E+01    0.656127679728194550E+08    0.243246503858228039E+03   -0.121623251929114019E+03
    0.806522809038867621E+02    0.135298769291050247E+01    0.636711726015198298E+01    0.563072414030926004E+08    0.243233263321195068E+03   -0.121616631660597534E+03
    0.843418028688941774E+02    0.135910966483516549E+01    0.607964819167562087E+01    0.375508371433383599E+08    0.243228375452220519E+03   -0.121614187726110259E+03
    0.801354643710905634E+02    0.136794166413574425E+01    0.171941771759433970E+01    0.265370536532664709E+08    0.243227998693365009E+03   -0.121613999346682505E+03
    0.105538495281837200E+03    0.137012740469633632E+01    0.386868251723411927E+01    0.438932823744476140E+08    0.243217399504774676E+03   -0.121608699752387338E+03
    0.137067771706151035E+03    0.135020671992721142E+01    0.370379779895687333E+01    0.740678291338807195E+08    0.243185387457051974E+03   -0.121592693728525987E+03
    0.857813838050872590E+02    0.137140021537823187E+01    0.102203786426534693E+01    0.696012891669954211E+08    0.243164053571904390E+03   -0.121582026785952195E+03
    0.857813838050872590E+02    0.137140021537823187E+01    0.102203786426534693E+01    0.696012891669954211E+08    0.243164053571904390E+03   -0.121582026785952195E+03
    0.179107546806335449E+03    0.135094475396203739E+01    0.650027990341186523E+01    0.253254679862533957E+08    0.243150748558840633E+03   -0.121575374279420316E+03
    0.103293108689796185E+03    0.137692719632446026E+01    0.149541797309094049E+01    0.151721995136111733E+08    0.243134664087098599E+03   -0.121567332043549300E+03
    0.163313447593044003E+03    0.136655331237617150E+01    0.247811255927291985E+01    0.189582987060436942E+08    0.243115600207180478E+03   -0.121557800103590239E+03
    0.102230938261979958E+03    0.135032414189429684E+01    0.892443621657317010E+01    0.442163982897082791E+08    0.243108293918814439E+03   -0.121554146959407220E+03
    0.136114822822765831E+03    0.136273279207701714E+01    0.152277919853976962E+01    0.611976042602308616E+08    0.243105348595882447E+03   -0.121552674297941223E+03
    0.117171034539755581E+03    0.136614844928995027E+01    0.301382841107422506E+01    0.158484570346705131E+08    0.243067238891979230E+03   -0.121533619445989615E+03
    0.107214739903490099E+03    0.135360350237798621E+01    0.374474939661604633E+01    0.824928925326073468E+08    0.243050690535839692E+03   -0.121525345267919846E+03
    0.106796763231482544E+03    0.136980151065461797E+01    0.390152356364304298E+01    0.345620823644492626E+08    0.243050424414170834E+03   -0.121525212207085417E+03
    0.671677609210315154E+02    0.136465071497413293E+01    0.307198932186737350E+01    0.380239503125009835E+08    0.243042033844032375E+03   -0.121521016922016187E+03
    0.170806980857965158E+03    0.136917070434291199E+01    0.105073337939408384E+01    0.198431649195481837E+08    0.242993743759289941E+03   -0.121496871879644971E+03
    0.644633368061842020E+02    0.136091982151961122E+01    0.211910599370544395E+01    0.594127467985980734E+08    0.242990303597173579E+03   -0.121495151798586789E+03
    0.136041889941255306E+03    0.136062544367377480E+01    0.581472511905936251E+01    0.149777608652621042E+08    0.242966933251649550E+03   -0.121483466625824775E+03
    0.135728610566907463E+03    0.136005789601189897E+01    0.654167653582225950E+00    0.108398808982120864E+08    0.242964687083011484E+03   -0.121482343541505742E+03
    0.924412549902398979E+02    0.135884038601250179E+01    0.554794391235447382E+01    0.476463352439295202E+08    0.242946132661692815E+03   -0.121473066330846407E+03
    0.926953550899782783E+02    0.135080705740535700E+01    0.298357998237303512E+01    0.163916896227974389E+08    0.242943650686288976E+03   -0.121471825343144488E+03
    0.202472689603382264E+03    0.135740353242989276E+01    0.134766101056549958E+01    0.194094629525673166E+08    0.242925338174703541E+03   -0.121462669087351770E+03
    0.719331648508000114E+02    0.136789189499274277E+01    0.191305012231983776E-02    0.723569877292695045E+08    0.242920722733389653E+03   -0.121460361366694826E+03
    0.127968003979286678E+03    0.136252387849276224E+01    0.198127787299003333E+01    0.540084132287167087E+08    0.242917856118386396E+03   -0.121458928059193198E+03
    0.108144389351012009E+03    0.135244727884218441E+01    0.747872234194630447E+01    0.299652439291731417E+08    0.242902874338073730E+03   -0.121451437169036865E+03
    0.592571687048815363E+02    0.134917193661044021E+01    0.445849419989601081E+01    0.331111488757041916E+08    0.242861015211746633E+03   -0.121430507605873316E+03
    0.935610747968176639E+02    0.135197222327658473E+01    0.769793631112845311E+01    0.340628773081924021E+08    0.242852172815001325E+03   -0.121426086407500662E+03
    0.160235393298078719E+03    0.137121834604640425E+01    0.418547428508103669E+00    0.291206521600091010E+08    0.242798311465615086E+03   -0.121399155732807543E+03
    0.109539028847436853E+03    0.136446269672229969E+01    0.451113399384948455E+01    0.402596577578234449E+08    0.242768856339477907E+03   -0.121384428169738953E+03
    0.858018797432096534E+02    0.135363988671488400E+01    0.357930424914852852E+01    0.254123030713909417E+08    0.242732405623382562E+03   -0.121366202811691281E+03
    0.148802265191131568E+03    0.135334960630109280E+01    0.663504720553080052E+01    0.272732015011673793E+08    0.242728630603315594E+03   -0.121364315301657797E+03
    0.887550898245604287E+02    0.136327170845634016E+01    0.424369149658029343E+01    0.387988389199714884E+08    0.242709584171322433E+03   -0.121354792085661217E+03
    0.115050908661378159E+03    0.136694657749921600E+01    0.103500454977729528E+01    0.555075065451899543E+08    0.242703570334549141E+03   -0.121351785167274571E+03
    0.592359863550893451E+02    0.137200905230154979E+01    0.205879437809096399E+00    0.412990112984984294E+08    0.242692029910091946E+03   -0.121346014955045973E+03
    0.200548688568547789E+03    0.135264003292008428E+01    0.132435199801758796E+01    0.281080622166950516E+08    0.242675091068642587E+03   -0.121337545534321293E+03
    0.175113429001186688E+03    0.135879924174879663E+01    0.303739665674242643E+01    0.252375631993952878E+08    0.242668668282357316E+03   -0.121334334141178658E+03
    0.537623079970895574E+02    0.136689244927448472E+01    0.128750714230213226E+00    0.357857573491123617E+08    0.242631216868209719E+03   -0.121315608434104860E+03
    0.117054483520624700E+03    0.137767245663035953E+01    0.655794589528004401E+00    0.356927704105769545E+08    0.242608113428492857E+03   -0.121304056714246428E+03
    0.117044862377569132E+03    0.135868164785963552E+01    0.576123698562930020E+01    0.358965441584424451E+08    0.242601602728362991E+03   -0.121300801364181496E+03
    0.788071942363837792E+02    0.134995379592575371E+01    0.596812689615178638E+01    0.308816744987813346E+08    0.242591789821996485E+03   -0.121295894910998243E+03
    0.151920126304138279E+03    0.136349234666840524E+01    0.302508068575869427E+01    0.257871177488701157E+08    0.242586118285742742E+03   -0.121293059142871371E+03
    0.151643797480604292E+03    0.136081032975168204E+01    0.381513860780107184E+01    0.267967812987814918E+08    0.242578666721883621E+03   -0.121289333360941811E+03
    0.164246700221213842E+03    0.136504146190302866E+01    0.164809975346067383E+01    0.276736567246930897E+08    0.242567275856501340E+03   -0.121283637928250670E+03
    0.129554002507793001E+03    0.136435041037212090E+01    0.318324591589110995E+01    0.191837555354179665E+08    0.242557359100699585E+03   -0.121278679550349793E+03
    0.177220083834263420E+03    0.136092867308611631E+01    0.222519313088814030E+01    0.192571631484763213E+08    0.242553889328557830E+03   -0.121276944664278915E+03
    0.108854593815686471E+03    0.137113932326539123E+01    0.256258486194773427E+01    0.333914679412208684E+08    0.242553532531669191E+03   -0.121276766265834596E+03
    0.134488734762970239E+03    0.137020745054987558E+01    0.265039569993989454E+01    0.125350709022412449E+08    0.242537215361472136E+03   -0.121268607680736068E+03
    0.130347492639154183E+03    0.136520380290881360E+01    0.257939098399122768E+01    0.436856902898934782E+08    0.242535690604114222E+03   -0.121267845302057111E+03
    0.579763201331344717E+02    0.135923489972939149E+01    0.149524140722025223E+01    0.353669065046886504E+08    0.242529777225453842E+03   -0.121264888612726921E+03
    0.168104344220564059E+03    0.135620164508474694E+01    0.431326326734260856E+01    0.156186460197907835E+08    0.242500946682681359E+03   -0.121250473341340680E+03
    0.114411242676109083E+03    0.135438727549840654E+01    0.393824359679455904E+01    0.658446607123209909E+08    0.242491790992899496E+03   -0.121245895496449748E+03
    0.137033448290970966E+03    0.136802504488058885E+01    0.222327105935981528E+01    0.271237526825681552E+08    0.242479559186609549E+03   -0.121239779593304775E+03
    0.141396694279803739E+03    0.136436373165505365E+01    0.125098768554933182E+01    0.456600742635924444E+08    0.242476024494154160E+03   -0.121238012247077080E+03
    0.174334968261067814E+03    0.136167001677809241E+01    0.154400342405052382E+01    0.270145856170372516E+08    0.242468415263721255E+03   -0.121234207631860627E+03
    0.965848492743664480E+02    0.135093072740303599E+01    0.687140466803753291E+01    0.125711668418342434E+08    0.242458640944286856E+03   -0.121229320472143428E+03
    0.829783527899673459E+02    0.136822470542860697E+01    0.233964809460590306E+01    0.391228012530107275E+08    0.242450069759559284E+03   -0.121225034879779642E+03
    0.201354552547329121E+03    0.135449194326230371E+01    0.990814277311036773E+00    0.235646607045189813E+08    0.242448815681441886E+03   -0.121224407840720943E+03
    0.147865999873993587E+03    0.136816835676800941E+01    0.167221052397410341E+01    0.272049469653074034E+08    0.242447077782954665E+03   -0.121223538891477332E+03
    0.109446077417232843E+03    0.136267690922144435E+01    0.217626888314082478E+01    0.118014239516513236E+08    0.242432882300514734E+03   -0.121216441150257367E+03
    0.872238990274732942E+02    0.136579075801043603E+01    0.634597155948309233E+00    0.236022055779931508E+08    0.242428751473873973E+03   -0.121214375736936987E+03
    0.926910572187610313E+02    0.136028000607704525E+01    0.246491114565572644E+01    0.641565403187489733E+08    0.242410267891013632E+03   -0.121205133945506816E+03
    0.103519263961876916E+03    0.137144914971994747E+01    0.135510118816899405E+01    0.280586230999216214E+08    0.242408917867897742E+03   -0.121204458933948871E+03
    0.108033983063681546E+03    0.136773210600352080E+01    0.230045988213091329E+00    0.644564147406025231E+08    0.242396818024755589E+03   -0.121198409012377795E+03
    0.109274470270971875E+03    0.137644618835691146E+01    0.999569182427748726E+00    0.313810778517205678E+08    0.242394983705221279E+03   -0.121197491852610639E+03
    0.148067092385195991E+03    0.136606874299421821E+01    0.208700143629764856E+01    0.222751040932578482E+08    0.242389447582294054E+03   -0.121194723791147027E+03
    0.720060329403838466E+02    0.135611445342789505E+01    0.191065370077227881E+01    0.566546976381780356E+08    0.242386174733855853E+03   -0.121193087366927926E+03
    0.819934120134839475E+02    0.137069506524921225E+01    0.197931715220542137E+01    0.138955950940129049E+08    0.242383490699024492E+03   -0.121191745349512246E+03
    0.108326681043340173E+03    0.136614167351195270E+01    0.209860116357092297E+01    0.257151898545553945E+08    0.242377601481166636E+03   -0.121188800740583318E+03
    0.874012697140212822E+02    0.137016254557632289E+01    0.885874510573676943E+00    0.287794072360759079E+08    0.242367633943146529E+03   -0.121183816971573265E+03
    0.172631115250695245E+03    0.136159847078127139E+01    0.253367899308668543E+01    0.130381741821436286E+08    0.242367608284163850E+03   -0.121183804142081925E+03
    0.946620137228177185E+02    0.137257695050018125E+01    0.302123272381463803E+00    0.496658925654779151E+08    0.242349819511847898E+03   -0.121174909755923949E+03
    0.822705227132312018E+02    0.135405830217150602E+01    0.323929077088351436E+01    0.588002398575421274E+08    0.242330724528942483E+03   -0.121165362264471241E+03
    0.797215728798975647E+02    0.136209165093345086E+01    0.122255638483296347E+01    0.536170692897924185E+08    0.242313253127469466E+03   -0.121156626563734733E+03
    0.985915588462447516E+02    0.137890815360295482E+01    0.322471510187218813E+00    0.319875400433087870E+08    0.242312532230229237E+03   -0.121156266115114619E+03
    0.857717986603663007E+02    0.135433584794982398E+01    0.324559816148298985E+01    0.609190386402708814E+08    0.242286880740139168E+03   -0.121143440370069584E+03
    0.902232048484571436E+02    0.135062729239735990E+01    0.222787921943474387E+01    0.740769171190247238E+08    0.242274183119240092E+03   -0.121137091559620046E+03
    0.149461375991159542E+03    0.136967546577685328E+01    0.723102686195897459E+00    0.231782470433256999E+08    0.242272887346435084E+03   -0.121136443673217542E+03
    0.604244862983905620E+02    0.135922530956437826E+01    0.108683960226419751E+01    0.364978967262133211E+08    0.242255869140865059E+03   -0.121127934570432529E+03
    0.160690247543911056E+03    0.136253718350162911E+01    0.837821449682987107E+00    0.169443985584516525E+08    0.242254749000743629E+03   -0.121127374500371815E+03
    0.145442446099837355E+03    0.136374767030335287E+01    0.260045364506657384E+01    0.268324941270497069E+08    0.242254484560889694E+03   -0.121127242280444847E+03
    0.935657698524011465E+02    0.135562120440800693E+01    0.288229243887036679E+01    0.254313132611641847E+08    0.242239179244629128E+03   -0.121119589622314564E+03
    0.104314246993697964E+03    0.136590027413415283E+01    0.326346248048420273E+01    0.144054472592074517E+08    0.242231972700829232E+03   -0.121115986350414616E+03
    0.914521446927635537E+02    0.136666586599082152E+01    0.510563138182140830E+00    0.191358004801539741E+08    0.242229812931604641E+03   -0.121114906465802321E+03
    0.137909274652696524E+03    0.136153546346686927E+01    0.265847355275437280E+01    0.405556660019832924E+08    0.242223536370718364E+03   -0.121111768185359182E+03
    0.196321170591097172E+03    0.135493341528276567E+01    0.493773317254398214E+00    0.164323986274960898E+08    0.242165628724838029E+03   -0.121082814362419015E+03
    0.103745928316885056E+03    0.136073391796385423E+01    0.403326306073245355E+01    0.383872027942050993E+08    0.242164753872689403E+03   -0.121082376936344701E+03
    0.126603688308758066E+03    0.136728205677705317E+01    0.133020907699669233E+01    0.431024240410206690E+08    0.242137050764842513E+03   -0.121068525382421257E+03
    0.144192443828323462E+03    0.136566031449093384E+01    0.172883195540354362E+01    0.232951842201174758E+08    0.242111147762432466E+03   -0.121055573881216233E+03
    0.161389904984069972E+03    0.136563048318819580E+01    0.700094494897625985E+00    0.275023955288103856E+08    0.242097970829322037E+03   -0.121048985414661018E+03
    0.184099006830801500E+03    0.135109923988286207E+01    0.402834761701282584E+01    0.194032255919572189E+08    0.242091687565012620E+03   -0.121045843782506310E+03
    0.162598365352481494E+03    0.136705635043366991E+01    0.210380304824676123E+00    0.262276837845451497E+08    0.242068335001940852E+03   -0.121034167500970426E+03
    0.100421135656966186E+03    0.135212195433548255E+01    0.742816641793949239E+00    0.180551876749598496E+08    0.242056210706995245E+03   -0.121028105353497622E+03
    0.112454662803663524E+03    0.135840200717327186E+01    0.353433941638266935E+01    0.472567652557404116E+08    0.242055621151403216E+03   -0.121027810575701608E+03
    0.147497956057893447E+03    0.136179277364362750E+01    0.107961683687613275E+01    0.404168510851296782E+08    0.242036485158376706E+03   -0.121018242579188353E+03
    0.933789398630845113E+02    0.134597672017149939E+01    0.396930863315845395E+01    0.217583797883904986E+08    0.242025646936647945E+03   -0.121012823468323973E+03
    0.889866109265686021E+02    0.134542283759128023E+01    0.413367112099825817E+01    0.628633853419474438E+08    0.242015709026067441E+03   -0.121007854513033720E+03
    0.123942514647706645E+03    0.137364707261570174E+01    0.412875971892248783E+00    0.299587871684475280E+08    0.242013985002900313E+03   -0.121006992501450156E+03
    0.798706698392017671E+02    0.136394356989482413E+01    0.159999268344455370E+01    0.143073242369867116E+08    0.242006479993450370E+03   -0.121003239996725185E+03
    0.781836200180514282E+02    0.135028057566223625E+01    0.411542953207417384E+01    0.406355739962466881E+08    0.242000270545048181E+03   -0.121000135272524091E+03
    0.965118812206471830E+02    0.134964106539840456E+01    0.611943981721571983E+01    0.125892022747849114E+08    0.241985362279330218E+03   -0.120992681139665109E+03
    0.155845625654878120E+03    0.136346556148507703E+01    0.161002505266797447E+01    0.234538442304173149E+08    0.241982785512938761E+03   -0.120991392756469381E+03
    0.136590745772034950E+03    0.136922668070670728E+01    0.912183477141286669E+00    0.202871833172244951E+08    0.241979001816669324E+03   -0.120989500908334662E+03
    0.131576561541635925E+03    0.135934937418458901E+01    0.330744617537295227E+01    0.210149416033407822E+08    0.241934526629361983E+03   -0.120967263314680991E+03
    0.716746993275960875E+02    0.134710844079301428E+01    0.141251775745620334E+01    0.580770476322992668E+08    0.241918094979232023E+03   -0.120959047489616012E+03
    0.890320700701295067E+02    0.136232837336504020E+01    0.120616581317617905E+00    0.557630734511991814E+08    0.241864166220410851E+03   -0.120932083110205426E+03
    0.162230477368818214E+03    0.135264690808741750E+01    0.449407103188546309E+01    0.208217171424502730E+08    0.241831542352886885E+03   -0.120915771176443442E+03
    0.703738237057393832E+02    0.134617940702975303E+01    0.141025746572554289E+01    0.514107678583753183E+08    0.241814385953261336E+03   -0.120907192976630668E+03
    0.157227353679898329E+03    0.136406790254908339E+01    0.826138911385913444E+00    0.158247274137832392E+08    0.241808785202504282E+03   -0.120904392601252141E+03
    0.931299721270185898E+02    0.136375432611209102E+01    0.239199672749467407E+01    0.310954932324930020E+08    0.241798045390722450E+03   -0.120899022695361225E+03
    0.120151871420535528E+03    0.135388963727663270E+01    0.439510731393249010E+01    0.436421246555828825E+08    0.241777047575708423E+03   -0.120888523787854211E+03
    0.103050850090094613E+03    0.135845518481595451E+01    0.192279503502058713E+01    0.222482074473920390E+08    0.241768430040392445E+03   -0.120884215020196223E+03
    0.106953593036438861E+03    0.134657510748694609E+01    0.397614869738798360E+01    0.542169582277995497E+08    0.241760293738684481E+03   -0.120880146869342241E+03
    0.114243868803569910E+03    0.134851959595318704E+01    0.481054293074211792E+01    0.227955446078372002E+08    0.241756599432329438E+03   -0.120878299716164719E+03
    0.636694368451092672E+02    0.134949180186724793E+01    0.114516572963226881E+01    0.393284068170740157E+08    0.241743537605306528E+03   -0.120871768802653264E+03
    0.119154533103449538E+03    0.136761581767056950E+01    0.142324434297068425E+01    0.342451546170949116E+08    0.241730012930791759E+03   -0.120865006465395879E+03
    0.167664200275212266E+03    0.135075713612666104E+01    0.451389313967952965E+01    0.191213310663081817E+08    0.241712847824863729E+03   -0.120856423912431865E+03
    0.185918603741648155E+03    0.135695825227197919E+01    0.646791022288751294E+00    0.220149875383539312E+08    0.241712473384188570E+03   -0.120856236692094285E+03
    0.163576215917911497E+03    0.135449177468441384E+01    0.333097148005338539E+01    0.228313561047493890E+08    0.241705989466129552E+03   -0.120852994733064776E+03
    0.936544477906832498E+02    0.135259520724745652E+01    0.220562912498853958E+00    0.184690343377241567E+08    0.241705829063174804E+03   -0.120852914531587402E+03
    0.102882492722999345E+03    0.137042392194853413E+01    0.359145849530752626E+00    0.421681126934514642E+08    0.241703980379422035E+03   -0.120851990189711017E+03
    0.169676020727127877E+03    0.135006177575198771E+01    0.751812117879683717E+00    0.249753707737555169E+08    0.240420310434001863E+03   -0.120210155217000931E+03
    0.166605646930184491E+03    0.134888360289190001E+01    0.688342523932169659E+00    0.158684401806370076E+08    0.240308247331867165E+03   -0.120154123665933582E+03
    0.147816082429258330E+03    0.135795392414222627E+01    0.753064648802417524E+00    0.135650762325255815E+08    0.240040462839960924E+03   -0.120020231419980462E+03
    0.172269583598494336E+03    0.134793573110968712E+01    0.897919433180286219E+00    0.158843024267921355E+08    0.240449577214425744E+03   -0.120224788607212872E+03
    0.173911768639678343E+03    0.135428992003490922E+01    0.769059936391698562E+00    0.120789659893109407E+08    0.241053288930844360E+03   -0.120526644465422180E+03
    0.187803966472987184E+03    0.134284380012722249E+01    0.162081619117383724E+00    0.138556076480139066E+08    0.239958152233126498E+03   -0.119979076116563249E+03
    0.118900520680577031E+03    0.135758214377646991E+01    0.272383376077226291E+01    0.237739703145790212E+08    0.241650938101554118E+03   -0.120825469050777059E+03
    0.161409344006460316E+03    0.135495401372967450E+01    0.280912731805299343E+01    0.280541728706694841E+08    0.241589865361431208E+03   -0.120794932680715604E+03
    0.133657594913726115E+03    0.134585499688106824E+01    0.195986454738967053E+01    0.229271963808665983E+08    0.240121503240280418E+03   -0.120060751620140209E+03
    0.106251163756242605E+03    0.133994219749390453E+01    0.448897435513102305E+01    0.131595933204851989E+08    0.239751950705748300E+03   -0.119875975352874150E+03
    0.143431370734220422E+03    0.134603615691587430E+01    0.368349329469471165E+01    0.117933922756649908E+08    0.241083930084843928E+03   -0.120541965042421964E+03
    0.142112234423327465E+03    0.134597498758103651E+01    0.410254689861787192E+01    0.207285903612150364E+08    0.240749271884434165E+03   -0.120374635942217083E+03
    0.136984266786146293E+03    0.135655344087140328E+01    0.289859436821307348E+01    0.218615547715451904E+08    0.241420462257532364E+03   -0.120710231128766182E+03
    0.166037667069939886E+03    0.134990008629479785E+01    0.186641175253432356E+01    0.113689824529365506E+08    0.241569914411134505E+03   -0.120784957205567252E+03
    0.167834109924755523E+03    0.134014363071398312E+01    0.490892016278783139E+01    0.165443857172951270E+08    0.241667766361847868E+03   -0.120833883180923934E+03
    0.128788228796408731E+03    0.135530361932062049E+01    0.222227872746560662E+01    0.187454424534631483E+08    0.241306939977250352E+03   -0.120653469988625176E+03
    0.142402795608465539E+03    0.134809019883812886E+01    0.577230737954698103E+01    0.299065503507044986E+08    0.241558141638090490E+03   -0.120779070819045245E+03
    0.107390957666104796E+03    0.135496310719731561E+01    0.283948670129751424E+01    0.125392884239795376E+08    0.240943762605005190E+03   -0.120471881302502595E+03
    0.110460031126956395E+03    0.135064639631951700E+01    0.262267172781026670E+01    0.194142312658984698E+08    0.241001138252921066E+03   -0.120500569126460533E+03
    0.935857811365119545E+02    0.135232325530329733E+01    0.281052770670354146E+01    0.143199978602991290E+08    0.240942131538179979E+03   -0.120471065769089989E+03
    0.138914212349774147E+03    0.135289432400142950E+01    0.351141241963826367E+01    0.129012306799149197E+08    0.240435190377987283E+03   -0.120217595188993641E+03
    0.181172601330478585E+03    0.134747987866309882E+01    0.177316975178656855E+01    0.130847993260770906E+08    0.240491058130083758E+03   -0.120245529065041879E+03
    0.141376128515344192E+03    0.135442483934615820E+01    0.356983520515409269E+01    0.367358427388062999E+08    0.241652800669004193E+03   -0.120826400334502097E+03
    0.934698853271706582E+02    0.135510025977917259E+01    0.369105432153330604E+01    0.136250471857960913E+08    0.241105445007110518E+03   -0.120552722503555259E+03
    0.147936949596998460E+03    0.135531251920522222E+01    0.302196406345410873E+01    0.196410626371599101E+08    0.241281444820279944E+03   -0.120640722410139972E+03
    0.118247237184045005E+03    0.136018169070228923E+01    0.102580385344514480E+01    0.206374685586692281E+08    0.241048863487609538E+03   -0.120524431743804769E+03
    0.105630931195193611E+03    0.136022263688818312E+01    0.820674586824821417E+00    0.195256722682374790E+08    0.241238934849275381E+03   -0.120619467424637691E+03
    0.132045349043839565E+03    0.136254840998635074E+01    0.702221586623967609E+00    0.136347814940736648E+08    0.240270266669605292E+03   -0.120135133334802646E+03
    0.108514953851974667E+03    0.136504967560581036E+01    0.186678210635573411E+00    0.188570365889288373E+08    0.241596679884421263E+03   -0.120798339942210632E+03
    0.134008552821609896E+03    0.136606435907027413E+01    0.221054199225465625E+00    0.203409747714285776E+08    0.241195209364916934E+03   -0.120597604682458467E+03
    0.122103451688928075E+03    0.136990680032983514E+01    0.447367570337388942E+00    0.140177095730818827E+08    0.240988644088265630E+03   -0.120494322044132815E+03
    0.137623475522528963E+03    0.136690918922064464E+01    0.269879751132797163E+00    0.202024342570893317E+08    0.241324030891192024E+03   -0.120662015445596012E+03
    0.132427383230313382E+03    0.135875827115958292E+01    0.237534653271904794E+01    0.137939891733864695E+08    0.240508593315249186E+03   -0.120254296657624593E+03
    0.111321031784920308E+03    0.135323944486924530E+01    0.104892727192359616E-01    0.219439958813891746E+08    0.240239893144336463E+03   -0.120119946572168232E+03
    0.817858808844721068E+02    0.136647065652505861E+01    0.144150712293262506E+01    0.131054747365460638E+08    0.241657134248800048E+03   -0.120828567124400024E+03
    0.142167763423264716E+03    0.135930665175351639E+01    0.135302912554760502E+01    0.224294998622523434E+08    0.241088980183401304E+03   -0.120544490091700652E+03
    0.110027677105157366E+03    0.135483344056492183E+01    0.394830640909117614E+01    0.363886477237218544E+08    0.241460681229025397E+03   -0.120730340614512698E+03
    0.700238816475076788E+02    0.135513066053237452E+01    0.146461100708104419E+00    0.382445139313223138E+08    0.241290826595926234E+03   -0.120645413297963117E+03
    0.100785831355336171E+03    0.135771773828561582E+01    0.210442602137217971E+01    0.407500132425248101E+08    0.241245407916984163E+03   -0.120622703958492082E+03
    0.108056570411622729E+03    0.135166339612253195E+01    0.772366573409334456E+00    0.388710730728639439E+08    0.240287177855922835E+03   -0.120143588927961417E+03
    0.852437118980612922E+02    0.135556179118244047E+01    0.111687902150034235E+01    0.494522438300800696E+08    0.241489783780228038E+03   -0.120744891890114019E+03
    0.106387732895183774E+03    0.135415479189874710E+01    0.313243766512088850E+01    0.418039438087984994E+08    0.241299678337558760E+03   -0.120649839168779380E+03
    0.101098943097775873E+03    0.135838741152188347E+01    0.117588791564721507E+01    0.486965882121218666E+08    0.241391136012772677E+03   -0.120695568006386338E+03
    0.113696883326418856E+03    0.136099222785367524E+01    0.876313502625953755E+00    0.246562115222604200E+08    0.241232175834890000E+03   -0.120616087917445000E+03
    0.954421870896319859E+02    0.134743917536900604E+01    0.282542122327910183E+01    0.358656470345385745E+08    0.240740749303169025E+03   -0.120370374651584513E+03
    0.143725669760623902E+03    0.135674149432608759E+01    0.373852763476636041E+00    0.357648981455149055E+08    0.240846643850594745E+03   -0.120423321925297373E+03
    0.113527546332661402E+03    0.136093751176448485E+01    0.891293648466601529E+00    0.277067058591665700E+08    0.241048031750654900E+03   -0.120524015875327450E+03
    0.104538556501960898E+03    0.136339844182686365E+01    0.115810218987822511E+01    0.415665095823218599E+08    0.241357242746092311E+03   -0.120678621373046155E+03
    0.132891343319219658E+03    0.134495987632983827E+01    0.808256359726401641E+00    0.353444523470278978E+08    0.239845251086656134E+03   -0.119922625543328067E+03
    0.128823003899842291E+03    0.136290391802594724E+01    0.136969908813737118E+01    0.297418886610510275E+08    0.241268836710673838E+03   -0.120634418355336919E+03
    0.136558055877685547E+03    0.135391986370255513E+01    0.472086668014526367E+00    0.304146129759610854E+08    0.240048224661273053E+03   -0.120024112330636527E+03
    0.135163747813449419E+03    0.135556082964583102E+01    0.161092694913824785E+01    0.274990344764867127E+08    0.240739692150737199E+03   -0.120369846075368599E+03
    0.128631945502065889E+03    0.136120135965087874E+01    0.226560751990709264E+01    0.260502640043192953E+08    0.241681528838827546E+03   -0.120840764419413773E+03
    0.128367548266914667E+03    0.135509929144943042E+01    0.901607377666296950E+00    0.409715419722726122E+08    0.240760137949061544E+03   -0.120380068974530772E+03
    0.123956157049100582E+03    0.135081129717692150E+01    0.278786221705929593E+00    0.361061845763376653E+08    0.239941071774558083E+03   -0.119970535887279041E+03
    0.131031083714919021E+03    0.134966359322606078E+01    0.304075633132047107E+01    0.298234829800851047E+08    0.240599763518836795E+03   -0.120299881759418398E+03
    0.170725155363601999E+03    0.135398840596384562E+01    0.112900152326993286E+01    0.311703233235597350E+08    0.241563674551730514E+03   -0.120781837275865257E+03
    0.120805197157439764E+03    0.136835870986622443E+01    0.960416492503041397E+00    0.348618135171002671E+08    0.241668461826684791E+03   -0.120834230913342395E+03
    0.124776747989127884E+03    0.135660450850038106E+01    0.111585513626843325E+01    0.330844765873641931E+08    0.240518095812196179E+03   -0.120259047906098090E+03
    0.109744926045914212E+03    0.136477336303411456E+01    0.143460796523257605E+01    0.428801602866484299E+08    0.241646168770143106E+03   -0.120823084385071553E+03
    0.913505364352325557E+02    0.136212853300329972E+01    0.262660985521030454E+00    0.279547991634771116E+08    0.241417506983072627E+03   -0.120708753491536314E+03
    0.823500307470011847E+02    0.134042403133009302E+01    0.305737752794543960E+00    0.336874970832581967E+08    0.240179797850178090E+03   -0.120089898925089045E+03
    0.171815852011261768E+03    0.136112048190618551E+01    0.822801467745415682E-01    0.265399250557935685E+08    0.241623901003658830E+03   -0.120811950501829415E+03
    0.796614256895763475E+02    0.134825088248958647E+01    0.115391367274173628E+01    0.419531630246969983E+08    0.241021389959813774E+03   -0.120510694979906887E+03
    0.949374486255820642E+02    0.135842919328494793E+01    0.747247472942982660E+00    0.474613978123243749E+08    0.241222417960186448E+03   -0.120611208980093224E+03
    0.886578366940105838E+02    0.135838241092657253E+01    0.513050849251964314E+00    0.392446471637996808E+08    0.240917115112399614E+03   -0.120458557556199807E+03
    0.690298547180961748E+02    0.135343675208138392E+01    0.251660799029855865E-01    0.503659915670196339E+08    0.241689764701475809E+03   -0.120844882350737905E+03
    0.899517156220015579E+02    0.135169723387847429E+01    0.208701239013847317E+01    0.444043751248427853E+08    0.241182016672762529E+03   -0.120591008336381265E+03
    0.930105668646339581E+02    0.136534748528189342E+01    0.102042094515172632E+01    0.404051890719002634E+08    0.241518407635084628E+03   -0.120759203817542314E+03
    0.143614531453027325E+03    0.136435719542321165E+01    0.833184596369408004E+00    0.315381725019194894E+08    0.241613169263584950E+03   -0.120806584631792475E+03
