    0.460248318197413795E+02    0.989158780806081106E+00    0.593387680048516017E+02    0.219080027953883696E+10    0.250333486913880563E+03   -0.125166743456940281E+03
    0.165652793099206868E+02    0.103941120358809380E+01    0.235087978233083348E+02    0.216352899388197136E+10    0.245574012158324621E+03   -0.122787006079162310E+03
    0.211160401125867097E+02    0.102040687632284977E+01    0.891344083071330040E+01    0.422173219538715887E+10    0.242731597011275483E+03   -0.121365798505637741E+03
    0.187638414788956398E+01    0.102491338812657129E+01    0.463670096007898280E+02    0.229595934428447533E+10    0.239206989904274565E+03   -0.119603494952137282E+03
    0.585186307439815856E+01    0.978694533622650575E+00    0.370356925323422601E+02    0.453495211512067604E+10    0.239203901052901983E+03   -0.119601950526450992E+03
    0.238725248753200390E+02    0.100694477668247240E+01    0.741857039794476378E+02    0.498481444403011703E+10    0.239117198741277662E+03   -0.119558599370638831E+03
    0.668965727332998750E+01    0.103049692858809250E+01    0.139005940479051411E+02    0.476733576188663769E+10    0.238960323378867031E+03   -0.119480161689433515E+03
    0.263179819726401121E+02    0.102465974998109055E+01    0.341046990468647095E+02    0.535643074596478748E+10    0.238815082920838222E+03   -0.119407541460419111E+03
    0.236961746950430978E+02    0.100269692297854873E+01    0.654981082847475875E+02    0.349374939365989304E+10    0.238655877766328331E+03   -0.119327938883164165E+03
    0.100653704077448189E+02    0.988203238317079125E+00    0.537895963134783912E+02    0.174769500868582129E+10    0.238508453617111172E+03   -0.119254226808555586E+03
    0.196001023968131634E+02    0.102002673848742709E+01    0.432510512666443461E+02    0.124054016962739038E+10    0.238298838764844760E+03   -0.119149419382422380E+03
    0.719442780737373866E+01    0.103386835718127412E+01    0.318108382266080802E+02    0.457327814155891609E+10    0.238066404956427107E+03   -0.119033202478213553E+03
    0.282644445359321139E+02    0.100515508579714896E+01    0.628813389248368679E+02    0.216182111191399384E+10    0.237975216106265577E+03   -0.118987608053132789E+03
    0.812165819582246584E+01    0.102173817932681810E+01    0.253088937493163684E+02    0.266060999026078367E+10    0.237712655822923296E+03   -0.118856327911461648E+03
    0.340025691560038794E+02    0.101264288967241955E+01    0.576651233815541602E+02    0.214980718842023420E+10    0.237597769859152777E+03   -0.118798884929576388E+03
    0.893513593597931255E+01    0.987987763341010461E+00    0.523774098957129794E+02    0.149531740120100832E+10    0.237542998624842539E+03   -0.118771499312421270E+03
    0.108983920095387425E+02    0.101984188253000529E+01    0.232705758853543649E+02    0.170795970496934080E+10    0.237443684431344877E+03   -0.118721842215672439E+03
    0.850855266599379867E+01    0.990596984791144441E+00    0.332416346046972819E+02    0.159181457800115299E+10    0.237399957012233045E+03   -0.118699978506116523E+03
    0.279411608828259084E+02    0.100497277709640009E+01    0.566434087146110770E+02    0.239255500431070375E+10    0.237303788397555309E+03   -0.118651894198777654E+03
    0.149760048619717754E+02    0.101914738666398064E+01    0.249998734567379266E+02    0.196228213578652525E+10    0.237299178629621338E+03   -0.118649589314810669E+03
    0.353724877316746387E+02    0.100744597684133330E+01    0.567432906620462063E+02    0.293568319335011053E+10    0.237177968306349442E+03   -0.118588984153174721E+03
    0.137352825587668121E+02    0.990854439713668711E+00    0.398820914077620401E+02    0.353523912663109636E+10    0.236840757210733045E+03   -0.118420378605366523E+03
    0.139131313681244659E+02    0.990316333125694004E+00    0.402656438501103011E+02    0.361955431975147390E+10    0.236759200806796855E+03   -0.118379600403398427E+03
    0.296251177787780762E+02    0.100378301419507032E+01    0.563860177993774414E+02    0.100818953425186861E+10    0.236678829245349903E+03   -0.118339414622674951E+03
    0.370954520913709729E+02    0.100338585733512753E+01    0.432734332216391664E+02    0.386220277927452898E+10    0.236641092464861600E+03   -0.118320546232430800E+03
    0.841969078834622842E+01    0.999081428532988314E+00    0.601280158039695820E+02    0.196195036469641709E+10    0.236409200643899908E+03   -0.118204600321949954E+03
    0.112303578670461803E+02    0.100456046580039993E+01    0.221105108023831889E+02    0.282133903419897127E+10    0.236325276961149939E+03   -0.118162638480574969E+03
    0.202516927929300259E+02    0.999272357885701790E+00    0.376128103218718053E+02    0.139955085803728533E+10    0.236284827303200871E+03   -0.118142413651600435E+03
    0.222052087588803744E+02    0.996834516672654769E+00    0.409942857436498826E+02    0.113246498974809694E+10    0.236246053882498586E+03   -0.118123026941249293E+03
    0.311274077564721985E+02    0.101929128996944129E+01    0.397200766764320292E+02    0.550644891531246567E+10    0.236022283599018380E+03   -0.118011141799509190E+03
    0.268102855794538293E+02    0.100692092008489409E+01    0.311797106121035448E+02    0.190052260849550557E+10    0.235973909327510512E+03   -0.117986954663755256E+03
    0.199588348897899301E+02    0.100573503022517796E+01    0.683131504609022215E+02    0.159120642522373605E+10    0.235944530701181122E+03   -0.117972265350590561E+03
    0.102793756262617819E+02    0.995152660822272939E+00    0.492220958109212745E+02    0.312137325035619593E+10    0.235910449352386280E+03   -0.117955224676193140E+03
    0.151785602663249435E+02    0.102398495278684676E+01    0.387826288569837914E+02    0.537411778708977985E+10    0.235875509172421232E+03   -0.117937754586210616E+03
    0.103028383473223037E+02    0.100344181587356807E+01    0.235334327117001614E+02    0.152638474202279377E+10    0.235873908939096907E+03   -0.117936954469548454E+03
    0.176066650418336081E+02    0.101093996328361291E+01    0.646840854337502549E+02    0.243441048452226019E+10    0.235648701361007141E+03   -0.117824350680503571E+03
    0.271380147793730373E+02    0.100338948567165898E+01    0.365568944450041613E+02    0.157331454299055147E+10    0.235535106002433878E+03   -0.117767553001216939E+03
    0.340785933433734414E+02    0.100480642231614925E+01    0.500563198426224858E+02    0.383571021588136435E+10    0.235427580832336844E+03   -0.117713790416168422E+03
    0.437143920326633140E+01    0.102556083491804606E+01    0.252037141537656062E+02    0.440473610769800758E+10    0.235320454061199712E+03   -0.117660227030599856E+03
    0.190167324376223306E+02    0.100228587182848239E+01    0.634922488769048883E+02    0.562862747530282402E+10    0.235318889041846717E+03   -0.117659444520923358E+03
    0.614291339262286407E+01    0.996475144681248537E+00    0.525391211232537430E+02    0.149664213631786489E+10    0.235317529176278981E+03   -0.117658764588139491E+03
    0.379540959909187903E+01    0.102425530418813482E+01    0.399767453473473395E+02    0.396672985494374466E+10    0.235304812767677532E+03   -0.117652406383838766E+03
    0.328911596407911233E+02    0.101441061916333131E+01    0.408827763079994710E+02    0.145805355106169248E+10    0.235296032222989083E+03   -0.117648016111494542E+03
    0.280685882292990705E+02    0.100381772755289012E+01    0.501083675338286696E+02    0.101206737634556234E+10    0.235245866042692853E+03   -0.117622933021346427E+03
    0.109021161043625412E+02    0.101412265674418234E+01    0.239881367222944242E+02    0.267275684277348995E+10    0.235077099157467444E+03   -0.117538549578733722E+03
    0.186624188490477572E+02    0.997036783074777944E+00    0.314770315705699311E+02    0.517873420169986725E+10    0.235077079067989871E+03   -0.117538539533994935E+03
    0.237187318024910532E+02    0.101150511297082213E+01    0.615087770663635709E+02    0.208764727852101946E+10    0.234983953970929520E+03   -0.117491976985464760E+03
    0.188677558634840281E+01    0.100811748281652735E+01    0.400985728146994802E+02    0.759990943001232266E+09    0.234947930673436815E+03   -0.117473965336718408E+03
    0.327644159809248947E+02    0.101458395846716298E+01    0.358601440011044232E+02    0.360264075153005457E+10    0.234923952081270414E+03   -0.117461976040635207E+03
    0.310600155454371176E+02    0.101372298891034474E+01    0.585779889632194397E+02    0.522405767103943348E+10    0.234848081658103411E+03   -0.117424040829051705E+03
    0.105353495718960524E+02    0.100755913348565063E+01    0.203942412857450748E+02    0.299994234903077126E+10    0.234840324823167208E+03   -0.117420162411583604E+03
    0.149512649532064668E+02    0.100840961222727454E+01    0.471975323373904274E+02    0.780953093134645343E+09    0.234789382397622262E+03   -0.117394691198811131E+03
    0.114065128623565375E+02    0.100354075526229969E+01    0.235495441587929726E+02    0.112923498704999900E+10    0.234701146757884970E+03   -0.117350573378942485E+03
    0.298364888352198712E+02    0.101398688320619756E+01    0.321297959179512347E+02    0.332963171338269138E+10    0.234640417754542511E+03   -0.117320208877271256E+03
    0.136622101136083849E+02    0.100823830603244269E+01    0.395369521241402566E+02    0.845050390576079607E+09    0.234611919835431735E+03   -0.117305959917715867E+03
    0.281658645483689218E+01    0.999243045487672066E+00    0.526428519844480221E+02    0.225016571034554434E+10    0.234506181519689505E+03   -0.117253090759844753E+03
    0.172016477409733359E+01    0.998426241637866196E+00    0.297169312699931751E+02    0.290291259725625324E+10    0.234478488862314293E+03   -0.117239244431157147E+03
    0.533319449146636693E+01    0.101227575471126863E+01    0.649668938005035841E+02    0.129302382489165926E+10    0.234459050289590834E+03   -0.117229525144795417E+03
    0.358877564180636721E+01    0.100324193227243819E+01    0.651985316501640568E+02    0.380514201840268421E+10    0.234326565041291730E+03   -0.117163282520645865E+03
    0.971102767817349566E+01    0.100035367411715526E+01    0.337556356698216291E+02    0.104239441301812053E+10    0.234254051667360955E+03   -0.117127025833680477E+03
    0.298867265634150101E+02    0.101212478578791787E+01    0.408095215921363135E+02    0.165746241476372147E+10    0.234187349820501254E+03   -0.117093674910250627E+03
    0.724845368414749558E+01    0.998639184813139957E+00    0.552510875205143606E+02    0.422587078882100439E+10    0.234159918707345668E+03   -0.117079959353672834E+03
    0.245496300723892915E+02    0.100795074050796396E+01    0.239254543910495059E+02    0.494823131893183899E+10    0.234032265041732330E+03   -0.117016132520866165E+03
    0.137569637573351322E+02    0.101663034765440519E+01    0.585025955819463590E+02    0.445282300315945339E+10    0.234013705283587825E+03   -0.117006852641793913E+03
    0.117303478797715286E+02    0.100918811112334161E+01    0.686548004974058586E+02    0.181779136262959003E+10    0.234006682389802023E+03   -0.117003341194901012E+03
    0.417439062608480249E+01    0.101957591047348894E+01    0.198850963768441105E+02    0.458564136761693287E+10    0.233818161323557717E+03   -0.116909080661778859E+03
    0.361681197791040931E+01    0.102140181926808649E+01    0.225663409295177075E+02    0.475017471075711918E+10    0.233738712300135091E+03   -0.116869356150067546E+03
    0.316045060832061679E+02    0.101153391306941631E+01    0.532244455361610136E+02    0.422208949350254107E+10    0.233705346351030357E+03   -0.116852673175515179E+03
    0.275351303267424008E+02    0.100534931594627408E+01    0.513856282333436170E+02    0.110091874690268731E+10    0.233696012448547975E+03   -0.116848006224273988E+03
    0.177351729656893724E+02    0.100194140567934609E+01    0.493778873424952423E+02    0.105045609579506314E+10    0.233676311889714668E+03   -0.116838155944857334E+03
    0.283940641370595621E+02    0.100972092801599578E+01    0.512889895360391321E+02    0.185310893417641997E+10    0.233570421256440966E+03   -0.116785210628220483E+03
    0.205241903958130862E+02    0.101742422906599539E+01    0.433671470482659771E+02    0.332498402644013548E+10    0.233518777565331106E+03   -0.116759388782665553E+03
    0.664676141482846905E+01    0.100026359834724077E+01    0.558783532720008225E+02    0.148456700774937987E+10    0.233511235759119756E+03   -0.116755617879559878E+03
    0.445173934366354662E+00    0.101998868062600145E+01    0.402895314607988766E+02    0.111075321403815746E+10    0.233488956508030611E+03   -0.116744478254015306E+03
    0.114464214187254480E+02    0.101411558230409327E+01    0.199495455050462667E+02    0.387564212756957483E+10    0.233466762416195877E+03   -0.116733381208097938E+03
    0.773683464867701609E+01    0.101005052845340959E+01    0.205899576350656446E+02    0.350556205749346542E+10    0.233456069271862589E+03   -0.116728034635931294E+03
    0.163073875393533640E+02    0.101270735593191707E+01    0.546241824327678529E+02    0.940927735891582608E+09    0.233446593352885031E+03   -0.116723296676442516E+03
    0.163073875393533640E+02    0.101270735593191707E+01    0.546241824327678529E+02    0.940927735891582608E+09    0.233446593352885031E+03   -0.116723296676442516E+03
    0.101583634925059183E+02    0.100230177212756333E+01    0.517630585186411167E+02    0.271908105418359423E+10    0.233375582495465522E+03   -0.116687791247732761E+03
    0.232984641331333862E+02    0.100954486147178479E+01    0.603192710562164365E+02    0.378846966522856951E+10    0.233231631557117680E+03   -0.116615815778558840E+03
    0.228586998092483320E+02    0.101035289608212109E+01    0.432545943073912795E+02    0.257020470281109810E+10    0.233201874151303571E+03   -0.116600937075651785E+03
    0.562891624807377422E+01    0.100812403588851551E+01    0.267423071162199655E+02    0.207430200796484685E+10    0.233194018912480828E+03   -0.116597009456240414E+03
    0.143287415355644505E+02    0.100135381412774938E+01    0.327301662166550642E+02    0.352686545999777317E+10    0.233175957382494516E+03   -0.116587978691247258E+03
    0.827156627056889349E+01    0.101004872737738949E+01    0.414897298948043982E+02    0.863640687755537748E+09    0.233159884695075306E+03   -0.116579942347537653E+03
    0.175157272678234612E+02    0.100395296602908490E+01    0.395617177206386970E+02    0.197311688205068922E+10    0.233132397288471054E+03   -0.116566198644235527E+03
    0.868238027540474633E+01    0.100286929660349866E+01    0.332991386393962188E+02    0.103739476886323583E+10    0.233099682416402970E+03   -0.116549841208201485E+03
    0.132001501453716266E+02    0.100099865813358835E+01    0.492188319328216082E+02    0.118214828694079947E+10    0.233075560464445005E+03   -0.116537780232222502E+03
    0.132001501453716266E+02    0.100099865813358835E+01    0.492188319328216082E+02    0.118214828694079947E+10    0.233075560464445005E+03   -0.116537780232222502E+03
    0.828319088524736635E+01    0.100037355581719267E+01    0.271822068005122972E+02    0.432270514059017944E+10    0.233053055485751685E+03   -0.116526527742875842E+03
    0.294925974572726046E+01    0.101833121894565237E+01    0.340289558821301483E+02    0.109008205962726259E+10    0.233052027421644226E+03   -0.116526013710822113E+03
    0.294925974572726046E+01    0.101833121894565237E+01    0.340289558821301483E+02    0.109008205962726259E+10    0.233052027421644226E+03   -0.116526013710822113E+03
    0.315171661098212308E+01    0.100831629415695523E+01    0.451412069693584854E+02    0.805195625245774388E+09    0.233014170765011926E+03   -0.116507085382505963E+03
    0.199379771414434295E+02    0.101324034986652523E+01    0.415525769548714763E+02    0.234567117285341072E+10    0.232936602183357252E+03   -0.116468301091678626E+03
    0.240539244819184228E+01    0.101493504907505261E+01    0.203951822303780368E+02    0.342080692817841053E+10    0.232932224796834589E+03   -0.116466112398417295E+03
    0.304895561832548516E+02    0.100896598496236556E+01    0.502159546894428246E+02    0.392471959223523474E+10    0.232891143305699359E+03   -0.116445571652849679E+03
    0.202767665159286850E+02    0.101217789149238246E+01    0.437834807686989436E+02    0.242013130777354527E+10    0.232847610852045307E+03   -0.116423805426022653E+03
    0.133301187349685417E+02    0.101432256947889976E+01    0.611961763601213775E+02    0.428320734989324331E+10    0.232823613109572307E+03   -0.116411806554786153E+03
    0.133301187349685417E+02    0.101432256947889976E+01    0.611961763601213775E+02    0.428320734989324331E+10    0.232823613109572307E+03   -0.116411806554786153E+03
    0.661966953329165886E+01    0.101045352684798084E+01    0.220884762823837555E+02    0.308792831646220922E+10    0.232817854187377804E+03   -0.116408927093688902E+03
    0.197541333813508722E+02    0.100907883021958522E+01    0.434385557815051939E+02    0.961310563519308090E+09    0.232815094818248781E+03   -0.116407547409124390E+03
    0.197338595020651475E+02    0.101367597457518177E+01    0.607288630360760990E+02    0.511164830539159012E+10    0.232794849480663061E+03   -0.116397424740331530E+03
    0.197338595020651475E+02    0.101367597457518177E+01    0.607288630360760990E+02    0.511164830539159012E+10    0.232794849480663061E+03   -0.116397424740331530E+03
    0.243918948437717660E+02    0.101330778703081226E+01    0.529640362151868729E+02    0.155882330827050591E+10    0.232779868969262708E+03   -0.116389934484631354E+03
    0.733786578803037237E+01    0.101387637635028782E+01    0.629836916300020562E+02    0.141305889338608241E+10    0.232755345752166363E+03   -0.116377672876083182E+03
    0.656551575142103871E+01    0.100674396602307170E+01    0.668765157918444686E+02    0.159291196734795165E+10    0.232692345611863715E+03   -0.116346172805931857E+03
    0.656551575142103871E+01    0.100674396602307170E+01    0.668765157918444686E+02    0.159291196734795165E+10    0.232692345611863715E+03   -0.116346172805931857E+03
    0.403987134923746449E+01    0.100315482934654554E+01    0.589065043522888772E+02    0.189860146025606251E+10    0.232635899981255562E+03   -0.116317949990627781E+03
    0.210760555418163520E+01    0.100085958723098667E+01    0.342895768577573747E+02    0.285063038320934486E+10    0.232615711903988142E+03   -0.116307855951994071E+03
    0.210760555418163520E+01    0.100085958723098667E+01    0.342895768577573747E+02    0.285063038320934486E+10    0.232615711903988142E+03   -0.116307855951994071E+03
    0.890304736493802196E+01    0.101608937577928882E+01    0.488265334341791402E+02    0.253686704632723761E+10    0.232564211332207293E+03   -0.116282105666103647E+03
    0.217485053452020782E+01    0.100463997220808809E+01    0.639953987867917036E+02    0.113580800126932359E+10    0.232532327102485340E+03   -0.116266163551242670E+03
    0.217485053452020782E+01    0.100463997220808809E+01    0.639953987867917036E+02    0.113580800126932359E+10    0.232532327102485340E+03   -0.116266163551242670E+03
    0.583401528348062026E+01    0.101707491383345072E+01    0.355737463839866734E+02    0.119822766347448730E+10    0.232512206497804527E+03   -0.116256103248902264E+03
    0.300902959640424079E+02    0.100949978171887222E+01    0.479187452388628401E+02    0.388274569953312540E+10    0.232488176662438178E+03   -0.116244088331219089E+03
    0.300902959640424079E+02    0.100949978171887222E+01    0.479187452388628401E+02    0.388274569953312540E+10    0.232488176662438178E+03   -0.116244088331219089E+03
    0.280181614579898977E+02    0.100913581223237903E+01    0.400743448734011949E+02    0.357385331172694635E+10    0.232467864429442216E+03   -0.116233932214721108E+03
    0.280181614579898977E+02    0.100913581223237903E+01    0.400743448734011949E+02    0.357385331172694635E+10    0.232467864429442216E+03   -0.116233932214721108E+03
    0.251365935718011002E+02    0.100576650351394647E+01    0.325640810501786362E+02    0.458186341163843250E+10    0.232437028133489065E+03   -0.116218514066744532E+03
    0.189872211625694405E+02    0.100727734247553480E+01    0.505507426341220452E+02    0.227406591017471170E+10    0.232415310775049846E+03   -0.116207655387524923E+03
    0.242370643639816592E+02    0.101128874824715331E+01    0.436582553096649875E+02    0.182105823789063191E+10    0.232403493507587598E+03   -0.116201746753793799E+03
    0.242370643639816592E+02    0.101128874824715331E+01    0.436582553096649875E+02    0.182105823789063191E+10    0.232403493507587598E+03   -0.116201746753793799E+03
    0.614680388859604498E+01    0.101943086347276690E+01    0.463226577528380048E+02    0.443203903788591766E+10    0.232370667320442465E+03   -0.116185333660221232E+03
    0.156695151185042612E+02    0.100570100913743010E+01    0.396831745315785795E+02    0.269642808920836449E+10    0.232370524742349289E+03   -0.116185262371174645E+03
    0.172294288658495915E+02    0.100815105057822718E+01    0.595837210054909434E+02    0.139490489986898065E+10    0.232363724731356683E+03   -0.116181862365678342E+03
    0.172294288658495915E+02    0.100815105057822718E+01    0.595837210054909434E+02    0.139490489986898065E+10    0.232363724731356683E+03   -0.116181862365678342E+03
    0.341187774750365636E+01    0.100538648574186884E+01    0.414980157113144443E+02    0.128814064527533484E+10    0.232360547192058618E+03   -0.116180273596029309E+03
    0.193835724774296985E+02    0.101288433964560221E+01    0.362890174739165872E+02    0.175308368842197871E+10    0.232346267027949295E+03   -0.116173133513974648E+03
    0.381714639259213318E+01    0.101976624184083620E+01    0.275566905013191850E+02    0.380163886865590715E+10    0.232340382209182849E+03   -0.116170191104591424E+03
    0.192160913651355720E+02    0.100472162127131859E+01    0.264204522188406514E+02    0.550423680427549744E+10    0.232322854500765629E+03   -0.116161427250382815E+03
    0.192160913651355720E+02    0.100472162127131859E+01    0.264204522188406514E+02    0.550423680427549744E+10    0.232322854500765629E+03   -0.116161427250382815E+03
    0.911591200719177053E+01    0.101640948776975981E+01    0.325812179934966153E+02    0.155888274348382020E+10    0.232319274279347212E+03   -0.116159637139673606E+03
    0.389669999702370529E+01    0.100432588151485325E+01    0.345546459963495423E+02    0.245439137517191124E+10    0.232315846073074681E+03   -0.116157923036537341E+03
    0.101822228957724068E+02    0.101287514374619825E+01    0.251855550633408463E+02    0.301734967972608948E+10    0.232268234127058008E+03   -0.116134117063529004E+03
    0.101822228957724068E+02    0.101287514374619825E+01    0.251855550633408463E+02    0.301734967972608948E+10    0.232268234127058008E+03   -0.116134117063529004E+03
    0.158402639512057526E+02    0.100799687076172928E+01    0.367094061363127082E+02    0.216360019838494921E+10    0.232247970976900547E+03   -0.116123985488450273E+03
    0.917691941072173911E+01    0.100338115345052192E+01    0.346394736587433414E+02    0.161452880183846021E+10    0.232200792290792492E+03   -0.116100396145396246E+03
    0.311146659476079073E+02    0.100972931860629389E+01    0.437266739035690932E+02    0.453688816755235386E+10    0.232184033692514362E+03   -0.116092016846257181E+03
    0.700256197945398551E+01    0.101545213107706700E+01    0.219304667108242057E+02    0.395246520831893253E+10    0.232159872251429050E+03   -0.116079936125714525E+03
    0.100136503409902762E+02    0.101290043366779736E+01    0.326771696741364721E+02    0.260522974653744316E+10    0.232140344588023368E+03   -0.116070172294011684E+03
    0.921408973239068807E+01    0.100386521521918759E+01    0.573312473803738172E+02    0.315598433756779337E+10    0.232126375024207789E+03   -0.116063187512103895E+03
    0.495677981167377713E+01    0.100302144858820741E+01    0.378427002124722094E+02    0.214502373221432161E+10    0.232122769512922844E+03   -0.116061384756461422E+03
    0.495677981167377713E+01    0.100302144858820741E+01    0.378427002124722094E+02    0.214502373221432161E+10    0.232122769512922844E+03   -0.116061384756461422E+03
    0.556182659381951527E+01    0.100891946406220545E+01    0.658731498705536325E+02    0.419062788187919855E+10    0.232115669374268123E+03   -0.116057834687134061E+03
    0.332747075288549921E+01    0.100181375675678308E+01    0.383577782100007667E+02    0.198990298918918943E+10    0.232110105386728748E+03   -0.116055052693364374E+03
    0.233265701493209683E+02    0.100881488712823542E+01    0.433296069173693041E+02    0.169344078904160237E+10    0.232101368852768900E+03   -0.116050684426384450E+03
    0.233265701493209683E+02    0.100881488712823542E+01    0.433296069173693041E+02    0.169344078904160237E+10    0.232101368852768900E+03   -0.116050684426384450E+03
    0.253204867858343974E+01    0.100024832027351795E+01    0.436620627386874602E+02    0.163962398604677153E+10    0.232095180865856037E+03   -0.116047590432928018E+03
    0.103581597447058602E+02    0.100836387680003869E+01    0.622997213095446085E+02    0.198215086157933283E+10    0.232066825080420045E+03   -0.116033412540210023E+03
    0.739726262136231760E+01    0.100509483358916052E+01    0.496086595071687313E+02    0.957877869873850226E+09    0.232044373337386787E+03   -0.116022186668693394E+03
    0.164480338137077418E+02    0.100910139543389588E+01    0.278718618387925723E+02    0.327309680043265629E+10    0.232030716058364845E+03   -0.116015358029182423E+03
    0.203028319869188643E+02    0.100423688870138217E+01    0.452771921404991815E+02    0.320557993908214045E+10    0.231995356947079529E+03   -0.115997678473539764E+03
    0.190477516287545683E+02    0.101245923680800076E+01    0.300008547093556963E+02    0.330268330782231760E+10    0.231944944798436353E+03   -0.115972472399218177E+03
    0.593191824820889568E+01    0.101287721702176503E+01    0.209320836540056767E+02    0.435522029304146194E+10    0.231907242093584188E+03   -0.115953621046792094E+03
    0.894043458024550830E+01    0.100903922937422763E+01    0.602595871157456813E+02    0.277977556541574764E+10    0.231899639441980469E+03   -0.115949819720990234E+03
    0.894043458024550830E+01    0.100903922937422763E+01    0.602595871157456813E+02    0.277977556541574764E+10    0.231899639441980469E+03   -0.115949819720990234E+03
    0.188393071082292245E+02    0.100946131009574724E+01    0.474114868761163848E+02    0.224895143061248255E+10    0.231882762284054110E+03   -0.115941381142027055E+03
    0.123940724302820264E+02    0.101179525348470634E+01    0.606631121474116810E+02    0.184612271180503821E+10    0.231852883342097641E+03   -0.115926441671048821E+03
    0.142783094033094695E+02    0.101574450179958964E+01    0.508234788990343347E+02    0.152276053040337992E+10    0.231833601375110334E+03   -0.115916800687555167E+03
    0.133049363280622259E+02    0.101441823886108917E+01    0.386629678558042613E+02    0.215920071390445614E+10    0.231795608995435032E+03   -0.115897804497717516E+03
    0.133049363280622259E+02    0.101441823886108917E+01    0.386629678558042613E+02    0.215920071390445614E+10    0.231795608995435032E+03   -0.115897804497717516E+03
    0.526965855401556826E+01    0.100854601036360192E+01    0.649437832119829181E+02    0.409390954305239534E+10    0.231792560376654080E+03   -0.115896280188327040E+03
    0.103282043353079427E+02    0.101305613944212025E+01    0.598834753981280059E+02    0.315018286091250706E+10    0.231781036501717665E+03   -0.115890518250858833E+03
    0.103282043353079427E+02    0.101305613944212025E+01    0.598834753981280059E+02    0.315018286091250706E+10    0.231781036501717665E+03   -0.115890518250858833E+03
    0.163572022403093911E+02    0.101525161833694511E+01    0.433460742560841155E+02    0.178335848477964067E+10    0.231758272035153425E+03   -0.115879136017576712E+03
    0.163572022403093911E+02    0.101525161833694511E+01    0.433460742560841155E+02    0.178335848477964067E+10    0.231758272035153425E+03   -0.115879136017576712E+03
    0.551443524542098817E+01    0.101497659709648702E+01    0.500900548472466340E+02    0.123992134099919176E+10    0.231756747585522476E+03   -0.115878373792761238E+03
    0.551443524542098817E+01    0.101497659709648702E+01    0.500900548472466340E+02    0.123992134099919176E+10    0.231756747585522476E+03   -0.115878373792761238E+03
    0.421525759789730226E+00    0.100743085881365513E+01    0.355906339356076487E+02    0.966277188381282568E+09    0.231751419566406781E+03   -0.115875709783203391E+03
    0.241630028951532694E+01    0.101068719506079474E+01    0.297644127485283470E+02    0.256802329721703291E+10    0.231748669981280557E+03   -0.115874334990640278E+03
    0.132428612982449145E+02    0.100088093375155851E+01    0.482739170180960002E+02    0.476274518325992870E+10    0.231709909738367855E+03   -0.115854954869183928E+03
    0.165513620450422287E+02    0.101772119364789848E+01    0.380619006591396598E+02    0.444117452977710533E+10    0.231680212823596435E+03   -0.115840106411798217E+03
    0.165513620450422287E+02    0.101772119364789848E+01    0.380619006591396598E+02    0.444117452977710533E+10    0.231680212823596435E+03   -0.115840106411798217E+03
    0.167814829649634767E+02    0.100490531006681993E+01    0.349075425880765380E+02    0.346214423024059010E+10    0.231665665017288859E+03   -0.115832832508644429E+03
    0.167814829649634767E+02    0.100490531006681993E+01    0.349075425880765380E+02    0.346214423024059010E+10    0.231665665017288859E+03   -0.115832832508644429E+03
    0.191279882329865103E+02    0.100977221626404368E+01    0.379420291429332650E+02    0.167224056342149115E+10    0.231652121108327549E+03   -0.115826060554163774E+03
    0.103461663427929218E+01    0.100471115982666848E+01    0.312013236570372818E+02    0.153127235887398195E+10    0.231618902040527587E+03   -0.115809451020263793E+03
    0.199417525156529107E+01    0.100204497796031822E+01    0.448459178991485032E+02    0.206955699904143453E+10    0.231603143385589249E+03   -0.115801571692794624E+03
    0.200865282521591624E+02    0.100994831850217937E+01    0.540559728072466683E+02    0.180292127641313386E+10    0.231572873267792545E+03   -0.115786436633896272E+03
    0.750613908488319304E+01    0.100911547403660995E+01    0.331002330666915867E+02    0.248171371251316214E+10    0.231567114841672435E+03   -0.115783557420836217E+03
    0.232247494158762287E+02    0.101113101884673551E+01    0.307293868098543541E+02    0.461421280613758659E+10    0.231526867691110795E+03   -0.115763433845555397E+03
    0.246859986520192187E+02    0.100949272052790073E+01    0.458110559454544273E+02    0.111002715481494284E+10    0.231525561693026702E+03   -0.115762780846513351E+03
    0.112602456953361543E+02    0.101541678111063716E+01    0.469704005880137387E+02    0.105610638883321309E+10    0.231494879457560273E+03   -0.115747439728780137E+03
    0.211979371305655064E+02    0.100535897250709527E+01    0.532338121008067517E+02    0.464812795516922474E+10    0.231487731617204787E+03   -0.115743865808602393E+03
    0.559098271412126202E+01    0.100342193399195745E+01    0.569316736499886673E+02    0.111738420379538846E+10    0.231472067965686051E+03   -0.115736033982843026E+03
    0.665721832721967299E+01    0.101696187224417312E+01    0.483205209572583385E+02    0.304860467145690727E+10    0.231450608956292911E+03   -0.115725304478146455E+03
    0.665721832721967299E+01    0.101696187224417312E+01    0.483205209572583385E+02    0.304860467145690727E+10    0.231450608956292911E+03   -0.115725304478146455E+03
    0.102848797561151297E+02    0.100294261522998940E+01    0.499362115982495283E+02    0.154350964673912311E+10    0.231429127988813093E+03   -0.115714563994406546E+03
    0.320129164187874293E+01    0.100091249267117655E+01    0.485782638401616822E+02    0.315742743863658571E+10    0.231384057510429813E+03   -0.115692028755214906E+03
    0.281005264731595883E+01    0.101577064405892825E+01    0.493813053902845098E+02    0.103301977278128064E+10    0.231317153546717066E+03   -0.115658576773358533E+03
    0.115978207140556755E+02    0.100907963566972070E+01    0.628439242896245744E+02    0.467806080765809059E+10    0.231285479223576004E+03   -0.115642739611788002E+03
    0.992056462598614175E+01    0.100252393783250948E+01    0.417601873677511222E+02    0.117238968462272549E+10    0.231252097161338071E+03   -0.115626048580669035E+03
    0.104657056035701679E+02    0.101274209560633688E+01    0.371589017771320229E+02    0.224685358692923832E+10    0.231230295687074658E+03   -0.115615147843537329E+03
    0.104657056035701679E+02    0.101274209560633688E+01    0.371589017771320229E+02    0.224685358692923832E+10    0.231230295687074658E+03   -0.115615147843537329E+03
    0.234931048729032099E+02    0.101020874984550391E+01    0.428128918337016913E+02    0.111794951226602530E+10    0.231222868164009014E+03   -0.115611434082004507E+03
    0.360291862556915321E+01    0.101573437858814453E+01    0.474194252404923304E+02    0.265709783988175917E+10    0.231220600192846007E+03   -0.115610300096423003E+03
    0.237947626244206401E+01    0.101330576912990189E+01    0.330870257190447106E+02    0.237517262274389267E+10    0.231202857671824688E+03   -0.115601428835912344E+03
    0.665271169401801732E+01    0.101463161568580884E+01    0.382205866674500641E+02    0.243953886941925764E+10    0.231188832400422200E+03   -0.115594416200211100E+03
    0.786659542642856113E+01    0.100721049692983611E+01    0.605854995611513019E+02    0.186309204563222837E+10    0.231170472335240589E+03   -0.115585236167620295E+03
    0.237694867997097603E+00    0.100679957699652078E+01    0.256575473494800192E+02    0.310642669020064735E+10    0.231105610369171671E+03   -0.115552805184585836E+03
    0.167577046675537966E+01    0.101225664114133362E+01    0.303651921634634512E+02    0.192120097077835202E+10    0.231086577281343352E+03   -0.115543288640671676E+03
    0.164739677587569879E+02    0.101025823866512998E+01    0.354161734176579586E+02    0.291903861873697519E+10    0.231073001233786300E+03   -0.115536500616893150E+03
    0.164739677587569879E+02    0.101025823866512998E+01    0.354161734176579586E+02    0.291903861873697519E+10    0.231073001233786300E+03   -0.115536500616893150E+03
    0.106018060570111494E+02    0.101148588455600286E+01    0.542371074778169628E+02    0.135719944825820088E+10    0.231040622619268589E+03   -0.115520311309634295E+03
    0.141073562709323905E+02    0.101553130282523019E+01    0.414460374991097922E+02    0.296306502960430670E+10    0.230990472561932819E+03   -0.115495236280966409E+03
    0.145002717738847609E+01    0.100629480125787873E+01    0.579511156238683967E+02    0.100210376229113555E+10    0.230948617028830597E+03   -0.115474308514415299E+03
    0.205652961812787325E+02    0.100724533768423630E+01    0.480503077412610011E+02    0.349580641489231730E+10    0.230927755202691174E+03   -0.115463877601345587E+03
    0.205652961812787325E+02    0.100724533768423630E+01    0.480503077412610011E+02    0.349580641489231730E+10    0.230927755202691174E+03   -0.115463877601345587E+03
    0.186389508429420019E+02    0.100627862889330322E+01    0.506452275687010030E+02    0.143978314221120858E+10    0.230924710894843145E+03   -0.115462355447421572E+03
    0.179291941714239158E+02    0.100583151833328688E+01    0.535561404043501739E+02    0.114316350715021753E+10    0.230904763033471482E+03   -0.115452381516735741E+03
    0.156221724635975363E+02    0.100758329483326459E+01    0.552059364418690848E+02    0.166806718848251987E+10    0.230888770428336045E+03   -0.115444385214168022E+03
    0.156221724635975363E+02    0.100758329483326459E+01    0.552059364418690848E+02    0.166806718848251987E+10    0.230888770428336045E+03   -0.115444385214168022E+03
    0.926261158674867802E+00    0.100952365948020595E+01    0.248946682491745861E+02    0.319025237625220156E+10    0.230817518159153963E+03   -0.115408759079576981E+03
    0.926261158674867802E+00    0.100952365948020595E+01    0.248946682491745861E+02    0.319025237625220156E+10    0.230817518159153963E+03   -0.115408759079576981E+03
    0.254563764336946541E+02    0.100819625991566730E+01    0.514851064437585251E+02    0.513444413757638454E+10    0.230815980086551519E+03   -0.115407990043275760E+03
    0.553322374372487857E+01    0.100479720269997075E+01    0.503689268261281669E+02    0.207319238143694830E+10    0.230805702277686379E+03   -0.115402851138843189E+03
    0.553322374372487857E+01    0.100479720269997075E+01    0.503689268261281669E+02    0.207319238143694830E+10    0.230805702277686379E+03   -0.115402851138843189E+03
    0.304158980808951485E+00    0.100932622841889974E+01    0.593727770432573649E+02    0.230167581443543673E+10    0.230763305655410250E+03   -0.115381652827705125E+03
    0.195665559734972874E+02    0.100750181865209587E+01    0.411382451970200762E+02    0.111174266992659616E+10    0.230735465917599356E+03   -0.115367732958799678E+03
    0.195277207262975701E+02    0.100597252505858981E+01    0.421081650515867665E+02    0.113185452793032432E+10    0.230664233750099839E+03   -0.115332116875049920E+03
    0.195277207262975701E+02    0.100597252505858981E+01    0.421081650515867665E+02    0.113185452793032432E+10    0.230664233750099839E+03   -0.115332116875049920E+03
    0.201993243124647854E+02    0.100512928889378550E+01    0.436459898565380300E+02    0.432207324565903473E+10    0.230654121243732106E+03   -0.115327060621866053E+03
    0.201993243124647854E+02    0.100512928889378550E+01    0.436459898565380300E+02    0.432207324565903473E+10    0.230654121243732106E+03   -0.115327060621866053E+03
    0.503308775116340623E+01    0.100656951086093671E+01    0.592807387354764685E+02    0.183957934297358513E+10    0.230652655343837040E+03   -0.115326327671918520E+03
    0.503308775116340623E+01    0.100656951086093671E+01    0.592807387354764685E+02    0.183957934297358513E+10    0.230652655343837040E+03   -0.115326327671918520E+03
    0.251834098219316038E+01    0.100610454568408025E+01    0.597166249539397000E+02    0.320275070902606392E+10    0.230591334465829306E+03   -0.115295667232914653E+03
    0.128980411825756214E+02    0.101183333892355676E+01    0.400894408556477799E+02    0.104191579437574816E+10    0.230581025707864683E+03   -0.115290512853932341E+03
    0.498975637552829632E+01    0.100511861360468391E+01    0.584232847479690207E+02    0.441968092619391060E+10    0.230531564420157508E+03   -0.115265782210078754E+03
    0.997350833937889725E+01    0.100271444264777942E+01    0.490904216072138553E+02    0.410545922684246778E+10    0.230525434988319176E+03   -0.115262717494159588E+03
    0.168501174363900610E+02    0.101190082981903862E+01    0.542111189457236122E+02    0.113302029816531682E+10    0.230524399002774970E+03   -0.115262199501387485E+03
    0.168501174363900610E+02    0.101190082981903862E+01    0.542111189457236122E+02    0.113302029816531682E+10    0.230524399002774970E+03   -0.115262199501387485E+03
    0.126580138062024918E+02    0.100402357247652563E+01    0.438372802287763150E+02    0.336073102039250231E+10    0.230499419289432410E+03   -0.115249709644716205E+03
    0.775651065096682135E+01    0.100770793619623444E+01    0.399314077375004146E+02    0.263438772666524601E+10    0.230470016817307055E+03   -0.115235008408653528E+03
    0.775651065096682135E+01    0.100770793619623444E+01    0.399314077375004146E+02    0.263438772666524601E+10    0.230470016817307055E+03   -0.115235008408653528E+03
    0.192029897758786134E+02    0.101291505009288696E+01    0.289997467208422890E+02    0.541953959182423306E+10    0.230391502631670249E+03   -0.115195751315835125E+03
    0.192029897758786134E+02    0.101291505009288696E+01    0.289997467208422890E+02    0.541953959182423306E+10    0.230391502631670249E+03   -0.115195751315835125E+03
    0.594589338315021920E+00    0.100797664368219109E+01    0.284428093854452548E+02    0.297165821564844418E+10    0.230389475981838814E+03   -0.115194737990919407E+03
    0.883636170438567881E+01    0.100496653025295068E+01    0.343740533992900907E+02    0.349287936109796953E+10    0.230361996801239002E+03   -0.115180998400619501E+03
    0.883636170438567881E+01    0.100496653025295068E+01    0.343740533992900907E+02    0.349287936109796953E+10    0.230361996801239002E+03   -0.115180998400619501E+03
    0.107566055612003297E+01    0.101253665110069391E+01    0.468046614338587403E+02    0.970974582381668687E+09    0.230360125411429578E+03   -0.115180062705714789E+03
    0.539713381818491289E+01    0.101777271877224407E+01    0.416437839225091722E+02    0.397207691032205486E+10    0.230359885523677690E+03   -0.115179942761838845E+03
    0.110362935230570152E+02    0.101365841871899010E+01    0.269711333217492744E+02    0.440978965372797871E+10    0.230354088413370363E+03   -0.115177044206685181E+03
    0.125774513946866384E+01    0.101291199906574025E+01    0.217157809004344813E+02    0.530079281235471630E+10    0.230317065404668369E+03   -0.115158532702334185E+03
    0.262960423218548875E+02    0.101050183444944053E+01    0.399123668347004283E+02    0.519265493417838764E+10    0.230310221750317851E+03   -0.115155110875158925E+03
    0.130411421869381936E+02    0.101255407500775552E+01    0.430492816808644960E+02    0.106191804523445284E+10    0.230302989648400001E+03   -0.115151494824200000E+03
    0.376021470375522071E+01    0.100341691728245030E+01    0.368740802759837649E+02    0.115830222896114159E+10    0.230271809243747612E+03   -0.115135904621873806E+03
    0.156641876538267120E+02    0.100938319485562666E+01    0.497413700159604417E+02    0.106362806363902569E+10    0.230265476936869447E+03   -0.115132738468434724E+03
    0.903600655044106205E+01    0.101015665718947201E+01    0.260859780017644667E+02    0.441891546750651360E+10    0.230261763451890488E+03   -0.115130881725945244E+03
    0.903600655044106205E+01    0.101015665718947201E+01    0.260859780017644667E+02    0.441891546750651360E+10    0.230261763451890488E+03   -0.115130881725945244E+03
    0.197252228503058156E+02    0.101076997089508058E+01    0.421473349534145001E+02    0.344812089074695826E+10    0.230257952543344061E+03   -0.115128976271672030E+03
    0.146724068743278000E+02    0.101508488181216805E+01    0.395619661400939151E+02    0.338815055011622286E+10    0.230256709590761972E+03   -0.115128354795380986E+03
    0.967940848192989733E+01    0.100520312798867772E+01    0.311410459835110416E+02    0.395630624582979536E+10    0.230251560154685080E+03   -0.115125780077342540E+03
    0.489622288961553132E+01    0.100104826447461481E+01    0.371851158362836287E+02    0.472141320352362347E+10    0.230188115588652295E+03   -0.115094057794326147E+03
    0.229782750546848291E+02    0.100685850689036638E+01    0.367148406572445865E+02    0.516523058287954330E+10    0.230183350165240029E+03   -0.115091675082620014E+03
    0.229782750546848291E+02    0.100685850689036638E+01    0.367148406572445865E+02    0.516523058287954330E+10    0.230183350165240029E+03   -0.115091675082620014E+03
    0.109829175999344617E+02    0.100823633147852010E+01    0.553928869300678954E+02    0.175113871309496379E+10    0.230161449920714517E+03   -0.115080724960357259E+03
    0.910607151326233755E+01    0.100530339152694292E+01    0.307361929369157174E+02    0.411713623395354319E+10    0.230146249112369844E+03   -0.115073124556184922E+03
    0.141035752605274141E+02    0.100448242255575870E+01    0.410889430799895692E+02    0.372486211096458530E+10    0.230117896752983313E+03   -0.115058948376491657E+03
    0.138102077537339092E+02    0.101271277798458126E+01    0.518012822416597984E+02    0.111653827443113899E+10    0.230110996272556292E+03   -0.115055498136278146E+03
    0.119443578033539453E+02    0.101162053962302823E+01    0.419987744762308282E+02    0.196417260736678362E+10    0.230091332333109108E+03   -0.115045666166554554E+03
    0.138108627451790760E+02    0.101400039789390162E+01    0.475522463948983258E+02    0.115039398822266674E+10    0.230069059367942430E+03   -0.115034529683971215E+03
    0.138108627451790760E+02    0.101400039789390162E+01    0.475522463948983258E+02    0.115039398822266674E+10    0.230069059367942430E+03   -0.115034529683971215E+03
    0.122099506724277038E+02    0.100395024669155153E+01    0.485583977963715441E+02    0.426827796404467773E+10    0.230059308937727394E+03   -0.115029654468863697E+03
    0.780708023837801601E+01    0.100891071648034747E+01    0.579963442793428570E+02    0.334521135934880400E+10    0.230041994216708076E+03   -0.115020997108354038E+03
    0.203474986798830102E+02    0.101134018238905443E+01    0.320996147509817504E+02    0.511955520607700348E+10    0.230027588340411711E+03   -0.115013794170205855E+03
    0.208585172447663361E+02    0.100777430795795198E+01    0.435441502936672293E+02    0.388359735653150892E+10    0.230022312511238511E+03   -0.115011156255619255E+03
    0.175660001863144477E+01    0.101172941283411477E+01    0.220624124023305725E+02    0.568679630896189976E+10    0.230022026455361640E+03   -0.115011013227680820E+03
    0.265010183106841257E+01    0.100629137070676866E+01    0.576584074434602911E+02    0.168645219608938909E+10    0.230020338529055948E+03   -0.115010169264527974E+03
    0.265010183106841257E+01    0.100629137070676866E+01    0.576584074434602911E+02    0.168645219608938909E+10    0.230020338529055948E+03   -0.115010169264527974E+03
    0.606563881191614929E+01    0.100607981108851030E+01    0.559069624104934348E+02    0.164354953791976213E+10    0.230018005365095718E+03   -0.115009002682547859E+03
    0.606563881191614929E+01    0.100607981108851030E+01    0.559069624104934348E+02    0.164354953791976213E+10    0.230018005365095718E+03   -0.115009002682547859E+03
    0.218056741638123412E+02    0.101194663215906444E+01    0.457376577614648809E+02    0.437796283335106564E+10    0.230006653564378837E+03   -0.115003326782189419E+03
    0.796171883032274064E+01    0.101474599435608903E+01    0.506863451141994403E+02    0.308990998666527891E+10    0.230002535731013694E+03   -0.115001267865506847E+03
    0.110099394143026572E+02    0.101072175974174061E+01    0.562634055752776732E+02    0.325265284664089108E+10    0.229998958286396771E+03   -0.114999479143198386E+03
    0.146644343024416326E+02    0.101435716896457628E+01    0.429663923542489741E+02    0.346831913367551184E+10    0.229982147968501096E+03   -0.114991073984250548E+03
    0.146644343024416326E+02    0.101435716896457628E+01    0.429663923542489741E+02    0.346831913367551184E+10    0.229982147968501096E+03   -0.114991073984250548E+03
    0.307701970274030734E+00    0.101490525166467127E+01    0.256475418442133183E+02    0.401274008385266924E+10    0.229973415739539149E+03   -0.114986707869769575E+03
    0.508683183796428207E+01    0.100370677059707836E+01    0.295688507147764383E+02    0.493023205499590778E+10    0.229968766454808815E+03   -0.114984383227404408E+03
    0.280493001665732822E+00    0.100527030854303101E+01    0.404943682136767578E+02    0.194642008254493117E+10    0.229921316240168920E+03   -0.114960658120084460E+03
    0.792778787464347090E+01    0.101218835160640941E+01    0.405569899216558483E+02    0.208349126168913484E+10    0.229903669360806248E+03   -0.114951834680403124E+03
    0.253965406313531483E+01    0.100650657047943826E+01    0.552649857446171566E+02    0.105679475572844481E+10    0.229877010526091823E+03   -0.114938505263045911E+03
    0.213896425545492219E+01    0.100397955012674056E+01    0.290609757971966296E+02    0.478295663369882393E+10    0.229874315721262292E+03   -0.114937157860631146E+03
    0.706035757952125032E+01    0.100691064639713979E+01    0.254712072764177222E+02    0.539925794578869724E+10    0.229873273971973532E+03   -0.114936636985986766E+03
    0.866304702237666469E+01    0.101175521542696956E+01    0.387462885034613649E+02    0.187792374687429810E+10    0.229868886190365828E+03   -0.114934443095182914E+03
    0.866304702237666469E+01    0.101175521542696956E+01    0.387462885034613649E+02    0.187792374687429810E+10    0.229868886190365828E+03   -0.114934443095182914E+03
    0.208477548936995127E+02    0.101190973295752640E+01    0.384175835139301682E+02    0.442917508375078297E+10    0.229850833256966268E+03   -0.114925416628483134E+03
    0.208477548936995127E+02    0.101190973295752640E+01    0.384175835139301682E+02    0.442917508375078297E+10    0.229850833256966268E+03   -0.114925416628483134E+03
    0.235949374790470046E+01    0.100418858866600491E+01    0.491458733561983081E+02    0.110177314715861130E+10    0.229813325257721658E+03   -0.114906662628860829E+03
    0.178995049387280503E+02    0.101287827674335529E+01    0.316132962530805344E+02    0.504382202692482948E+10    0.229752010267938886E+03   -0.114876005133969443E+03
    0.350403863312708985E+01    0.100518853860550861E+01    0.501409852731798296E+02    0.166417346229454970E+10    0.229743555414373816E+03   -0.114871777707186908E+03
    0.350403863312708985E+01    0.100518853860550861E+01    0.501409852731798296E+02    0.166417346229454970E+10    0.229743555414373816E+03   -0.114871777707186908E+03
    0.780582035283861408E+01    0.100551225012543477E+01    0.360392520412966846E+02    0.349622992432918882E+10    0.229667771997305863E+03   -0.114833885998652931E+03
    0.269678553133701238E+01    0.100613888016471442E+01    0.370967247555567283E+02    0.155000747882254195E+10    0.229650917110498995E+03   -0.114825458555249497E+03
    0.269678553133701238E+01    0.100613888016471442E+01    0.370967247555567283E+02    0.155000747882254195E+10    0.229650917110498995E+03   -0.114825458555249497E+03
    0.132609806224309890E+01    0.100139310810624482E+01    0.378115311546743698E+02    0.467826419480903912E+10    0.229644984556665463E+03   -0.114822492278332732E+03
    0.111640883245786728E+02    0.100387055690781191E+01    0.442180306905946310E+02    0.423033661706940746E+10    0.229612736936898045E+03   -0.114806368468449023E+03
    0.502842360635292085E+01    0.100535003488579666E+01    0.500162100191625356E+02    0.160240166414797163E+10    0.229600909133543269E+03   -0.114800454566771634E+03
    0.502842360635292085E+01    0.100535003488579666E+01    0.500162100191625356E+02    0.160240166414797163E+10    0.229600909133543269E+03   -0.114800454566771634E+03
    0.652380049933090955E+01    0.101511437584025610E+01    0.527693057271155368E+02    0.446420214760474873E+10    0.229572807261745425E+03   -0.114786403630872712E+03
    0.652380049933090955E+01    0.101511437584025610E+01    0.527693057271155368E+02    0.446420214760474873E+10    0.229572807261745425E+03   -0.114786403630872712E+03
    0.165265299805264974E+02    0.100554377809380435E+01    0.413287446985939226E+02    0.449942601728630257E+10    0.229552184236487051E+03   -0.114776092118243525E+03
    0.165265299805264974E+02    0.100554377809380435E+01    0.413287446985939226E+02    0.449942601728630257E+10    0.229552184236487051E+03   -0.114776092118243525E+03
    0.207025622647377894E+02    0.100740098776046483E+01    0.349378632615277596E+02    0.566905209842036438E+10    0.229535784947555925E+03   -0.114767892473777962E+03
    0.649719900156635877E+01    0.100727384500402128E+01    0.537482767639639860E+02    0.295868606320423698E+10    0.229525283464280932E+03   -0.114762641732140466E+03
    0.154603504143229009E+01    0.101359199479231554E+01    0.356979360575008897E+02    0.148402435776673126E+10    0.229495500773979643E+03   -0.114747750386989821E+03
    0.607460935978830885E+00    0.100774647515797899E+01    0.466273113877253280E+02    0.244105347099609089E+10    0.229488188397014966E+03   -0.114744094198507483E+03
    0.455986099490007923E+01    0.101160772805109622E+01    0.274382305048287023E+02    0.391078604026551485E+10    0.229484393381057146E+03   -0.114742196690528573E+03
    0.901307697311274048E+01    0.101543002341654631E+01    0.291078622656016677E+02    0.491340147866168499E+10    0.229482318983085804E+03   -0.114741159491542902E+03
    0.901307697311274048E+01    0.101543002341654631E+01    0.291078622656016677E+02    0.491340147866168499E+10    0.229482318983085804E+03   -0.114741159491542902E+03
    0.410887700570535852E+01    0.100531176722007731E+01    0.427857461578037856E+02    0.153501657105217075E+10    0.229478975088042120E+03   -0.114739487544021060E+03
    0.718145917278907220E+01    0.101492356644229353E+01    0.460834118098528123E+02    0.301507662993749762E+10    0.229471230747094950E+03   -0.114735615373547475E+03
    0.455442150966952841E+01    0.100783612497826214E+01    0.565383143113933215E+02    0.164101348141872144E+10    0.229429418147793740E+03   -0.114714709073896870E+03
    0.648419467628367041E+01    0.100289963030146967E+01    0.361208710653731941E+02    0.477666900743962765E+10    0.229427348645137869E+03   -0.114713674322568934E+03
    0.192937674191223785E+02    0.101145105071640562E+01    0.360233646623227628E+02    0.479494323609260178E+10    0.229397360521866887E+03   -0.114698680260933443E+03
    0.977794037089867984E+01    0.101718945246546366E+01    0.359049870309970345E+02    0.540433455739784336E+10    0.229388251316465130E+03   -0.114694125658232565E+03
    0.509263039978365839E+01    0.100823716663156882E+01    0.271739215993752623E+02    0.480683234520128918E+10    0.229347393389716160E+03   -0.114673696694858080E+03
    0.509263039978365839E+01    0.100823716663156882E+01    0.271739215993752623E+02    0.480683234520128918E+10    0.229347393389716160E+03   -0.114673696694858080E+03
    0.108880776023785977E+02    0.101334441527087904E+01    0.464453135176096765E+02    0.115572190050803542E+10    0.229337237637177708E+03   -0.114668618818588854E+03
    0.539357325994037584E+01    0.100336921388599887E+01    0.352343275956505977E+02    0.460322784275713348E+10    0.229329184111138289E+03   -0.114664592055569145E+03
    0.539357325994037584E+01    0.100336921388599887E+01    0.352343275956505977E+02    0.460322784275713348E+10    0.229329184111138289E+03   -0.114664592055569145E+03
    0.124805938657399356E+02    0.101033820836176935E+01    0.502423552304829073E+02    0.153346740582733130E+10    0.229311584066986882E+03   -0.114655792033493441E+03
    0.135210023251693134E+01    0.100817489570430174E+01    0.473106842044867619E+02    0.122286032583172894E+10    0.229308397073596979E+03   -0.114654198536798489E+03
    0.135210023251693134E+01    0.100817489570430174E+01    0.473106842044867619E+02    0.122286032583172894E+10    0.229308397073596979E+03   -0.114654198536798489E+03
    0.111165884366262961E+02    0.100542630593691529E+01    0.413115263073622359E+02    0.365970287522487688E+10    0.229295211346627980E+03   -0.114647605673313990E+03
    0.608842414288374734E+01    0.101566837625576278E+01    0.283697797850182667E+02    0.509257018270724773E+10    0.229242085920021566E+03   -0.114621042960010783E+03
    0.121401015651024302E+01    0.101832005128691239E+01    0.362300023755750331E+02    0.562269552076074982E+10    0.229202880838416604E+03   -0.114601440419208302E+03
    0.121401015651024302E+01    0.101832005128691239E+01    0.362300023755750331E+02    0.562269552076074982E+10    0.229202880838416604E+03   -0.114601440419208302E+03
    0.147631704937146662E+02    0.101599279504846685E+01    0.405379876073307912E+02    0.545018429039829540E+10    0.229156337155326298E+03   -0.114578168577663149E+03
    0.144829543637905385E+02    0.100677015494313671E+01    0.463374794532276582E+02    0.369716604356848097E+10    0.229136962559819040E+03   -0.114568481279909520E+03
    0.671657008222959817E+01    0.100966597628941246E+01    0.548943919579944577E+02    0.343214185299268627E+10    0.229126123307631417E+03   -0.114563061653815708E+03
    0.174488274933930221E+02    0.100750064746951207E+01    0.410180242867329028E+02    0.438104016856400299E+10    0.229107846335582167E+03   -0.114553923167791083E+03
    0.174488274933930221E+02    0.100750064746951207E+01    0.410180242867329028E+02    0.438104016856400299E+10    0.229107846335582167E+03   -0.114553923167791083E+03
    0.137352855861978362E+02    0.101108923143305329E+01    0.527956945353213811E+02    0.437297709003080463E+10    0.229078120296109944E+03   -0.114539060148054972E+03
    0.220885337563005990E+01    0.101221223902957069E+01    0.417692006384214238E+02    0.106265057749818790E+10    0.229077751792660194E+03   -0.114538875896330097E+03
    0.220885337563005990E+01    0.101221223902957069E+01    0.417692006384214238E+02    0.106265057749818790E+10    0.229077751792660194E+03   -0.114538875896330097E+03
    0.893780969195819175E+01    0.100884330698662561E+01    0.529608344976212351E+02    0.315985845142521667E+10    0.229072801556588104E+03   -0.114536400778294052E+03
    0.893780969195819175E+01    0.100884330698662561E+01    0.529608344976212351E+02    0.315985845142521667E+10    0.229072801556588104E+03   -0.114536400778294052E+03
    0.557036728963996097E+01    0.101565356310535027E+01    0.291929084682833739E+02    0.497925137589346409E+10    0.229071901628467401E+03   -0.114535950814233701E+03
    0.685511035153684034E+01    0.100693914327431711E+01    0.486664789415954928E+02    0.108400498178070307E+10    0.229051697467971735E+03   -0.114525848733985868E+03
    0.685511035153684034E+01    0.100693914327431711E+01    0.486664789415954928E+02    0.108400498178070307E+10    0.229051697467971735E+03   -0.114525848733985868E+03
    0.127505500680851771E+02    0.101628155242391549E+01    0.417880694093494185E+02    0.554135800765453339E+10    0.229050562154225418E+03   -0.114525281077112709E+03
    0.829453266137115719E+01    0.101600673528133534E+01    0.355543521895657193E+02    0.450300083152465820E+10    0.229031050403522102E+03   -0.114515525201761051E+03
    0.951952494826175766E+01    0.101008389172525104E+01    0.548896024624834240E+02    0.380746315245829058E+10    0.229019656780336447E+03   -0.114509828390168224E+03
    0.830849163762903409E+01    0.101296799083314193E+01    0.306541034536620138E+02    0.423431902667378759E+10    0.228975720528577398E+03   -0.114487860264288699E+03
    0.830849163762903409E+01    0.101296799083314193E+01    0.306541034536620138E+02    0.423431902667378759E+10    0.228975720528577398E+03   -0.114487860264288699E+03
    0.128618574797470444E+02    0.101248912523547174E+01    0.312698781369847687E+02    0.492051946774312019E+10    0.228969578165011995E+03   -0.114484789082505998E+03
    0.237152324650608071E+01    0.101605338971051418E+01    0.333703279491051816E+02    0.393574555685287619E+10    0.228935848464683659E+03   -0.114467924232341829E+03
    0.398838307099185552E+00    0.101632104322209149E+01    0.304602924586826198E+02    0.472020835742220497E+10    0.228934669443856109E+03   -0.114467334721928054E+03
    0.111847563703821464E+02    0.101412003480723767E+01    0.316168245913168100E+02    0.485415858125790882E+10    0.228913097826482584E+03   -0.114456548913241292E+03
    0.111847563703821464E+02    0.101412003480723767E+01    0.316168245913168100E+02    0.485415858125790882E+10    0.228913097826482584E+03   -0.114456548913241292E+03
    0.947595604090321841E+00    0.100497041722002289E+01    0.365227953277537907E+02    0.359731910865084124E+10    0.228912919635235198E+03   -0.114456459817617599E+03
    0.520704689070328275E+01    0.101204121864636143E+01    0.311823684417112617E+02    0.364871750260412169E+10    0.228911384803250826E+03   -0.114455692401625413E+03
    0.520704689070328275E+01    0.101204121864636143E+01    0.311823684417112617E+02    0.364871750260412169E+10    0.228911384803250826E+03   -0.114455692401625413E+03
    0.213711770262937257E+02    0.100951358887268228E+01    0.434159836301478066E+02    0.530432750799569130E+10    0.228904584796154609E+03   -0.114452292398077304E+03
    0.493155966840633919E+01    0.101050680039784191E+01    0.551061903942970517E+02    0.324140179726486397E+10    0.228869680243758069E+03   -0.114434840121879034E+03
    0.112145611164343890E+02    0.100899477772305435E+01    0.377861795313347102E+02    0.332601008031088305E+10    0.228855397186583104E+03   -0.114427698593291552E+03
    0.112145611164343890E+02    0.100899477772305435E+01    0.377861795313347102E+02    0.332601008031088305E+10    0.228855397186583104E+03   -0.114427698593291552E+03
    0.118856851430696864E+02    0.100671457516465734E+01    0.550467303884604604E+02    0.536925307853827381E+10    0.228854018950471129E+03   -0.114427009475235565E+03
    0.118856851430696864E+02    0.100671457516465734E+01    0.550467303884604604E+02    0.536925307853827381E+10    0.228854018950471129E+03   -0.114427009475235565E+03
    0.195368425364431841E+01    0.101606336587120305E+01    0.339190056798017494E+02    0.395396318116754913E+10    0.228828531309405776E+03   -0.114414265654702888E+03
    0.231331029567188073E+01    0.100939468057618842E+01    0.256299278688493573E+02    0.567430102386898041E+10    0.228828491445964517E+03   -0.114414245722982258E+03
    0.562079581066578449E+01    0.100629480417378248E+01    0.304364332743131634E+02    0.480990336036908627E+10    0.228823026263793622E+03   -0.114411513131896811E+03
    0.109887734934434533E+01    0.100471683514177523E+01    0.334795416215180737E+02    0.448623258032523251E+10    0.228788060576033018E+03   -0.114394030288016509E+03
    0.435769228940745812E+01    0.100892687589970209E+01    0.593465182172181613E+02    0.541040676384633732E+10    0.228787777381165711E+03   -0.114393888690582855E+03
    0.882041600102058787E+01    0.101196202236097577E+01    0.454054687956721779E+02    0.144392255202969098E+10    0.228785731631556928E+03   -0.114392865815778464E+03
    0.322462995571355782E+01    0.101246223189986106E+01    0.533258501569328729E+02    0.331333194340125370E+10    0.228781043820128843E+03   -0.114390521910064422E+03
    0.987596649387733394E+00    0.100357032754048614E+01    0.400561661208512803E+02    0.383504597222310781E+10    0.228760420776120128E+03   -0.114380210388060064E+03
    0.403319718755867296E+01    0.100901958551233206E+01    0.291256434045931663E+02    0.451940362418296909E+10    0.228757954529896892E+03   -0.114378977264948446E+03
    0.113407714723323405E+01    0.100528789946986019E+01    0.391603439480296558E+02    0.310998049689050579E+10    0.228742336883263562E+03   -0.114371168441631781E+03
    0.113407714723323405E+01    0.100528789946986019E+01    0.391603439480296558E+02    0.310998049689050579E+10    0.228742336883263562E+03   -0.114371168441631781E+03
    0.648403452083148757E+01    0.100519907489816496E+01    0.449474655327226174E+02    0.368614213320769739E+10    0.228738701433319790E+03   -0.114369350716659895E+03
    0.533999283092229859E+01    0.100583102811132519E+01    0.418673540609306158E+02    0.309630867524131870E+10    0.228686693638208283E+03   -0.114343346819104141E+03
    0.142069119536586133E+02    0.101224636031592907E+01    0.371251404624788535E+02    0.434856794135092068E+10    0.228681286233196147E+03   -0.114340643116598073E+03
    0.175489526701236032E+01    0.100655022589710508E+01    0.531459520355810753E+02    0.334845211484827232E+10    0.228671973698388200E+03   -0.114335986849194100E+03
    0.483636798392986744E+01    0.100706577888052395E+01    0.317535414241348519E+02    0.411599576056173515E+10    0.228665389345372574E+03   -0.114332694672686287E+03
    0.752015054999923294E+01    0.100876932662527574E+01    0.488917015536244222E+02    0.157581072654640841E+10    0.228665097022478903E+03   -0.114332548511239452E+03
    0.752015054999923294E+01    0.100876932662527574E+01    0.488917015536244222E+02    0.157581072654640841E+10    0.228665097022478903E+03   -0.114332548511239452E+03
    0.678981574137228971E+01    0.100935199267393316E+01    0.348563652614300352E+02    0.339346066197531128E+10    0.228639385340616116E+03   -0.114319692670308058E+03
    0.394915444321961084E+01    0.101179804941615648E+01    0.469625078622363930E+02    0.175367228237163520E+10    0.228636857977386228E+03   -0.114318428988693114E+03
    0.107242392394171215E+02    0.101018658618614765E+01    0.297644473277784556E+02    0.529990843709609222E+10    0.228627535171094053E+03   -0.114313767585547026E+03
    0.108882252691590544E+02    0.101383582468791977E+01    0.480324874939666913E+02    0.436224954336890411E+10    0.228601281881324667E+03   -0.114300640940662333E+03
    0.360035745104328431E+01    0.101319030763319873E+01    0.333367423333120527E+02    0.329225531774340725E+10    0.228596259767843833E+03   -0.114298129883921916E+03
    0.161863284872697761E+02    0.101105765749544863E+01    0.444952598353556041E+02    0.435966714958294678E+10    0.228588760211611145E+03   -0.114294380105805573E+03
    0.134510536979931317E+02    0.100569907682345039E+01    0.374690732365706793E+02    0.520345500360705376E+10    0.228587602142324613E+03   -0.114293801071162306E+03
    0.127828143462787747E+02    0.100787076510577633E+01    0.481885707837332973E+02    0.396299394930982304E+10    0.228570031056666522E+03   -0.114285015528333261E+03
    0.553566948202362585E+01    0.101181758831690871E+01    0.542063299696974781E+02    0.407509448807993460E+10    0.228564508358731871E+03   -0.114282254179365935E+03
    0.141679610686880046E+02    0.100953798966822683E+01    0.499667374851031951E+02    0.439687769019409943E+10    0.228557069321891163E+03   -0.114278534660945581E+03
    0.242994262929069671E+00    0.100870337213926509E+01    0.292103901371712062E+02    0.438706104097341156E+10    0.228541435200817233E+03   -0.114270717600408616E+03
    0.151388406603525905E+01    0.100537937842198155E+01    0.306023854467450747E+02    0.523806306826127720E+10    0.228526100408479977E+03   -0.114263050204239988E+03
    0.140670058439267578E+02    0.100911952950780215E+01    0.365191586321809467E+02    0.457436464897386265E+10    0.228523709354337910E+03   -0.114261854677168955E+03
    0.150673475432046882E+02    0.100871982702277818E+01    0.426811524816275067E+02    0.425293152805435562E+10    0.228501125446220271E+03   -0.114250562723110136E+03
    0.182934838518830456E+01    0.100836122194150613E+01    0.520192075794854034E+02    0.164515389576955152E+10    0.228497209332489831E+03   -0.114248604666244916E+03
    0.948481850922190084E+01    0.100678743482489286E+01    0.476321299381700811E+02    0.366339485731000614E+10    0.228492693950382744E+03   -0.114246346975191372E+03
    0.106217261624179358E+02    0.100677207098605992E+01    0.507599424038371296E+02    0.442852875175028515E+10    0.228486720244279127E+03   -0.114243360122139563E+03
    0.342544017702546144E+01    0.100517531793932502E+01    0.514689367284694370E+02    0.473456591660056591E+10    0.228479262878568704E+03   -0.114239631439284352E+03
    0.338448902652616335E+01    0.101389983251104421E+01    0.520469567256363845E+02    0.427824255204861450E+10    0.228478128190067878E+03   -0.114239064095033939E+03
    0.275540386114239633E+01    0.100785062644116552E+01    0.434206410935769753E+02    0.289175295639318466E+10    0.228452530587146555E+03   -0.114226265293573277E+03
    0.274455868680647175E+01    0.101441711808285540E+01    0.370977232603718932E+02    0.317198356829286242E+10    0.228440955788479386E+03   -0.114220477894239693E+03
    0.274390779195799794E+01    0.101426622791798748E+01    0.471197542465671262E+02    0.334745582769177437E+10    0.228438436504651520E+03   -0.114219218252325760E+03
    0.634224201710822921E+01    0.100976472908350323E+01    0.444894314715237584E+02    0.109817734814420986E+10    0.228425758003456764E+03   -0.114212879001728382E+03
    0.162707759765403317E+02    0.100886228517976750E+01    0.461231751169873831E+02    0.473899433206182861E+10    0.228420400092721820E+03   -0.114210200046360910E+03
    0.546726923615524107E+01    0.101517746134015296E+01    0.353490780890237488E+02    0.418203983493114996E+10    0.228405862906613351E+03   -0.114202931453306675E+03
    0.644569601712571583E+01    0.101028164911526597E+01    0.449708123592718820E+02    0.153538773895804858E+10    0.228399491174907041E+03   -0.114199745587453521E+03
    0.199374754707359414E+01    0.100501356716070789E+01    0.369351883183794882E+02    0.408050078575214863E+10    0.228398978007169177E+03   -0.114199489003584588E+03
    0.392212709568394446E+01    0.100515804667620889E+01    0.446238078470255459E+02    0.371778567292612410E+10    0.228395596498245936E+03   -0.114197798249122968E+03
    0.129285126593734390E+02    0.100613074497320376E+01    0.416603321130797113E+02    0.468275177083258343E+10    0.228393148128882785E+03   -0.114196574064441393E+03
    0.165663952086554715E+02    0.101104369546110884E+01    0.456178237589373836E+02    0.478879799859126854E+10    0.228374420998336149E+03   -0.114187210499168074E+03
    0.382784255094886161E+01    0.100918887142731051E+01    0.529194393198702642E+02    0.316577926144785595E+10    0.228371065890861161E+03   -0.114185532945430580E+03
    0.957807795500395365E+01    0.101312015485660645E+01    0.362802909365471180E+02    0.383342830522214270E+10    0.228354539083884731E+03   -0.114177269541942366E+03
    0.149330522525058242E+02    0.101035428948598738E+01    0.455205112419280127E+02    0.432931204968046761E+10    0.228347054217251014E+03   -0.114173527108625507E+03
    0.724057976748307208E+01    0.100567997682048671E+01    0.466987235049327509E+02    0.402905811572767162E+10    0.228345726016029687E+03   -0.114172863008014843E+03
    0.115460786771895290E+02    0.101437159727441206E+01    0.325462776251860717E+02    0.564450402215133667E+10    0.228342053256943643E+03   -0.114171026628471822E+03
    0.673762891059100166E+01    0.100852714245385644E+01    0.498987184055723318E+02    0.336430651512132502E+10    0.228329513796213661E+03   -0.114164756898106830E+03
    0.178604963424240815E+02    0.101064358388121001E+01    0.372915454451910477E+02    0.558584395987214756E+10    0.228315601802540527E+03   -0.114157800901270264E+03
    0.369858539643723194E+01    0.101551800761922073E+01    0.332887006452993930E+02    0.469529702083051777E+10    0.228315336289660422E+03   -0.114157668144830211E+03
    0.158686358393924962E+02    0.101245276588974908E+01    0.417183144868519307E+02    0.488054903698753929E+10    0.228299477665750402E+03   -0.114149738832875201E+03
    0.162128889097908291E+00    0.101249587573702682E+01    0.491162478230961739E+02    0.154877536860736918E+10    0.228292451040399897E+03   -0.114146225520199948E+03
    0.854501696224498808E+01    0.100630139848851452E+01    0.541980109885868302E+02    0.561562520363855457E+10    0.228282797935235436E+03   -0.114141398967617718E+03
    0.423971238452996030E-01    0.101389647586640042E+01    0.487275892786869633E+02    0.336316842210630560E+10    0.228258558732079734E+03   -0.114129279366039867E+03
    0.113873458372873753E+02    0.101005055090087792E+01    0.531280620871276454E+02    0.490646433509490108E+10    0.228235985264413216E+03   -0.114117992632206608E+03
    0.896688048275356842E+01    0.100973321698520269E+01    0.517601497454102102E+02    0.396882910929559088E+10    0.228226533881037909E+03   -0.114113266940518955E+03
    0.361150241305969510E+01    0.101106032632453657E+01    0.309818329444433225E+02    0.424428835568418026E+10    0.228211914971308317E+03   -0.114105957485654159E+03
    0.536100243743547988E+01    0.101029533770193281E+01    0.465243561880597767E+02    0.149196898483140159E+10    0.228195178613074518E+03   -0.114097589306537259E+03
    0.962831578573004876E+01    0.100917811454504558E+01    0.355571654315223284E+02    0.415158866482688761E+10    0.228184145630909455E+03   -0.114092072815454728E+03
    0.118535425259425011E+02    0.101198584732203600E+01    0.434288836715893112E+02    0.386700628138511324E+10    0.228179949999638666E+03   -0.114089974999819333E+03
    0.102640286743649387E+02    0.100893823764816815E+01    0.358405866609074550E+02    0.435628023383948994E+10    0.228168241355026339E+03   -0.114084120677513170E+03
    0.104077151832427059E+02    0.100869495707377443E+01    0.483059361768630282E+02    0.384415237265340757E+10    0.228135627741717656E+03   -0.114067813870858828E+03
    0.233534074648380452E+01    0.101237891265260194E+01    0.276612514130179790E+02    0.564598475211647511E+10    0.228128085411563973E+03   -0.114064042705781986E+03
    0.220054704489167374E+01    0.101080853985656938E+01    0.288730441868031527E+02    0.492843078244469070E+10    0.228127358686990050E+03   -0.114063679343495025E+03
    0.912408402868453705E-01    0.101334229620584892E+01    0.314549899823960857E+02    0.391010240482166338E+10    0.228120852154079586E+03   -0.114060426077039793E+03
    0.154596822639343721E+02    0.100805141461484049E+01    0.483784261383816130E+02    0.537223287708245373E+10    0.228106012863386496E+03   -0.114053006431693248E+03
    0.764695502701154961E+01    0.101089319003168732E+01    0.376420956861815412E+02    0.360520839170089674E+10    0.228103826028322118E+03   -0.114051913014161059E+03
    0.815794900784400667E+01    0.101422128292675828E+01    0.393579451931608588E+02    0.415302471583220530E+10    0.228084241809725143E+03   -0.114042120904862571E+03
    0.166108884887348509E+02    0.100925270920518884E+01    0.486255003918011894E+02    0.565353450772352886E+10    0.228067456912942134E+03   -0.114033728456471067E+03
    0.130311986741590626E+02    0.101186778153822021E+01    0.378483908033891225E+02    0.472415052126952457E+10    0.228067345671854014E+03   -0.114033672835927007E+03
    0.752353826332392117E+01    0.100496402208737168E+01    0.458454711492194420E+02    0.513186261794382858E+10    0.228060260138729888E+03   -0.114030130069364944E+03
    0.114316260316568528E+02    0.100557002931993988E+01    0.453903003702442902E+02    0.533764915394277477E+10    0.228046907480799604E+03   -0.114023453740399802E+03
    0.111218250503689475E+02    0.100786050428456164E+01    0.415292675699061249E+02    0.410497571723427916E+10    0.228042874459764789E+03   -0.114021437229882395E+03
    0.176316712771708914E+02    0.101004088718488561E+01    0.441638469855216371E+02    0.539809743089923096E+10    0.228038074781099880E+03   -0.114019037390549940E+03
    0.129094648728071029E+02    0.100698806472541325E+01    0.453452538137617580E+02    0.476966611397228813E+10    0.228032788438565859E+03   -0.114016394219282930E+03
    0.526328688536026656E+00    0.101105679650010982E+01    0.443411698999352382E+02    0.110143572729775095E+10    0.228031168422785811E+03   -0.114015584211392905E+03
    0.877730987597299117E-01    0.100859939829175072E+01    0.554213289102108888E+02    0.438067449777501202E+10    0.228027879536251135E+03   -0.114013939768125567E+03
    0.547701666424212252E+01    0.100747202561820637E+01    0.384536118904933133E+02    0.362512574995143700E+10    0.228022784406423398E+03   -0.114011392203211699E+03
    0.132730266135671240E+02    0.101127150601334526E+01    0.480220072538315961E+02    0.480100452716334438E+10    0.227990652836525044E+03   -0.113995326418262522E+03
    0.549650618898821897E+01    0.100465361817273613E+01    0.476302975515121005E+02    0.547376405331606483E+10    0.227982530443399781E+03   -0.113991265221699891E+03
    0.496690473905866181E+01    0.101513968642768027E+01    0.466425761841635165E+02    0.488890117910237026E+10    0.227958012288974857E+03   -0.113979006144487428E+03
    0.142058844710823955E+02    0.100892014450395351E+01    0.494117082687104272E+02    0.522495195591033840E+10    0.227957128185975989E+03   -0.113978564092987995E+03
    0.463001571973375370E+01    0.101189328061805028E+01    0.367990909592261772E+02    0.360011013058898163E+10    0.227953669555460408E+03   -0.113976834777730204E+03
    0.521090948144292909E+01    0.101403208393329836E+01    0.513117704758703965E+02    0.521158555335560322E+10    0.227951907384820970E+03   -0.113975953692410485E+03
    0.218414209971265949E+01    0.100610325693287628E+01    0.438150385541795444E+02    0.358562822683031511E+10    0.227946370753968324E+03   -0.113973185376984162E+03
    0.122222461976620012E+01    0.100523788819246174E+01    0.433967475442583748E+02    0.396627838938154173E+10    0.227932775570494954E+03   -0.113966387785247477E+03
    0.275912202090491498E+00    0.100590118752221902E+01    0.421280146726485540E+02    0.358691802474577618E+10    0.227923615348407793E+03   -0.113961807674203897E+03
    0.539307728376181306E+01    0.101088728134330608E+01    0.375551644588838869E+02    0.325662844925150681E+10    0.227883452860654216E+03   -0.113941726430327108E+03
    0.727284672369743035E+00    0.100998195110857059E+01    0.452902068959337285E+02    0.154806506529745436E+10    0.227876978484302413E+03   -0.113938489242151206E+03
    0.523235961850542086E+01    0.101112991040425015E+01    0.342304230987646818E+02    0.393755410550577497E+10    0.227839762637781178E+03   -0.113919881318890589E+03
    0.483851554045732701E+01    0.101208940623013710E+01    0.414470577727218270E+02    0.353111234878092241E+10    0.227838035359654270E+03   -0.113919017679827135E+03
    0.100532530627768768E+02    0.100791226627450792E+01    0.411411403549859500E+02    0.426408022129796553E+10    0.227812868114434536E+03   -0.113906434057217268E+03
    0.772320708582103110E+00    0.101577584787388098E+01    0.472122277310085963E+02    0.565175853098381233E+10    0.227803959038036822E+03   -0.113901979519018411E+03
    0.345374134057135640E+01    0.101069416074378604E+01    0.446796176716837365E+02    0.112317990832488704E+10    0.227793659351384548E+03   -0.113896829675692274E+03
    0.679612776501775873E+01    0.101176927711967046E+01    0.321579404317545254E+02    0.497598225000014496E+10    0.227791882544716998E+03   -0.113895941272358499E+03
    0.103668054008500121E+02    0.100947453051062475E+01    0.466107705778438159E+02    0.408973890961597204E+10    0.227775123525770994E+03   -0.113887561762885497E+03
    0.109837783398324547E+02    0.100578550346913986E+01    0.449899376310227410E+02    0.544215699433155251E+10    0.227768963196877394E+03   -0.113884481598438697E+03
    0.513423087105769049E+01    0.101309615100347572E+01    0.514006794018942088E+02    0.485292232140114403E+10    0.227761851054752469E+03   -0.113880925527376235E+03
    0.640947489812849458E+01    0.100612446962845103E+01    0.336369031003937309E+02    0.555653811807643795E+10    0.227757758829522572E+03   -0.113878879414761286E+03
    0.109285744131731626E+02    0.100574644560774384E+01    0.408594710605502769E+02    0.550828061037633228E+10    0.227747764464833125E+03   -0.113873882232416562E+03
    0.124633531594338329E+02    0.101316400680961882E+01    0.400110817827731751E+02    0.502963148493440914E+10    0.227722836578903667E+03   -0.113861418289451834E+03
    0.791566632779091606E+01    0.100755943135927528E+01    0.369909503881668584E+02    0.459626353447526169E+10    0.227721059533912182E+03   -0.113860529766956091E+03
    0.582356927744128949E+00    0.100690455356461683E+01    0.308605914415268145E+02    0.537100151878841686E+10    0.227688300772007267E+03   -0.113844150386003633E+03
    0.343907863766889221E+01    0.101519761241718087E+01    0.428983451781814153E+02    0.467261631630869579E+10    0.227685867299661140E+03   -0.113842933649830570E+03
    0.638674554050740095E+01    0.101206496610650221E+01    0.493250633204684874E+02    0.442850842219281292E+10    0.227618250786581115E+03   -0.113809125393290557E+03
    0.504887415075594248E+01    0.101259061814773399E+01    0.463080534365387635E+02    0.567320606176248169E+10    0.226514395500255603E+03   -0.113257197750127801E+03
    0.128486523479758894E+02    0.101249826716834890E+01    0.431309177366155154E+02    0.499689229810967922E+10    0.227670248903102703E+03   -0.113835124451551351E+03
    0.951938523291095073E+01    0.101242487749533439E+01    0.464365492122010153E+02    0.537238458323946571E+10    0.227120927955807275E+03   -0.113560463977903638E+03
    0.577520913835603267E+01    0.101111845821760094E+01    0.410421898471797846E+02    0.510002639891566277E+10    0.226442352113319117E+03   -0.113221176056659559E+03
    0.591644244186042201E+01    0.101351863224170891E+01    0.384982255780877054E+02    0.543037615959074593E+10    0.226764349162581880E+03   -0.113382174581290940E+03
    0.533913806269643754E+01    0.101301032041381300E+01    0.389107390069695995E+02    0.561644282167061043E+10    0.226501250970667598E+03   -0.113250625485333799E+03
    0.783790761725392127E+01    0.101293832840405651E+01    0.350866985402622760E+02    0.511112211758217907E+10    0.227401688089164935E+03   -0.113700844044582468E+03
    0.515937076168308639E+01    0.100902841250449304E+01    0.384724057374863762E+02    0.510480912120446682E+10    0.226600561324041848E+03   -0.113300280662020924E+03
    0.789626619488667369E+01    0.100926256966669170E+01    0.427414355113661770E+02    0.491376969213485813E+10    0.226797569843953681E+03   -0.113398784921976841E+03
    0.134187084184119243E+02    0.100791722708921827E+01    0.440463029650740623E+02    0.563804446563298225E+10    0.227402543134889271E+03   -0.113701271567444635E+03
    0.938679629457243436E+01    0.100943057079120169E+01    0.420627759984483234E+02    0.450079377871053314E+10    0.227326781466034561E+03   -0.113663390733017280E+03
    0.107508981558952907E+02    0.101098186585726046E+01    0.399742273428305808E+02    0.447576414156587124E+10    0.227625045755165502E+03   -0.113812522877582751E+03
    0.105751270642536568E+02    0.100975766693267976E+01    0.430217924433047401E+02    0.532672313918000698E+10    0.226846820415946581E+03   -0.113423410207973291E+03
    0.129495637654663209E+02    0.100846289498830588E+01    0.416419726916683501E+02    0.517633241078695488E+10    0.227493604899347702E+03   -0.113746802449673851E+03
    0.519187134095282321E+01    0.101047349778085382E+01    0.450583787153239470E+02    0.479152584582609653E+10    0.226580168658104071E+03   -0.113290084329052036E+03
    0.583381467343077897E+01    0.100547278614501412E+01    0.394812938085791956E+02    0.520927982327564907E+10    0.227518580225108934E+03   -0.113759290112554467E+03
    0.244945406215259709E+01    0.100514573549279418E+01    0.414548145074726975E+02    0.551517959059342480E+10    0.227177460158277825E+03   -0.113588730079138912E+03
    0.246164592526298687E+00    0.100624733214002826E+01    0.431128826688437528E+02    0.529140055556658554E+10    0.226455614759311175E+03   -0.113227807379655587E+03
    0.320849921342767486E+01    0.100715723584358341E+01    0.390996230277961345E+02    0.494543290991290474E+10    0.226766052897441483E+03   -0.113383026448720742E+03
    0.101643138105374451E+02    0.100715740696410294E+01    0.469515199240529668E+02    0.541205624321772480E+10    0.227246664663715762E+03   -0.113623332331857881E+03
    0.926009254203896326E+01    0.100724019023528832E+01    0.455876543344790193E+02    0.510935956973932838E+10    0.227190377067534484E+03   -0.113595188533767242E+03
    0.651774051443504288E+01    0.100743268270837105E+01    0.409105248700003870E+02    0.457097609365421295E+10    0.227244038102006471E+03   -0.113622019051003235E+03
    0.770741867146661885E+01    0.100810344668045415E+01    0.447297013010646083E+02    0.397069346660252953E+10    0.227567369391349018E+03   -0.113783684695674509E+03
    0.707920029358559866E+01    0.100708394390210620E+01    0.462739197545840923E+02    0.454245713549540997E+10    0.227419281137526070E+03   -0.113709640568763035E+03
    0.914921087979007197E+01    0.100807776572565011E+01    0.474984307528578995E+02    0.465483193198780346E+10    0.227528315768072332E+03   -0.113764157884036166E+03
    0.111754964961653833E+02    0.100639683333983121E+01    0.459900035313434259E+02    0.542567598370225620E+10    0.227522858937514627E+03   -0.113761429468757314E+03
    0.685558997312856011E+01    0.100970605198166230E+01    0.467403102817470710E+02    0.502262173810866642E+10    0.226672811967798793E+03   -0.113336405983899397E+03
    0.239316364562989481E+01    0.100621327033505059E+01    0.485694637058223364E+02    0.490525485765678215E+10    0.227161555060681252E+03   -0.113580777530340626E+03
    0.452469130485224458E+01    0.100727014087119660E+01    0.484044954678915005E+02    0.489830331451554585E+10    0.227007804327776569E+03   -0.113503902163888284E+03
    0.266160023140545565E+01    0.100763656307744198E+01    0.544337710324829374E+02    0.553609719560594082E+10    0.227456562705110741E+03   -0.113728281352555371E+03
    0.283312450452326736E+01    0.100789922269920740E+01    0.548733181636445266E+02    0.554505783063064384E+10    0.227531806036693581E+03   -0.113765903018346791E+03
    0.163070672670522088E+01    0.100736985472910590E+01    0.533639790767883824E+02    0.476950466735643673E+10    0.227605941129479731E+03   -0.113802970564739866E+03
    0.246445226652401717E+01    0.100890018042614926E+01    0.471880570745419305E+02    0.483201760014041138E+10    0.226514830122317903E+03   -0.113257415061158952E+03
    0.181827607369415967E+01    0.100601782777735216E+01    0.450786257297764408E+02    0.496038737963398457E+10    0.226921582987623026E+03   -0.113460791493811513E+03
    0.510220187060117603E+01    0.100910925167383825E+01    0.453495980933287939E+02    0.439782481052746296E+10    0.226924878317232867E+03   -0.113462439158616434E+03
    0.104511861967057662E+01    0.101049918907987379E+01    0.522704245271441224E+02    0.413696101963296843E+10    0.227454193742125653E+03   -0.113727096871062827E+03
    0.175857286401606094E+01    0.101033392486231133E+01    0.493201508278454526E+02    0.474441396994476986E+10    0.226664937705024357E+03   -0.113332468852512179E+03
    0.488969847322020534E+01    0.101177766765248767E+01    0.499294735276168069E+02    0.421126071109421015E+10    0.227596027224543775E+03   -0.113798013612271887E+03
    0.890417874230002293E+00    0.101376167805582207E+01    0.480132492431080493E+02    0.506085240530366230E+10    0.226978153954285574E+03   -0.113489076977142787E+03
    0.911860970262456716E+00    0.101186510452503886E+01    0.477850008718093804E+02    0.486401816525505733E+10    0.226570586542997773E+03   -0.113285293271498887E+03
    0.290494894984314111E+01    0.101113433067245206E+01    0.412187390130422102E+02    0.500462350363939476E+10    0.226216772577223253E+03   -0.113108386288611626E+03
    0.290494894984314111E+01    0.101113433067245206E+01    0.412187390130422102E+02    0.500462350363939476E+10    0.226216772577223253E+03   -0.113108386288611626E+03
    0.142290653781804322E+01    0.101176093925819544E+01    0.394437545509347771E+02    0.444615954267865753E+10    0.226694621580110095E+03   -0.113347310790055047E+03
    0.286359561987394029E+01    0.101458221823734607E+01    0.393354092791341827E+02    0.433897270103595448E+10    0.227531324898434661E+03   -0.113765662449217331E+03
    0.533060097489709062E+01    0.101283069990503938E+01    0.417267406792579649E+02    0.471492669946188259E+10    0.226926105404233851E+03   -0.113463052702116926E+03
    0.362052795538643757E+01    0.101139463918870232E+01    0.432318424209782535E+02    0.377310484211584234E+10    0.227020587683527367E+03   -0.113510293841763684E+03
    0.299155404034644867E+01    0.101221432757941443E+01    0.401167083682961305E+02    0.333440876213068390E+10    0.227642495139469133E+03   -0.113821247569734567E+03
    0.700145904946608777E+00    0.101090509337233003E+01    0.440251726360768600E+02    0.341935777730951166E+10    0.227247638868119338E+03   -0.113623819434059669E+03
    0.567125423706180776E+01    0.101144200026841635E+01    0.422497884349077282E+02    0.358729838815118170E+10    0.227671077626355554E+03   -0.113835538813177777E+03
    0.203419286445024206E+01    0.101481619354066588E+01    0.428835768441030112E+02    0.428003341223819399E+10    0.227614767720575401E+03   -0.113807383860287700E+03
    0.148352790354676345E+01    0.100995062936372726E+01    0.329976905067583033E+02    0.552895181112701130E+10    0.226735816433206480E+03   -0.113367908216603240E+03
    0.122027784377256601E+00    0.101176856197087539E+01    0.329929900999186358E+02    0.452881643701175404E+10    0.227381243742749405E+03   -0.113690621871374702E+03
    0.212383646759180367E+00    0.101036691194184525E+01    0.353389741311765491E+02    0.479475823982726192E+10    0.226686041122470300E+03   -0.113343020561235150E+03
    0.871685343042302274E+00    0.101042699747069964E+01    0.367003867322692159E+02    0.408381745627148056E+10    0.226971599766418791E+03   -0.113485799883209395E+03
    0.299909967094541896E+01    0.100996201108094308E+01    0.386849167661782687E+02    0.460653748878556633E+10    0.226659802374641401E+03   -0.113329901187320701E+03
    0.761590333453782020E+00    0.101163431211691401E+01    0.367506437578034877E+02    0.458705258838996410E+10    0.226774932242863429E+03   -0.113387466121431714E+03
    0.109869507104784137E+01    0.101210135225476150E+01    0.369620644619649497E+02    0.452679689185621929E+10    0.226884276047092868E+03   -0.113442138023546434E+03
    0.370768993369995492E+01    0.101176654258184051E+01    0.376409603566167164E+02    0.414359874593204165E+10    0.227191442746918483E+03   -0.113595721373459241E+03
    0.251650291407548998E+01    0.101265510572522488E+01    0.310005715506805828E+02    0.530167460529388237E+10    0.227448498832940743E+03   -0.113724249416470371E+03
    0.310479399337799444E+01    0.101011814604645100E+01    0.311245051413953746E+02    0.541467379300378895E+10    0.227316427797575528E+03   -0.113658213898787764E+03
    0.271722156571742657E+01    0.101139419113526730E+01    0.347524384797109462E+02    0.558976639042796516E+10    0.226519479034108429E+03   -0.113259739517054214E+03
    0.107551619627291206E+01    0.100814495232879642E+01    0.359073614920395769E+02    0.472823905674785805E+10    0.226991738376823776E+03   -0.113495869188411888E+03
    0.924026604976949550E+00    0.100718169691064663E+01    0.374760700725880298E+02    0.386163314973804140E+10    0.227374358246394337E+03   -0.113687179123197168E+03
    0.209007719372745049E+01    0.100803186852631721E+01    0.400493056850113121E+02    0.355514755858887386E+10    0.227639180896441587E+03   -0.113819590448220794E+03
    0.273768159032869640E+01    0.100933913980356427E+01    0.346584635109735046E+02    0.533464551141741180E+10    0.226686721925502638E+03   -0.113343360962751319E+03
    0.374500106323675741E+01    0.100966208855288797E+01    0.372854200217298057E+02    0.429366430826625967E+10    0.227085103385887010E+03   -0.113542551692943505E+03
    0.471392694799125511E+01    0.100830960051918805E+01    0.361936852935376265E+02    0.454071552813517094E+10    0.227395990549952472E+03   -0.113697995274976236E+03
    0.314490289207660437E-01    0.100971006172337474E+01    0.397020199176925175E+02    0.503327922189572430E+10    0.226030994565491085E+03   -0.113015497282745542E+03
    0.216150061451360065E+01    0.100899927529736555E+01    0.370246549810361003E+02    0.395958576719033527E+10    0.227208071790329484E+03   -0.113604035895164742E+03
    0.308886998941468827E+01    0.100740495443093647E+01    0.423464217157083382E+02    0.371439097918773031E+10    0.227314578198287506E+03   -0.113657289099143753E+03
    0.181977794983598984E+01    0.100803563998597134E+01    0.427392515626419112E+02    0.416777012377626419E+10    0.226860005420097480E+03   -0.113430002710048740E+03
    0.150987008344065021E+01    0.100713170779554240E+01    0.362626532084136102E+02    0.386482935110410213E+10    0.227585351296808540E+03   -0.113792675648404270E+03
    0.766674666083668033E+01    0.101012398693165406E+01    0.470282118097418760E+02    0.372345909409854794E+10    0.227613911898014294E+03   -0.113806955949007147E+03
    0.129929073620432489E+01    0.101001046820429896E+01    0.433471865370970022E+02    0.335296439742031670E+10    0.227186408459553491E+03   -0.113593204229776745E+03
    0.925038797920653577E+00    0.100831004373304300E+01    0.470513954003147532E+02    0.369384067071200085E+10    0.227182643019983175E+03   -0.113591321509991587E+03
    0.255556917302173625E+01    0.100977897272787787E+01    0.472221875094201522E+02    0.401624189052799177E+10    0.226908312896963309E+03   -0.113454156448481655E+03
    0.478766853513173896E+01    0.101124606152297924E+01    0.499391495839218251E+02    0.445324674972805786E+10    0.227340597441802601E+03   -0.113670298720901300E+03
    0.621255644656015349E+01    0.101273977708631646E+01    0.490702042239695260E+02    0.471431593254580402E+10    0.227497519019617357E+03   -0.113748759509808679E+03
    0.201742618731282342E+01    0.100701277629132346E+01    0.487143482552936291E+02    0.411581197909546423E+10    0.227362810846488742E+03   -0.113681405423244371E+03
    0.400581802845168866E+01    0.100647150009087305E+01    0.456340238184946827E+02    0.453294862504725838E+10    0.227235837263032238E+03   -0.113617918631516119E+03
    0.313840266050892325E+00    0.101419904215607781E+01    0.409979069455605583E+02    0.510144420493165684E+10    0.226621489043656567E+03   -0.113310744521828283E+03
    0.903203074517974613E+01    0.100984478769553077E+01    0.490437581402776956E+02    0.475199114071349049E+10    0.227371710669394588E+03   -0.113685855334697294E+03
    0.830417810728077854E+00    0.100783687403206579E+01    0.414303308874595118E+02    0.491175505669863033E+10    0.226366499848929209E+03   -0.113183249924464604E+03
