    0.669470331155753229E+02    0.972482217306177232E+00    0.100146439749223877E+02    0.519221240532252312E+10    0.106655777573822235E+03   -0.533278887869111173E+02
    0.357065796852111816E+02    0.984562986409962648E+00    0.580329418182373047E+02    0.283540876999510145E+10    0.105885002176693774E+03   -0.529425010883468872E+02
    0.412537549834780819E+02    0.101290226208218259E+01    0.525524103066648536E+02    0.584119127914094105E+08    0.105211119875911578E+03   -0.526055599379557890E+02
    0.598836541175842285E+02    0.982157129328600997E+00    0.446190834045410156E+02    0.183032587581458735E+10    0.104502403471333878E+03   -0.522512017356669389E+02
    0.708020020391959690E+02    0.999957918379858368E+00    0.191521648928260078E+02    0.829525435884317636E+09    0.103619139638620396E+03   -0.518095698193101981E+02
    0.463039383648739431E+02    0.104066542958957009E+01    0.537079080603715866E+02    0.426899902246337652E+09    0.102926498143249887E+03   -0.514632490716249436E+02
    0.363212063187745127E+00    0.104845242438058217E+01    0.221047764928197559E+02    0.316511735878299698E+08    0.102697115114927612E+03   -0.513485575574638062E+02
    0.333105549302985793E+02    0.963709457753584520E+00    0.516766291070188473E+02    0.571875460321250081E+09    0.102459262936114882E+03   -0.512296314680574412E+02
    0.494471841443634688E+02    0.956401844984018368E+00    0.220007699063504631E+02    0.163822501651818961E+09    0.101783546437187510E+03   -0.508917732185937552E+02
    0.545189804644286298E+02    0.977872771269900354E+00    0.194238514327919312E+02    0.473022546780467808E+09    0.101263710667147933E+03   -0.506318553335739665E+02
    0.381922367540545054E+02    0.981980263995274605E+00    0.609960540084620195E+01    0.163611028681075543E+09    0.101234828423054267E+03   -0.506174142115271337E+02
    0.182904788291956493E+02    0.106918393663514499E+01    0.454684749201822669E+02    0.161102165197764397E+09    0.101044118031449997E+03   -0.505220590157249987E+02
    0.488612640800795504E+02    0.999614007815532890E+00    0.885862021950129308E+00    0.839555153648506284E+09    0.100975506111550231E+03   -0.504877530557751157E+02
    0.421624705514603448E+02    0.976965544817884002E+00    0.264410942327839074E+02    0.146012021086654574E+09    0.100539022399549765E+03   -0.502695111997748825E+02
    0.319604279273135781E+02    0.974300233090992007E+00    0.316878608528349801E+02    0.100449006964530826E+09    0.100143474547435176E+03   -0.500717372737175879E+02
    0.374743029305766910E+02    0.966020511880628208E+00    0.945014317909099155E+01    0.195587926354880959E+09    0.100120831526963173E+03   -0.500604157634815863E+02
    0.185326633831845129E+02    0.101249524701444926E+01    0.738744134626418258E+02    0.681162134492328048E+09    0.100106896767339293E+03   -0.500534483836696467E+02
    0.184881754893726153E+02    0.102278480254905757E+01    0.794058747951373363E+02    0.665956401906251311E+09    0.998382542343979651E+02   -0.499191271171989825E+02
    0.843931842111188502E+01    0.105104780455491142E+01    0.622815665482091418E+02    0.162778160796432406E+09    0.998055793775493640E+02   -0.499027896887746820E+02
    0.216429659759020225E+02    0.101930749962271694E+01    0.177176530643133079E+01    0.489850986518293977E+09    0.997558388628492878E+02   -0.498779194314246439E+02
    0.118703842163085938E+02    0.104554150415944669E+01    0.548354089260101318E+02    0.915723449614266604E+08    0.996602806592265580E+02   -0.498301403296132790E+02
    0.477737737301525058E+02    0.940107266388473639E+00    0.120471196216395828E+02    0.133752500006275082E+10    0.995208333720839420E+02   -0.497604166860419710E+02
    0.431548396130305179E+02    0.100144272410927448E+01    0.767074810683226183E+01    0.631996079730668306E+09    0.994011604328798057E+02   -0.497005802164399029E+02
    0.283755501132879360E+02    0.959910777364448520E+00    0.378591330291387607E+02    0.115281419400462246E+10    0.992613324957206373E+02   -0.496306662478603187E+02
    0.382995551441720536E+02    0.103127433900296261E+01    0.596122274945840331E+02    0.357558601829765141E+09    0.992347858865569634E+02   -0.496173929432784817E+02
    0.288645493664043578E+02    0.918205560712558322E+00    0.222589764465919764E+02    0.429320255252218187E+09    0.991269319113555554E+02   -0.495634659556777777E+02
    0.135044327596455371E+01    0.948052684615688479E+00    0.202716957861622014E+02    0.207037007328379703E+10    0.987092154364614203E+02   -0.493546077182307101E+02
    0.397810601003686504E+01    0.949776941692244137E+00    0.242685014223482938E+02    0.189779940760109782E+09    0.986766814615419037E+02   -0.493383407307709518E+02
    0.238551653042532870E+02    0.976425612033846813E+00    0.428300611514704102E+02    0.134873306469683743E+10    0.986461359342859225E+02   -0.493230679671429613E+02
    0.594965307616991979E+01    0.105096759384693073E+01    0.496070989468351653E+00    0.111058212199604273E+10    0.986445696363584830E+02   -0.493222848181792415E+02
    0.300072683778174087E+00    0.889051224473105250E+00    0.135181044238082357E+02    0.510098577782502830E+09    0.986220538656952215E+02   -0.493110269328476107E+02
    0.212350047077593089E+02    0.983295054930618861E+00    0.443957396935550719E+02    0.165483592268047601E+09    0.985832027884163722E+02   -0.492916013942081861E+02
    0.281363945646789624E+02    0.106696027665175586E+01    0.282688663151871751E+02    0.698889135538588881E+09    0.985260962850157398E+02   -0.492630481425078699E+02
    0.281422988174336801E+02    0.100178907358495772E+01    0.661638457869651742E+01    0.328934824468533218E+09    0.985067718881512633E+02   -0.492533859440756316E+02
    0.433015903509989197E+00    0.988624509158788856E+00    0.138598087486967252E+02    0.302807208035479546E+10    0.984517375991165977E+02   -0.492258687995582989E+02
    0.289501726609780938E+02    0.101685223015131165E+01    0.471073175535763795E+02    0.118122298698645875E+09    0.983869175566552201E+02   -0.491934587783276100E+02
    0.262925964602071516E+00    0.954005902061102806E+00    0.131900002368970028E+02    0.659546127127393633E+08    0.982644083876037513E+02   -0.491322041938018756E+02
    0.480800871583527289E+01    0.107386237445928545E+01    0.325075884011871494E+02    0.107341151423499659E+09    0.982575080285473916E+02   -0.491287540142736958E+02
    0.250493789478617330E+02    0.101229743031233288E+01    0.265761803985323724E+02    0.500981639736954048E+08    0.981408157601040472E+02   -0.490704078800520236E+02
    0.444377979180435219E+02    0.985577914354324180E+00    0.206636447886092967E+02    0.568808444295763612E+09    0.981317051969668626E+02   -0.490658525984834313E+02
    0.152027728903055692E+01    0.973735467642164565E+00    0.446167883419549796E+02    0.246673518388096541E+09    0.981172688886238404E+02   -0.490586344443119202E+02
    0.362002492420228279E+02    0.101395016193279308E+01    0.166614839135587687E+02    0.338013095430541396E+09    0.981048960609072367E+02   -0.490524480304536183E+02
    0.324428975743530756E+02    0.100018538305037397E+01    0.160354740771759197E+02    0.107500039218392342E+09    0.978916667476323141E+02   -0.489458333738161571E+02
    0.773147555644845497E+01    0.105377839157275610E+01    0.373259609578952389E+01    0.104090367832668304E+10    0.978138634946868422E+02   -0.489069317473434211E+02
    0.296260093570414327E+02    0.992123526203888662E+00    0.537523264764075890E+02    0.586361562465951800E+09    0.978067316735067891E+02   -0.489033658367533945E+02
    0.430958919304992421E+02    0.956811403709306729E+00    0.278044792791677153E+01    0.121658185212410259E+10    0.977791845128600698E+02   -0.488895922564300349E+02
    0.342160700711618091E+02    0.997085358130966215E+00    0.288040329546915395E+02    0.161553464476821280E+10    0.977324541736838910E+02   -0.488662270868419455E+02
    0.330531417275066559E+02    0.100989752445895187E+01    0.419303285929780500E+02    0.135823022492412853E+10    0.977068269828400275E+02   -0.488534134914200138E+02
    0.156305271848824701E+01    0.103815287117842336E+01    0.557675375393193562E+02    0.778115086423221678E+08    0.975873475453290524E+02   -0.487936737726645262E+02
    0.760160899443284510E+01    0.988956119070827699E+00    0.383232185369099332E+01    0.186478978349967688E+09    0.975258007773369400E+02   -0.487629003886684700E+02
    0.323684130596095265E+01    0.100314347660606651E+01    0.682923086426263537E+00    0.305515690599884391E+09    0.975222696119392225E+02   -0.487611348059696113E+02
    0.214111074724769850E+02    0.964845847608137741E+00    0.314352158870435261E+02    0.142522416095692277E+10    0.975088771421341676E+02   -0.487544385710670838E+02
    0.305844851059834042E+02    0.950081262632356482E+00    0.218697752520309230E+02    0.853179598299470425E+09    0.975037713827036754E+02   -0.487518856913518377E+02
    0.230427151461456887E+02    0.105944273441980474E+01    0.219070160973512245E+02    0.104802147778448850E+09    0.974843420955298683E+02   -0.487421710477649341E+02
    0.306074995776565295E+02    0.105301522961722038E+01    0.428516465192817648E+02    0.342564123958027363E+09    0.974289257904941906E+02   -0.487144628952470953E+02
    0.139111860885163843E+02    0.990345078489043407E+00    0.554121280057157435E+02    0.270436559695777655E+09    0.974196621141954608E+02   -0.487098310570977304E+02
    0.739336013793945312E+01    0.101109151901048544E+01    0.268324613571166992E+01    0.277899426781700373E+09    0.973750579854488620E+02   -0.486875289927244310E+02
    0.890945883123067439E+01    0.106896923604012239E+01    0.499212250281737813E+01    0.816915329964128613E+09    0.973723313813225531E+02   -0.486861656906612765E+02
    0.215411281508382260E+02    0.964326098678495391E+00    0.290113755009664125E+02    0.449023059794322073E+09    0.973093478478144220E+02   -0.486546739239072110E+02
    0.255306499800967082E+02    0.105623128830857316E+01    0.263834522810924561E+02    0.123951399406094059E+09    0.973063929646439476E+02   -0.486531964823219738E+02
    0.769399006582309397E+01    0.976814421633741881E+00    0.225898219197584460E+02    0.230547110277397156E+10    0.972808117277177189E+02   -0.486404058638588594E+02
    0.124091861001629677E+02    0.100976507037624508E+01    0.292889716885841089E+02    0.478092686987903044E+08    0.972754764270320891E+02   -0.486377382135160445E+02
    0.822018290721992839E+00    0.104420068746060912E+01    0.256244823275376561E+02    0.429812315497034192E+08    0.972466808645236966E+02   -0.486233404322618483E+02
    0.301903633847891406E+02    0.102258454916764441E+01    0.382366763910859220E+02    0.641351272600312009E+08    0.971906755590391924E+02   -0.485953377795195962E+02
    0.353046655654907227E+02    0.988395207352165017E+00    0.389298677444458008E+02    0.264463635320762932E+09    0.971898023245207128E+02   -0.485949011622603564E+02
    0.682229365594115844E+01    0.104615319256965589E+01    0.680775481355624521E+02    0.651838084018344641E+09    0.971806682642615840E+02   -0.485903341321307920E+02
    0.969082138310564112E+01    0.967984986775144884E+00    0.105108541864678333E+02    0.210671336025678301E+10    0.971296824666401619E+02   -0.485648412333200810E+02
    0.114695265290543791E+02    0.975175261295057050E+00    0.277966993797384099E+02    0.936470392222398520E+08    0.971129123892449400E+02   -0.485564561946224700E+02
    0.839412311715510917E+01    0.101570501648726719E+01    0.336625641221632250E+02    0.257605101773624420E+10    0.970358534488208022E+02   -0.485179267244104011E+02
    0.868508623126599133E+01    0.100313832353714161E+01    0.110721454806716615E+02    0.208315585649982381E+10    0.970133290689305028E+02   -0.485066645344652514E+02
    0.868508623126599133E+01    0.100313832353714161E+01    0.110721454806716615E+02    0.208315585649982381E+10    0.970133290689305028E+02   -0.485066645344652514E+02
    0.287506582246986468E+02    0.104797857492036273E+01    0.450015146029696567E+02    0.263981045635425597E+09    0.969660207974367552E+02   -0.484830103987183776E+02
    0.287506582246986468E+02    0.104797857492036273E+01    0.450015146029696567E+02    0.263981045635425597E+09    0.969660207974367552E+02   -0.484830103987183776E+02
    0.317546588673221422E+02    0.995579790587115543E+00    0.170713668426766993E+02    0.333216796989562750E+09    0.969384387553226929E+02   -0.484692193776613465E+02
    0.127342836725705517E+02    0.101700960748464286E+01    0.145361427797724687E+02    0.204283209645386076E+10    0.969208837348562895E+02   -0.484604418674281447E+02
    0.313533324119556838E+02    0.102829146913893399E+01    0.367200146819260951E+02    0.105869408089018810E+10    0.968721575226351632E+02   -0.484360787613175816E+02
    0.384850994905217050E+02    0.100134549941485385E+01    0.282079114013189631E+02    0.507417372511197627E+09    0.968573098366570946E+02   -0.484286549183285473E+02
    0.104393485964782080E+02    0.107323956153982514E+01    0.166022230494720553E+02    0.157095356599913716E+09    0.968500309659508076E+02   -0.484250154829754038E+02
    0.292724898306610442E+02    0.104828209679732054E+01    0.404657826056557042E+02    0.230979125275627583E+09    0.968182937333512257E+02   -0.484091468666756128E+02
    0.292724898306610442E+02    0.104828209679732054E+01    0.404657826056557042E+02    0.230979125275627583E+09    0.968182937333512257E+02   -0.484091468666756128E+02
    0.294629406149253406E+02    0.104145201305040147E+01    0.439161572992753904E+02    0.559025949063563943E+09    0.967407678890369169E+02   -0.483703839445184585E+02
    0.285709373295263873E+02    0.980714378357049887E+00    0.373708253394309775E+01    0.914680259448840737E+09    0.967252594094499329E+02   -0.483626297047249665E+02
    0.144212442202574085E+02    0.983356726313838858E+00    0.165620768555071294E+02    0.203888592953269005E+10    0.966586724009105467E+02   -0.483293362004552733E+02
    0.307167093192422911E+02    0.961834632706217607E+00    0.113460022757375025E+02    0.147047857527526641E+10    0.966382160412087217E+02   -0.483191080206043608E+02
    0.716037765026133255E+00    0.102016562662062138E+01    0.507900503633044949E+02    0.224664648676427126E+10    0.965881408575832836E+02   -0.482940704287916418E+02
    0.268565144862092104E+02    0.102292202743418481E+01    0.252871101203576245E+02    0.146171359915234566E+10    0.965779439111594797E+02   -0.482889719555797399E+02
    0.135674306987852624E+02    0.102218328254400337E+01    0.405847215243131387E+01    0.641782513419157028E+09    0.965544521142766712E+02   -0.482772260571383356E+02
    0.199094414541863678E+02    0.104660730090290244E+01    0.314037909024235411E+02    0.618580746132186726E+08    0.965498874130095999E+02   -0.482749437065047999E+02
    0.749986780021969501E+01    0.102231993776770391E+01    0.517364327409618241E+02    0.632545700190243647E+08    0.965360532997899554E+02   -0.482680266498949777E+02
    0.118909959304454578E+02    0.104219906614291458E+01    0.336465406867472581E+02    0.164649132192676187E+10    0.964984127314265550E+02   -0.482492063657132775E+02
    0.200751343094701475E+02    0.104770190327329504E+01    0.364920540656979853E+02    0.726766093095318824E+08    0.964844224843982090E+02   -0.482422112421991045E+02
    0.206975079988145829E+02    0.976951132308515602E+00    0.267182663992063567E+02    0.157766156229439425E+10    0.964701735045475459E+02   -0.482350867522737730E+02
    0.417653205915015278E+02    0.100777091279956377E+01    0.252931527723559739E+02    0.826794104826149821E+09    0.964307411123982945E+02   -0.482153705561991472E+02
    0.417653205915015278E+02    0.100777091279956377E+01    0.252931527723559739E+02    0.826794104826149821E+09    0.964307411123982945E+02   -0.482153705561991472E+02
    0.601218626176486026E+01    0.101846076305319722E+01    0.482000487785726150E+02    0.611847833375236839E+08    0.963849402057138036E+02   -0.481924701028569018E+02
    0.171252279942125298E+02    0.104520568098730227E+01    0.312191606189291804E+02    0.109518510696391463E+10    0.963570976190019621E+02   -0.481785488095009811E+02
    0.398529721242757589E+02    0.101215391210424199E+01    0.238032536573130358E+02    0.778931591225971937E+09    0.962835280385193357E+02   -0.481417640192596679E+02
    0.329730001894497704E+02    0.992348454972876381E+00    0.224346322989370641E+02    0.498331365090467036E+09    0.962786080597808365E+02   -0.481393040298904182E+02
    0.211365973009680985E+02    0.101258527756018157E+01    0.176744087527933615E+02    0.125597426435023203E+09    0.962712878904058869E+02   -0.481356439452029434E+02
    0.668711106439163050E+01    0.106769087643706739E+01    0.107877586686358740E+02    0.428653944604023755E+09    0.961740072975447617E+02   -0.480870036487723809E+02
    0.228062706327631375E+02    0.101300541259603238E+01    0.805823665307473824E+01    0.106978960611331320E+10    0.961584425419057425E+02   -0.480792212709528712E+02
    0.327376064812526764E+02    0.101310763004105731E+01    0.179806297403772071E+02    0.605188169351217985E+09    0.961241509999730965E+02   -0.480620754999865483E+02
    0.234328303143349643E+02    0.986330534325310371E+00    0.277355139611564425E+02    0.111613220803278118E+09    0.960539881798125066E+02   -0.480269940899062533E+02
    0.234328303143349643E+02    0.986330534325310371E+00    0.277355139611564425E+02    0.111613220803278118E+09    0.960539881798125066E+02   -0.480269940899062533E+02
    0.114862648200093957E+02    0.102384414317966455E+01    0.641009233772235376E+02    0.214723234012250394E+09    0.960052098775422422E+02   -0.480026049387711211E+02
    0.189302280632349351E+02    0.962433422830459073E+00    0.276803200971101901E+02    0.866814349965528250E+09    0.959891076534616303E+02   -0.479945538267308152E+02
    0.137551067335968131E+02    0.105178121109953193E+01    0.356874742178130546E+02    0.105364436417490554E+10    0.959495446070726246E+02   -0.479747723035363123E+02
    0.226076691322333279E+01    0.100378698699286351E+01    0.945725954246880107E+01    0.720614371370108724E+08    0.958780238186760272E+02   -0.479390119093380136E+02
    0.119879473523880513E+02    0.986716017177988403E+00    0.382846245674002645E+02    0.148738557026484579E+09    0.958661573541773038E+02   -0.479330786770886519E+02
    0.255978826519987201E+02    0.101502655739203118E+01    0.251267748529311454E+02    0.762486741989987344E+08    0.958034742347393546E+02   -0.479017371173696773E+02
    0.270399269162872748E+02    0.974137037632850533E+00    0.262184792090687360E+02    0.710832652483665586E+09    0.957935973172497768E+02   -0.478967986586248884E+02
    0.339570812129542006E+02    0.100059213368507849E+01    0.377521785995294508E+02    0.751174124996688247E+09    0.957690693150392889E+02   -0.478845346575196444E+02
    0.244511466481028528E+02    0.103063270375499694E+01    0.503209298642669864E+02    0.170410600479386598E+09    0.956613903469018112E+02   -0.478306951734509056E+02
    0.244511466481028528E+02    0.103063270375499694E+01    0.503209298642669864E+02    0.170410600479386598E+09    0.956613903469018112E+02   -0.478306951734509056E+02
    0.161706908561391849E+02    0.100026914347344542E+01    0.399559401402432002E+02    0.171332030280305147E+09    0.956403680134991987E+02   -0.478201840067495993E+02
    0.161706908561391849E+02    0.100026914347344542E+01    0.399559401402432002E+02    0.171332030280305147E+09    0.956403680134991987E+02   -0.478201840067495993E+02
    0.221893687162374640E+02    0.983425623076579769E+00    0.222369397687056356E+02    0.249386991343812317E+09    0.956341401050055708E+02   -0.478170700525027854E+02
    0.221893687162374640E+02    0.983425623076579769E+00    0.222369397687056356E+02    0.249386991343812317E+09    0.956341401050055708E+02   -0.478170700525027854E+02
    0.422756196989709440E-01    0.104031700214115008E+01    0.467224529045524761E+02    0.168115132263127184E+10    0.956315531331145792E+02   -0.478157765665572896E+02
    0.240073256023053681E+02    0.101291929751599752E+01    0.194056665418846102E+02    0.132516166653690338E+10    0.956131539529463765E+02   -0.478065769764731883E+02
    0.240073256023053681E+02    0.101291929751599752E+01    0.194056665418846102E+02    0.132516166653690338E+10    0.956131539529463765E+02   -0.478065769764731883E+02
    0.652018045243695799E+01    0.996203189618200535E+00    0.527581306342162080E+02    0.318280597346863389E+09    0.956110537196408643E+02   -0.478055268598204322E+02
    0.135628942098871814E+02    0.103623744107759763E+01    0.177898016765510327E+02    0.636291435347541124E+08    0.955977158498153301E+02   -0.477988579249076651E+02
    0.275802745015262829E+01    0.105592903185451625E+01    0.287386367927338178E+02    0.138499744946259189E+10    0.955679450719446208E+02   -0.477839725359723104E+02
    0.296337313836029139E+02    0.985567063630663598E+00    0.169653549861099755E+02    0.656057509601402640E+09    0.955633025837748136E+02   -0.477816512918874068E+02
    0.858927582682431456E+01    0.990908794162137396E+00    0.461452562655339165E+02    0.103009186985281265E+10    0.955615847790208761E+02   -0.477807923895104381E+02
    0.637941266133637619E+01    0.984622785433290182E+00    0.143523600872567858E+02    0.179785778921774387E+10    0.954727779691233707E+02   -0.477363889845616853E+02
    0.106442675358552741E+02    0.992033164444025006E+00    0.412511989089332189E+02    0.130215572591226482E+10    0.954129708623310222E+02   -0.477064854311655111E+02
    0.222659246146109631E+02    0.988245867364275332E+00    0.321795626077196104E+02    0.122545881629916358E+10    0.953937688271637825E+02   -0.476968844135818912E+02
    0.222659246146109631E+02    0.988245867364275332E+00    0.321795626077196104E+02    0.122545881629916358E+10    0.953937688271637825E+02   -0.476968844135818912E+02
    0.610113617618968274E+01    0.106903059269899736E+01    0.157956040912233000E+02    0.445861117390410185E+09    0.953932937455895029E+02   -0.476966468727947515E+02
    0.199295922757279449E+02    0.102255445748181373E+01    0.148949887736749140E+02    0.511435477568387806E+09    0.953908498785876304E+02   -0.476954249392938152E+02
    0.130962877877367507E+02    0.100492350183799717E+01    0.246109137218103378E+02    0.613297229990701526E+08    0.953719087848797784E+02   -0.476859543924398892E+02
    0.130962877877367507E+02    0.100492350183799717E+01    0.246109137218103378E+02    0.613297229990701526E+08    0.953719087848797784E+02   -0.476859543924398892E+02
    0.174140432347844794E+02    0.997703833677024754E+00    0.478019564424665901E+02    0.818245825241518974E+09    0.953480932035896700E+02   -0.476740466017948350E+02
    0.110961093091118226E+02    0.103561658579403426E+01    0.125300781879485061E+02    0.210846006851718366E+09    0.953399620524855749E+02   -0.476699810262427874E+02
    0.304218233414378014E+01    0.100316671260472279E+01    0.381770237504110810E+02    0.161783144981773543E+10    0.953385280584109438E+02   -0.476692640292054719E+02
    0.176334537035357215E+02    0.104497894240115730E+01    0.225257934042290522E+02    0.973016184610533714E+08    0.953292214838174772E+02   -0.476646107419087386E+02
    0.176334537035357215E+02    0.104497894240115730E+01    0.225257934042290522E+02    0.973016184610533714E+08    0.953292214838174772E+02   -0.476646107419087386E+02
    0.133876007294365476E+02    0.966765072771706424E+00    0.149271053359781032E+02    0.641695989047415495E+09    0.952153582891843371E+02   -0.476076791445921685E+02
    0.328528818777053928E+02    0.102685134257932864E+01    0.376631208467204743E+02    0.600679261740010023E+09    0.952087448658738538E+02   -0.476043724329369269E+02
    0.328528818777053928E+02    0.102685134257932864E+01    0.376631208467204743E+02    0.600679261740010023E+09    0.952087448658738538E+02   -0.476043724329369269E+02
    0.231550821115160979E+02    0.101848196942264102E+01    0.343416770457925651E+02    0.786430756928296685E+08    0.951759933120838753E+02   -0.475879966560419376E+02
    0.231550821115160979E+02    0.101848196942264102E+01    0.343416770457925651E+02    0.786430756928296685E+08    0.951759933120838753E+02   -0.475879966560419376E+02
    0.137308829776915573E+02    0.103727455464343965E+01    0.452911561857307561E+02    0.953751178169940114E+08    0.951400874047704406E+02   -0.475700437023852203E+02
    0.173848439549581069E+01    0.104900351231012401E+01    0.105551250779323240E+02    0.139595750769358993E+09    0.951371102574238137E+02   -0.475685551287119068E+02
    0.197448293254672471E+02    0.104525921214983386E+01    0.294292568220769226E+02    0.139451303886295617E+09    0.950989543977359801E+02   -0.475494771988679901E+02
    0.136806458195983947E+02    0.994474879511606846E+00    0.116500001743430026E+02    0.501688188715678513E+09    0.950419965453192788E+02   -0.475209982726596394E+02
    0.136806458195983947E+02    0.994474879511606846E+00    0.116500001743430026E+02    0.501688188715678513E+09    0.950419965453192788E+02   -0.475209982726596394E+02
    0.144212047825213645E+02    0.998949588056465054E+00    0.343284066574396647E+02    0.122661668841422129E+10    0.950055750297749881E+02   -0.475027875148874941E+02
    0.201067679957448568E+02    0.977609276089569157E+00    0.235307829412837712E+02    0.987712228997545719E+09    0.949875541453004075E+02   -0.474937770726502038E+02
    0.315591520214870780E+01    0.987910060378403454E+00    0.119945470601793396E+02    0.196257423574478418E+09    0.949759985582802102E+02   -0.474879992791401051E+02
    0.315591520214870780E+01    0.987910060378403454E+00    0.119945470601793396E+02    0.196257423574478418E+09    0.949759985582802102E+02   -0.474879992791401051E+02
    0.341113017092652981E+02    0.101117969246458417E+01    0.263748159511370197E+02    0.711366577490996361E+09    0.949746601379129629E+02   -0.474873300689564815E+02
    0.125485197001997921E+02    0.100136208269400417E+01    0.550988699538525850E+01    0.102397644286848450E+10    0.949632136664993141E+02   -0.474816068332496570E+02
    0.125485197001997921E+02    0.100136208269400417E+01    0.550988699538525850E+01    0.102397644286848450E+10    0.949632136664993141E+02   -0.474816068332496570E+02
    0.203739757986267200E+02    0.104726089663672828E+01    0.308837543919733406E+02    0.156757561398884147E+09    0.949617352662259862E+02   -0.474808676331129931E+02
    0.203739757986267200E+02    0.104726089663672828E+01    0.308837543919733406E+02    0.156757561398884147E+09    0.949617352662259862E+02   -0.474808676331129931E+02
    0.222880433771365958E+02    0.998616891884420599E+00    0.137474870324089586E+02    0.614468709620725989E+09    0.949501788274098715E+02   -0.474750894137049357E+02
    0.114192502185546765E+02    0.996398752047132463E+00    0.118785892204222456E+02    0.437810616871170521E+09    0.949121250871498461E+02   -0.474560625435749230E+02
    0.128762461780613737E+02    0.977979207936254258E+00    0.276707464821076776E+02    0.499405590002052903E+09    0.949106105207895467E+02   -0.474553052603947734E+02
    0.128762461780613737E+02    0.977979207936254258E+00    0.276707464821076776E+02    0.499405590002052903E+09    0.949106105207895467E+02   -0.474553052603947734E+02
    0.269924689277389973E+02    0.102204299911324137E+01    0.517236897375499751E+02    0.429490237187946618E+09    0.949040262467845821E+02   -0.474520131233922910E+02
    0.729998198978494162E+00    0.986449149824019100E+00    0.509442968745104423E+02    0.561724442127301812E+09    0.948823464192787753E+02   -0.474411732096393877E+02
    0.177047279747371817E+02    0.101194725952054032E+01    0.119616653838799429E+02    0.558977207437772155E+09    0.948701158795724098E+02   -0.474350579397862049E+02
    0.621526282852956946E+01    0.974126585264989298E+00    0.215796050590836970E+02    0.470890731066195786E+09    0.948659489948286136E+02   -0.474329744974143068E+02
    0.621526282852956946E+01    0.974126585264989298E+00    0.215796050590836970E+02    0.470890731066195786E+09    0.948659489948286136E+02   -0.474329744974143068E+02
    0.150222231696048443E+02    0.100112469736814824E+01    0.199910969095449431E+02    0.107836696340596184E+09    0.948501715719622069E+02   -0.474250857859811035E+02
    0.150222231696048443E+02    0.100112469736814824E+01    0.199910969095449431E+02    0.107836696340596184E+09    0.948501715719622069E+02   -0.474250857859811035E+02
    0.186549799604110547E+02    0.104367787551429503E+01    0.458694946403628876E+02    0.741517370601737857E+09    0.948407729261112138E+02   -0.474203864630556069E+02
    0.589627706194361512E+01    0.106328145598191237E+01    0.362588399013533262E+02    0.167413560972185194E+09    0.948320436052078009E+02   -0.474160218026039004E+02
    0.936788320541381836E+01    0.979488190384258717E+00    0.310935556888580322E+02    0.344938255838319302E+09    0.948246856380637553E+02   -0.474123428190318776E+02
    0.370514705673334888E+01    0.104223387829068681E+01    0.361983132096248355E+02    0.148484849152789426E+10    0.947959475573316581E+02   -0.473979737786658291E+02
    0.370514705673334888E+01    0.104223387829068681E+01    0.361983132096248355E+02    0.148484849152789426E+10    0.947959475573316581E+02   -0.473979737786658291E+02
    0.138617387180979996E+02    0.102278180498587101E+01    0.511628117339225525E+02    0.109188581224667430E+10    0.947955410262698877E+02   -0.473977705131349438E+02
    0.223496494548535694E+02    0.983999175638833212E+00    0.300187456583808512E+02    0.524140791576405287E+09    0.947816926300672264E+02   -0.473908463150336132E+02
    0.284799148798000523E+01    0.105992645622605086E+01    0.521258690883882778E+02    0.548039663733989239E+09    0.947791770515385110E+02   -0.473895885257692555E+02
    0.359237194061279297E+01    0.103960400057267610E+01    0.634910523891448975E+02    0.333299268572592854E+09    0.947683261498425367E+02   -0.473841630749212683E+02
    0.359237194061279297E+01    0.103960400057267610E+01    0.634910523891448975E+02    0.333299268572592854E+09    0.947683261498425367E+02   -0.473841630749212683E+02
    0.393436268981949677E+01    0.102626715147805614E+01    0.108824234048300248E+02    0.102601497772581756E+09    0.947490675827760356E+02   -0.473745337913880178E+02
    0.181066176501078822E+02    0.102589832430455652E+01    0.636597747239711396E+02    0.653442918885884047E+09    0.947421503203288751E+02   -0.473710751601644375E+02
    0.961068902696199601E+01    0.105797624955735281E+01    0.174647966791691331E+02    0.823175400160984516E+09    0.947381094841308027E+02   -0.473690547420654013E+02
    0.778304341016879597E+01    0.980346475448693244E+00    0.254835250422708590E+02    0.218709920973913252E+09    0.947358227713149574E+02   -0.473679113856574787E+02
    0.778304341016879597E+01    0.980346475448693244E+00    0.254835250422708590E+02    0.218709920973913252E+09    0.947358227713149574E+02   -0.473679113856574787E+02
    0.148628284605002676E+02    0.103796024092138128E+01    0.190266812099488440E+02    0.163569994062628746E+09    0.946931603799830413E+02   -0.473465801899915206E+02
    0.148628284605002676E+02    0.103796024092138128E+01    0.190266812099488440E+02    0.163569994062628746E+09    0.946931603799830413E+02   -0.473465801899915206E+02
    0.253965894540148511E+02    0.102004428891356125E+01    0.262093051302458200E+02    0.180508947475704968E+09    0.946863574283158300E+02   -0.473431787141579150E+02
    0.170547536533666744E+02    0.975105664692564877E+00    0.262595341393717661E+02    0.737913529929293752E+09    0.946774835393480600E+02   -0.473387417696740300E+02
    0.266853411920400241E+01    0.106798990191941212E+01    0.257604080071519235E+02    0.248651062655912727E+09    0.946534448400806383E+02   -0.473267224200403192E+02
    0.219900360726175172E+02    0.989270537852205645E+00    0.416384492739632606E+02    0.766356521673596263E+09    0.946453052511953956E+02   -0.473226526255976978E+02
    0.219900360726175172E+02    0.989270537852205645E+00    0.416384492739632606E+02    0.766356521673596263E+09    0.946453052511953956E+02   -0.473226526255976978E+02
    0.119949311850673312E+00    0.104328086577491730E+01    0.969539015102699153E+01    0.179379643751231760E+09    0.946423331020448302E+02   -0.473211665510224151E+02
    0.207446694814520995E+02    0.103196874890473178E+01    0.417670460734437654E+02    0.101553115412471324E+09    0.946377423185089981E+02   -0.473188711592544990E+02
    0.103943506261176939E+02    0.104156868856948748E+01    0.564692179500313713E+02    0.291601472942329347E+09    0.946295456799883823E+02   -0.473147728399941911E+02
    0.659150556397392684E+01    0.101569518817111804E+01    0.493678200091583292E+02    0.158925246822637588E+09    0.945797751060691212E+02   -0.472898875530345606E+02
    0.659150556397392684E+01    0.101569518817111804E+01    0.493678200091583292E+02    0.158925246822637588E+09    0.945797751060691212E+02   -0.472898875530345606E+02
    0.287367104990495836E+00    0.101296026650047932E+01    0.282503764950975444E+02    0.194548668477163172E+10    0.945565619878063899E+02   -0.472782809939031949E+02
    0.130705275404373591E+02    0.106090974905640167E+01    0.310210761895247948E+02    0.325666080376119852E+09    0.945562075907220390E+02   -0.472781037953610195E+02
    0.460077200431459232E+01    0.996985510550589593E+00    0.331186210423291385E+02    0.997605783678405732E+08    0.945522354213059657E+02   -0.472761177106529829E+02
    0.814437257990252306E+01    0.991333322187741395E+00    0.322171836522664563E+02    0.114752082469666392E+09    0.945495999260989208E+02   -0.472747999630494604E+02
    0.400399601278005690E+01    0.990359647575883351E+00    0.170325890820435824E+02    0.157903671999946713E+10    0.945258311584863975E+02   -0.472629155792431987E+02
    0.211091975146876010E+02    0.104120086921972987E+01    0.398914301299503080E+02    0.504678426622929752E+09    0.945256724436184186E+02   -0.472628362218092093E+02
    0.141993018962837123E+02    0.101018273896266475E+01    0.337186076228453118E+02    0.124446070612216190E+09    0.944749099439202382E+02   -0.472374549719601191E+02
    0.141993018962837123E+02    0.101018273896266475E+01    0.337186076228453118E+02    0.124446070612216190E+09    0.944749099439202382E+02   -0.472374549719601191E+02
    0.278909255303578973E+02    0.988102841342434202E+00    0.256586914212676085E+02    0.718119873482127905E+09    0.944730485260769228E+02   -0.472365242630384614E+02
    0.122242777861246665E+02    0.101085043039325262E+01    0.486544266980428119E+02    0.967385948051980495E+09    0.944331441992312364E+02   -0.472165720996156182E+02
    0.773950328873117410E+01    0.106468637145588274E+01    0.358688421825091766E+02    0.452703580947297812E+09    0.944188262223500203E+02   -0.472094131111750102E+02
    0.336159490533777250E+01    0.102378027841995567E+01    0.140423965307096417E+02    0.160109936703303528E+10    0.944044740307800652E+02   -0.472022370153900326E+02
    0.109416672050718589E+02    0.100562737274613978E+01    0.617716736088793716E+01    0.943465222707711697E+09    0.943645821339493978E+02   -0.471822910669746989E+02
    0.109416672050718589E+02    0.100562737274613978E+01    0.617716736088793716E+01    0.943465222707711697E+09    0.943645821339493978E+02   -0.471822910669746989E+02
    0.147348807092790874E+02    0.105642891923011151E+01    0.244834296266680695E+02    0.184462699314292341E+09    0.943617758409135092E+02   -0.471808879204567546E+02
    0.147348807092790874E+02    0.105642891923011151E+01    0.244834296266680695E+02    0.184462699314292341E+09    0.943617758409135092E+02   -0.471808879204567546E+02
    0.197381964908161329E+02    0.100685576580633107E+01    0.268424998091354468E+02    0.164790763212524295E+09    0.943616703916364941E+02   -0.471808351958182470E+02
    0.197381964908161329E+02    0.100685576580633107E+01    0.268424998091354468E+02    0.164790763212524295E+09    0.943616703916364941E+02   -0.471808351958182470E+02
    0.171751083261702355E+02    0.100917141635742991E+01    0.290997515862153051E+02    0.120073107001542068E+10    0.943307959299736467E+02   -0.471653979649868234E+02
    0.181560487035344096E+02    0.105333962663948344E+01    0.328304059946018825E+02    0.528448510138106346E+09    0.942980306497490517E+02   -0.471490153248745258E+02
    0.224224248303226803E+01    0.989235494090303757E+00    0.452169777448497356E+02    0.273526559460396826E+09    0.942666797936363423E+02   -0.471333398968181712E+02
    0.224224248303226803E+01    0.989235494090303757E+00    0.452169777448497356E+02    0.273526559460396826E+09    0.942666797936363423E+02   -0.471333398968181712E+02
    0.200614563069464928E+02    0.999449887490701183E+00    0.303751629824770824E+02    0.275509655004056096E+09    0.942438885465385852E+02   -0.471219442732692926E+02
    0.207481124170524680E+02    0.101680168925646597E+01    0.225979140317853613E+02    0.273318246513771415E+09    0.941935410191403832E+02   -0.470967705095701916E+02
    0.675148958920165687E+00    0.984603706786082444E+00    0.202828692416549536E+02    0.169254405542980045E+09    0.941902038455308173E+02   -0.470951019227654086E+02
    0.675148958920165687E+00    0.984603706786082444E+00    0.202828692416549536E+02    0.169254405542980045E+09    0.941902038455308173E+02   -0.470951019227654086E+02
    0.349464564636212316E+01    0.977841560603477156E+00    0.325348472335483052E+02    0.639707063315554380E+09    0.941875477180163898E+02   -0.470937738590081949E+02
    0.943125042537351987E+01    0.101979171084145248E+01    0.239248477154780872E+02    0.563690227297290936E+08    0.941572275640876342E+02   -0.470786137820438171E+02
    0.132272028019542152E+02    0.102296596516851657E+01    0.576060537157188506E+02    0.909258866752601862E+09    0.941448183496105315E+02   -0.470724091748052658E+02
    0.314275553324222301E+00    0.105387125752516453E+01    0.306520302680663974E+02    0.560355278670417517E+08    0.941305641935531980E+02   -0.470652820967765990E+02
    0.529735601413963941E+01    0.102603401804628702E+01    0.332318153558769396E+02    0.187131467635333085E+10    0.941250342927750694E+02   -0.470625171463875347E+02
    0.172145077404247608E+02    0.101927278695190848E+01    0.242610653434226471E+02    0.120502255420196325E+09    0.941032312991398641E+02   -0.470516156495699320E+02
    0.172145077404247608E+02    0.101927278695190848E+01    0.242610653434226471E+02    0.120502255420196325E+09    0.941032312991398641E+02   -0.470516156495699320E+02
    0.893198827989441391E+01    0.103638465066967278E+01    0.158185818312949227E+02    0.350170312223324418E+09    0.940865663741343781E+02   -0.470432831870671890E+02
    0.270163434130941971E+01    0.106364758967486561E+01    0.217182234675049948E+02    0.153747356408313990E+09    0.940564924290765276E+02   -0.470282462145382638E+02
    0.133262812136401614E+02    0.999907991539342289E+00    0.276453099442091847E+02    0.174951317763955861E+09    0.940541760299595921E+02   -0.470270880149797961E+02
    0.761755978223544883E+01    0.101435239436139324E+01    0.398318475488225943E+02    0.880701259971510470E+08    0.940242905703078122E+02   -0.470121452851539061E+02
    0.450374211751448250E+01    0.105519468804866356E+01    0.182704758357695631E+02    0.964183508697671890E+08    0.940180318341526942E+02   -0.470090159170763471E+02
    0.450374211751448250E+01    0.105519468804866356E+01    0.182704758357695631E+02    0.964183508697671890E+08    0.940180318341526942E+02   -0.470090159170763471E+02
    0.237416877155011221E+02    0.996798089092580830E+00    0.325227851035565294E+02    0.703670595401591182E+09    0.939620880668863947E+02   -0.469810440334431973E+02
    0.222896494296220098E+02    0.101155711464977438E+01    0.261560160117232705E+02    0.217669479431838483E+09    0.939541428460088923E+02   -0.469770714230044462E+02
    0.393785953277830680E+01    0.106418754526804449E+01    0.208332423974055416E+02    0.601264810968907118E+09    0.939273074222950015E+02   -0.469636537111475008E+02
    0.393785953277830680E+01    0.106418754526804449E+01    0.208332423974055416E+02    0.601264810968907118E+09    0.939273074222950015E+02   -0.469636537111475008E+02
    0.202335086335020797E+02    0.102197845980737578E+01    0.417327822556794814E+02    0.157550604591918230E+09    0.939076671504992788E+02   -0.469538335752496394E+02
    0.202335086335020797E+02    0.102197845980737578E+01    0.417327822556794814E+02    0.157550604591918230E+09    0.939076671504992788E+02   -0.469538335752496394E+02
    0.338816151452187420E+01    0.102287926124372675E+01    0.394667107772568784E+02    0.519376125764617100E+08    0.938993608037165188E+02   -0.469496804018582594E+02
    0.338816151452187420E+01    0.102287926124372675E+01    0.394667107772568784E+02    0.519376125764617100E+08    0.938993608037165188E+02   -0.469496804018582594E+02
    0.281031900148152332E+02    0.102543847236368513E+01    0.378859830508390516E+02    0.639479338109694958E+09    0.938970465323375834E+02   -0.469485232661687917E+02
    0.281031900148152332E+02    0.102543847236368513E+01    0.378859830508390516E+02    0.639479338109694958E+09    0.938970465323375834E+02   -0.469485232661687917E+02
    0.211203291237914481E+01    0.992972243753735606E+00    0.453314910267319462E+02    0.407278650177578270E+09    0.938814328279256785E+02   -0.469407164139628392E+02
    0.138306888497872893E+01    0.982312615623242236E+00    0.188522924780944052E+02    0.450900393908482194E+09    0.938560308385247879E+02   -0.469280154192623939E+02
    0.138306888497872893E+01    0.982312615623242236E+00    0.188522924780944052E+02    0.450900393908482194E+09    0.938560308385247879E+02   -0.469280154192623939E+02
    0.179720974579101380E+02    0.103308515171677806E+01    0.564599103566046594E+02    0.447175787302047133E+09    0.938551079478028782E+02   -0.469275539739014391E+02
    0.179720974579101380E+02    0.103308515171677806E+01    0.564599103566046594E+02    0.447175787302047133E+09    0.938551079478028782E+02   -0.469275539739014391E+02
    0.161064249736048524E+02    0.988433688185269221E+00    0.399967463730538384E+02    0.698314659694983363E+09    0.938089959140606311E+02   -0.469044979570303155E+02
    0.135411254493461950E+02    0.989550985822399531E+00    0.399502684625475197E+02    0.823010191910090804E+09    0.937844213289830009E+02   -0.468922106644915004E+02
    0.126916393379247960E+02    0.101421182850346425E+01    0.527074267652861792E+02    0.477087931156078398E+09    0.937189401282821279E+02   -0.468594700641410640E+02
    0.126916393379247960E+02    0.101421182850346425E+01    0.527074267652861792E+02    0.477087931156078398E+09    0.937189401282821279E+02   -0.468594700641410640E+02
    0.141552257223711053E+01    0.100045699485434714E+01    0.861827197191980687E+01    0.632177460017889261E+09    0.937085272443438555E+02   -0.468542636221719278E+02
    0.141552257223711053E+01    0.100045699485434714E+01    0.861827197191980687E+01    0.632177460017889261E+09    0.937085272443438555E+02   -0.468542636221719278E+02
    0.234485283331008141E+02    0.103092379365275333E+01    0.353902603932900988E+02    0.188605447314034224E+09    0.936756192177141855E+02   -0.468378096088570928E+02
    0.107537135394268346E+01    0.104349856141459885E+01    0.278225608688401778E+02    0.554943917859998122E+08    0.936686894099716483E+02   -0.468343447049858241E+02
    0.176378109788348674E+02    0.102923711866284862E+01    0.257321997770746762E+02    0.101396955115335032E+09    0.936228308719560545E+02   -0.468114154359780272E+02
    0.467017784769730504E+01    0.102258901900844856E+01    0.308859612223043314E+02    0.177047463815875030E+10    0.936034132402664909E+02   -0.468017066201332455E+02
    0.954755423253522295E+01    0.104106315820509754E+01    0.285232448304644066E+02    0.734869372500395030E+08    0.935893493722706893E+02   -0.467946746861353446E+02
    0.198819019795711016E+01    0.101274652789598307E+01    0.406371252366787985E+02    0.115568959652135921E+10    0.935728474054160131E+02   -0.467864237027080065E+02
    0.225526018407555284E+02    0.102243627788309510E+01    0.489464236969939535E+02    0.300873906212999225E+09    0.935702106324961846E+02   -0.467851053162480923E+02
    0.224490194621962473E+02    0.100641543056593097E+01    0.355236519162376396E+02    0.578216934740971446E+09    0.935690005261218403E+02   -0.467845002630609201E+02
    0.721446924898601183E+00    0.103911300843003795E+01    0.101063996310304880E+02    0.892403673542874813E+09    0.935674993906709318E+02   -0.467837496953354659E+02
    0.211506069759495716E+02    0.102769225235187189E+01    0.527819532194251266E+02    0.308052122485845506E+09    0.935554662440120097E+02   -0.467777331220060049E+02
    0.150772145659469423E+02    0.104518083692726549E+01    0.287177532862113409E+02    0.188061664749876410E+09    0.935509563353120228E+02   -0.467754781676560114E+02
    0.176092311313826571E+02    0.102531593960456857E+01    0.337000362478438262E+02    0.746461834254702926E+08    0.935484329702458695E+02   -0.467742164851229347E+02
    0.891938306599687003E+01    0.983815539744568368E+00    0.130837000201135236E+02    0.857846157544278026E+09    0.935150145697575681E+02   -0.467575072848787840E+02
    0.989766973819954465E+01    0.102059305603555317E+01    0.440759760745975697E+02    0.110280937312834048E+10    0.935128151575545559E+02   -0.467564075787772779E+02
    0.182812718957714928E+02    0.100587617772993299E+01    0.343379841163329118E+02    0.278519111185966730E+09    0.934871971136086017E+02   -0.467435985568043009E+02
    0.306863182404890855E+01    0.982274146822882943E+00    0.175489587839812380E+02    0.101729507793109262E+10    0.934839648901460691E+02   -0.467419824450730346E+02
    0.955467414147666716E+01    0.104200125412807698E+01    0.197910769602388292E+02    0.530930582980143011E+09    0.934678148170357304E+02   -0.467339074085178652E+02
    0.174210294982853924E+02    0.101183836206712607E+01    0.419979384711574397E+02    0.238826322030856878E+09    0.934625253159238270E+02   -0.467312626579619135E+02
    0.174210294982853924E+02    0.101183836206712607E+01    0.419979384711574397E+02    0.238826322030856878E+09    0.934625253159238270E+02   -0.467312626579619135E+02
    0.795333668251317238E+01    0.105425642849774781E+01    0.210992120753752417E+02    0.392005716561531663E+09    0.934237692407569966E+02   -0.467118846203784983E+02
    0.955898810866241888E+01    0.993794608437749583E+00    0.377025809725338803E+02    0.438350991230148733E+09    0.934179516911105026E+02   -0.467089758455552513E+02
    0.990180810706294778E+01    0.100383899309446223E+01    0.351299415676777755E+02    0.195320545471451432E+09    0.933982005565751479E+02   -0.466991002782875739E+02
    0.171022906033823503E+02    0.100818150919484761E+01    0.411563380663583089E+02    0.355267752313156664E+09    0.933800753613746224E+02   -0.466900376806873112E+02
    0.469278975749476679E+01    0.102964933849989926E+01    0.469512563318860003E+02    0.120584634066619778E+10    0.933441869307402499E+02   -0.466720934653701249E+02
    0.242995384610494618E+02    0.102687445627926377E+01    0.426344602717523102E+02    0.551702007071744204E+09    0.933274220441541047E+02   -0.466637110220770523E+02
    0.242995384610494618E+02    0.102687445627926377E+01    0.426344602717523102E+02    0.551702007071744204E+09    0.933274220441541047E+02   -0.466637110220770523E+02
    0.123129914976212920E+02    0.102360494710275129E+01    0.592138530418330902E+02    0.392236699698480546E+09    0.933241062133489265E+02   -0.466620531066744633E+02
    0.123129914976212920E+02    0.102360494710275129E+01    0.592138530418330902E+02    0.392236699698480546E+09    0.933241062133489265E+02   -0.466620531066744633E+02
    0.375732541822229038E+00    0.994441012510492106E+00    0.157180939456769639E+02    0.107297897701348102E+10    0.932967496607312796E+02   -0.466483748303656398E+02
    0.722663883636483995E+01    0.995514676144384270E+00    0.385508413065460118E+02    0.862022154883922935E+09    0.932425560721060691E+02   -0.466212780360530346E+02
    0.236076143995408430E+02    0.102688991050283041E+01    0.430328101373175969E+02    0.302739769004976988E+09    0.932412229477291987E+02   -0.466206114738645994E+02
    0.236076143995408430E+02    0.102688991050283041E+01    0.430328101373175969E+02    0.302739769004976988E+09    0.932412229477291987E+02   -0.466206114738645994E+02
    0.365266221057613150E+01    0.100912419587840874E+01    0.452807543644244461E+02    0.209827510439607501E+09    0.932253579341994936E+02   -0.466126789670997468E+02
    0.365266221057613150E+01    0.100912419587840874E+01    0.452807543644244461E+02    0.209827510439607501E+09    0.932253579341994936E+02   -0.466126789670997468E+02
    0.108320564428579633E+02    0.104410585327609429E+01    0.236900412987338811E+02    0.495085152519219577E+09    0.932135969099966815E+02   -0.466067984549983407E+02
    0.108320564428579633E+02    0.104410585327609429E+01    0.236900412987338811E+02    0.495085152519219577E+09    0.932135969099966815E+02   -0.466067984549983407E+02
    0.326402989971180491E+01    0.983061489782504183E+00    0.220344600989644057E+02    0.580754570268370032E+09    0.932073544032009522E+02   -0.466036772016004761E+02
    0.326402989971180491E+01    0.983061489782504183E+00    0.220344600989644057E+02    0.580754570268370032E+09    0.932073544032009522E+02   -0.466036772016004761E+02
    0.214587307206040130E+02    0.101489731283282092E+01    0.313459761372209655E+02    0.539632308751953125E+09    0.931773019747483033E+02   -0.465886509873741517E+02
    0.647758584002387661E+01    0.992317576208197938E+00    0.147023459716184934E+02    0.672289032803542495E+09    0.931667453032181925E+02   -0.465833726516090962E+02
    0.299115106081730531E+01    0.100184142777084317E+01    0.366212281740750996E+02    0.205897282901594222E+09    0.931578039207116433E+02   -0.465789019603558216E+02
    0.186275028445455337E+01    0.104447671233523165E+01    0.225418217079601675E+02    0.102298964612218881E+10    0.931571877899609149E+02   -0.465785938949804574E+02
    0.186275028445455337E+01    0.104447671233523165E+01    0.225418217079601675E+02    0.102298964612218881E+10    0.931571877899609149E+02   -0.465785938949804574E+02
    0.209606929068094594E+01    0.990583683668350923E+00    0.337266053378784036E+02    0.975424992996266842E+09    0.931180932511120147E+02   -0.465590466255560074E+02
    0.461270404971057424E+01    0.102272251385608426E+01    0.455092305212594184E+02    0.880956479672897756E+08    0.931121540349300574E+02   -0.465560770174650287E+02
    0.461270404971057424E+01    0.102272251385608426E+01    0.455092305212594184E+02    0.880956479672897756E+08    0.931121540349300574E+02   -0.465560770174650287E+02
    0.139435417756627178E+02    0.101570121245135248E+01    0.228108040733984083E+02    0.260030082129375190E+09    0.931104875772032017E+02   -0.465552437886016008E+02
    0.207744019880363240E+02    0.103245998254360383E+01    0.407914717735992340E+02    0.202605505284036696E+09    0.931019006205703477E+02   -0.465509503102851738E+02
    0.449363083940108066E+01    0.102261467099215952E+01    0.524239451093749054E+02    0.167187139046874076E+09    0.930901826635253258E+02   -0.465450913317626629E+02
    0.112561651484333076E+02    0.100600714075939845E+01    0.229832594414390776E+02    0.268555036033677936E+09    0.930847836233612895E+02   -0.465423918116806448E+02
    0.172500901780276834E+02    0.101670507631862161E+01    0.259404853487207383E+02    0.360049613014672816E+09    0.930687128511465431E+02   -0.465343564255732716E+02
    0.789304722873283460E+01    0.102328676728137280E+01    0.613207276124629033E+02    0.489021679516252041E+09    0.930684945414843412E+02   -0.465342472707421706E+02
    0.147908276525436779E+02    0.104169215482358823E+01    0.348979630328779322E+02    0.593712134598065615E+09    0.930574114957587426E+02   -0.465287057478793713E+02
    0.147908276525436779E+02    0.104169215482358823E+01    0.348979630328779322E+02    0.593712134598065615E+09    0.930574114957587426E+02   -0.465287057478793713E+02
    0.110396848019454623E+02    0.100116900419853039E+01    0.392381189380000137E+02    0.656225901321739674E+09    0.930406288542957896E+02   -0.465203144271478948E+02
    0.110396848019454623E+02    0.100116900419853039E+01    0.392381189380000137E+02    0.656225901321739674E+09    0.930406288542957896E+02   -0.465203144271478948E+02
    0.166220227722177611E+02    0.103051208764305491E+01    0.319796502470686264E+02    0.120316704776629552E+09    0.930079633857244090E+02   -0.465039816928622045E+02
    0.102676760960449744E+02    0.100416641810505647E+01    0.388553850726416599E+02    0.362330391163527727E+09    0.929908806033645874E+02   -0.464954403016822937E+02
    0.204748190427074626E+02    0.102527869456731868E+01    0.302708443213935183E+02    0.352266321264980078E+09    0.929718118126544653E+02   -0.464859059063272326E+02
    0.204748190427074626E+02    0.102527869456731868E+01    0.302708443213935183E+02    0.352266321264980078E+09    0.929718118126544653E+02   -0.464859059063272326E+02
    0.355085270033949785E+01    0.999964870346179313E+00    0.392519809282029897E+02    0.401884186078801990E+09    0.929648003557326206E+02   -0.464824001778663103E+02
    0.355085270033949785E+01    0.999964870346179313E+00    0.392519809282029897E+02    0.401884186078801990E+09    0.929648003557326206E+02   -0.464824001778663103E+02
    0.123719178888649961E+01    0.105995532462023356E+01    0.252050636262412979E+02    0.154841518662981659E+09    0.929561701264151168E+02   -0.464780850632075584E+02
    0.254668294581743870E+01    0.997583203849874978E+00    0.222382714350458457E+02    0.326476515394825041E+09    0.929451329883932260E+02   -0.464725664941966130E+02
    0.170368624959594932E+02    0.101708550311662416E+01    0.342543511933420817E+02    0.189120148630355597E+09    0.929278225076730848E+02   -0.464639112538365424E+02
    0.526317890087661611E+00    0.105086063674430585E+01    0.510304196207964651E+02    0.243138899951883078E+09    0.929199941138835328E+02   -0.464599970569417664E+02
    0.232027840246946715E+01    0.984618133357207048E+00    0.348301609353763624E+02    0.647655623403556108E+09    0.929048514340939278E+02   -0.464524257170469639E+02
    0.198930929085026591E+02    0.102918849776788868E+01    0.314406527981458304E+02    0.232077672277569711E+09    0.928622218705652074E+02   -0.464311109352826037E+02
    0.247718944140071207E+01    0.104768632179336874E+01    0.465857812845824171E+02    0.837525012811981082E+09    0.928610683282628599E+02   -0.464305341641314300E+02
    0.146337805363956743E+02    0.101715227409562625E+01    0.222664295146061804E+02    0.535685222124618649E+09    0.928446816161341673E+02   -0.464223408080670836E+02
    0.148001249760836551E+02    0.102664147564172992E+01    0.227547756879604428E+02    0.916303687496695399E+09    0.928302022275231025E+02   -0.464151011137615512E+02
    0.608910951553074398E+01    0.101080035212300401E+01    0.188543426591623486E+02    0.284817119366590798E+09    0.928259209419104536E+02   -0.464129604709552268E+02
    0.121986239044068476E+02    0.103817834647295815E+01    0.335096348409762967E+02    0.150259922695966363E+09    0.928220789473851084E+02   -0.464110394736925542E+02
    0.736858424570084125E+01    0.103667582673936698E+01    0.222811513127272534E+02    0.849009073991846293E+08    0.928008064647484616E+02   -0.464004032323742308E+02
    0.996306990472769627E+01    0.105212871716049339E+01    0.317969994071700057E+02    0.722220302220642924E+09    0.927979632354002604E+02   -0.463989816177001302E+02
    0.872634363362874943E+01    0.103207781707750224E+01    0.346494675549615678E+02    0.599213570906484947E+08    0.927945776052461184E+02   -0.463972888026230592E+02
    0.260653880487899325E+01    0.987900575407981929E+00    0.283180486525845083E+02    0.451132393152493596E+09    0.927874487147033733E+02   -0.463937243573516866E+02
    0.260653880487899325E+01    0.987900575407981929E+00    0.283180486525845083E+02    0.451132393152493596E+09    0.927874487147033733E+02   -0.463937243573516866E+02
    0.660324191789750792E+01    0.105171666567151867E+01    0.345878311185280154E+02    0.144868659164100677E+09    0.927617215324431186E+02   -0.463808607662215593E+02
    0.109113012559231262E+02    0.994621470637524041E+00    0.192656710712059649E+02    0.786889916671951532E+09    0.927595532009348034E+02   -0.463797766004674017E+02
    0.921160249781236651E+01    0.105521765012470548E+01    0.345191627308704199E+02    0.572434369811637163E+09    0.927575129418967066E+02   -0.463787564709483533E+02
    0.139088403328493833E+02    0.101227162384694691E+01    0.278894827994843233E+02    0.194876508835388124E+09    0.927394489635567822E+02   -0.463697244817783911E+02
    0.115528960895898596E+02    0.100974258090224334E+01    0.167465575929747956E+02    0.653589777444135666E+09    0.927117421346484889E+02   -0.463558710673242444E+02
    0.115901032727679709E+02    0.995453488843689893E+00    0.325755623284389344E+02    0.721081423504996777E+09    0.927004588453821157E+02   -0.463502294226910578E+02
    0.136743019871852542E+02    0.101952959583724412E+01    0.239756357602041135E+02    0.196124604844100714E+09    0.926980431374455804E+02   -0.463490215687227902E+02
    0.914540518013891734E+01    0.101987772962882906E+01    0.257904758564885164E+02    0.767842265524117500E+08    0.926926504232053503E+02   -0.463463252116026752E+02
    0.104221348200019914E+02    0.102184381268157276E+01    0.201673575393281475E+02    0.220421430190925181E+09    0.926915635431476232E+02   -0.463457817715738116E+02
    0.365699791987576406E+01    0.100321605416607285E+01    0.235231267269716149E+02    0.210517276754797637E+09    0.926599826427298865E+02   -0.463299913213649432E+02
    0.471051293528625692E+01    0.998431970494939036E+00    0.388662400582258698E+02    0.697039091861256599E+09    0.926439418326718283E+02   -0.463219709163359141E+02
    0.613494940111852216E+01    0.101838143566685768E+01    0.307014135625850102E+02    0.122269293705588317E+10    0.926349160987891338E+02   -0.463174580493945669E+02
    0.271377997782061975E+01    0.101685483299470114E+01    0.218327250426296757E+02    0.124824185644560146E+10    0.926320112493420993E+02   -0.463160056246710496E+02
    0.768983809135416596E+01    0.102029665950968407E+01    0.187613624316680934E+02    0.405611536701191723E+09    0.926289914696739629E+02   -0.463144957348369815E+02
    0.107117279695641390E+02    0.102166704061623137E+01    0.294882931072542149E+02    0.726161382171191126E+08    0.926217163294281534E+02   -0.463108581647140767E+02
    0.137656969803639502E+02    0.102450491172682301E+01    0.232887895079794056E+02    0.230054937224937648E+09    0.926136159098095675E+02   -0.463068079549047837E+02
    0.138331524481067998E+02    0.102313258611471802E+01    0.281434998291365872E+02    0.116119672193379954E+09    0.925816864437524600E+02   -0.462908432218762300E+02
    0.768653648351499630E+01    0.105371339394628838E+01    0.387857560622033191E+02    0.256519982445338041E+09    0.925786752846577770E+02   -0.462893376423288885E+02
    0.915577882828495504E+01    0.104537730950950780E+01    0.411295608161196071E+02    0.236082364017025471E+09    0.925701711370157483E+02   -0.462850855685078741E+02
    0.155370828470967464E+02    0.100659048118912753E+01    0.363371070539517262E+02    0.730227098186076522E+09    0.925396261355110994E+02   -0.462698130677555497E+02
    0.278637866448721727E+01    0.101688455854401849E+01    0.365605578729457505E+02    0.890141908583605289E+08    0.925277135280447851E+02   -0.462638567640223926E+02
    0.119432830947538466E+02    0.103705956148178924E+01    0.361472877554854932E+02    0.864242679693117142E+09    0.925265430048663404E+02   -0.462632715024331702E+02
    0.329637507472012770E+01    0.101325978863215371E+01    0.249491554779330897E+02    0.905317345064449459E+08    0.925101826119699524E+02   -0.462550913059849762E+02
    0.524836148964856530E+01    0.101350210472459290E+01    0.446998964318822871E+02    0.926739974732288957E+09    0.924463225334200160E+02   -0.462231612667100080E+02
    0.343620902668287709E+01    0.105395344503126220E+01    0.328358482865138015E+02    0.140852723558136046E+09    0.924435394172013787E+02   -0.462217697086006893E+02
    0.450064033753640513E+00    0.102200479730617144E+01    0.370346899596358057E+02    0.594921604652685672E+08    0.924130778485068163E+02   -0.462065389242534081E+02
    0.179130752499977817E+02    0.101337760662014720E+01    0.327526356896640891E+02    0.595570905306042552E+09    0.924030796878326726E+02   -0.462015398439163363E+02
    0.191402098902865738E+02    0.102610825271587136E+01    0.440527705736029276E+02    0.424684592506905377E+09    0.923780744761598385E+02   -0.461890372380799192E+02
    0.446287790431020603E+01    0.104871884979220065E+01    0.315335659614032977E+02    0.876126085185391665E+09    0.923517916365127007E+02   -0.461758958182563504E+02
    0.436030474908337684E+01    0.104901174843064693E+01    0.310316646605177588E+02    0.137160884473339766E+09    0.923238742254710019E+02   -0.461619371127355009E+02
    0.114013597724181128E+02    0.100942085380063373E+01    0.380647011064730663E+02    0.493591363185227394E+09    0.922949298173138288E+02   -0.461474649086569144E+02
    0.396825070029472293E+01    0.105259705231531808E+01    0.368471697120620476E+02    0.165376341666957706E+09    0.922710654204967398E+02   -0.461355327102483699E+02
    0.353068735423519531E+01    0.101630258204121615E+01    0.309770939683520332E+02    0.903056799984068424E+08    0.922359343743474369E+02   -0.461179671871737185E+02
    0.815079821060927756E+01    0.100654191658214098E+01    0.325047720650758976E+02    0.316924398576059222E+09    0.922229945918435732E+02   -0.461114972959217866E+02
    0.114930401486657718E+02    0.102706606659565614E+01    0.556226180579107350E+02    0.434201160702520728E+09    0.922162983272291115E+02   -0.461081491636145557E+02
    0.143246408929214404E+02    0.102048343374229100E+01    0.320296061780381365E+02    0.181799709207835525E+09    0.921844134356956033E+02   -0.460922067178478017E+02
    0.139593595977859719E+01    0.100243733832514059E+01    0.293470193216039910E+02    0.415260772543883681E+09    0.921563767446177877E+02   -0.460781883723088939E+02
    0.429200856707293621E+01    0.105361038211592040E+01    0.339385049902603342E+02    0.756670177715928197E+09    0.921552608159554865E+02   -0.460776304079777432E+02
    0.757579821423669575E+01    0.100874217880649897E+01    0.161076431691874440E+02    0.810825077307218194E+09    0.921320397603132335E+02   -0.460660198801566168E+02
    0.149158646933278956E+02    0.101523813938428598E+01    0.238074617735661498E+02    0.764673464587846160E+09    0.921142700100014338E+02   -0.460571350050007169E+02
    0.187418134945826087E+01    0.105552243888491448E+01    0.387732192880600053E+02    0.191184634723142505E+09    0.921092669283266616E+02   -0.460546334641633308E+02
    0.171957097437929320E+02    0.102632378339619423E+01    0.465941961040641317E+02    0.314709785956209600E+09    0.921015304325222246E+02   -0.460507652162611123E+02
    0.616766133792372551E+00    0.100629048769188678E+01    0.375704066426760335E+02    0.247699387884863496E+09    0.920984578831026681E+02   -0.460492289415513341E+02
    0.205280205044875741E+01    0.101449012633745084E+01    0.205412306679125933E+02    0.275732576889062762E+09    0.920687185748043930E+02   -0.460343592874021965E+02
    0.934515061248520418E+01    0.102256355253203512E+01    0.526934573748373367E+02    0.807062633487028599E+09    0.920564798261593609E+02   -0.460282399130796804E+02
    0.212826014300502608E+01    0.100075712507814929E+01    0.252644559415144236E+02    0.592578977399155021E+09    0.920440804565810993E+02   -0.460220402282905496E+02
    0.165008595749284055E+02    0.102473232333328190E+01    0.464063896024396598E+02    0.286125423515486598E+09    0.920262176573376109E+02   -0.460131088286688055E+02
    0.877832499480832240E+01    0.104289261544612488E+01    0.377081507373990519E+02    0.413440552960727513E+09    0.919902610654148418E+02   -0.459951305327074209E+02
    0.863041455769736032E+01    0.102518546721798920E+01    0.534361095123079863E+02    0.240981147202432513E+09    0.919486031820569139E+02   -0.459743015910284569E+02
    0.949383215041093820E+01    0.101053263357541212E+01    0.308789053831153737E+02    0.317881682211746395E+09    0.919354156377688980E+02   -0.459677078188844490E+02
    0.127969304846080756E+01    0.104632441067770166E+01    0.240012807038841451E+02    0.845952765037162304E+09    0.919268988916664966E+02   -0.459634494458332483E+02
    0.414258456109018613E+01    0.104424328089931828E+01    0.465940639315849623E+02    0.350218810300710261E+09    0.919178541735934687E+02   -0.459589270867967343E+02
    0.408523796286723329E+01    0.101873278232604858E+01    0.225439826255354454E+02    0.102746499097996593E+10    0.919101761198334657E+02   -0.459550880599167328E+02
    0.396169001432135603E+01    0.100783207376415151E+01    0.342129636461930886E+02    0.237064225541099131E+09    0.919080696155003380E+02   -0.459540348077501690E+02
    0.645230125248768527E+01    0.100393997467083818E+01    0.230965615759228058E+02    0.800438863139654636E+09    0.918626171963518061E+02   -0.459313085981759031E+02
    0.757557072671832721E+01    0.104298487841478327E+01    0.317025652347948999E+02    0.631864812126553059E+09    0.918518912095246947E+02   -0.459259456047623473E+02
    0.123295177958301618E+02    0.102381177075807028E+01    0.459189379815329062E+02    0.209715722018302232E+09    0.918391162397822853E+02   -0.459195581198911427E+02
    0.152883591662365461E+02    0.102089075704102683E+01    0.355555753549805047E+02    0.439779273885638058E+09    0.917943251206487787E+02   -0.458971625603243893E+02
    0.121275640223450587E+02    0.103511430297919937E+01    0.468590576704119712E+02    0.415596043909876585E+09    0.917916132489515775E+02   -0.458958066244757887E+02
    0.348034130760398508E+01    0.103804938203568775E+01    0.331031281869588270E+02    0.915268992643853873E+08    0.917874421897915056E+02   -0.458937210948957528E+02
    0.337914772217628723E+00    0.101164695063055210E+01    0.271072970598691718E+02    0.102029619179953730E+10    0.917804385447998925E+02   -0.458902192723999462E+02
    0.131736613107147011E+02    0.102750384040645315E+01    0.411620549380842107E+02    0.177819263997308075E+09    0.917555306238184585E+02   -0.458777653119092292E+02
    0.138658066607860775E+02    0.102860990916558226E+01    0.496357438223192347E+02    0.306473479892387271E+09    0.917479414133733684E+02   -0.458739707066866842E+02
    0.151046304519132946E+02    0.103294575539117850E+01    0.412028438126104959E+02    0.565505537312702179E+09    0.917237479293852687E+02   -0.458618739646926343E+02
    0.161709032036756284E+02    0.102512769799347159E+01    0.430968010355942255E+02    0.387314117148634493E+09    0.917211908551617796E+02   -0.458605954275808898E+02
    0.133059248726924775E+02    0.101600302174186674E+01    0.277167306716951281E+02    0.667605718899300218E+09    0.917163127955648037E+02   -0.458581563977824018E+02
    0.125681493014038548E+02    0.101980772736705005E+01    0.391282521168231838E+02    0.868486505677744269E+09    0.917033049037977150E+02   -0.458516524518988575E+02
    0.521173475256253926E+01    0.103158802579047415E+01    0.206454137113649345E+02    0.181279570876268595E+09    0.916996473054227010E+02   -0.458498236527113505E+02
    0.393755738883925810E+01    0.101181426792829310E+01    0.358618530210492636E+02    0.199874614387828916E+09    0.916806488734604841E+02   -0.458403244367302420E+02
    0.231142697568397626E+01    0.101517664414312758E+01    0.478606664608897674E+02    0.319054425891952634E+09    0.916773806483650304E+02   -0.458386903241825152E+02
    0.222510473764187777E+01    0.102758237799500640E+01    0.196601708024848385E+02    0.162946095482103169E+09    0.916689498282190698E+02   -0.458344749141095349E+02
    0.637646081778470641E+01    0.103405088467809203E+01    0.269993265399702196E+02    0.858138942075597495E+08    0.916687446609472829E+02   -0.458343723304736415E+02
    0.402249574194097814E+01    0.101842235952122828E+01    0.449769874034796260E+02    0.203238032022096753E+09    0.916398731193502840E+02   -0.458199365596751420E+02
    0.137983463448011854E+02    0.103248203513139081E+01    0.317020482450634233E+02    0.695434332539760470E+09    0.916398561015035682E+02   -0.458199280507517841E+02
    0.603110721321045862E+01    0.101818664901329359E+01    0.497085976475774629E+02    0.524768522490093291E+09    0.916216951614701571E+02   -0.458108475807350786E+02
    0.138214571568725901E+02    0.103187190533655371E+01    0.478107972730984585E+02    0.339515643919629455E+09    0.916212404210477018E+02   -0.458106202105238509E+02
    0.143230810494997485E+02    0.101738859247879176E+01    0.322656178658633408E+02    0.646043500856925011E+09    0.916095956891840899E+02   -0.458047978445920450E+02
    0.687224652532878277E+01    0.101020970686629474E+01    0.333339596069665873E+02    0.386155518853295803E+09    0.916068319390994361E+02   -0.458034159695497181E+02
    0.233731425360759015E+01    0.101447461185488108E+01    0.239885033416115654E+02    0.263958906022314131E+09    0.915918759990610738E+02   -0.457959379995305369E+02
    0.828932699089768832E+01    0.100834107104126858E+01    0.268088223541771420E+02    0.646212393557583928E+09    0.915897614866809988E+02   -0.457948807433404994E+02
    0.243249065543562759E+01    0.101553474076245731E+01    0.316036329948197370E+02    0.100072258989462948E+10    0.915854838852396824E+02   -0.457927419426198412E+02
    0.394276489299917099E+01    0.102788096532660722E+01    0.374898599925398841E+02    0.699334211344279498E+08    0.915830778946307476E+02   -0.457915389473153738E+02
    0.677479808259799476E+01    0.101225170244862017E+01    0.386076099383059841E+02    0.441317938661218584E+09    0.915597679784499121E+02   -0.457798839892249561E+02
    0.469311768350694791E+01    0.105140020394824574E+01    0.322318534198420039E+02    0.413889149511009276E+09    0.915523784300071384E+02   -0.457761892150035692E+02
    0.151523716572479952E+02    0.102998749978613735E+01    0.374614045942763241E+02    0.702645208886318684E+09    0.915361155782361209E+02   -0.457680577891180604E+02
    0.252524401538992649E+01    0.101439069521035830E+01    0.483418778659749506E+02    0.696324155932335019E+09    0.915290689687435588E+02   -0.457645344843717794E+02
    0.118790729999141753E+02    0.102656048612923101E+01    0.507981478149502763E+02    0.528982443429639816E+09    0.915274891585721662E+02   -0.457637445792860831E+02
    0.164659230699881354E+01    0.103934529509176454E+01    0.256281762621086884E+02    0.110918009209721819E+09    0.915237619243426366E+02   -0.457618809621713183E+02
    0.110570750048627495E+02    0.101839390507578575E+01    0.408786309459248542E+02    0.406359321578046739E+09    0.915222265853838906E+02   -0.457611132926919453E+02
    0.400868373037413050E+01    0.101159156040992659E+01    0.283196098263631910E+02    0.250026996102091491E+09    0.915139596942679532E+02   -0.457569798471339766E+02
    0.676662017741908883E+01    0.102349903081693894E+01    0.292651799392633301E+02    0.980832744291145504E+08    0.915078487833322498E+02   -0.457539243916661249E+02
    0.214464715358459301E+01    0.100618531734901784E+01    0.337032938699570295E+02    0.576454050560239792E+09    0.915012880063122225E+02   -0.457506440031561112E+02
    0.182774869535715911E+01    0.100785848273619250E+01    0.184559529545704599E+02    0.785882119323454738E+09    0.914958141003870082E+02   -0.457479070501935041E+02
    0.544256079732078391E+01    0.103509033900826264E+01    0.221946655508703863E+02    0.640067326175753236E+09    0.914875474001436260E+02   -0.457437737000718130E+02
    0.114480846493845467E+01    0.102179273558958816E+01    0.565271574493303461E+02    0.372501154212827861E+09    0.914702697699389944E+02   -0.457351348849694972E+02
    0.128066488734590180E+02    0.103395273620411920E+01    0.440834793522458668E+02    0.395185447399299145E+09    0.914551025979258725E+02   -0.457275512989629362E+02
    0.305671577138097472E+01    0.105012039998656426E+01    0.337952391333240882E+02    0.198524853851595879E+09    0.914392772440926080E+02   -0.457196386220463040E+02
    0.294149427201834746E+01    0.102533559398668150E+01    0.241473342954137244E+02    0.776764084877885878E+08    0.914376760253662013E+02   -0.457188380126831007E+02
    0.660000542248778110E+01    0.103950459636467918E+01    0.378609241609928517E+02    0.261765481954303682E+09    0.914312827617222581E+02   -0.457156413808611291E+02
    0.845127141199884235E+01    0.101181450578031074E+01    0.263448229793485496E+02    0.632613191358406186E+09    0.914108750626153892E+02   -0.457054375313076946E+02
    0.817196800181491767E+01    0.103565237156426471E+01    0.283951926024871959E+02    0.474289791176431596E+09    0.914095635835010256E+02   -0.457047817917505128E+02
    0.580980124894936001E+01    0.101137303395278400E+01    0.252007494733899051E+02    0.583659922884884477E+09    0.913963958760956814E+02   -0.456981979380478407E+02
    0.160092168288854131E+01    0.102314410104590903E+01    0.369640218524457396E+02    0.773687218255576491E+08    0.913815769455608944E+02   -0.456907884727804472E+02
    0.353680400684751950E+01    0.101638893628007332E+01    0.463121655929098210E+02    0.356931311805343390E+09    0.913749891403978154E+02   -0.456874945701989077E+02
    0.903435793341412463E+01    0.101715818028285843E+01    0.314002037779883878E+02    0.390003780494099736E+09    0.913713897407755127E+02   -0.456856948703877563E+02
    0.846891908657312520E+01    0.102400680116352349E+01    0.491500757200369875E+02    0.235156119525226653E+09    0.913702197289244964E+02   -0.456851098644622482E+02
    0.128543889584434794E+02    0.102635671729511002E+01    0.316715616164549019E+02    0.209178745897829264E+09    0.913653880875727396E+02   -0.456826940437863698E+02
    0.859279086819897309E+01    0.103756369582044883E+01    0.344468568347783588E+02    0.514798321057314694E+09    0.913648803462049131E+02   -0.456824401731024565E+02
    0.533902583849164447E+01    0.102708913756996667E+01    0.191603531082890797E+02    0.771438124862204075E+09    0.913431118536892654E+02   -0.456715559268446327E+02
    0.478520732002221916E+01    0.100842485130608583E+01    0.271900428176114382E+02    0.621323859947430372E+09    0.913373718982243190E+02   -0.456686859491121595E+02
    0.335807984826549255E+01    0.104725413345110763E+01    0.314943950718816907E+02    0.540641627863987207E+09    0.913206180151737783E+02   -0.456603090075868892E+02
    0.107140559769341586E+02    0.103419067228032091E+01    0.342002185252701452E+02    0.180659004366113424E+09    0.913200796444269542E+02   -0.456600398222134771E+02
    0.130080803413499502E+01    0.105310290558954134E+01    0.315632316313686090E+02    0.344240356902777970E+09    0.913194196937532894E+02   -0.456597098468766447E+02
    0.596496775955527792E+01    0.103320067365046664E+01    0.393282465495219142E+02    0.117924457072609693E+09    0.912881197636798305E+02   -0.456440598818399152E+02
    0.111702143840225769E+02    0.101999220816510983E+01    0.321107493995785234E+02    0.521571363724584877E+09    0.912869047996686476E+02   -0.456434523998343238E+02
    0.348763050470444314E+00    0.103726566032438594E+01    0.215629652168249102E+02    0.426987530638255298E+09    0.912580342006735634E+02   -0.456290171003367817E+02
    0.413459491292819692E+01    0.100960743335513881E+01    0.224568852624763124E+02    0.773040930678656936E+09    0.912141146775908283E+02   -0.456070573387954141E+02
    0.137385810458566060E+01    0.102563126753083722E+01    0.495666200698655715E+02    0.932710056737078309E+09    0.912004952630539663E+02   -0.456002476315269831E+02
    0.134527657984573743E+02    0.102836862388314176E+01    0.383115310642553766E+02    0.291476466869987726E+09    0.911837199963043190E+02   -0.455918599981521595E+02
    0.328694875001209352E+01    0.102510227563431244E+01    0.241170331759114127E+02    0.116411335978219941E+09    0.911656936715822042E+02   -0.455828468357911021E+02
    0.590323670820897917E+01    0.101479707917365602E+01    0.254364567194566291E+02    0.842856369037840009E+09    0.911131072212189537E+02   -0.455565536106094768E+02
    0.269479801447695300E+01    0.103963322382074175E+01    0.449377184893043662E+02    0.632214271210462213E+09    0.910717155117172865E+02   -0.455358577558586433E+02
    0.306823037290433476E+01    0.100835500327983474E+01    0.327687383347902923E+02    0.724644659215016961E+09    0.910674714640132663E+02   -0.455337357320066332E+02
    0.612237284253737446E+01    0.101838633517173416E+01    0.401699678852110225E+02    0.859350587673001528E+09    0.910620282947618307E+02   -0.455310141473809153E+02
    0.109636260190356349E+02    0.102415449560346561E+01    0.374671262343388207E+02    0.853780841649721980E+09    0.910606024370848246E+02   -0.455303012185424123E+02
    0.159738699621536862E+01    0.104951796992903601E+01    0.336821243084475412E+02    0.483139247882525325E+09    0.910402136017930843E+02   -0.455201068008965422E+02
    0.765113332210927677E+01    0.102266523837282652E+01    0.290579450895711702E+02    0.183952559846146166E+09    0.910269123752933922E+02   -0.455134561876466961E+02
    0.434767982424658506E+01    0.104048981772115678E+01    0.366485776215795056E+02    0.347512080520863473E+09    0.910071313034524678E+02   -0.455035656517262339E+02
    0.789600980736564750E+01    0.102208286435380713E+01    0.352619855958689357E+02    0.178579040294512510E+09    0.909922346530981372E+02   -0.454961173265490686E+02
    0.277622464556437309E+01    0.102740524404179112E+01    0.239150713339760621E+02    0.108937637904470772E+09    0.909915656061206164E+02   -0.454957828030603082E+02
    0.451751733269150080E+01    0.101859833003001232E+01    0.262837122733560093E+02    0.520586616614051342E+09    0.909788182315564598E+02   -0.454894091157782299E+02
    0.108628373619284488E+02    0.102215895623849518E+01    0.416787056353769287E+02    0.478092179092784703E+09    0.909777932552036077E+02   -0.454888966276018039E+02
    0.179596252045381277E+01    0.102872379615757126E+01    0.339510104007909774E+02    0.319497803717938960E+09    0.894326904180705924E+02   -0.447163452090352962E+02
    0.137630070512031888E+01    0.103359261740075348E+01    0.422121845459001221E+02    0.214381887068161607E+09    0.895756607782683432E+02   -0.447878303891341716E+02
    0.805180406978810298E-01    0.102843417780221569E+01    0.331705774164319322E+02    0.845180397508113235E+08    0.903073081932919024E+02   -0.451536540966459512E+02
    0.241824145729942197E+01    0.103224022120291226E+01    0.369574457691453162E+02    0.110253581334995657E+09    0.903774015131919839E+02   -0.451887007565959919E+02
    0.661137956628555035E+01    0.102385898273409537E+01    0.493512655132613531E+02    0.419199856062500417E+09    0.907328566123713784E+02   -0.453664283061856892E+02
    0.950211405093524419E+01    0.102428898853875205E+01    0.430328504188922238E+02    0.363609347727145493E+09    0.905767650037465160E+02   -0.452883825018732580E+02
    0.351580435475741160E+01    0.103139608890827761E+01    0.339432869794565946E+02    0.825069472426275730E+09    0.900709007279510843E+02   -0.450354503639755421E+02
    0.297781561582101673E+00    0.103399953976892922E+01    0.281472344118186655E+02    0.850307104844702780E+08    0.905963395715838828E+02   -0.452981697857919414E+02
    0.183445969139868637E+01    0.102605552592506299E+01    0.394536384776689033E+02    0.333479853183259308E+09    0.892932076459690762E+02   -0.446466038229845381E+02
    0.183445969139868637E+01    0.102605552592506299E+01    0.394536384776689033E+02    0.333479853183259308E+09    0.892932076459690762E+02   -0.446466038229845381E+02
    0.616707945605549135E+01    0.103664851271883673E+01    0.401728895246011177E+02    0.571057102058850408E+09    0.906840104046705449E+02   -0.453420052023352724E+02
    0.136690077049444358E+01    0.103910827434688446E+01    0.315407922079128049E+02    0.183187786654160738E+09    0.906374091930115924E+02   -0.453187045965057962E+02
    0.450493942874964226E+01    0.102869986079578912E+01    0.352952000086756215E+02    0.352267361745915890E+09    0.896973137760602413E+02   -0.448486568880301206E+02
    0.703171193745437328E+01    0.102961691960666490E+01    0.501699558282975318E+02    0.551404091794911981E+09    0.906098556877992252E+02   -0.453049278438996126E+02
    0.934642553329467773E+01    0.103049714168718931E+01    0.475234150886535645E+02    0.718042795595650554E+09    0.909601758958048094E+02   -0.454800879479024047E+02
    0.623384660930215873E+01    0.101938687435128839E+01    0.398941355257018770E+02    0.682466079215293169E+09    0.903834265478804042E+02   -0.451917132739402021E+02
    0.119636216429273579E+01    0.103035444403371335E+01    0.336468629531904568E+02    0.667925870231212735E+09    0.892740392037430013E+02   -0.446370196018715006E+02
    0.281494029516587485E+01    0.103367367597488014E+01    0.346505005145413350E+02    0.561855831426334977E+09    0.896894992662566324E+02   -0.448447496331283162E+02
    0.188675070894130226E+01    0.103046259813842433E+01    0.491537102163737529E+02    0.571985309116240382E+09    0.897092410943291156E+02   -0.448546205471645578E+02
    0.152368526169525520E+01    0.102475120355998017E+01    0.530699057452025045E+02    0.582093656316064477E+09    0.902531234035283063E+02   -0.451265617017641532E+02
    0.147670202741219714E+01    0.102833154514482716E+01    0.503375316540186830E+02    0.478742950034726441E+09    0.898291642590336323E+02   -0.449145821295168162E+02
    0.956111733688830956E+00    0.102618305942099419E+01    0.337936601431133710E+02    0.428621431336954951E+09    0.893345888972877162E+02   -0.446672944486438581E+02
    0.235018064757344103E+01    0.102168251666909105E+01    0.405545460517841931E+02    0.969867150766752720E+09    0.909510494975859984E+02   -0.454755247487929992E+02
    0.596971504713118062E+01    0.101678535150956018E+01    0.420726315697535043E+02    0.714536283369980216E+09    0.908763575148453810E+02   -0.454381787574226905E+02
    0.173892263560943805E+01    0.102007448415003732E+01    0.368287149783171799E+02    0.875603451790864229E+09    0.902691261640879077E+02   -0.451345630820439538E+02
    0.233717904834236656E+00    0.102357014965439252E+01    0.510513039855367694E+02    0.461848198526732445E+09    0.901463725698441749E+02   -0.450731862849220875E+02
    0.278395774358798187E+01    0.101970153629331484E+01    0.364595012810079524E+02    0.618213509501582503E+09    0.899029767047657913E+02   -0.449514883523828956E+02
    0.192329512860502594E+00    0.103332142821270612E+01    0.544318100775801312E+02    0.648427174800139904E+09    0.903234138284563102E+02   -0.451617069142281551E+02
    0.660293592962848841E+01    0.102316887114543098E+01    0.426041484307620451E+02    0.447790710086683869E+09    0.902958773592006310E+02   -0.451479386796003155E+02
    0.270297747476531214E+01    0.103426292619003490E+01    0.315511704335637688E+02    0.133360450153499603E+09    0.907762283292790642E+02   -0.453881141646395321E+02
    0.302989568341745974E+01    0.101609402628814638E+01    0.341242134800673540E+02    0.362128772762485981E+09    0.907222359789936377E+02   -0.453611179894968188E+02
    0.455699668692262527E+01    0.102044571325497402E+01    0.335708539456048172E+02    0.421822378973470747E+09    0.903198596956211475E+02   -0.451599298478105737E+02
    0.683353978690438613E+01    0.102078832117825113E+01    0.307095402298927915E+02    0.581249609495312452E+09    0.905049461589997009E+02   -0.452524730794998504E+02
    0.441378584770906901E+01    0.101407384963382841E+01    0.361777455028924209E+02    0.578145953750150561E+09    0.908015696498846125E+02   -0.454007848249423063E+02
    0.247255792352854842E+01    0.102775530834504658E+01    0.387576683209005708E+02    0.213417325108750731E+09    0.894606551503255076E+02   -0.447303275751627538E+02
    0.406476138194189485E+01    0.103111976900046987E+01    0.338715862247554469E+02    0.295605296908342063E+09    0.898107165720983573E+02   -0.449053582860491787E+02
    0.341059846516296750E+01    0.103094116431885352E+01    0.422471955853303669E+02    0.301311876295609891E+09    0.895025900266815029E+02   -0.447512950133407514E+02
    0.341059846516296750E+01    0.103094116431885352E+01    0.422471955853303669E+02    0.301311876295609891E+09    0.895025900266815029E+02   -0.447512950133407514E+02
    0.825174375942424909E+01    0.103079296545636345E+01    0.306539247693259256E+02    0.259142817826141387E+09    0.907908814443907204E+02   -0.453954407221953602E+02
    0.430831254360002180E+01    0.102204153942954168E+01    0.414579662347331492E+02    0.228708915893827081E+09    0.902778419805654693E+02   -0.451389209902827346E+02
    0.280980022930927964E+01    0.103432854380682593E+01    0.488294929702886478E+02    0.297599940501996458E+09    0.901777132110279922E+02   -0.450888566055139961E+02
    0.784329970156236733E+01    0.102395522275501238E+01    0.415412683359771577E+02    0.284221854998687863E+09    0.903706190122173183E+02   -0.451853095061086591E+02
    0.922313104337766587E+00    0.101297292892203483E+01    0.237480452774378570E+02    0.873564199833763361E+09    0.909347442461363471E+02   -0.454673721230681736E+02
    0.594882559391225363E+00    0.102050697101718280E+01    0.337047104381678864E+02    0.862598023960479856E+09    0.899629114705637960E+02   -0.449814557352818980E+02
    0.188524443705450784E+01    0.103264287315435088E+01    0.358454683846503315E+02    0.113933880931575119E+09    0.901560390544389065E+02   -0.450780195272194533E+02
    0.106739671828117082E+02    0.102613590512879904E+01    0.327613149753733666E+02    0.229311445474600554E+09    0.909076138693005333E+02   -0.454538069346502667E+02
    0.969033807021724947E+01    0.102815711344974492E+01    0.356295004145800647E+02    0.488002896417778015E+09    0.905911458029244159E+02   -0.452955729014622079E+02
    0.848854370837121674E+00    0.103786176653646423E+01    0.292571063392180868E+02    0.806514001031222224E+09    0.906362928284848408E+02   -0.453181464142424204E+02
    0.651907301365975389E+01    0.103447635158908446E+01    0.300061516513810531E+02    0.211980499286371469E+09    0.906916751344719785E+02   -0.453458375672359892E+02
    0.156891414267190954E+01    0.103816398610183658E+01    0.362558702493417613E+02    0.321685513751706421E+09    0.902433207359619018E+02   -0.451216603679809509E+02
    0.169670502969001769E+01    0.103477695839634909E+01    0.363560047428594402E+02    0.151418551620616049E+09    0.902933218233560950E+02   -0.451466609116780475E+02
    0.207063316378287982E+00    0.103405602806051178E+01    0.397465053689739349E+02    0.905344470811617494E+09    0.903566205046940070E+02   -0.451783102523470035E+02
    0.286640777508816030E-01    0.102248111456755741E+01    0.369523826075167534E+02    0.896377178214738369E+09    0.899148498369362130E+02   -0.449574249184681065E+02
    0.262771601317816694E+01    0.103726022508600213E+01    0.426366635435925474E+02    0.552367755663824677E+09    0.903224424746291277E+02   -0.451612212373145638E+02
    0.638908536355687673E+00    0.102690696106397672E+01    0.319603419707446257E+02    0.114267227415969923E+09    0.899900810054984817E+02   -0.449950405027492408E+02
    0.404884882261614898E+01    0.103123013121559071E+01    0.248361191876061191E+02    0.229211983177235603E+09    0.907579143745547725E+02   -0.453789571872773863E+02
    0.448507561144278810E+01    0.103570197150768384E+01    0.295333808389789674E+02    0.249132216678780526E+09    0.906931840357887467E+02   -0.453465920178943733E+02
    0.664996638815083507E+01    0.101656180429413534E+01    0.329007812585286530E+02    0.603933345088567376E+09    0.907760943080203333E+02   -0.453880471540101667E+02
    0.284441074404370742E+01    0.102188296422612424E+01    0.420077083208263744E+02    0.253080870213269025E+09    0.900609042622463392E+02   -0.450304521311231696E+02
    0.208130877101018186E+01    0.102818736252636422E+01    0.388038438964722374E+02    0.108580459973046258E+09    0.905690058149074275E+02   -0.452845029074537138E+02
    0.534968954695689014E+01    0.102057587180091680E+01    0.343594962666565209E+02    0.410144618503645062E+09    0.903660788737322633E+02   -0.451830394368661317E+02
    0.352370046532066161E+00    0.102350859850806097E+01    0.457723611145266176E+02    0.490163260593278587E+09    0.895919903710832131E+02   -0.447959951855416065E+02
    0.646845365189034016E+00    0.103558352539195786E+01    0.290276056181043174E+02    0.248966042858574212E+09    0.901153551686197147E+02   -0.450576775843098574E+02
    0.605021900221006703E+01    0.103459448098196649E+01    0.371755656322401933E+02    0.526370279280785441E+09    0.903040239304334449E+02   -0.451520119652167224E+02
    0.142737743400602657E+01    0.102806282410318306E+01    0.281370441465907604E+02    0.174844419648102909E+09    0.899649037988905889E+02   -0.449824518994452944E+02
    0.116994365700310299E+00    0.103154331747480388E+01    0.314791534425308726E+02    0.734678663808379769E+09    0.893631217148560211E+02   -0.446815608574280105E+02
    0.116994365700310299E+00    0.103154331747480388E+01    0.314791534425308726E+02    0.734678663808379769E+09    0.893631217148560211E+02   -0.446815608574280105E+02
    0.434943561059120931E+01    0.101999134623277987E+01    0.368862852592933947E+02    0.197884880150718510E+09    0.906623953657557706E+02   -0.453311976828778853E+02
    0.444624598985850206E+01    0.101610614858173975E+01    0.357725930772431582E+02    0.601187495511651993E+09    0.905843427493432358E+02   -0.452921713746716179E+02
    0.409973195438005611E+01    0.102905945476873395E+01    0.355752565530832570E+02    0.562690743523890615E+09    0.896351265946149169E+02   -0.448175632973074585E+02
    0.409973195438005611E+01    0.102905945476873395E+01    0.355752565530832570E+02    0.562690743523890615E+09    0.896351265946149169E+02   -0.448175632973074585E+02
    0.545175086790295627E+01    0.103069986250579482E+01    0.271048211275501032E+02    0.279044117466890931E+09    0.907881001766622262E+02   -0.453940500883311131E+02
    0.134574302840429838E+01    0.102625021236782388E+01    0.330734269707082191E+02    0.920513587369812012E+09    0.900917579743136798E+02   -0.450458789871568399E+02
    0.115172302675912075E+02    0.102878475474781195E+01    0.344782516826698497E+02    0.359509458616471767E+09    0.909386067311110793E+02   -0.454693033655555396E+02
    0.362711099589089114E+01    0.101942704692619035E+01    0.272827189522467535E+02    0.479442758310261071E+09    0.907775206392661858E+02   -0.453887603196330929E+02
    0.692875280846987085E+01    0.103138929568221416E+01    0.265462532211412849E+02    0.660623812831825018E+09    0.907919181955739418E+02   -0.453959590977869709E+02
    0.557575534114537774E+01    0.102754498568656727E+01    0.265966703769286816E+02    0.722194267164708257E+09    0.903763531163033917E+02   -0.451881765581516959E+02
    0.100344727043614572E+02    0.102339514789045083E+01    0.415235186929279720E+02    0.511633984416164994E+09    0.907174514675180035E+02   -0.453587257337590017E+02
    0.243623180016806895E+01    0.102387801008314194E+01    0.503999835434661989E+02    0.567280293982052326E+09    0.901293103244824749E+02   -0.450646551622412375E+02
    0.759299571856856215E+01    0.102908654938690347E+01    0.379905898039430312E+02    0.155701463586918354E+09    0.909167207522438616E+02   -0.454583603761219308E+02
    0.285916543518403277E+01    0.102651252449406183E+01    0.263597728883473259E+02    0.158891448637710750E+09    0.906632359203773035E+02   -0.453316179601886518E+02
    0.158545111826327534E+01    0.103367175565502567E+01    0.438602106095772086E+02    0.408444070299704313E+09    0.894089475711231643E+02   -0.447044737855615821E+02
    0.225039810048928102E+01    0.102600186390665615E+01    0.470307559786570906E+02    0.212069904056717992E+09    0.902420496616645806E+02   -0.451210248308322903E+02
