    0.242945373058319092E+03    0.100451840405603310E+01    0.639222323894500732E+02    0.177799168711743903E+10    0.108391345998085995E+03   -0.541956729990429977E+02
    0.597882056407212943E+02    0.966978992419896599E+00    0.405957133786883233E+02    0.494655365198696256E+09    0.900741761365663791E+02   -0.450370880682831896E+02
    0.225934386253356934E+02    0.948117772783726220E+00    0.560477733612060547E+02    0.144930646882147121E+10    0.885543796493217314E+02   -0.442771898246608657E+02
    0.101846626008052894E+03    0.103341900869389480E+01    0.592442090564893178E+02    0.130522776663528457E+09    0.877826314728964547E+02   -0.438913157364482274E+02
    0.106838687271244751E+03    0.101273224894116476E+01    0.727925389627495036E+02    0.855554003238387257E+08    0.876707117836817531E+02   -0.438353558918408766E+02
    0.628610616916518410E+02    0.997155105814245157E+00    0.957521510362984074E+01    0.346858687110145807E+09    0.870619706530869877E+02   -0.435309853265434938E+02
    0.110479246817218453E+03    0.100093359793234971E+01    0.364925775537368082E+02    0.356149196061021709E+10    0.869928414846752105E+02   -0.434964207423376052E+02
    0.362001979644849428E+02    0.973465797124405618E+00    0.386430358644894127E+02    0.118462041557786331E+09    0.866532987560837142E+02   -0.433266493780418571E+02
    0.556750327520071480E+02    0.105125458510830572E+01    0.274954614771548265E+02    0.887293278491350412E+08    0.865198678636526353E+02   -0.432599339318263176E+02
    0.367925078149601674E+02    0.106487056825770310E+01    0.235883515060324491E+02    0.980889889108733833E+08    0.865176050270191865E+02   -0.432588025135095933E+02
    0.909935249136089510E+02    0.102603585574745382E+01    0.661803395970006392E+02    0.787894454609806985E+08    0.864597350555615805E+02   -0.432298675277807902E+02
    0.609624981880187988E+02    0.100039253361754565E+01    0.998410880565643311E+02    0.213849170344501638E+10    0.861357202853549779E+02   -0.430678601426774890E+02
    0.417504595947253989E+02    0.970731327223979479E+00    0.285496805855783187E+02    0.179922208989497423E+10    0.860857867631182785E+02   -0.430428933815591392E+02
    0.727416810363867512E+02    0.104629028440239469E+01    0.675219979130709334E+02    0.530934352143756032E+09    0.855893716644505815E+02   -0.427946858322252908E+02
    0.404276954589470421E+02    0.102787305104281601E+01    0.379664499968939673E+01    0.170313147064253479E+09    0.855275781438429306E+02   -0.427637890719214653E+02
    0.389023867027353418E+02    0.981924895954195409E+00    0.858187846836689090E+02    0.400644273741013813E+10    0.854369719123783966E+02   -0.427184859561891983E+02
    0.642999243185490030E+02    0.102963722402905233E+01    0.351503924028061334E+02    0.553931556377954856E+08    0.853205710512708180E+02   -0.426602855256354090E+02
    0.188739677848230443E+02    0.104962211042555231E+01    0.402368064571467343E+02    0.122628929786022887E+09    0.849839927087008959E+02   -0.424919963543504480E+02
    0.590611587061705805E+02    0.984467109465496204E+00    0.448888232247089860E+02    0.206383500663246453E+09    0.848837794906751100E+02   -0.424418897453375550E+02
    0.108201629490650376E+03    0.102840589196150489E+01    0.696454667582089826E+02    0.204062444811889410E+10    0.848451158326520840E+02   -0.424225579163260420E+02
    0.549284815788269043E+02    0.102100724451906100E+01    0.138149917125701904E+02    0.131612267635066882E+09    0.848179155168405856E+02   -0.424089577584202928E+02
    0.723834037780761719E+02    0.103592855394752559E+01    0.415976047515869141E+02    0.126643994564553276E+09    0.846852318327763385E+02   -0.423426159163881692E+02
    0.405642093273785065E+02    0.110258215271707338E+01    0.105671244982968133E+02    0.108099625604936504E+10    0.844742346136391973E+02   -0.422371173068195986E+02
    0.168096006728980729E+00    0.976367250896019057E+00    0.315489238610637663E+02    0.100754990527958259E+09    0.844204090823198641E+02   -0.422102045411599320E+02
    0.277420836341747581E+02    0.100970566112347893E+01    0.857012348872200214E+01    0.258171260691067606E+09    0.844109958109361571E+02   -0.422054979054680786E+02
    0.568033614647116565E+02    0.100561307611589323E+01    0.531005289305168660E+02    0.647577756725526229E+08    0.843591327671931879E+02   -0.421795663835965939E+02
    0.850407254937878037E+02    0.100825212011179066E+01    0.824618183540526672E+02    0.304971177329632139E+10    0.842997983048229571E+02   -0.421498991524114786E+02
    0.369097648659509261E+02    0.977577547557950455E+00    0.440169473149244723E+02    0.217222417718502951E+10    0.842301060068457446E+02   -0.421150530034228723E+02
    0.708671593317648245E+02    0.105318481539031139E+01    0.183282800665469274E+02    0.709219353938578844E+09    0.842066670363130640E+02   -0.421033335181565320E+02
    0.342632811154528056E+02    0.986985616910727281E+00    0.797591763175242505E+02    0.269535120298183584E+10    0.841689993750822083E+02   -0.420844996875411042E+02
    0.102218687534332275E+03    0.103797171443563241E+01    0.121263384819030762E+02    0.324350996373976994E+10    0.840930931236099184E+02   -0.420465465618049592E+02
    0.684247612953186035E+02    0.989397997761088721E+00    0.378202676773071289E+02    0.406752952230953360E+10    0.840457679116865108E+02   -0.420228839558432554E+02
    0.540968904519088269E+02    0.107731040388173049E+01    0.642196453151745601E+02    0.387526756718862534E+10    0.839956123316346748E+02   -0.419978061658173374E+02
    0.217720826160941705E+02    0.105298688181088207E+01    0.436479991557009370E+02    0.209561556814163983E+09    0.839759498500371393E+02   -0.419879749250185696E+02
    0.201981034734474285E+02    0.983973071037463010E+00    0.411565085539718680E+02    0.121008525539726779E+09    0.837694169338636385E+02   -0.418847084669318193E+02
    0.407755367306074206E+02    0.102359034280061278E+01    0.688600709038617165E+01    0.337879421250939190E+09    0.836330377189384535E+02   -0.418165188594692268E+02
    0.410332375873484878E+02    0.986967239594037316E+00    0.348999272879635498E+02    0.195521097198731631E+09    0.836296561928555207E+02   -0.418148280964277603E+02
    0.973407775991924140E+01    0.102693127147593444E+01    0.921980672130432666E+01    0.226303850856703997E+09    0.835926049015711641E+02   -0.417963024507855820E+02
    0.115035737800458563E+03    0.102101198242347380E+01    0.605867544602097610E+02    0.196781366262168550E+10    0.835544122183606106E+02   -0.417772061091803053E+02
    0.667014650489704053E+02    0.103700551610877523E+01    0.785840401130566164E+02    0.182320261921950316E+10    0.834295558116400571E+02   -0.417147779058200285E+02
    0.805966797455273998E+01    0.104260617941939771E+01    0.796659883656392225E+02    0.707319213428838849E+09    0.834294869911008306E+02   -0.417147434955504153E+02
    0.110151072513496842E+03    0.101791031602647664E+01    0.404528407281625988E+02    0.185231621590157479E+09    0.834190244200052575E+02   -0.417095122100026288E+02
    0.123273047888960874E+01    0.985144568947565968E+00    0.472270107156141847E+02    0.124299959391067013E+09    0.834106297684018898E+02   -0.417053148842009449E+02
    0.354530083286799922E+02    0.102805259991862519E+01    0.962156969855888207E+02    0.204691132352705503E+10    0.833682523137546809E+02   -0.416841261568773405E+02
    0.450853194940022135E+02    0.109574457521596647E+01    0.402799956707236859E+02    0.280605740259983015E+10    0.833036306303070120E+02   -0.416518153151535060E+02
    0.254942762271472390E+02    0.987167811591093014E+00    0.763153239193843547E+02    0.246917891916620827E+10    0.833014735496797414E+02   -0.416507367748398707E+02
    0.837685640488421654E+02    0.102100523330094650E+01    0.945895714754857408E+02    0.447388896456831872E+09    0.832990629721207085E+02   -0.416495314860603543E+02
    0.988291812928727325E+02    0.100971110156779664E+01    0.306643769488178002E+02    0.465466614075096512E+10    0.832976252210600308E+02   -0.416488126105300154E+02
    0.887700051803750156E+01    0.982719192222245019E+00    0.149005149197664171E+02    0.867847496241049767E+09    0.832463034766490892E+02   -0.416231517383245446E+02
    0.180403372241080859E+02    0.977755467238605402E+00    0.137466352810017653E+02    0.430542729382572079E+10    0.831853951621851309E+02   -0.415926975810925654E+02
    0.207255152092963577E+02    0.991716401641922318E+00    0.913177842848116370E+02    0.119233308651329803E+10    0.831844651717781147E+02   -0.415922325858890574E+02
    0.645988804088241775E+01    0.990107974703036797E+00    0.261579116583024671E+02    0.278427378879498184E+09    0.831676149253507191E+02   -0.415838074626753595E+02
    0.103244895525028397E+03    0.102032607472442383E+01    0.817016355117059732E+02    0.349464917202823579E+09    0.831363945689332553E+02   -0.415681972844666277E+02
    0.991192524848750089E+01    0.104327580256709229E+01    0.680072957185514042E+02    0.505345061315695882E+09    0.831353072895287539E+02   -0.415676536447643770E+02
    0.324840763906447236E+02    0.102866362161723601E+01    0.257474973615487208E+02    0.752486551311978847E+08    0.830649816306716247E+02   -0.415324908153358123E+02
    0.355781826683048834E+02    0.104561070629587149E+01    0.129536695127122634E+02    0.449698872386685789E+09    0.830394282371305366E+02   -0.415197141185652683E+02
    0.705816149711608887E+02    0.995366678206646260E+00    0.404687821865081787E+02    0.432517310984876633E+10    0.830301576338093241E+02   -0.415150788169046621E+02
    0.885318794542213965E+02    0.103484149276115489E+01    0.527540063838552129E+02    0.265100948647798681E+10    0.830117162945805660E+02   -0.415058581472902830E+02
    0.786313494348344477E+02    0.102722588147654403E+01    0.421760746442465830E+02    0.111200723898566574E+09    0.829380605848445214E+02   -0.414690302924222607E+02
    0.894279595209930704E+02    0.103448484103730176E+01    0.222484802399601946E+02    0.687605793738415837E+09    0.829046743035166429E+02   -0.414523371517583215E+02
    0.192431243465698749E+02    0.108026805597867637E+01    0.182665916306335170E+02    0.790049070668608427E+09    0.828881023387352087E+02   -0.414440511693676044E+02
    0.461697136895065938E+02    0.102945365819409362E+01    0.775463390415265366E+02    0.226449741813659787E+09    0.828876257720694269E+02   -0.414438128860347135E+02
    0.102397772982719161E+03    0.102710846004402812E+01    0.444102111736256973E+02    0.445970229554012477E+09    0.828365764296135723E+02   -0.414182882148067861E+02
    0.726720733266207048E+02    0.102715969552694375E+01    0.740987341682443912E+02    0.219991588522315621E+09    0.828313431375607081E+02   -0.414156715687803541E+02
    0.104208469390869141E+03    0.101280762909252897E+01    0.482967913150787354E+02    0.378508405382854104E+09    0.827672879191191555E+02   -0.413836439595595778E+02
    0.288427445330540024E+02    0.999918504973815958E+00    0.878734835042912437E+02    0.554485801561069369E+09    0.827400011551201260E+02   -0.413700005775600630E+02
    0.748754143714904785E+02    0.106889446879391259E+01    0.893151760101318359E+01    0.349765947701397562E+10    0.827238091528118105E+02   -0.413619045764059052E+02
    0.981620550155639648E+02    0.102542091677595337E+01    0.402180314064025879E+02    0.195852314648907185E+09    0.827216850779771562E+02   -0.413608425389885781E+02
    0.347213149070739746E+02    0.102759703226217503E+01    0.265090286731719971E+02    0.858586877372832298E+08    0.826436699285089560E+02   -0.413218349642544780E+02
    0.876506567001342773E+02    0.100926725355166536E+01    0.380823671817779541E+02    0.370871400529621065E+09    0.826344858143659877E+02   -0.413172429071829939E+02
    0.634096786354450401E+02    0.101840502890057372E+01    0.212648241470184338E+02    0.166384318402119547E+09    0.826089844944257550E+02   -0.413044922472128775E+02
    0.371340678138183922E+01    0.988485088618283436E+00    0.683883829761561657E+02    0.215532762227955908E+09    0.825574845339460808E+02   -0.412787422669730404E+02
    0.505726933479309082E+02    0.106176950065722386E+01    0.581237375736236572E+02    0.497628648242011547E+10    0.825527032982394786E+02   -0.412763516491197393E+02
    0.635860579889523407E+02    0.100558848592783945E+01    0.476061255470730345E+02    0.112788914332252055E+09    0.825252583921571130E+02   -0.412626291960785565E+02
    0.315194137777822085E+02    0.100501168914944317E+01    0.625841549553807539E+02    0.120901034009346783E+09    0.825106901946133036E+02   -0.412553450973066518E+02
    0.399151149243195960E+02    0.100705229834396803E+01    0.947490007669331078E+02    0.200237642036260843E+10    0.824767241499331334E+02   -0.412383620749665667E+02
    0.940700173377990723E+02    0.100555029832195730E+01    0.513055086135864258E+02    0.917487280906072021E+09    0.824753675135389983E+02   -0.412376837567694992E+02
    0.846742987632751465E+02    0.101217273053403245E+01    0.178617656230926514E+02    0.440160567617354202E+10    0.824414516023028483E+02   -0.412207258011514242E+02
    0.346777439117431641E+02    0.101075972439204120E+01    0.668861687183380127E+02    0.979636114053337574E+08    0.824334761558961304E+02   -0.412167380779480652E+02
    0.407216634640478361E+02    0.987099509566329303E+00    0.569628024095055778E+02    0.171129892008644843E+10    0.823158063231981600E+02   -0.411579031615990800E+02
    0.372796983444443910E+02    0.102155091363432482E+01    0.475676535770559639E+02    0.634198719033863693E+08    0.823154433283324352E+02   -0.411577216641662176E+02
    0.428550492253089459E+02    0.990569659778387068E+00    0.515255589658755397E+02    0.408448228086157024E+09    0.822572160597700162E+02   -0.411286080298850081E+02
    0.743916446856674298E+02    0.100424175873806276E+01    0.698221579581097558E+02    0.141549279326640821E+10    0.822086180607204824E+02   -0.411043090303602412E+02
    0.568668089561087129E+02    0.994026130631490146E+00    0.432529199891073262E+02    0.121516742586009932E+10    0.821594854671283912E+02   -0.410797427335641956E+02
    0.568668089561087129E+02    0.994026130631490146E+00    0.432529199891073262E+02    0.121516742586009932E+10    0.821594854671283912E+02   -0.410797427335641956E+02
    0.129541158676147461E+02    0.984653785271123350E+00    0.482123017311096191E+02    0.338976976942639709E+09    0.821528597357430925E+02   -0.410764298678715463E+02
    0.544347843895325809E+02    0.105484013300666746E+01    0.258855508462608803E+02    0.851762005452586770E+09    0.820619004641825001E+02   -0.410309502320912500E+02
    0.503435519967190626E+01    0.990188649795225251E+00    0.312987584213572241E+02    0.356766113458484650E+09    0.819607563052064592E+02   -0.409803781526032296E+02
    0.716847926181655026E+02    0.102494443921052625E+01    0.971196541915409561E+01    0.187339778062726450E+10    0.819562561366736162E+02   -0.409781280683368081E+02
    0.716847926181655026E+02    0.102494443921052625E+01    0.971196541915409561E+01    0.187339778062726450E+10    0.819562561366736162E+02   -0.409781280683368081E+02
    0.325622801254166347E+02    0.101103222544514915E+01    0.424918777743288700E+02    0.685349686578631401E+08    0.818709695263983974E+02   -0.409354847631991987E+02
    0.107226010686751643E+02    0.100038251030801972E+01    0.511117763659859605E+02    0.106376914890341908E+09    0.818595882726218349E+02   -0.409297941363109175E+02
    0.214622837842278180E+02    0.978578886719341567E+00    0.506612244516297494E+02    0.527506539054271889E+10    0.818525881746501369E+02   -0.409262940873250685E+02
    0.506962411970917728E+02    0.104087968598453284E+01    0.797018361147714516E+00    0.266835027358557415E+10    0.818497150818782444E+02   -0.409248575409391222E+02
    0.506962411970917728E+02    0.104087968598453284E+01    0.797018361147714516E+00    0.266835027358557415E+10    0.818497150818782444E+02   -0.409248575409391222E+02
    0.301779207067783837E+02    0.102186984203798237E+01    0.282938692153493747E+02    0.855624056622845381E+08    0.817380072281672483E+02   -0.408690036140836241E+02
    0.189757009853286256E+02    0.101689743761908113E+01    0.719780995301949815E+02    0.141794119879896820E+09    0.816735059886624128E+02   -0.408367529943312064E+02
    0.189757009853286256E+02    0.101689743761908113E+01    0.719780995301949815E+02    0.141794119879896820E+09    0.816735059886624128E+02   -0.408367529943312064E+02
    0.123448682981118498E+02    0.997717067174879624E+00    0.820044548463292529E+02    0.200719155857538199E+10    0.816367577816633201E+02   -0.408183788908316600E+02
    0.476904138411460323E+02    0.106248268652669831E+01    0.319318393227642758E+02    0.181003791185303903E+10    0.815366144940001902E+02   -0.407683072470000951E+02
    0.981829388217547745E+02    0.102808353212237535E+01    0.604705700607927952E+02    0.924259103927391410E+09    0.815360097643399797E+02   -0.407680048821699899E+02
    0.527071358601402373E+01    0.103578146888455480E+01    0.516591181114077429E+02    0.304818177438988924E+09    0.815320566022661524E+02   -0.407660283011330762E+02
    0.527071358601402373E+01    0.103578146888455480E+01    0.516591181114077429E+02    0.304818177438988924E+09    0.815320566022661524E+02   -0.407660283011330762E+02
    0.504277671558443856E+02    0.100466551346524291E+01    0.691603436303217478E+02    0.277110876052684844E+09    0.814213557045587919E+02   -0.407106778522793959E+02
    0.504277671558443856E+02    0.100466551346524291E+01    0.691603436303217478E+02    0.277110876052684844E+09    0.814213557045587919E+02   -0.407106778522793959E+02
    0.161315959596668037E+02    0.103387247107745894E+01    0.760760322277003667E+02    0.338563379939720583E+10    0.814013090152665484E+02   -0.407006545076332742E+02
    0.161315959596668037E+02    0.103387247107745894E+01    0.760760322277003667E+02    0.338563379939720583E+10    0.814013090152665484E+02   -0.407006545076332742E+02
    0.828595907409722372E+02    0.101440671050951825E+01    0.543074699928703026E+02    0.255358019072374058E+10    0.813758776398862125E+02   -0.406879388199431062E+02
    0.916908894015268032E+02    0.102885146990190912E+01    0.650934742403419619E+02    0.107038123587416482E+10    0.813464732234466226E+02   -0.406732366117233113E+02
    0.916908894015268032E+02    0.102885146990190912E+01    0.650934742403419619E+02    0.107038123587416482E+10    0.813464732234466226E+02   -0.406732366117233113E+02
    0.274614715482185048E+02    0.103060226483806083E+01    0.682097116563198114E+02    0.288147727465861678E+09    0.812953362673136581E+02   -0.406476681336568291E+02
    0.412771596656425146E+02    0.104132031430433125E+01    0.678857154471721569E+00    0.171694716686881113E+10    0.812755359589856710E+02   -0.406377679794928355E+02
    0.412771596656425146E+02    0.104132031430433125E+01    0.678857154471721569E+00    0.171694716686881113E+10    0.812755359589856710E+02   -0.406377679794928355E+02
    0.722907528555587375E+00    0.100793606216700016E+01    0.896034470796618621E+02    0.362313273713343716E+10    0.812740432038838492E+02   -0.406370216019419246E+02
    0.722907528555587375E+00    0.100793606216700016E+01    0.896034470796618621E+02    0.362313273713343716E+10    0.812740432038838492E+02   -0.406370216019419246E+02
    0.285502559900115678E+02    0.990764051514726463E+00    0.548015108020235004E+02    0.715384621908551812E+09    0.812634135640615227E+02   -0.406317067820307614E+02
    0.447738250108287730E+02    0.105022514515523713E+01    0.108039378849278052E+02    0.219691604196891642E+10    0.811865391306502886E+02   -0.405932695653251443E+02
    0.627641398122565661E+02    0.102152356526629573E+01    0.848035253923164447E+02    0.337270060866334736E+09    0.811804687441659922E+02   -0.405902343720829961E+02
    0.627641398122565661E+02    0.102152356526629573E+01    0.848035253923164447E+02    0.337270060866334736E+09    0.811804687441659922E+02   -0.405902343720829961E+02
    0.107255747219042320E+03    0.102311392683929303E+01    0.443756347477525708E+02    0.790020727905409813E+09    0.811740026371695080E+02   -0.405870013185847540E+02
    0.107255747219042320E+03    0.102311392683929303E+01    0.443756347477525708E+02    0.790020727905409813E+09    0.811740026371695080E+02   -0.405870013185847540E+02
    0.280991364980668514E+02    0.995240085490543547E+00    0.630051892236589097E+02    0.222844709999617243E+10    0.811514822332345602E+02   -0.405757411166172801E+02
    0.628634016376677494E+02    0.103990452397177568E+01    0.463535064799024354E+01    0.356894620140627956E+10    0.811173362619446152E+02   -0.405586681309723076E+02
    0.239215984934368109E+02    0.110952377082964859E+01    0.928443255305827897E+01    0.252059301867995071E+10    0.810770808909203708E+02   -0.405385404454601854E+02
    0.239215984934368109E+02    0.110952377082964859E+01    0.928443255305827897E+01    0.252059301867995071E+10    0.810770808909203708E+02   -0.405385404454601854E+02
    0.482814005633881607E+02    0.101122857736718608E+01    0.129656348030325752E+02    0.136060001630138326E+10    0.810590504156685938E+02   -0.405295252078342969E+02
    0.482814005633881607E+02    0.101122857736718608E+01    0.129656348030325752E+02    0.136060001630138326E+10    0.810590504156685938E+02   -0.405295252078342969E+02
    0.387112501794043169E+02    0.106091405413754680E+01    0.254596613917665735E+02    0.138274778432316208E+10    0.810553077047777180E+02   -0.405276538523888590E+02
    0.387112501794043169E+02    0.106091405413754680E+01    0.254596613917665735E+02    0.138274778432316208E+10    0.810553077047777180E+02   -0.405276538523888590E+02
    0.759914757117529263E+02    0.104234809841782616E+01    0.319356782704671538E+02    0.101308290784005249E+10    0.810444097380099890E+02   -0.405222048690049945E+02
    0.537789241811659213E+01    0.999191406992019027E+00    0.800419857073191849E+02    0.450051120600614452E+10    0.810283812260796878E+02   -0.405141906130398439E+02
    0.446609162842218552E+02    0.998634745421104197E+00    0.469252038066010329E+02    0.668554049015785933E+09    0.810096505768900954E+02   -0.405048252884450477E+02
    0.446609162842218552E+02    0.998634745421104197E+00    0.469252038066010329E+02    0.668554049015785933E+09    0.810096505768900954E+02   -0.405048252884450477E+02
    0.216247071758428753E+02    0.997326413784522914E+00    0.362478045010491243E+02    0.360845974736303270E+09    0.809858863545446042E+02   -0.404929431772723021E+02
    0.216247071758428753E+02    0.997326413784522914E+00    0.362478045010491243E+02    0.360845974736303270E+09    0.809858863545446042E+02   -0.404929431772723021E+02
    0.324163961054606773E+02    0.100141086641282673E+01    0.403027335689391109E+02    0.312472118527921915E+09    0.809741425661183882E+02   -0.404870712830591941E+02
    0.373491179447751307E+02    0.101068254459643581E+01    0.351870254775170821E+02    0.154283017269362658E+09    0.809672085585239358E+02   -0.404836042792619679E+02
    0.652906409173905899E+02    0.102138996447845809E+01    0.620826590503461073E+01    0.119515600889805317E+10    0.809013014659180243E+02   -0.404506507329590121E+02
    0.579696963873552633E+02    0.104407396926624152E+01    0.541441995165878112E+02    0.471891978518819618E+10    0.808382236263739600E+02   -0.404191118131869800E+02
    0.382046103477478027E+02    0.100764995768487764E+01    0.264164924621582031E+02    0.389554142722968519E+09    0.808280868517269795E+02   -0.404140434258634897E+02
    0.382046103477478027E+02    0.100764995768487764E+01    0.264164924621582031E+02    0.389554142722968519E+09    0.808280868517269795E+02   -0.404140434258634897E+02
    0.366251137372539333E+02    0.108215032885704154E+01    0.490233140357006363E+02    0.478059390822768497E+10    0.807921507120062756E+02   -0.403960753560031378E+02
    0.120669634449692360E+02    0.100466698039481361E+01    0.795427544608373012E+02    0.285334520262935829E+10    0.807766004954056598E+02   -0.403883002477028299E+02
    0.250653056230979772E+02    0.106749636556617600E+01    0.468600471424536451E+02    0.259090479775573492E+10    0.807483852372794502E+02   -0.403741926186397251E+02
    0.250653056230979772E+02    0.106749636556617600E+01    0.468600471424536451E+02    0.259090479775573492E+10    0.807483852372794502E+02   -0.403741926186397251E+02
    0.595154554105525051E+02    0.101960368819512004E+01    0.872805668631470297E+02    0.128436698650026774E+10    0.807084603349931626E+02   -0.403542301674965813E+02
    0.454606165996084854E+02    0.103125801081514124E+01    0.258097612533436767E+02    0.422779237662467837E+09    0.806741564517200942E+02   -0.403370782258600471E+02
    0.432915028643304680E+02    0.103950391954447463E+01    0.635617146341436836E+02    0.415567867108528328E+10    0.806055145337920891E+02   -0.403027572668960445E+02
    0.432915028643304680E+02    0.103950391954447463E+01    0.635617146341436836E+02    0.415567867108528328E+10    0.806055145337920891E+02   -0.403027572668960445E+02
    0.136218590924765373E+02    0.102844661811303917E+01    0.292865296257749925E+02    0.222147350709676951E+09    0.805809188771024907E+02   -0.402904594385512453E+02
    0.661861381634422941E+02    0.100947368040095897E+01    0.726048066906854928E+02    0.557712500359668446E+10    0.805720700194067945E+02   -0.402860350097033972E+02
    0.263766128398203286E+02    0.103466045622638347E+01    0.635834277050127312E+02    0.606197169736748934E+09    0.805618865213692459E+02   -0.402809432606846229E+02
    0.304910447728148952E+02    0.997012757360047464E+00    0.338938455952852777E+02    0.136380697516448855E+10    0.805614087001572869E+02   -0.402807043500786435E+02
    0.304910447728148952E+02    0.997012757360047464E+00    0.338938455952852777E+02    0.136380697516448855E+10    0.805614087001572869E+02   -0.402807043500786435E+02
    0.522656560368316114E+01    0.984657339914344787E+00    0.536171677188003954E+02    0.971215805460756063E+09    0.805591028268355558E+02   -0.402795514134177779E+02
    0.707840296386549994E+01    0.983436132890155412E+00    0.459105480572088140E+02    0.103298600728966904E+10    0.805464232794092965E+02   -0.402732116397046482E+02
    0.707840296386549994E+01    0.983436132890155412E+00    0.459105480572088140E+02    0.103298600728966904E+10    0.805464232794092965E+02   -0.402732116397046482E+02
    0.421296013755608314E+02    0.104719314115234874E+01    0.519944325032009971E+02    0.393388015066679525E+10    0.805185031117729295E+02   -0.402592515558864648E+02
    0.798248770417347657E+02    0.102306998283111361E+01    0.141802595507080849E+02    0.116516744870284247E+10    0.805125216734193856E+02   -0.402562608367096928E+02
    0.798248770417347657E+02    0.102306998283111361E+01    0.141802595507080849E+02    0.116516744870284247E+10    0.805125216734193856E+02   -0.402562608367096928E+02
    0.510397373363398827E+02    0.101534981754481346E+01    0.108128285475032992E+02    0.358268192050646019E+10    0.805096045672109284E+02   -0.402548022836054642E+02
    0.510397373363398827E+02    0.101534981754481346E+01    0.108128285475032992E+02    0.358268192050646019E+10    0.805096045672109284E+02   -0.402548022836054642E+02
    0.769647581352314347E+02    0.102293401720497035E+01    0.574682110576775287E+02    0.290174644361660540E+09    0.804927494280062916E+02   -0.402463747140031458E+02
    0.769647581352314347E+02    0.102293401720497035E+01    0.574682110576775287E+02    0.290174644361660540E+09    0.804927494280062916E+02   -0.402463747140031458E+02
    0.521937831252266804E+02    0.102488539786225674E+01    0.641634547701406976E+01    0.373821444849468231E+10    0.804695138179194203E+02   -0.402347569089597101E+02
    0.521937831252266804E+02    0.102488539786225674E+01    0.641634547701406976E+01    0.373821444849468231E+10    0.804695138179194203E+02   -0.402347569089597101E+02
    0.148739733445512332E+02    0.100502435646885546E+01    0.841557022795922194E+02    0.178466707101614928E+10    0.804618883479402314E+02   -0.402309441739701157E+02
    0.148739733445512332E+02    0.100502435646885546E+01    0.841557022795922194E+02    0.178466707101614928E+10    0.804618883479402314E+02   -0.402309441739701157E+02
    0.662227802029889290E+02    0.100380708685271314E+01    0.511325517307586495E+02    0.792885643998261571E+09    0.804405173757476319E+02   -0.402202586878738160E+02
    0.404427353475913378E+02    0.101911504399938968E+01    0.833529740988844452E+02    0.280661972085867167E+10    0.804396278317290268E+02   -0.402198139158645134E+02
    0.404427353475913378E+02    0.101911504399938968E+01    0.833529740988844452E+02    0.280661972085867167E+10    0.804396278317290268E+02   -0.402198139158645134E+02
    0.278748344371723711E+02    0.102028109713492610E+01    0.385988180053015242E+02    0.141007051149161905E+09    0.803973796131268728E+02   -0.401986898065634364E+02
    0.278748344371723711E+02    0.102028109713492610E+01    0.385988180053015242E+02    0.141007051149161905E+09    0.803973796131268728E+02   -0.401986898065634364E+02
    0.155146775716545271E+02    0.106524971593482465E+01    0.361457996050166841E+02    0.142960237137637925E+10    0.803858189954819693E+02   -0.401929094977409846E+02
    0.155146775716545271E+02    0.106524971593482465E+01    0.361457996050166841E+02    0.142960237137637925E+10    0.803858189954819693E+02   -0.401929094977409846E+02
    0.390282176592518795E+02    0.103419579819566376E+01    0.647128722526477560E+02    0.309104362895175982E+10    0.803839456114520772E+02   -0.401919728057260386E+02
    0.390282176592518795E+02    0.103419579819566376E+01    0.647128722526477560E+02    0.309104362895175982E+10    0.803839456114520772E+02   -0.401919728057260386E+02
    0.612258909246796001E+01    0.102277254655204763E+01    0.868246632891940635E+02    0.540372792436747646E+10    0.803783717152329871E+02   -0.401891858576164935E+02
    0.612258909246796001E+01    0.102277254655204763E+01    0.868246632891940635E+02    0.540372792436747646E+10    0.803783717152329871E+02   -0.401891858576164935E+02
    0.532138192493930120E+02    0.100757870943019023E+01    0.283980573011107644E+02    0.339974566302307272E+10    0.803424409326393629E+02   -0.401712204663196815E+02
    0.532138192493930120E+02    0.100757870943019023E+01    0.283980573011107644E+02    0.339974566302307272E+10    0.803424409326393629E+02   -0.401712204663196815E+02
    0.467732924005407185E+02    0.106075740526163886E+01    0.598442980606504626E+01    0.337546317159751606E+10    0.803397865515795075E+02   -0.401698932757897538E+02
    0.341137741080102401E+02    0.104479977659236956E+01    0.352419409181244063E+02    0.732486898238928437E+09    0.802614457915714468E+02   -0.401307228957857234E+02
    0.247136685996467591E+02    0.100572293960284642E+01    0.124218557193618047E+02    0.374806185448986578E+10    0.802480849124855666E+02   -0.401240424562427833E+02
    0.418938133108131083E+02    0.100423171593247385E+01    0.467925500244754176E+02    0.581257913352376342E+09    0.802478463798763642E+02   -0.401239231899381821E+02
    0.418938133108131083E+02    0.100423171593247385E+01    0.467925500244754176E+02    0.581257913352376342E+09    0.802478463798763642E+02   -0.401239231899381821E+02
    0.227138072351907860E+01    0.100527905938045992E+01    0.631011326793876748E+01    0.109942341337128496E+10    0.802067780082027042E+02   -0.401033890041013521E+02
    0.227138072351907860E+01    0.100527905938045992E+01    0.631011326793876748E+01    0.109942341337128496E+10    0.802067780082027042E+02   -0.401033890041013521E+02
    0.377438622941750381E+02    0.102085848207713425E+01    0.867830173803328933E+02    0.420460176218076587E+09    0.801919277373887240E+02   -0.400959638686943620E+02
    0.377438622941750381E+02    0.102085848207713425E+01    0.867830173803328933E+02    0.420460176218076587E+09    0.801919277373887240E+02   -0.400959638686943620E+02
    0.133068091532751809E+01    0.100766766750040659E+01    0.108391525633407824E+02    0.163597160672177601E+10    0.801789008861899788E+02   -0.400894504430949894E+02
    0.133068091532751809E+01    0.100766766750040659E+01    0.108391525633407824E+02    0.163597160672177601E+10    0.801789008861899788E+02   -0.400894504430949894E+02
    0.257713558671983662E+02    0.102253906720611809E+01    0.653085058126157065E+02    0.175765276842677087E+09    0.801607132269832334E+02   -0.400803566134916167E+02
    0.257713558671983662E+02    0.102253906720611809E+01    0.653085058126157065E+02    0.175765276842677087E+09    0.801607132269832334E+02   -0.400803566134916167E+02
    0.114330617267242403E+02    0.109614065138435723E+01    0.261658012018781676E+02    0.257626901422015905E+10    0.801393043742589697E+02   -0.400696521871294848E+02
    0.532131450032710731E+02    0.103173736898822210E+01    0.144919114999060632E+02    0.813122362186720133E+09    0.801338170623268411E+02   -0.400669085311634205E+02
    0.532131450032710731E+02    0.103173736898822210E+01    0.144919114999060632E+02    0.813122362186720133E+09    0.801338170623268411E+02   -0.400669085311634205E+02
    0.320699619091756105E+02    0.100794766891827847E+01    0.705521614025858952E+02    0.279015405301711977E+09    0.801179137611697740E+02   -0.400589568805848870E+02
    0.550712333834923484E+02    0.101942669550402654E+01    0.135634289817781806E+02    0.154478755976658130E+10    0.800938850730478009E+02   -0.400469425365239005E+02
    0.249017356669876158E+02    0.105232206818649332E+01    0.339785787855240144E+02    0.100219109150987506E+10    0.800590341805739882E+02   -0.400295170902869941E+02
    0.249017356669876158E+02    0.105232206818649332E+01    0.339785787855240144E+02    0.100219109150987506E+10    0.800590341805739882E+02   -0.400295170902869941E+02
    0.220715647581773347E+02    0.102981975200273523E+01    0.272290644853085624E+02    0.391536903012893915E+09    0.800458083430032445E+02   -0.400229041715016223E+02
    0.220715647581773347E+02    0.102981975200273523E+01    0.272290644853085624E+02    0.391536903012893915E+09    0.800458083430032445E+02   -0.400229041715016223E+02
    0.677171046348196715E+01    0.996949248608471450E+00    0.742038541975805259E+02    0.104069953261567974E+10    0.800204542670811634E+02   -0.400102271335405817E+02
    0.677171046348196715E+01    0.996949248608471450E+00    0.742038541975805259E+02    0.104069953261567974E+10    0.800204542670811634E+02   -0.400102271335405817E+02
    0.762003932030822000E+02    0.103465786439345520E+01    0.429172237157750232E+02    0.538416166961558914E+10    0.799980821379838289E+02   -0.399990410689919145E+02
    0.762003932030822000E+02    0.103465786439345520E+01    0.429172237157750232E+02    0.538416166961558914E+10    0.799980821379838289E+02   -0.399990410689919145E+02
    0.901123438856691479E+02    0.102333683763976002E+01    0.652168476223113203E+02    0.102776084517005694E+10    0.799520750850271895E+02   -0.399760375425135948E+02
    0.709130503996239838E+02    0.103849500897649571E+01    0.431997442591872414E+02    0.514122221803191376E+10    0.799401795306147704E+02   -0.399700897653073852E+02
    0.131313204765319824E+02    0.106464698970962690E+01    0.146668851375579834E+02    0.156103657538746953E+10    0.799263882500903122E+02   -0.399631941250451561E+02
    0.131313204765319824E+02    0.106464698970962690E+01    0.146668851375579834E+02    0.156103657538746953E+10    0.799263882500903122E+02   -0.399631941250451561E+02
    0.689128743652394320E+02    0.101465970275364281E+01    0.643205527361902654E+02    0.311341574973777533E+09    0.799196113618677089E+02   -0.399598056809338544E+02
    0.873250728197346007E+02    0.101543604776286345E+01    0.389033114552834647E+02    0.118165539805745554E+10    0.799037874616827395E+02   -0.399518937308413697E+02
    0.873250728197346007E+02    0.101543604776286345E+01    0.389033114552834647E+02    0.118165539805745554E+10    0.799037874616827395E+02   -0.399518937308413697E+02
    0.635478633980558314E+02    0.101462402651475503E+01    0.578292231670439278E+02    0.258508490614229679E+10    0.798957256321799605E+02   -0.399478628160899802E+02
    0.680465325022636875E+02    0.103672811716107893E+01    0.370085659741128765E+02    0.121588716911078715E+10    0.798504091321046587E+02   -0.399252045660523294E+02
    0.680465325022636875E+02    0.103672811716107893E+01    0.370085659741128765E+02    0.121588716911078715E+10    0.798504091321046587E+02   -0.399252045660523294E+02
    0.905241145693450555E+01    0.997781903058680752E+00    0.208818769580583741E+02    0.394218354906896782E+10    0.798465703823917039E+02   -0.399232851911958520E+02
    0.171510984705806848E+02    0.103871595541361539E+01    0.807082167454359833E+01    0.153870091691462922E+10    0.798443462312729082E+02   -0.399221731156364541E+02
    0.171510984705806848E+02    0.103871595541361539E+01    0.807082167454359833E+01    0.153870091691462922E+10    0.798443462312729082E+02   -0.399221731156364541E+02
    0.415511082396432911E+02    0.104257570149571310E+01    0.211268254485782947E+02    0.183513930621278405E+10    0.798426695677938625E+02   -0.399213347838969312E+02
    0.415511082396432911E+02    0.104257570149571310E+01    0.211268254485782947E+02    0.183513930621278405E+10    0.798426695677938625E+02   -0.399213347838969312E+02
    0.366842062429491804E+02    0.104879622894845603E+01    0.219656725244570739E+01    0.426674960761395121E+10    0.798425405189373691E+02   -0.399212702594686846E+02
    0.184594725667154584E+02    0.103118914266564699E+01    0.554521046692624893E+02    0.353146279858312726E+09    0.798401610743679981E+02   -0.399200805371839991E+02
    0.117811080346885078E+02    0.100874567356851186E+01    0.815365853692177893E+02    0.206057431556714582E+10    0.798358513182078866E+02   -0.399179256591039433E+02
    0.314508251859846943E+02    0.996325610701401243E+00    0.443856321138451335E+02    0.480575653876351166E+10    0.798280802928255042E+02   -0.399140401464127521E+02
    0.314508251859846943E+02    0.996325610701401243E+00    0.443856321138451335E+02    0.480575653876351166E+10    0.798280802928255042E+02   -0.399140401464127521E+02
    0.661665833902141856E+02    0.101201626116618626E+01    0.820715290179039840E+02    0.834687630849132061E+09    0.798198538301437566E+02   -0.399099269150718783E+02
    0.661665833902141856E+02    0.101201626116618626E+01    0.820715290179039840E+02    0.834687630849132061E+09    0.798198538301437566E+02   -0.399099269150718783E+02
    0.187162953334375075E+02    0.102317875930621427E+01    0.251319044991062839E+02    0.375472505397120833E+09    0.797853872135499103E+02   -0.398926936067749551E+02
    0.539172332239177905E+02    0.103786039464660229E+01    0.432959097828106678E+02    0.126177088851696467E+10    0.797852612783579360E+02   -0.398926306391789680E+02
    0.539172332239177905E+02    0.103786039464660229E+01    0.432959097828106678E+02    0.126177088851696467E+10    0.797852612783579360E+02   -0.398926306391789680E+02
    0.254327817010670216E+02    0.104795037908164890E+01    0.224434073784431298E+02    0.142011363169380236E+10    0.797749953883535738E+02   -0.398874976941767869E+02
    0.385630129898156468E+02    0.101301619956325650E+01    0.256941777346458196E+02    0.654125492407179236E+09    0.797566866267273582E+02   -0.398783433133636791E+02
    0.194728245904374262E+02    0.104702119287005835E+01    0.387389492661605317E+02    0.138681488555461216E+10    0.797368803449046197E+02   -0.398684401724523099E+02
    0.706985524601493296E+02    0.101182318938556004E+01    0.311946573356644947E+02    0.557291148500856972E+10    0.797291809739225386E+02   -0.398645904869612693E+02
    0.706985524601493296E+02    0.101182318938556004E+01    0.311946573356644947E+02    0.557291148500856972E+10    0.797291809739225386E+02   -0.398645904869612693E+02
    0.763592035729381013E+01    0.101675384762322429E+01    0.476626909586668379E+01    0.119212518795211673E+10    0.797133683159542983E+02   -0.398566841579771491E+02
    0.763592035729381013E+01    0.101675384762322429E+01    0.476626909586668379E+01    0.119212518795211673E+10    0.797133683159542983E+02   -0.398566841579771491E+02
    0.483876127304936077E+02    0.101510330179819253E+01    0.354079783079781834E+02    0.182169095832174718E+09    0.796871711391199256E+02   -0.398435855695599628E+02
    0.483876127304936077E+02    0.101510330179819253E+01    0.354079783079781834E+02    0.182169095832174718E+09    0.796871711391199256E+02   -0.398435855695599628E+02
    0.223285103050465707E+02    0.100219453128739522E+01    0.487607974505399611E+02    0.245800478758963108E+10    0.796841255003191122E+02   -0.398420627501595561E+02
    0.223285103050465707E+02    0.100219453128739522E+01    0.487607974505399611E+02    0.245800478758963108E+10    0.796841255003191122E+02   -0.398420627501595561E+02
    0.198141209740740223E+02    0.102284322164248187E+01    0.830500125827317817E+02    0.561825062178617001E+10    0.796712806717882813E+02   -0.398356403358941407E+02
    0.201775246458397319E+02    0.996337023000081090E+00    0.317408282925913667E+02    0.978864457572665572E+09    0.796600634645569272E+02   -0.398300317322784636E+02
    0.830549291813503459E+02    0.102783910383671118E+01    0.370562367178192176E+02    0.115355647938766932E+10    0.796457959664284090E+02   -0.398228979832142045E+02
    0.830549291813503459E+02    0.102783910383671118E+01    0.370562367178192176E+02    0.115355647938766932E+10    0.796457959664284090E+02   -0.398228979832142045E+02
    0.125773171085204414E+02    0.102587660393871971E+01    0.566709241504451278E+01    0.358891626672504139E+10    0.796279472724784370E+02   -0.398139736362392185E+02
    0.125773171085204414E+02    0.102587660393871971E+01    0.566709241504451278E+01    0.358891626672504139E+10    0.796279472724784370E+02   -0.398139736362392185E+02
    0.332789624449678101E+02    0.101292566042288357E+01    0.225617629229419236E+02    0.250147962411026716E+10    0.795403228253507280E+02   -0.397701614126753640E+02
    0.192339256456233265E+02    0.100728496874928730E+01    0.476235667668237852E+02    0.254915235835488498E+09    0.795331359823134818E+02   -0.397665679911567409E+02
    0.394799678979786393E+02    0.101905395638799079E+01    0.778117757850048264E+02    0.356936266049766159E+10    0.795317167581506794E+02   -0.397658583790753397E+02
    0.335331230753253848E+02    0.100408819307143760E+01    0.515467617511719567E+02    0.128551191065167689E+10    0.795288403994014175E+02   -0.397644201997007087E+02
    0.335331230753253848E+02    0.100408819307143760E+01    0.515467617511719567E+02    0.128551191065167689E+10    0.795288403994014175E+02   -0.397644201997007087E+02
    0.144707817362962343E+00    0.102977408056419306E+01    0.719947466733044639E+01    0.333082641354219627E+10    0.795192685682152529E+02   -0.397596342841076265E+02
    0.144707817362962343E+00    0.102977408056419306E+01    0.719947466733044639E+01    0.333082641354219627E+10    0.795192685682152529E+02   -0.397596342841076265E+02
    0.315679018682935997E+02    0.102679878470512809E+01    0.715995831482283229E+01    0.398522525066799736E+10    0.794907975729505267E+02   -0.397453987864752634E+02
    0.315679018682935997E+02    0.102679878470512809E+01    0.715995831482283229E+01    0.398522525066799736E+10    0.794907975729505267E+02   -0.397453987864752634E+02
    0.762668867898008642E+02    0.102320933933838010E+01    0.392764004864791829E+02    0.152346781497661948E+10    0.794725915208523190E+02   -0.397362957604261595E+02
    0.762668867898008642E+02    0.102320933933838010E+01    0.392764004864791829E+02    0.152346781497661948E+10    0.794725915208523190E+02   -0.397362957604261595E+02
    0.926622367319530210E-01    0.101209928340387911E+01    0.686930079827242110E+02    0.244313339082290173E+09    0.794653088841860580E+02   -0.397326544420930290E+02
    0.926622367319530210E-01    0.101209928340387911E+01    0.686930079827242110E+02    0.244313339082290173E+09    0.794653088841860580E+02   -0.397326544420930290E+02
    0.685324309464354542E+02    0.101391975937842460E+01    0.596983936136960338E+02    0.133935476761406469E+10    0.794537688794123085E+02   -0.397268844397061542E+02
    0.685324309464354542E+02    0.101391975937842460E+01    0.596983936136960338E+02    0.133935476761406469E+10    0.794537688794123085E+02   -0.397268844397061542E+02
    0.513559441740704514E+02    0.101917972869940510E+01    0.387396116041823646E+02    0.303769107984689057E+09    0.794443713627782415E+02   -0.397221856813891208E+02
    0.513559441740704514E+02    0.101917972869940510E+01    0.387396116041823646E+02    0.303769107984689057E+09    0.794443713627782415E+02   -0.397221856813891208E+02
    0.382429645961405118E+01    0.104129514874704876E+01    0.109583763772724829E+02    0.104385534127592683E+10    0.794429040891894545E+02   -0.397214520445947272E+02
    0.408472560654413428E+02    0.101820707792902265E+01    0.730323619717198511E+02    0.263186263140232116E+09    0.794403546478428666E+02   -0.397201773239214333E+02
    0.586362527905513744E+02    0.101557603825480358E+01    0.405599026765756605E+02    0.544328824809777737E+09    0.794295060090327638E+02   -0.397147530045163819E+02
    0.333840685392672611E+02    0.100199820969251152E+01    0.385173133612016372E+02    0.399319049305380630E+10    0.794176023400444251E+02   -0.397088011700222125E+02
    0.195375839136618334E+01    0.107207811804711306E+01    0.376097415511491704E+02    0.210434689337290263E+10    0.794175139306281039E+02   -0.397087569653140520E+02
    0.195375839136618334E+01    0.107207811804711306E+01    0.376097415511491704E+02    0.210434689337290263E+10    0.794175139306281039E+02   -0.397087569653140520E+02
    0.792320158555181120E+01    0.100216076288745248E+01    0.457073817124799149E+02    0.420543859404844105E+09    0.794055219208693330E+02   -0.397027609604346665E+02
    0.416511968478436927E+02    0.102548300945937476E+01    0.562767288037541746E+02    0.307231899514466465E+09    0.793582861990339836E+02   -0.396791430995169918E+02
    0.416511968478436927E+02    0.102548300945937476E+01    0.562767288037541746E+02    0.307231899514466465E+09    0.793582861990339836E+02   -0.396791430995169918E+02
    0.612988605826513293E+02    0.101850955428436518E+01    0.589391927418056696E+02    0.197496938446374416E+09    0.793412452003231579E+02   -0.396706226001615789E+02
    0.612988605826513293E+02    0.101850955428436518E+01    0.589391927418056696E+02    0.197496938446374416E+09    0.793412452003231579E+02   -0.396706226001615789E+02
    0.605842342180724245E+02    0.101221220952932445E+01    0.427007760431548817E+02    0.368647349833373642E+10    0.793183687355938218E+02   -0.396591843677969109E+02
    0.605842342180724245E+02    0.101221220952932445E+01    0.427007760431548817E+02    0.368647349833373642E+10    0.793183687355938218E+02   -0.396591843677969109E+02
    0.569350620197998225E+02    0.103403793786931164E+01    0.430415821735605633E+02    0.388078618771048641E+10    0.793013452825921519E+02   -0.396506726412960759E+02
    0.267021140597914837E+02    0.101470755444309280E+01    0.629405768255417541E+01    0.534640605333397865E+10    0.792919643108298118E+02   -0.396459821554149059E+02
    0.267021140597914837E+02    0.101470755444309280E+01    0.629405768255417541E+01    0.534640605333397865E+10    0.792919643108298118E+02   -0.396459821554149059E+02
    0.521080892573267178E+02    0.102824267701781635E+01    0.406250852578840380E+02    0.648077521334974051E+09    0.792915739612590613E+02   -0.396457869806295307E+02
    0.365238903691736354E+02    0.105267512205506741E+01    0.227788882443824967E+02    0.401120568357710886E+10    0.792872878738390341E+02   -0.396436439369195170E+02
    0.816844555192407817E+01    0.103159553957477357E+01    0.165010364100393438E+02    0.277687617606379986E+10    0.792760852960591791E+02   -0.396380426480295895E+02
    0.934068071569326719E+01    0.100294193351022143E+01    0.328733244240042879E+02    0.211337224588040185E+10    0.792214555903129707E+02   -0.396107277951564853E+02
    0.379028821238519740E+02    0.101419877913937206E+01    0.163299519790204428E+02    0.931042863354251623E+09    0.792161338470116618E+02   -0.396080669235058309E+02
    0.379028821238519740E+02    0.101419877913937206E+01    0.163299519790204428E+02    0.931042863354251623E+09    0.792161338470116618E+02   -0.396080669235058309E+02
    0.494368747880595407E+02    0.103071157183557194E+01    0.146311114679799381E+02    0.457864739800304794E+10    0.792109143993182840E+02   -0.396054571996591420E+02
    0.942612141227146694E+01    0.103748764504714863E+01    0.521170732406388098E+02    0.158110976513637042E+10    0.791998843706158766E+02   -0.395999421853079383E+02
    0.472600095756498035E+02    0.102539965610950023E+01    0.635848101561087731E+02    0.483776926075756133E+09    0.791846515826777164E+02   -0.395923257913388582E+02
    0.346005728661404746E+02    0.100817242897911430E+01    0.488888106237443338E+02    0.270093900719250107E+10    0.791795297991217240E+02   -0.395897648995608620E+02
    0.395341004101788513E+02    0.102005062556177717E+01    0.671604996829774876E+02    0.252617090479564726E+09    0.791784605208794972E+02   -0.395892302604397486E+02
    0.626324165234756904E+02    0.102169973688254601E+01    0.650106960078124700E+02    0.474833670661463618E+09    0.791715295537610899E+02   -0.395857647768805450E+02
    0.232157549810600585E+02    0.101009135061243138E+01    0.880149068053884776E+02    0.114275737586395073E+10    0.791697389989779481E+02   -0.395848694994889740E+02
    0.232157549810600585E+02    0.101009135061243138E+01    0.880149068053884776E+02    0.114275737586395073E+10    0.791697389989779481E+02   -0.395848694994889740E+02
    0.621773676412983818E+02    0.102010124307215078E+01    0.482962336909631205E+02    0.229510835485518265E+10    0.791697023421509556E+02   -0.395848511710754778E+02
    0.621773676412983818E+02    0.102010124307215078E+01    0.482962336909631205E+02    0.229510835485518265E+10    0.791697023421509556E+02   -0.395848511710754778E+02
    0.395230956061560050E+02    0.102237771701175517E+01    0.113356561802321600E+02    0.999389988940342426E+09    0.791534697422181068E+02   -0.395767348711090534E+02
    0.174514651298522949E+02    0.103963282602731999E+01    0.230670928955078125E+02    0.806118729258414865E+09    0.791446146634090155E+02   -0.395723073317045078E+02
    0.142465030818220502E+02    0.109474402368926071E+01    0.284872124524509900E+02    0.340575604764922333E+10    0.791317157272506364E+02   -0.395658578636253182E+02
    0.451693134242046312E+02    0.101626233687785206E+01    0.325322258132551809E+02    0.614793306620476604E+09    0.791313202785366911E+02   -0.395656601392683456E+02
    0.835080848667581499E+01    0.102420671126150276E+01    0.572254249637801991E+02    0.321344034788091779E+09    0.790893710444386926E+02   -0.395446855222193463E+02
    0.835080848667581499E+01    0.102420671126150276E+01    0.572254249637801991E+02    0.321344034788091779E+09    0.790893710444386926E+02   -0.395446855222193463E+02
    0.480367852565745892E+02    0.104489212016945832E+01    0.374035432484273045E+02    0.522240685745715904E+10    0.790865837978558375E+02   -0.395432918989279187E+02
    0.200826349804316067E+02    0.103673628788073713E+01    0.177557510636858638E+02    0.142407045869323921E+10    0.790850013686660134E+02   -0.395425006843330067E+02
    0.652486999856791527E+02    0.102153082851977595E+01    0.648843183121234546E+02    0.506106820362333870E+10    0.790778755390710018E+02   -0.395389377695355009E+02
    0.732009097052632640E+01    0.108642298066823506E+01    0.117467920810040418E+02    0.244539151908888149E+10    0.790369414944884880E+02   -0.395184707472442440E+02
    0.178125298532018910E+02    0.100044995148433569E+01    0.229175892690061040E+02    0.556860004221393108E+10    0.790365963566926553E+02   -0.395182981783463276E+02
    0.245997056586938569E+02    0.102185653695603507E+01    0.746563737540073049E+02    0.404142120829945517E+10    0.790358370296819999E+02   -0.395179185148409999E+02
    0.307348966598510742E+02    0.101041007431243579E+01    0.133741557598114014E+02    0.111678731855363274E+10    0.790224187521208989E+02   -0.395112093760604495E+02
    0.988742262237333591E+01    0.101021809343354407E+01    0.775053799030877713E+02    0.470176067790326786E+10    0.790137843530107631E+02   -0.395068921765053815E+02
    0.243270061513740146E+02    0.102283372217496416E+01    0.575614153251575829E+02    0.262332155113989949E+09    0.789974581580994624E+02   -0.394987290790497312E+02
    0.328014275765913421E+01    0.100929500290064267E+01    0.508633918693749862E+02    0.198282704171872079E+09    0.789824614914501666E+02   -0.394912307457250833E+02
    0.229706926447034476E+02    0.101160351068802945E+01    0.447312386481136812E+02    0.183701045873264194E+09    0.789566654467203364E+02   -0.394783327233601682E+02
    0.344504792240293582E+02    0.104081482761041588E+01    0.427856696227304951E+02    0.325726821336154079E+10    0.789456523443345191E+02   -0.394728261721672595E+02
    0.331137296055822432E+02    0.101892324052784855E+01    0.153513729436144466E+02    0.338484650570052910E+10    0.789437319445168555E+02   -0.394718659722584277E+02
    0.248361264174004610E+02    0.102988306409146757E+01    0.582202948248857979E+02    0.654149051767330527E+09    0.789432860873205442E+02   -0.394716430436602721E+02
    0.323687799879170512E+02    0.102436357202675410E+01    0.339255645139629465E+02    0.443213354409970820E+09    0.789420499964062401E+02   -0.394710249982031200E+02
    0.273059237109987656E+02    0.103076071088570353E+01    0.267190341204658957E+02    0.271759155026917315E+10    0.789360063054389087E+02   -0.394680031527194544E+02
    0.174593925476074219E+02    0.101244379765529646E+01    0.715890228748321533E+02    0.281230067674480629E+10    0.789033336049909906E+02   -0.394516668024954953E+02
    0.323957997040415648E+02    0.101066674461523887E+01    0.755129754466413203E+02    0.646437174723695636E+09    0.788910578512743825E+02   -0.394455289256371913E+02
    0.323957997040415648E+02    0.101066674461523887E+01    0.755129754466413203E+02    0.646437174723695636E+09    0.788910578512743825E+02   -0.394455289256371913E+02
    0.742195624592196026E+02    0.101594276303288678E+01    0.731273536839049569E+02    0.833698227883540750E+09    0.788888516912451507E+02   -0.394444258456225754E+02
    0.123676390786413410E+02    0.103361307230500232E+01    0.132407975954284858E+02    0.120594821701143813E+10    0.788605347340279650E+02   -0.394302673670139825E+02
    0.692251005300945792E+02    0.101792242937655320E+01    0.741068887456629568E+02    0.727952854494953632E+09    0.788516141326482796E+02   -0.394258070663241398E+02
    0.577050042830787575E+02    0.101512671338245530E+01    0.329719519413540922E+02    0.158406495871696901E+10    0.788255642540907786E+02   -0.394127821270453893E+02
    0.454666819767963730E+02    0.101596433046214885E+01    0.398030829479877184E+02    0.347276123666609347E+09    0.788253183641717499E+02   -0.394126591820858749E+02
    0.454666819767963730E+02    0.101596433046214885E+01    0.398030829479877184E+02    0.347276123666609347E+09    0.788253183641717499E+02   -0.394126591820858749E+02
    0.308875441551208496E+02    0.103388878433058240E+01    0.164064347743988037E+02    0.341759419484449673E+10    0.788045832442501819E+02   -0.394022916221250910E+02
    0.226255505414351994E+02    0.103932079519518972E+01    0.462198749343480912E+02    0.344919383377506971E+10    0.787945349030641609E+02   -0.393972674515320804E+02
    0.162187730997644408E+02    0.102099034208775286E+01    0.559281386521457975E+02    0.233586711738669872E+09    0.787517341892378511E+02   -0.393758670946189255E+02
    0.135722802027496527E+02    0.103245487262481639E+01    0.119996627748380913E+02    0.374014366021792221E+10    0.787516092044444207E+02   -0.393758046022222103E+02
    0.362381138102353084E+01    0.106742842686572770E+01    0.136073928120537140E+02    0.267639470655805731E+10    0.787453220145134907E+02   -0.393726610072567453E+02
    0.129726333579919206E+02    0.102197836031247258E+01    0.710845145519588755E+02    0.378679446531093979E+10    0.787388138146760355E+02   -0.393694069073380177E+02
    0.898602546117237888E+00    0.108378163165034280E+01    0.405202390737333218E+02    0.399537231534759331E+10    0.787265578973762388E+02   -0.393632789486881194E+02
    0.482215217368531555E+02    0.103056480369801151E+01    0.653346486925667733E+02    0.113596143053620172E+10    0.787144264199394570E+02   -0.393572132099697285E+02
    0.280804132810846729E+01    0.103083019613704940E+01    0.263466065866647732E+02    0.200772831831743264E+10    0.787047377518136102E+02   -0.393523688759068051E+02
    0.308623047363190040E+02    0.101165435522576752E+01    0.699705943312506520E+02    0.198131669656540227E+10    0.787045730630374720E+02   -0.393522865315187360E+02
    0.382606521326481754E+02    0.100663506518067036E+01    0.461529983966875008E+02    0.141489432233135509E+10    0.787032517573940993E+02   -0.393516258786970496E+02
    0.374808127596633298E+02    0.107998386759921616E+01    0.194605087733128421E+02    0.468772623306716537E+10    0.786974551027445841E+02   -0.393487275513722921E+02
    0.638823690106226483E+01    0.102610522132885884E+01    0.696942271226783419E+02    0.536721962338313675E+10    0.786661452593208992E+02   -0.393330726296604496E+02
    0.643226693495213482E+02    0.101767786728796272E+01    0.447803400631429156E+02    0.395776361215178633E+10    0.786630617420909743E+02   -0.393315308710454872E+02
    0.387063930665792029E+02    0.100949853746934992E+01    0.393658237243276830E+02    0.326825335671037865E+10    0.786596099262587245E+02   -0.393298049631293622E+02
    0.115408848109557738E+02    0.102999653366290511E+01    0.814399194729571008E+01    0.114504321337074709E+10    0.786505094063843728E+02   -0.393252547031921864E+02
    0.521765305869653204E+02    0.102518415635123650E+01    0.575121807907949218E+02    0.445107456515391064E+10    0.786317412998484286E+02   -0.393158706499242143E+02
    0.532699476257994036E+02    0.101387828238515953E+01    0.524989243382397603E+02    0.363428867636899376E+10    0.786312361417883494E+02   -0.393156180708941747E+02
    0.282181280412186410E+02    0.101303586283796321E+01    0.867090748564995408E+02    0.800506131635960102E+09    0.786028519651466695E+02   -0.393014259825733347E+02
    0.755759173251899963E+01    0.101506184345819972E+01    0.513624795594572205E+02    0.264387049698243648E+09    0.786001090285226240E+02   -0.393000545142613120E+02
    0.512897492218981341E+02    0.101275104837032437E+01    0.510926728346574137E+02    0.408193415122270465E+09    0.785665077954813995E+02   -0.392832538977406998E+02
    0.211288632673042684E+02    0.107174759477179493E+01    0.203335395578448725E+02    0.288073220715367460E+10    0.785597877163209546E+02   -0.392798938581604773E+02
    0.780950292983500205E+01    0.108143310270958581E+01    0.437740726368396693E+01    0.280268819874834776E+10    0.785554911426966100E+02   -0.392777455713483050E+02
    0.358445485393669472E+02    0.101959505680286577E+01    0.530746791686040140E+02    0.241616492275136143E+09    0.785526593284342738E+02   -0.392763296642171369E+02
    0.377645653009164022E+02    0.103092513835093635E+01    0.582091604358663659E+02    0.771838351816435337E+09    0.785141935864333504E+02   -0.392570967932166752E+02
    0.477738476313292182E+02    0.104040995229821709E+01    0.352690395979017310E+02    0.512268816526797390E+10    0.785089585125734430E+02   -0.392544792562867215E+02
    0.186705656349611182E+02    0.101421358381888904E+01    0.577813910970530813E+02    0.271086831977970541E+09    0.785049911493272958E+02   -0.392524955746636479E+02
    0.252283161040459909E+02    0.100851603441751791E+01    0.501718391431726829E+02    0.293713342238322973E+10    0.785002814082474458E+02   -0.392501407041237229E+02
    0.278900775039892572E+02    0.101946602109556950E+01    0.767801192495193447E+02    0.557868009486640644E+10    0.784870389173360508E+02   -0.392435194586680254E+02
    0.161341887859303412E+02    0.102831221736124800E+01    0.269443174073535445E+02    0.202643919297133636E+10    0.784844748449695828E+02   -0.392422374224847914E+02
    0.280640284088709784E+02    0.103221472570309469E+01    0.323993340986331475E+02    0.173679327322926354E+10    0.784755780885957677E+02   -0.392377890442978838E+02
    0.320460787657095878E+02    0.101575959208513655E+01    0.729874327215686236E+02    0.428432431360839796E+10    0.784546353206975624E+02   -0.392273176603487812E+02
    0.356736339398789895E+02    0.102807903062215389E+01    0.693607237070008438E+02    0.806706637855811834E+09    0.784500696164630824E+02   -0.392250348082315412E+02
    0.668553067370887444E+01    0.101615144936292467E+01    0.214748968523269923E+02    0.137680075231697392E+10    0.784403554604516984E+02   -0.392201777302258492E+02
    0.414257638943181306E+02    0.101791867602687569E+01    0.628117285386835746E+02    0.293451361715435934E+10    0.784396515109334587E+02   -0.392198257554667293E+02
    0.270562364660911427E+02    0.108199447694896511E+01    0.171874779930560706E+02    0.330753607806091261E+10    0.784352100913938273E+02   -0.392176050456969136E+02
    0.123961929547237437E+01    0.102061102254621372E+01    0.101492118540801268E+02    0.541421127117771244E+10    0.784293896886908897E+02   -0.392146948443454448E+02
    0.242366722627590754E+02    0.104336566457372015E+01    0.877480350930868980E+01    0.523416423726581573E+10    0.784042682845361583E+02   -0.392021341422680791E+02
    0.118702740585106596E+02    0.102544118921719107E+01    0.249578757764197654E+02    0.133614329653799319E+10    0.783994356949554856E+02   -0.391997178474777428E+02
    0.281727736762764884E+02    0.106850861878381576E+01    0.629539234635709111E+01    0.441872934962384605E+10    0.783963593235764051E+02   -0.391981796617882026E+02
    0.168640607163319132E+02    0.103724557235192649E+01    0.517849381433403337E+02    0.515681684103946209E+10    0.783931969378020312E+02   -0.391965984689010156E+02
    0.693041820378771600E+01    0.100876204775206313E+01    0.404127019738941300E+02    0.272877243312365627E+10    0.783789720731984687E+02   -0.391894860365992344E+02
    0.389298450277477457E+02    0.101776788430813681E+01    0.288580882835834664E+02    0.294496934330698442E+10    0.783698947689631211E+02   -0.391849473844815606E+02
    0.844004234941225562E+01    0.100457933814689504E+01    0.292472427405182032E+02    0.456274995517694473E+10    0.783581983012919352E+02   -0.391790991506459676E+02
    0.262873166900841326E+02    0.101161123898521343E+01    0.548475033808288543E+02    0.278744688762772274E+10    0.783418540841461635E+02   -0.391709270420730817E+02
    0.244608925177664922E+02    0.104065907273080782E+01    0.356285224499685924E+02    0.373679061468104029E+10    0.783201919893658527E+02   -0.391600959946829263E+02
    0.473200640701793489E+02    0.101845734433851676E+01    0.578548803164282575E+02    0.306678184396586609E+10    0.783167551251210341E+02   -0.391583775625605170E+02
    0.364290746574464421E+02    0.101688241817785752E+01    0.702832692923198010E+02    0.556855788553945422E+09    0.783013464840851441E+02   -0.391506732420425720E+02
    0.422108203450786874E+02    0.101466388858047951E+01    0.254079982084666156E+02    0.439161748704342842E+10    0.783004796017420261E+02   -0.391502398008710131E+02
    0.663149356842041016E+01    0.102655024862128008E+01    0.423512816429138184E+02    0.247820621681429052E+10    0.782886544453644149E+02   -0.391443272226822074E+02
    0.569946549679547498E+01    0.100494422274188011E+01    0.305733856652026859E+02    0.439994630473746586E+10    0.782821893965746938E+02   -0.391410946982873469E+02
    0.113363179601793718E+02    0.102084993396662038E+01    0.713285893136784779E+02    0.644653915079488516E+09    0.782753601642279477E+02   -0.391376800821139739E+02
    0.178823981632717128E+02    0.101588531568275142E+01    0.517787162098206437E+02    0.311925412797526717E+09    0.782367310908302898E+02   -0.391183655454151449E+02
    0.527179195873737356E+02    0.102904158234040044E+01    0.353147262683906362E+02    0.515070335441553402E+10    0.782339862261481045E+02   -0.391169931130740522E+02
    0.189322100135628197E+02    0.101483437181637992E+01    0.211969613181550649E+02    0.911207449495315790E+09    0.782228545498384875E+02   -0.391114272749192438E+02
    0.258215061881513064E+01    0.102502782062152642E+01    0.363412022582483800E+02    0.229404841987289762E+10    0.782146283119965915E+02   -0.391073141559982957E+02
    0.214089971955877267E+02    0.100996567395294168E+01    0.667664008257533368E+02    0.173944787187777543E+10    0.781952844616253060E+02   -0.390976422308126530E+02
    0.205751859153874577E+02    0.102087655937665223E+01    0.451630770127770234E+02    0.539941460672901630E+09    0.781782145550382523E+02   -0.390891072775191262E+02
    0.124399662017822266E+02    0.107975850805508400E+01    0.332413554191589355E+02    0.355563675589210606E+10    0.781721578777966215E+02   -0.390860789388983108E+02
    0.126501642667541976E+02    0.101223660098156731E+01    0.681327782728425149E+02    0.421064804687649190E+09    0.781528327788111881E+02   -0.390764163894055940E+02
    0.195431658270183526E+02    0.105669676523292022E+01    0.127087902134473403E+02    0.535627794203623962E+10    0.781453823977288664E+02   -0.390726911988644332E+02
    0.772598185831959139E+01    0.100502977330620324E+01    0.650649930373426741E+02    0.924091984738763452E+09    0.781449758500583300E+02   -0.390724879250291650E+02
    0.510907052226008318E+02    0.101838493246072304E+01    0.535309193995329480E+02    0.191783316244625950E+10    0.781384072621154075E+02   -0.390692036310577038E+02
    0.143907303982349308E+02    0.101045808140172899E+01    0.299254915033942801E+02    0.166684991151276875E+10    0.781365972932893698E+02   -0.390682986466446849E+02
    0.107369813824373441E+02    0.101350482510010975E+01    0.722898208851162423E+02    0.462087653080341244E+10    0.781313911343843301E+02   -0.390656955671921651E+02
    0.499241358946978195E+02    0.102547940541956351E+01    0.435393240698515172E+02    0.142991421672778296E+10    0.781276861729836014E+02   -0.390638430864918007E+02
    0.361585798375448704E+02    0.102377389957076859E+01    0.298528345926353254E+02    0.175179744443541217E+10    0.781233198170399419E+02   -0.390616599085199709E+02
    0.333867624401001928E+01    0.101445641563625877E+01    0.642874726157609331E+02    0.546320454890257239E+09    0.781214517377844118E+02   -0.390607258688922059E+02
    0.220898475771625797E+02    0.101883801368048532E+01    0.716736620083056692E+02    0.403128168150560319E+09    0.781150356528764860E+02   -0.390575178264382430E+02
    0.114962237546253050E+02    0.102310352866552834E+01    0.483777841495394014E+02    0.424025177596805871E+09    0.780971594879426476E+02   -0.390485797439713238E+02
    0.423531055235949605E+01    0.102084932954628260E+01    0.599199826224817258E+02    0.220796941329385996E+10    0.780952863465808775E+02   -0.390476431732904388E+02
    0.113390156989751034E+02    0.104161821477080929E+01    0.247292179255318629E+02    0.397977233018045998E+10    0.780832005281556008E+02   -0.390416002640778004E+02
    0.187893584627422001E+02    0.100791836333224594E+01    0.459939684911439599E+02    0.136471608274862838E+10    0.780780641143199432E+02   -0.390390320571599716E+02
    0.172214268454161434E+02    0.101114205654096900E+01    0.361902769647653386E+02    0.293601213031230307E+10    0.780689470273933210E+02   -0.390344735136966605E+02
    0.143057999095663391E+02    0.102780176605224360E+01    0.493478752317552392E+02    0.313159872030301762E+10    0.780537535826328366E+02   -0.390268767913164183E+02
    0.331263286073833072E+02    0.103127300247047038E+01    0.416862593801083392E+02    0.419373607688024569E+10    0.780475013062404770E+02   -0.390237506531202385E+02
    0.226399548553571712E+02    0.100712206553230255E+01    0.502390787191063808E+02    0.154602990190003276E+10    0.780283494156299327E+02   -0.390141747078149663E+02
    0.447202422481882849E+02    0.102758163134541558E+01    0.606106473934314849E+02    0.988385923910766482E+09    0.780246518157445195E+02   -0.390123259078722597E+02
    0.299954797467094672E+02    0.101476851457819373E+01    0.633009541682247203E+02    0.322963936582915831E+10    0.780168811524613943E+02   -0.390084405762306972E+02
    0.285483752353574474E+02    0.103021764902585300E+01    0.390243700563140195E+02    0.372128872123287725E+10    0.779847196403112406E+02   -0.389923598201556203E+02
    0.464650221023200949E+01    0.101223038495103412E+01    0.581764104267071360E+02    0.226717799275184679E+10    0.779816001481061392E+02   -0.389908000740530696E+02
    0.358993591229090327E+02    0.102584360867874236E+01    0.347864874593865139E+02    0.139154510813810039E+10    0.779774149512692532E+02   -0.389887074756346266E+02
    0.773274236496641709E+01    0.102219241255794735E+01    0.276772954965129649E+02    0.173454829654639459E+10    0.779493979954690133E+02   -0.389746989977345066E+02
    0.100415016881065000E+02    0.101542512086397441E+01    0.252514211268102926E+02    0.312975309226085567E+10    0.779450079201605206E+02   -0.389725039600802603E+02
    0.162295067752182867E+02    0.101197094309304836E+01    0.254403130094595546E+02    0.415893112481793308E+10    0.779424886558009860E+02   -0.389712443279004930E+02
    0.227759344484253106E+02    0.101691883141487516E+01    0.479286294158715194E+02    0.529761889718594849E+09    0.779322757958908596E+02   -0.389661378979454298E+02
    0.196607739711519045E+02    0.104048251473215392E+01    0.380599033493636156E+02    0.486833454167336273E+10    0.779272854712179139E+02   -0.389636427356089570E+02
    0.546963068028292838E+02    0.101230663686399103E+01    0.446405731808515540E+02    0.808542928526705265E+09    0.779175897510050390E+02   -0.389587948755025195E+02
    0.456508456830418226E+02    0.101829242109298179E+01    0.481005100156048329E+02    0.397916902925702095E+09    0.779171333999999973E+02   -0.389585666999999987E+02
    0.161240785182168196E+02    0.102478112695202928E+01    0.273980571130960797E+02    0.151897354970413280E+10    0.779158739681181345E+02   -0.389579369840590672E+02
    0.213698971918931235E+02    0.102325737512224779E+01    0.537334775939547811E+02    0.402716310996189356E+09    0.779130561016039280E+02   -0.389565280508019640E+02
    0.591599394419012157E+02    0.101332536743910917E+01    0.482540445711990813E+02    0.796454038602510452E+09    0.779110722225986478E+02   -0.389555361112993239E+02
    0.348143773303351196E+02    0.102739768819403454E+01    0.579219323664791972E+02    0.751824007111982703E+09    0.779071765898461024E+02   -0.389535882949230512E+02
    0.329179581094291365E+02    0.102119806932805490E+01    0.571246364316303143E+02    0.436469504514988232E+10    0.775538907263016739E+02   -0.387769453631508370E+02
    0.258433511694258158E+02    0.101532319845040098E+01    0.466728552377503192E+02    0.273805712218127728E+10    0.778518309288809860E+02   -0.389259154644404930E+02
    0.301460758806670981E+02    0.101345647114392756E+01    0.579900070846640645E+02    0.453776974299790573E+10    0.775166392162852276E+02   -0.387583196081426138E+02
    0.207787993379356628E+02    0.102668151290515230E+01    0.465172181572853560E+02    0.321771763211368465E+10    0.778059087217851157E+02   -0.389029543608925579E+02
    0.227205753326416016E+02    0.101309081020164937E+01    0.358681738376617432E+02    0.506546394922849369E+10    0.770459937607771224E+02   -0.385229968803885612E+02
    0.232172826794438052E+02    0.102078558392268670E+01    0.552669955397401296E+02    0.320551915449449492E+10    0.776046230647231710E+02   -0.388023115323615855E+02
    0.539529364119745978E+02    0.102155374887604267E+01    0.411098724641525521E+02    0.470852680813700676E+10    0.778090433761611280E+02   -0.389045216880805640E+02
    0.220574995486311813E+02    0.102676848729908343E+01    0.429236191222205647E+02    0.464665143368000507E+10    0.773279984576086008E+02   -0.386639992288043004E+02
    0.384062006753520038E+02    0.102577241489429616E+01    0.376225682746446495E+02    0.484585534003579521E+10    0.774696523321082680E+02   -0.387348261660541340E+02
    0.219572020649404323E+02    0.101496815927724615E+01    0.371563737411964183E+02    0.566819478434346867E+10    0.766270055138842565E+02   -0.383135027569421283E+02
    0.766804042811460018E+01    0.102144691370838592E+01    0.284767309850717254E+02    0.871678270864026427E+09    0.775304626293635977E+02   -0.387652313146817988E+02
    0.371721940328149003E+02    0.101321330311301683E+01    0.407009579990702619E+02    0.902930872703101516E+09    0.772143455755136330E+02   -0.386071727877568165E+02
    0.359233822950544734E+02    0.101801437983503984E+01    0.427465173510127840E+02    0.135997438985994411E+10    0.774234549694164542E+02   -0.387117274847082271E+02
    0.535311383575283912E+02    0.102441654174173569E+01    0.269251761387500856E+02    0.115492701855107737E+10    0.776988448801343168E+02   -0.388494224400671584E+02
    0.973214284466407165E+01    0.101029278873231498E+01    0.716630765983909299E+02    0.868784155421830058E+09    0.776209847505668620E+02   -0.388104923752834310E+02
    0.306394970934993296E+02    0.101721794419923750E+01    0.638125112600805622E+02    0.369619957928605616E+09    0.777566636661748873E+02   -0.388783318330874437E+02
    0.255185772552901362E+02    0.101277970180705013E+01    0.461580623649146702E+02    0.782104097434880614E+09    0.769445166732590735E+02   -0.384722583366295368E+02
    0.222125169071015236E+02    0.102481716176543625E+01    0.400849951270043618E+02    0.111532490577977943E+10    0.764191865691793453E+02   -0.382095932845896726E+02
    0.222125169071015236E+02    0.102481716176543625E+01    0.400849951270043618E+02    0.111532490577977943E+10    0.764191865691793453E+02   -0.382095932845896726E+02
    0.103099819661662071E+02    0.101319676486343302E+01    0.607630116372970051E+02    0.731020900146617174E+09    0.770599066175387151E+02   -0.385299533087693575E+02
    0.397464635685194034E+01    0.102027912339694171E+01    0.643410852933129718E+02    0.662290896333674312E+09    0.778627633513964241E+02   -0.389313816756982121E+02
    0.311707578060172139E+02    0.102829428544007584E+01    0.447252046111030808E+02    0.864688840941399932E+09    0.774625047566452736E+02   -0.387312523783226368E+02
    0.324857663745449585E+02    0.101645864407540620E+01    0.550609388514042308E+02    0.136661542993168688E+10    0.772917177049357491E+02   -0.386458588524678746E+02
    0.828244084006005643E+01    0.101502499829651449E+01    0.593709848951258792E+02    0.104073669743394017E+10    0.763711477103438199E+02   -0.381855738551719099E+02
    0.828244084006005643E+01    0.101502499829651449E+01    0.593709848951258792E+02    0.104073669743394017E+10    0.763711477103438199E+02   -0.381855738551719099E+02
    0.307745169255112785E+02    0.101556019235135508E+01    0.554116603252150384E+02    0.851998077403571486E+09    0.764837805358435787E+02   -0.382418902679217894E+02
    0.593886777009733748E+02    0.102210290011166016E+01    0.558725057095472053E+02    0.952102305320437789E+09    0.775097607702395663E+02   -0.387548803851197832E+02
    0.225297503307594447E+02    0.101890406085579222E+01    0.230273109890109602E+02    0.906441091397790790E+09    0.778534263647360660E+02   -0.389267131823680330E+02
    0.217751447931231645E+01    0.100636262877119709E+01    0.483036263946963089E+02    0.113283880608371091E+10    0.769530763606550465E+02   -0.384765381803275233E+02
    0.164947603251270678E+02    0.101361832693773790E+01    0.456013431480617157E+02    0.131718235313688040E+10    0.774232615917155584E+02   -0.387116307958577792E+02
    0.108243492225222990E+02    0.101206009952128317E+01    0.618558722657118309E+02    0.148845146875146723E+10    0.774100368019348224E+02   -0.387050184009674112E+02
    0.432525551605386767E+02    0.101762289565283326E+01    0.322757059190252775E+02    0.112519831685490084E+10    0.767775922297417424E+02   -0.383887961148708712E+02
    0.422596964537932607E+02    0.101297960062649528E+01    0.651635935105192061E+02    0.806591000849446535E+09    0.772787122087332961E+02   -0.386393561043666480E+02
    0.182999058847080960E+02    0.101813837600626056E+01    0.417318927129460491E+02    0.174073807070453143E+10    0.771486464043648823E+02   -0.385743232021824412E+02
    0.182544474948401998E+02    0.102834251882173766E+01    0.394856923770174291E+02    0.843618093736046195E+09    0.774437967811914518E+02   -0.387218983905957259E+02
    0.317501005519316699E+02    0.101622465698668729E+01    0.398559076781580472E+02    0.685908416449968576E+09    0.776624588947135805E+02   -0.388312294473567903E+02
    0.444898206394660747E+02    0.101736315756113216E+01    0.484286843760965056E+02    0.186694523256068087E+10    0.777808818810930802E+02   -0.388904409405465401E+02
    0.108325593711328185E+02    0.101497036060240342E+01    0.582772497310288102E+02    0.768566190241256356E+09    0.766487287775302661E+02   -0.383243643887651331E+02
    0.259199403338929137E+02    0.101610708677417705E+01    0.508466639821186206E+02    0.796407506883910656E+09    0.764076081251704124E+02   -0.382038040625852062E+02
    0.255332144949825235E+02    0.102319814962135780E+01    0.523484964327017437E+02    0.143513948044559026E+10    0.772874021684259134E+02   -0.386437010842129567E+02
    0.656963216136001105E+01    0.102246542297801435E+01    0.528727113460039106E+02    0.103913048010394168E+10    0.766381580413987820E+02   -0.383190790206993910E+02
    0.466252391530015018E+02    0.102215674348250696E+01    0.216411607777029857E+02    0.109104377430188894E+10    0.778197619907773088E+02   -0.389098809953886544E+02
    0.434027872492255469E+02    0.102253885973289416E+01    0.473359637082991611E+02    0.793537484516727805E+09    0.769443736559144753E+02   -0.384721868279572377E+02
    0.130904836666228146E+02    0.101749779197989532E+01    0.487334178463923138E+02    0.365016057702559805E+10    0.771301472526127867E+02   -0.385650736263063934E+02
    0.125081211884865802E+02    0.102304208357099946E+01    0.463582289713208553E+02    0.492122832102076721E+10    0.769224070978399368E+02   -0.384612035489199684E+02
    0.763949544949548254E+00    0.101297586600031875E+01    0.369424636788820777E+02    0.297689017200310469E+10    0.776617947269061375E+02   -0.388308973634530687E+02
    0.735998063556438264E+01    0.101351257886331059E+01    0.281515631643271931E+02    0.515743950925350666E+10    0.771311015286236028E+02   -0.385655507643118014E+02
    0.516832463809887432E+01    0.101617825762350900E+01    0.561751424348628774E+02    0.397705133547544527E+10    0.771976732731786797E+02   -0.385988366365893398E+02
    0.122805278419297412E+02    0.103070096577658843E+01    0.418626274751408047E+02    0.443907551255179214E+10    0.776709377989464542E+02   -0.388354688994732271E+02
    0.137079021384480075E+02    0.102841288928113928E+01    0.447652938387157846E+02    0.489624605967642403E+10    0.773848928146349806E+02   -0.386924464073174903E+02
    0.599114643146715053E+01    0.102556970871753106E+01    0.335746330208777906E+02    0.422326644649713421E+10    0.773918637853185629E+02   -0.386959318926592815E+02
    0.498151088499608630E+01    0.101169750500975031E+01    0.320779103059594277E+02    0.508673227067473602E+10    0.771553898784953134E+02   -0.385776949392476567E+02
    0.346176098555216027E+01    0.101308253106417512E+01    0.221982507532715303E+02    0.533942937702043152E+10    0.775191302280696135E+02   -0.387595651140348068E+02
    0.134919804681098174E+02    0.101392110742152886E+01    0.593958410825792242E+02    0.127290585854926085E+10    0.774993558364973296E+02   -0.387496779182486648E+02
    0.512588516294158438E+02    0.101386070799468508E+01    0.683805157439594637E+02    0.812055393548457980E+09    0.776204567080033598E+02   -0.388102283540016799E+02
    0.317039014544015840E+01    0.100751995322061094E+01    0.387903820189203898E+02    0.865910043305577993E+09    0.776733184058335269E+02   -0.388366592029167634E+02
    0.295225155846986560E+02    0.102567336163816658E+01    0.442998596065286918E+02    0.169956174948533940E+10    0.777123076954445366E+02   -0.388561538477222683E+02
    0.937215435300728394E+01    0.102394726423069948E+01    0.613654656110453587E+02    0.851341756517987132E+09    0.772043624610422938E+02   -0.386021812305211469E+02
    0.404146286297708599E+02    0.100857519881568480E+01    0.454075445605099688E+02    0.952410693619066358E+09    0.778859602755888574E+02   -0.389429801377944287E+02
    0.107934746488110402E+02    0.101386587031052677E+01    0.449761330998154421E+02    0.975358469596209526E+09    0.764467932584984453E+02   -0.382233966292492227E+02
    0.104524872246982756E+02    0.104058743393986308E+01    0.344814060883506173E+02    0.541936082113490582E+10    0.775950976270413832E+02   -0.387975488135206916E+02
    0.853061806097222375E+00    0.103028037779166293E+01    0.246559466942485166E+02    0.486611076737665272E+10    0.776979023053576725E+02   -0.388489511526788363E+02
    0.263642950057269374E+02    0.104355353098439951E+01    0.300098310145365090E+02    0.548639919198590946E+10    0.778421805088881058E+02   -0.389210902544440529E+02
    0.305455625926989782E+01    0.103338814363246256E+01    0.266763118224558902E+02    0.110257406513102221E+10    0.777730197256408360E+02   -0.388865098628204180E+02
    0.703801165601095935E+01    0.106961933501773743E+01    0.432314844551424304E+01    0.527072977675842857E+10    0.773514562283797318E+02   -0.386757281141898659E+02
    0.744619827925229183E+00    0.106585452993617724E+01    0.149449214361710911E+02    0.327926429173859167E+10    0.778296835418044424E+02   -0.389148417709022212E+02
    0.931580733229671232E+01    0.109018946111140869E+01    0.764127464461211048E+01    0.468750277330723667E+10    0.774111584282814817E+02   -0.387055792141407409E+02
