    0.753213970623706786E+02    0.104718103355517544E+01    0.842876014653716794E+02    0.297273607370600700E+09    0.686455019003089575E+02   -0.343227509501544787E+02
    0.131817397731061959E+03    0.964772688575693094E+00    0.115442091638633482E+02    0.974365296126927257E+09    0.674679815044038094E+02   -0.337339907522019047E+02
    0.342743396759033203E+02    0.103252805625142341E+01    0.667836070060729980E+02    0.254824568639366142E+08    0.667276061644992069E+02   -0.333638030822496034E+02
    0.130107581615447998E+03    0.103869920658122927E+01    0.529655337333679199E+02    0.203316173703606892E+10    0.666974862402623216E+02   -0.333487431201311608E+02
    0.668814182281494141E+02    0.101037823523283965E+01    0.727135837078094482E+02    0.467081477537123039E+08    0.655159808771490333E+02   -0.327579904385745166E+02
    0.902941226959228516E+02    0.906793577205861512E+00    0.290242969989776611E+02    0.537515393666360304E+08    0.654486184014570682E+02   -0.327243092007285341E+02
    0.304379262505567683E+01    0.978424058511539685E+00    0.837492770020025290E+02    0.347200474194626883E+08    0.649575917524105364E+02   -0.324787958762052682E+02
    0.882298366823674769E+02    0.950362251326292817E+00    0.749298464241725242E+02    0.292473647580859804E+10    0.648866796682633975E+02   -0.324433398341316988E+02
    0.130480677269794114E+03    0.101110267750347171E+01    0.305659568363468708E+02    0.730874638225849628E+09    0.643796474542999846E+02   -0.321898237271499923E+02
    0.113920551165321370E+03    0.101735935625827412E+01    0.510824139778663948E+02    0.157695446698144823E+09    0.643418386379371157E+02   -0.321709193189685578E+02
    0.109386311212034784E+03    0.100110566147902036E+01    0.344845508519438653E+02    0.942156823291536272E+08    0.636484732445609893E+02   -0.318242366222804947E+02
    0.537812001096480614E+02    0.962553317632879324E+00    0.889198991250413400E+02    0.382288113623377144E+09    0.635152514975662612E+02   -0.317576257487831306E+02
    0.100905335853962910E+03    0.966556509657761742E+00    0.575641882394352535E+02    0.121301524094297218E+10    0.628085704874091206E+02   -0.314042852437045603E+02
    0.713544487953186035E+02    0.105817482928568052E+01    0.209690213203430176E+02    0.146923031107365584E+10    0.627910474109995320E+02   -0.313955237054997660E+02
    0.946533099671569857E+02    0.995236741526081548E+00    0.891514607354106303E+01    0.537155532252867818E+09    0.626120528790636115E+02   -0.313060264395318057E+02
    0.623654161681404062E+02    0.108464582529553066E+01    0.285984732475298102E+02    0.870358502070089936E+09    0.626020020264437420E+02   -0.313010010132218710E+02
    0.115452222171400834E+03    0.980525918733560875E+00    0.615239501620014622E+02    0.182940190017434382E+10    0.622840227279992433E+02   -0.311420113639996217E+02
    0.100111293988568036E+03    0.997749576625906021E+00    0.193525623128831121E+02    0.425619649563677073E+09    0.622838884802724522E+02   -0.311419442401362261E+02
    0.116248745354002864E+03    0.100622437458900893E+01    0.173492807274029026E+02    0.535309774817641068E+10    0.621779661685232270E+02   -0.310889830842616135E+02
    0.867310913602793221E+02    0.100287325880579026E+01    0.348071034026692843E+02    0.623413742251516879E+08    0.620455844641163878E+02   -0.310227922320581939E+02
    0.572679280885487074E+02    0.106061016251031370E+01    0.250215938311759523E+02    0.651845246301963925E+09    0.618384153033412645E+02   -0.309192076516706322E+02
    0.361350230359762605E+02    0.931493164233993753E+00    0.365579620727283654E+02    0.135341208747079521E+09    0.614399623606207683E+02   -0.307199811803103842E+02
    0.630047173591524299E+02    0.110850803694161604E+01    0.314391477431728639E+01    0.425302360883993208E+09    0.614037391204333289E+02   -0.307018695602166645E+02
    0.882408505574277200E+02    0.100867544668683018E+01    0.436403972117885743E+02    0.114425261378449038E+09    0.614004468830345616E+02   -0.307002234415172808E+02
    0.618722304312309248E+02    0.102627240488208238E+01    0.676208851320043891E+02    0.808935422391734421E+08    0.612772386154912283E+02   -0.306386193077456142E+02
    0.536068496139583743E+02    0.989537201609393291E+00    0.339711144212343230E+01    0.245088306547958642E+09    0.611517095929409535E+02   -0.305758547964704768E+02
    0.835048556327819824E+02    0.100970468893978893E+01    0.776816427707672119E+02    0.660039890775113344E+09    0.609288177839892029E+02   -0.304644088919946014E+02
    0.594884847305623055E+02    0.989360701102281026E+00    0.992457779336859005E+02    0.148099892284862447E+10    0.604882644963759475E+02   -0.302441322481879737E+02
    0.272265459221622983E+02    0.937125911766685360E+00    0.620980696980560154E+02    0.525194333289984226E+09    0.604788012661092935E+02   -0.302394006330546468E+02
    0.295383194548705212E+02    0.997298143005294180E+00    0.954187418936736549E+02    0.489396880437153435E+10    0.604196803700222631E+02   -0.302098401850111316E+02
    0.344042551007857522E+01    0.103081163548246857E+01    0.749662549079442186E+02    0.689571535674635172E+08    0.604163219098509927E+02   -0.302081609549254964E+02
    0.806426723521007602E+02    0.977476103545278141E+00    0.414974501866892140E+02    0.216154421274194211E+09    0.603669197484539666E+02   -0.301834598742269833E+02
    0.526906016981084875E+02    0.957470200071578015E+00    0.663265136338336259E+01    0.645927893701414466E+09    0.601316057432675279E+02   -0.300658028716337640E+02
    0.750598311424255371E+02    0.100968439913181629E+01    0.768959164619445801E+02    0.869756161139943600E+09    0.601110918843062834E+02   -0.300555459421531417E+02
    0.611306713229898975E+02    0.950314799140300703E+00    0.484048456992408376E+02    0.459822567808765507E+10    0.601110827670834027E+02   -0.300555413835417014E+02
    0.403811134748034561E+01    0.975219074614497083E+00    0.885293387351178751E+01    0.538922322829266489E+08    0.600954131053101008E+02   -0.300477065526550504E+02
    0.317405304764654801E+02    0.990230424689387490E+00    0.200208258748725818E+02    0.490305738207933903E+08    0.600854891353242095E+02   -0.300427445676621048E+02
    0.247036494181605661E+02    0.108226238773889638E+01    0.356700096306731638E+02    0.265012134526282501E+10    0.600410096723980260E+02   -0.300205048361990130E+02
    0.657479294019622529E+02    0.103520912377849461E+01    0.467574619058302687E+02    0.881867449088977277E+08    0.600398204084856815E+02   -0.300199102042428407E+02
    0.756950774014876373E+02    0.995962172210078767E+00    0.454053007510328328E+02    0.105103032735961303E+09    0.599796936986936657E+02   -0.299898468493468329E+02
    0.922896096526573650E+01    0.105028998385213113E+01    0.438401481828191919E+02    0.167439047249999762E+09    0.599742738275369618E+02   -0.299871369137684809E+02
    0.800070070374098918E+02    0.101872493156931898E+01    0.707090205754076067E+02    0.179852313348100495E+10    0.599503126076484989E+02   -0.299751563038242494E+02
    0.386451541242401646E+02    0.102019343878788482E+01    0.970602645083092739E+02    0.789838274008865356E+09    0.598287607216424249E+02   -0.299143803608212124E+02
    0.294646213482348607E+02    0.101341499988174322E+01    0.878827309484022123E+02    0.420258506390912819E+10    0.598120687897071122E+02   -0.299060343948535561E+02
    0.545188515339843391E+02    0.102181618170744359E+01    0.550735561763192578E+02    0.728953242261634022E+08    0.597760529651543635E+02   -0.298880264825771818E+02
    0.545080613098189648E+01    0.103520762175156245E+01    0.988050406701417074E+02    0.529352781019544184E+09    0.597495152934590905E+02   -0.298747576467295453E+02
    0.875030949463069589E+02    0.981363347794673935E+00    0.312570039151666741E+02    0.729011902533921838E+09    0.596905702435875298E+02   -0.298452851217937649E+02
    0.887457990019607337E+02    0.102075854769719121E+01    0.449060601803923660E+02    0.683968882160399437E+09    0.596801614526193447E+02   -0.298400807263096723E+02
    0.292499661445617676E+02    0.101171905387717875E+01    0.937388777732849121E+02    0.122596757090872908E+10    0.596726509427636955E+02   -0.298363254713818478E+02
    0.758497385861307549E+02    0.102905147537052000E+01    0.468606021250040925E+02    0.152940847882492512E+09    0.596254177662132676E+02   -0.298127088831066338E+02
    0.691691040992736816E+02    0.100436303863567855E+01    0.766610145568847656E+02    0.640139275031781077E+09    0.596191112194199135E+02   -0.298095556097099568E+02
    0.475601732261424530E+02    0.998148064972997795E+00    0.891763630054108063E+02    0.440566431326022983E+09    0.596093602493561860E+02   -0.298046801246780930E+02
    0.863529030429877622E+02    0.100060159207344124E+01    0.552454217607656020E+02    0.568768282254354000E+09    0.595930518271388507E+02   -0.297965259135694254E+02
    0.759157538414001465E+02    0.101768710278219543E+01    0.617567718029022217E+02    0.401349271980914927E+10    0.595488041009830198E+02   -0.297744020504915099E+02
    0.824450117293124691E+02    0.997268078219779142E+00    0.608547902723367429E+02    0.357971732959068155E+10    0.594778955797193518E+02   -0.297389477898596759E+02
    0.170498496685654004E+02    0.102727730848484256E+01    0.688898566385362017E+02    0.729040602301242650E+08    0.594553308068385604E+02   -0.297276654034192802E+02
    0.712061367836021191E+02    0.996517386236335567E+00    0.723202241086904962E+02    0.348964688118010402E+09    0.594406363158067279E+02   -0.297203181579033640E+02
    0.533848399809093195E+02    0.100441069540152972E+01    0.112483921235863669E+02    0.308951693844962299E+09    0.593147681887238178E+02   -0.296573840943619089E+02
    0.231725128068908397E+02    0.100273292204589115E+01    0.680756468719573036E+02    0.124659884156119794E+09    0.592913329916515295E+02   -0.296456664958257647E+02
    0.252863166662372088E+02    0.993367436703156304E+00    0.833214170287443920E+02    0.181979010200479686E+09    0.592809592331164623E+02   -0.296404796165582312E+02
    0.358086147869795557E+01    0.104277121215963886E+01    0.748543538271831324E+02    0.146392363557554197E+10    0.592689697028977704E+02   -0.296344848514488852E+02
    0.610954131565229375E+02    0.962593277506398670E+00    0.190912256570976062E+02    0.271354943734724379E+10    0.592651417993229046E+02   -0.296325708996614523E+02
    0.166375243541948556E+02    0.970921388742706171E+00    0.958495679152982092E+02    0.116127675432369494E+10    0.592117192320288765E+02   -0.296058596160144383E+02
    0.717219345620181770E+02    0.970985589479526179E+00    0.136157453732357769E+02    0.135049501868549752E+10    0.591961382328693659E+02   -0.295980691164346830E+02
    0.309579319259358599E+02    0.100219505435317746E+01    0.863883327164350874E+02    0.343305976111903369E+09    0.591841166704834905E+02   -0.295920583352417452E+02
    0.792960175491634232E+02    0.983109132365468374E+00    0.642340156569196807E+02    0.570404698191169858E+09    0.590958222402889959E+02   -0.295479111201444979E+02
    0.792960175491634232E+02    0.983109132365468374E+00    0.642340156569196807E+02    0.570404698191169858E+09    0.590958222402889959E+02   -0.295479111201444979E+02
    0.598812336218175432E+02    0.102169832411038031E+01    0.247945365041555874E+02    0.152169181874382019E+09    0.590716544773205641E+02   -0.295358272386602820E+02
    0.848193658297433331E+02    0.996588969595119223E+00    0.242662770740271689E+02    0.252184847396513510E+10    0.590187508346463261E+02   -0.295093754173231630E+02
    0.559417862820171763E+02    0.947114372019612905E+00    0.208555976203790294E+02    0.542227941369279385E+10    0.589968891722047601E+02   -0.294984445861023801E+02
    0.495517443705394953E+02    0.101027852103450755E+01    0.198832181995288018E+02    0.130605759460119188E+09    0.589831308875927078E+02   -0.294915654437963539E+02
    0.101566998717210955E+01    0.935880148997290107E+00    0.100997640008741687E+02    0.193713857970509529E+09    0.589778147931757744E+02   -0.294889073965878872E+02
    0.802796029252197485E+02    0.102620537218986674E+01    0.361770029390699008E+02    0.226477488201344204E+10    0.588381001044554779E+02   -0.294190500522277389E+02
    0.292442795968932501E+02    0.105175375251452685E+01    0.117545251007844644E+02    0.611444216631537795E+09    0.588106552736202701E+02   -0.294053276368101351E+02
    0.752167087908591991E+01    0.969741134635088486E+00    0.514777378815264512E+02    0.578813294181215540E+08    0.588083072598516097E+02   -0.294041536299258048E+02
    0.381915864448849263E+02    0.101413168266651854E+01    0.871794350415295867E+02    0.162107615708955097E+10    0.587774294287057160E+02   -0.293887147143528580E+02
    0.381915864448849263E+02    0.101413168266651854E+01    0.871794350415295867E+02    0.162107615708955097E+10    0.587774294287057160E+02   -0.293887147143528580E+02
    0.436674590139490633E+02    0.104901369152822022E+01    0.212571693011216603E+02    0.150974627281383371E+10    0.587514833427445780E+02   -0.293757416713722890E+02
    0.631387656898000245E+02    0.100541379658791974E+01    0.402086495810832787E+02    0.169855228550611258E+09    0.587399160870709309E+02   -0.293699580435354655E+02
    0.375900866770988316E+02    0.100481361189644125E+01    0.645145739822653894E+02    0.173124093647591799E+09    0.586665214041342438E+02   -0.293332607020671219E+02
    0.598244657573218230E+01    0.107890370251953649E+01    0.361315293645861146E+02    0.186158688266476959E+09    0.586284195365896181E+02   -0.293142097682948091E+02
    0.598244657573218230E+01    0.107890370251953649E+01    0.361315293645861146E+02    0.186158688266476959E+09    0.586284195365896181E+02   -0.293142097682948091E+02
    0.512532249928608792E+02    0.103834872523038202E+01    0.488188288675414555E+02    0.351511768302221870E+10    0.586259229538533617E+02   -0.293129614769266809E+02
    0.512532249928608792E+02    0.103834872523038202E+01    0.488188288675414555E+02    0.351511768302221870E+10    0.586259229538533617E+02   -0.293129614769266809E+02
    0.144918486524012735E+02    0.103886153489332056E+01    0.725505822027809018E+02    0.258362745836612415E+10    0.586188730921558090E+02   -0.293094365460779045E+02
    0.144918486524012735E+02    0.103886153489332056E+01    0.725505822027809018E+02    0.258362745836612415E+10    0.586188730921558090E+02   -0.293094365460779045E+02
    0.176924627003236026E+02    0.105824179307409461E+01    0.273018875413042039E+02    0.497956062887267351E+09    0.586141744048808562E+02   -0.293070872024404281E+02
    0.568053859778140975E+02    0.988851429153297490E+00    0.427427365343320176E+02    0.979907022729096860E+08    0.585355853637793544E+02   -0.292677926818896772E+02
    0.132798411054447172E+02    0.953205610302390705E+00    0.473785604405548213E+02    0.287165150872304857E+09    0.585117703617897789E+02   -0.292558851808948894E+02
    0.687378907514537332E+02    0.103555270539024979E+01    0.406956569194816993E+02    0.224184750832360077E+10    0.584885967240706321E+02   -0.292442983620353161E+02
    0.246742818935374650E+02    0.107508957551360362E+01    0.403847324810102748E+02    0.652878349059080839E+09    0.584319637628136377E+02   -0.292159818814068188E+02
    0.599173829953432104E+02    0.102694540287671510E+01    0.742448808546654817E+02    0.468591924947411537E+09    0.584030829761274930E+02   -0.292015414880637465E+02
    0.599173829953432104E+02    0.102694540287671510E+01    0.742448808546654817E+02    0.468591924947411537E+09    0.584030829761274930E+02   -0.292015414880637465E+02
    0.371860265731811523E+02    0.965825697745829270E+00    0.366246223449707031E+02    0.314080380361443043E+09    0.583999411140109999E+02   -0.291999705570054999E+02
    0.734323268725435074E+01    0.988448094090403573E+00    0.992824915157313086E+02    0.473744076982509077E+09    0.583694053185920581E+02   -0.291847026592960290E+02
    0.707362562736354050E+02    0.984533395524563870E+00    0.700220800461487443E+02    0.198070690821213794E+10    0.583399088832603496E+02   -0.291699544416301748E+02
    0.399174201485861957E+02    0.102499998931216862E+01    0.802742237132222591E+01    0.514314323818101883E+09    0.583212308654577143E+02   -0.291606154327288571E+02
    0.691959730996941431E+02    0.101396373864501355E+01    0.388975712798226638E+02    0.432730409740051925E+09    0.583192972122289319E+02   -0.291596486061144660E+02
    0.347184632546155783E+02    0.857803639495816395E+00    0.325095795625560200E+02    0.352866992384570360E+10    0.582595611166792082E+02   -0.291297805583396041E+02
    0.376079953885704725E+02    0.100151087266742089E+01    0.841131645306310958E+02    0.774102888593214631E+09    0.582425259701776028E+02   -0.291212629850888014E+02
    0.448006391525268555E+02    0.986259982563529092E+00    0.907963573932647705E+02    0.132396201292981505E+10    0.582401802939327382E+02   -0.291200901469663691E+02
    0.554094555940200273E+01    0.965332513367468947E+00    0.746386538355829430E+02    0.511338839340700912E+10    0.582031909386882376E+02   -0.291015954693441188E+02
    0.155586596118088991E+02    0.100938606501259187E+01    0.849185783424097735E+02    0.604715909050742269E+09    0.581956897790712517E+02   -0.290978448895356259E+02
    0.943328119865849635E+00    0.105551306126401845E+01    0.300539180043460625E+02    0.342180293716369915E+10    0.581937917307754873E+02   -0.290968958653877436E+02
    0.943328119865849635E+00    0.105551306126401845E+01    0.300539180043460625E+02    0.342180293716369915E+10    0.581937917307754873E+02   -0.290968958653877436E+02
    0.415340085081366865E+02    0.102396651361192381E+01    0.266096487791859388E+02    0.782321760429206640E+08    0.581900120258082154E+02   -0.290950060129041077E+02
    0.707222073915576317E+02    0.101483861686909460E+01    0.598432065859564517E+02    0.175560166802108216E+10    0.581862734196746487E+02   -0.290931367098373244E+02
    0.707222073915576317E+02    0.101483861686909460E+01    0.598432065859564517E+02    0.175560166802108216E+10    0.581862734196746487E+02   -0.290931367098373244E+02
    0.582381848730791063E+02    0.968392131656186983E+00    0.276717409494837483E+02    0.259010516735417652E+10    0.581447981890685099E+02   -0.290723990945342550E+02
    0.582381848730791063E+02    0.968392131656186983E+00    0.276717409494837483E+02    0.259010516735417652E+10    0.581447981890685099E+02   -0.290723990945342550E+02
    0.793387889862060547E+02    0.992882514883862810E+00    0.427174568176269531E+02    0.122967517037746024E+10    0.581415830841856689E+02   -0.290707915420928344E+02
    0.793387889862060547E+02    0.992882514883862810E+00    0.427174568176269531E+02    0.122967517037746024E+10    0.581415830841856689E+02   -0.290707915420928344E+02
    0.539083907242082603E+02    0.980932295466604542E+00    0.748918852532366515E+02    0.350473101437514114E+10    0.581330049822159012E+02   -0.290665024911079506E+02
    0.539083907242082603E+02    0.980932295466604542E+00    0.748918852532366515E+02    0.350473101437514114E+10    0.581330049822159012E+02   -0.290665024911079506E+02
    0.477212415880299119E+02    0.100722789913505339E+01    0.357525115169401033E+02    0.110059745613483936E+09    0.581280856353516242E+02   -0.290640428176758121E+02
    0.477212415880299119E+02    0.100722789913505339E+01    0.357525115169401033E+02    0.110059745613483936E+09    0.581280856353516242E+02   -0.290640428176758121E+02
    0.379460985079165170E+02    0.103591405119249336E+01    0.763752200537824706E+02    0.143551760274189043E+10    0.580447090781603663E+02   -0.290223545390801831E+02
    0.379460985079165170E+02    0.103591405119249336E+01    0.763752200537824706E+02    0.143551760274189043E+10    0.580447090781603663E+02   -0.290223545390801831E+02
    0.131513792575422919E+02    0.105003006994037396E+01    0.346268671512412940E+01    0.452283010037518978E+10    0.579736235644370765E+02   -0.289868117822185383E+02
    0.131513792575422919E+02    0.105003006994037396E+01    0.346268671512412940E+01    0.452283010037518978E+10    0.579736235644370765E+02   -0.289868117822185383E+02
    0.886069275324216754E+01    0.968257542270094418E+00    0.791695906057642986E+02    0.280673615590705013E+10    0.579662122413017471E+02   -0.289831061206508735E+02
    0.634538051299521229E+02    0.100453721329735024E+01    0.622666204140730599E+02    0.104697114871087360E+10    0.579523353710240130E+02   -0.289761676855120065E+02
    0.189209653418454486E+02    0.929889638864926149E+00    0.267492151905890587E+02    0.472034777467453957E+10    0.578901448669608314E+02   -0.289450724334804157E+02
    0.705432424518321710E+02    0.996858996753035242E+00    0.591245815266665957E+02    0.721656502329061151E+09    0.578781149397516046E+02   -0.289390574698758023E+02
    0.705432424518321710E+02    0.996858996753035242E+00    0.591245815266665957E+02    0.721656502329061151E+09    0.578781149397516046E+02   -0.289390574698758023E+02
    0.258872491317850866E+02    0.102837374691208572E+01    0.776498009837399508E+02    0.327064739775028038E+10    0.578267827322276773E+02   -0.289133913661138386E+02
    0.258872491317850866E+02    0.102837374691208572E+01    0.776498009837399508E+02    0.327064739775028038E+10    0.578267827322276773E+02   -0.289133913661138386E+02
    0.273657430001019932E+02    0.101030293330730347E+01    0.633672253054788825E+02    0.200203272967278540E+09    0.578212929655463128E+02   -0.289106464827731564E+02
    0.581744817941546941E+02    0.997618451913814819E+00    0.717002686164638305E+02    0.155452283815141368E+10    0.578143497322686244E+02   -0.289071748661343122E+02
    0.186535283289584335E+02    0.985534260167113429E+00    0.501806880994660709E+01    0.500383458420825005E+09    0.578012520740107192E+02   -0.289006260370053596E+02
    0.186535283289584335E+02    0.985534260167113429E+00    0.501806880994660709E+01    0.500383458420825005E+09    0.578012520740107192E+02   -0.289006260370053596E+02
    0.592212411067771498E+02    0.103376994805235833E+01    0.267804618266209431E+02    0.254654832700693464E+10    0.577357874050677538E+02   -0.288678937025338769E+02
    0.146877090745772865E+02    0.104556085819808575E+01    0.617767768699859499E+01    0.433055021548960400E+10    0.576533754748699465E+02   -0.288266877374349733E+02
    0.146877090745772865E+02    0.104556085819808575E+01    0.617767768699859499E+01    0.433055021548960400E+10    0.576533754748699465E+02   -0.288266877374349733E+02
    0.213477748466512551E+02    0.940888315047109236E+00    0.198473432711858555E+01    0.335020819239576435E+10    0.576435807754780285E+02   -0.288217903877390142E+02
    0.272119045257568359E+01    0.960622013370779015E+00    0.553914844989776611E+02    0.307744072915371537E+09    0.576076444028873809E+02   -0.288038222014436904E+02
    0.412430711578216105E+02    0.921751990089290874E+00    0.146944988695959822E+02    0.118288707288464403E+10    0.576076303536084140E+02   -0.288038151768042070E+02
    0.597996123620806515E+02    0.988540653299287864E+00    0.145929675190382522E+02    0.237621785706902790E+10    0.575941464094737228E+02   -0.287970732047368614E+02
    0.597996123620806515E+02    0.988540653299287864E+00    0.145929675190382522E+02    0.237621785706902790E+10    0.575941464094737228E+02   -0.287970732047368614E+02
    0.890007993719111212E+01    0.985038734996321108E+00    0.175704840895670111E+01    0.566498445443752408E+09    0.575881920711549995E+02   -0.287940960355774997E+02
    0.238200315349986127E+02    0.103141290102916661E+01    0.286233559228448939E+02    0.676952059141077399E+08    0.575535146241112443E+02   -0.287767573120556222E+02
    0.492031805456202491E+02    0.972204764651203535E+00    0.399967600312670655E+02    0.513196832703598201E+09    0.575530204786324902E+02   -0.287765102393162451E+02
    0.492031805456202491E+02    0.972204764651203535E+00    0.399967600312670655E+02    0.513196832703598201E+09    0.575530204786324902E+02   -0.287765102393162451E+02
    0.675012539789565551E+02    0.101761006721029013E+01    0.497335003022577737E+02    0.116239113805634356E+10    0.575377895088570099E+02   -0.287688947544285050E+02
    0.551147407149311235E+02    0.102650389032909017E+01    0.691132976221123272E+02    0.152341770537369251E+10    0.574602630581186418E+02   -0.287301315290593209E+02
    0.464680899596415955E+02    0.103342636608766325E+01    0.737359084534471947E+02    0.971165065211644292E+09    0.574510585639850646E+02   -0.287255292819925323E+02
    0.347499251365661621E+02    0.100142410823335171E+01    0.771198511123657227E+02    0.865360780497947216E+09    0.574011781487208879E+02   -0.287005890743604439E+02
    0.347401668827923615E+00    0.102871328925025418E+01    0.372150721037571142E+01    0.571836480310396433E+09    0.573591558263773891E+02   -0.286795779131886945E+02
    0.347401668827923615E+00    0.102871328925025418E+01    0.372150721037571142E+01    0.571836480310396433E+09    0.573591558263773891E+02   -0.286795779131886945E+02
    0.694694535770542245E+02    0.101514010671598354E+01    0.381650644665791816E+02    0.135027904773502970E+10    0.573329285626649607E+02   -0.286664642813324804E+02
    0.566473483652860494E+02    0.102022737089046323E+01    0.131646508629655692E+02    0.128413885153398943E+10    0.573105135676201058E+02   -0.286552567838100529E+02
    0.566473483652860494E+02    0.102022737089046323E+01    0.131646508629655692E+02    0.128413885153398943E+10    0.573105135676201058E+02   -0.286552567838100529E+02
    0.297542239665019856E+02    0.972993528214762260E+00    0.697638036472140612E+02    0.481264750629163170E+10    0.573020871429664140E+02   -0.286510435714832070E+02
    0.340263554642292210E+01    0.104086640602654779E+01    0.544702068609718495E+02    0.273827118005347776E+10    0.573011880841740009E+02   -0.286505940420870004E+02
    0.340263554642292210E+01    0.104086640602654779E+01    0.544702068609718495E+02    0.273827118005347776E+10    0.573011880841740009E+02   -0.286505940420870004E+02
    0.222507239551915816E+02    0.995283017660878788E+00    0.709463821993926587E+02    0.211824079048548341E+09    0.572800764532627369E+02   -0.286400382266313684E+02
    0.523549962793422949E+02    0.989419666026428613E+00    0.435155075495661663E+02    0.297708747662648916E+09    0.572776944338492200E+02   -0.286388472169246100E+02
    0.608751773834228516E+02    0.100747999517940667E+01    0.531219899654388428E+02    0.109876184077229524E+10    0.572716779725187592E+02   -0.286358389862593796E+02
    0.146008678138304600E+02    0.942205975744795365E+00    0.139831477321864242E+02    0.486725783924959278E+10    0.571741928047461130E+02   -0.285870964023730565E+02
    0.413934003339551193E+01    0.989910620784323125E+00    0.626559943225752125E+01    0.457734548602832854E+09    0.571738029703195778E+02   -0.285869014851597889E+02
    0.181340587259938033E+02    0.926427950411537249E+00    0.243388808724921191E+02    0.168374903388773894E+10    0.571564947438801454E+02   -0.285782473719400727E+02
    0.249432522518620132E+02    0.989691399213620149E+00    0.783590324973966119E+02    0.328712036316855288E+10    0.571477046797328683E+02   -0.285738523398664341E+02
    0.249432522518620132E+02    0.989691399213620149E+00    0.783590324973966119E+02    0.328712036316855288E+10    0.571477046797328683E+02   -0.285738523398664341E+02
    0.490208864212036133E+02    0.101615479750527604E+01    0.148756802082061768E+02    0.747581178903470516E+09    0.571465984320565212E+02   -0.285732992160282606E+02
    0.407484513310722107E+02    0.100826735697693715E+01    0.390346840004662781E+02    0.243584890399242371E+09    0.571272547134840423E+02   -0.285636273567420211E+02
    0.407484513310722107E+02    0.100826735697693715E+01    0.390346840004662781E+02    0.243584890399242371E+09    0.571272547134840423E+02   -0.285636273567420211E+02
    0.440956344383896592E+02    0.102323163111651061E+01    0.680063301107986575E+02    0.442744122886719584E+09    0.571098353461226651E+02   -0.285549176730613326E+02
    0.202746203244813694E+01    0.961801268932426789E+00    0.139704719258588792E+02    0.449836817338208675E+09    0.571021239061248735E+02   -0.285510619530624368E+02
    0.236151258947559946E+02    0.104712582227126916E+01    0.259117863731128502E+02    0.135890815801835203E+10    0.571001069584472134E+02   -0.285500534792236067E+02
    0.274105489812312939E+02    0.960572874620332917E+00    0.908457629233479480E+01    0.437764125150050259E+10    0.570900469297904891E+02   -0.285450234648952446E+02
    0.274105489812312939E+02    0.960572874620332917E+00    0.908457629233479480E+01    0.437764125150050259E+10    0.570900469297904891E+02   -0.285450234648952446E+02
    0.106022768386345412E+02    0.107061619366889227E+01    0.376780522744072854E+02    0.968299091583992362E+09    0.570771288634129519E+02   -0.285385644317064759E+02
    0.106022768386345412E+02    0.107061619366889227E+01    0.376780522744072854E+02    0.968299091583992362E+09    0.570771288634129519E+02   -0.285385644317064759E+02
    0.365505132233125636E+02    0.974858042205646980E+00    0.476423507493352503E+02    0.282915825921985865E+09    0.570708286410510084E+02   -0.285354143205255042E+02
    0.599643397965767164E+02    0.102023076866099438E+01    0.374251477010138629E+02    0.711000136414425850E+09    0.570533903665216755E+02   -0.285266951832608378E+02
    0.298633991345783762E+02    0.975654848572749200E+00    0.626098395789232285E+02    0.268140220209127933E+09    0.570479902992310031E+02   -0.285239951496155015E+02
    0.115027735366911554E+01    0.101519049877694467E+01    0.213964016298639130E+02    0.130377294403507143E+09    0.570263301104115570E+02   -0.285131650552057785E+02
    0.575627043713262481E+02    0.101221266753819750E+01    0.480642291714822747E+02    0.652016181087526321E+09    0.570257199867260169E+02   -0.285128599933630085E+02
    0.575627043713262481E+02    0.101221266753819750E+01    0.480642291714822747E+02    0.652016181087526321E+09    0.570257199867260169E+02   -0.285128599933630085E+02
    0.550379753112792969E+02    0.978150746395178627E+00    0.612084567546844482E+02    0.756485020085744858E+09    0.569509130365766509E+02   -0.284754565182883255E+02
    0.854376694801504932E+01    0.970428525637812567E+00    0.719628275107648108E+02    0.415471376348455787E+09    0.569203825361335731E+02   -0.284601912680667866E+02
    0.854376694801504932E+01    0.970428525637812567E+00    0.719628275107648108E+02    0.415471376348455787E+09    0.569203825361335731E+02   -0.284601912680667866E+02
    0.529165984382382177E+02    0.996653973313843311E+00    0.560775817957602669E+02    0.509024779346947849E+09    0.569026076715938487E+02   -0.284513038357969243E+02
    0.338447772471274604E+02    0.972044650027356516E+00    0.451664838323026530E+02    0.354833078370212734E+09    0.568936761196600997E+02   -0.284468380598300499E+02
    0.348275303840637207E+02    0.985223246897872440E+00    0.161366462707519531E+01    0.389198820956625509E+10    0.568714264932923754E+02   -0.284357132466461877E+02
    0.156740478248115114E+02    0.104403436380440251E+01    0.430218893562308722E+02    0.111833138779169559E+10    0.568666082669406094E+02   -0.284333041334703047E+02
    0.736147542994758552E+01    0.942748993716000516E+00    0.131837760961272839E+02    0.333399066985502958E+10    0.568364659719495364E+02   -0.284182329859747682E+02
    0.159733944745810366E+02    0.101366027501129508E+01    0.680897916647374757E+02    0.307367304799704599E+10    0.568178364857558122E+02   -0.284089182428779061E+02
    0.159733944745810366E+02    0.101366027501129508E+01    0.680897916647374757E+02    0.307367304799704599E+10    0.568178364857558122E+02   -0.284089182428779061E+02
    0.248171748172088726E+02    0.967656781265038735E+00    0.476904630783153394E+01    0.397381452270834923E+10    0.567849461312466133E+02   -0.283924730656233066E+02
    0.578251888199226372E+02    0.101377333580539086E+01    0.225368211614015905E+02    0.976318218168139100E+09    0.567822388077528046E+02   -0.283911194038764023E+02
    0.536142364085880843E+02    0.974710815176592971E+00    0.254619568796817894E+02    0.171021966925666142E+10    0.567713530530138826E+02   -0.283856765265069413E+02
    0.536142364085880843E+02    0.974710815176592971E+00    0.254619568796817894E+02    0.171021966925666142E+10    0.567713530530138826E+02   -0.283856765265069413E+02
    0.864532946228420407E+01    0.101316779789513989E+01    0.768906690924462453E+02    0.168078423613104606E+10    0.567701837481774163E+02   -0.283850918740887082E+02
    0.625713752980039430E+02    0.991491267238509444E+00    0.344435213506985320E+02    0.181003427059796357E+10    0.567604215009997404E+02   -0.283802107504998702E+02
    0.584783071466233295E+02    0.975593040412457424E+00    0.366010531338626066E+02    0.154208812692736435E+10    0.567520807218327974E+02   -0.283760403609163987E+02
    0.584783071466233295E+02    0.975593040412457424E+00    0.366010531338626066E+02    0.154208812692736435E+10    0.567520807218327974E+02   -0.283760403609163987E+02
    0.485571688290306991E+01    0.104943462388118891E+01    0.188189550426318775E+02    0.222966597488033676E+10    0.567516661590207292E+02   -0.283758330795103646E+02
    0.485571688290306991E+01    0.104943462388118891E+01    0.188189550426318775E+02    0.222966597488033676E+10    0.567516661590207292E+02   -0.283758330795103646E+02
    0.371609369150095503E+02    0.102798458032143758E+01    0.116118552733669205E+02    0.346972652474850941E+10    0.567398134332805455E+02   -0.283699067166402727E+02
    0.371609369150095503E+02    0.102798458032143758E+01    0.116118552733669205E+02    0.346972652474850941E+10    0.567398134332805455E+02   -0.283699067166402727E+02
    0.542717827072657499E+02    0.990378743283104490E+00    0.621772315902565680E+02    0.117790780491001534E+10    0.567338760572088248E+02   -0.283669380286044124E+02
    0.542717827072657499E+02    0.990378743283104490E+00    0.621772315902565680E+02    0.117790780491001534E+10    0.567338760572088248E+02   -0.283669380286044124E+02
    0.114679692893019780E+02    0.104310554058149174E+01    0.895903204591247726E+00    0.152163555149008179E+10    0.567246146025036353E+02   -0.283623073012518176E+02
    0.216064766993422523E+02    0.945072725518105505E+00    0.121238465357607303E+02    0.972956708595968246E+09    0.567120978499049642E+02   -0.283560489249524821E+02
    0.311867314007623513E+02    0.102180794708123202E+01    0.294158365863450015E+02    0.220578786885445267E+09    0.566799316184063144E+02   -0.283399658092031572E+02
    0.453740540604254576E+02    0.101552748103478518E+01    0.710454074709121475E+01    0.160297053821932173E+10    0.566740692278432903E+02   -0.283370346139216451E+02
    0.453740540604254576E+02    0.101552748103478518E+01    0.710454074709121475E+01    0.160297053821932173E+10    0.566740692278432903E+02   -0.283370346139216451E+02
    0.586681575589849089E+02    0.993924708090436093E+00    0.507811321098528197E+02    0.762240075760088921E+09    0.566674226536816548E+02   -0.283337113268408274E+02
    0.405514719314315641E+02    0.101145814410395452E+01    0.456777096054260028E+02    0.350180908462108731E+09    0.566109913174963424E+02   -0.283054956587481712E+02
    0.405514719314315641E+02    0.101145814410395452E+01    0.456777096054260028E+02    0.350180908462108731E+09    0.566109913174963424E+02   -0.283054956587481712E+02
    0.172257624761204085E+02    0.102739850178588954E+01    0.370218756712556356E+02    0.872666520631910861E+08    0.565904975385370221E+02   -0.282952487692685111E+02
    0.172257624761204085E+02    0.102739850178588954E+01    0.370218756712556356E+02    0.872666520631910861E+08    0.565904975385370221E+02   -0.282952487692685111E+02
    0.306428278105823608E+02    0.102025153305782812E+01    0.675609662748159252E+02    0.420935773998748541E+09    0.565858869581417778E+02   -0.282929434790708889E+02
    0.306428278105823608E+02    0.102025153305782812E+01    0.675609662748159252E+02    0.420935773998748541E+09    0.565858869581417778E+02   -0.282929434790708889E+02
    0.340201592058441804E+02    0.101191857637493787E+01    0.406088448312450936E+02    0.290610326602498412E+09    0.565724819230979676E+02   -0.282862409615489838E+02
    0.152705161636404796E+02    0.988911095850497412E+00    0.825801943730545531E+02    0.469038722537258208E+09    0.565123034979374310E+02   -0.282561517489687155E+02
    0.485664606094360352E+02    0.992627462593717480E+00    0.522740006446838379E+02    0.477859329963160896E+10    0.564867856615807611E+02   -0.282433928307903805E+02
    0.485664606094360352E+02    0.992627462593717480E+00    0.522740006446838379E+02    0.477859329963160896E+10    0.564867856615807611E+02   -0.282433928307903805E+02
    0.239877136880825681E+02    0.102305958067877767E+01    0.604132848775551210E+02    0.242315214931626379E+09    0.564703496778867731E+02   -0.282351748389433865E+02
    0.259353482487135594E+02    0.100946267517613064E+01    0.677077220387738095E+02    0.143912820838573575E+10    0.564609901574342885E+02   -0.282304950787171443E+02
    0.308755040168762207E+02    0.989833876750339736E+00    0.324865162372589111E+02    0.249457906287665039E+09    0.564445773701334161E+02   -0.282222886850667081E+02
    0.318073174926985978E+02    0.100122018669233404E+01    0.241178429951070061E+01    0.284946240143761349E+10    0.564403537122475640E+02   -0.282201768561237820E+02
    0.431842910482732592E+02    0.102989627266908546E+01    0.606580135919489578E+02    0.396287099828382671E+09    0.564028671428180672E+02   -0.282014335714090336E+02
    0.186294310183102070E+02    0.998944618065070067E+00    0.316896940095219364E+02    0.156079420170316756E+09    0.563900180859112226E+02   -0.281950090429556113E+02
    0.186294310183102070E+02    0.998944618065070067E+00    0.316896940095219364E+02    0.156079420170316756E+09    0.563900180859112226E+02   -0.281950090429556113E+02
    0.130938946059774288E+02    0.973934591680594597E+00    0.631548377339656497E+02    0.308845391186185777E+09    0.563821262718407183E+02   -0.281910631359203592E+02
    0.195618718804666223E+02    0.973747665581593980E+00    0.484592351133940937E+02    0.277995826489271939E+09    0.563484156318248708E+02   -0.281742078159124354E+02
    0.862275555787846493E+01    0.104414739595454575E+01    0.891403233307516452E+01    0.978741279500188828E+09    0.563470268013054820E+02   -0.281735134006527410E+02
    0.220541745415554651E+02    0.103942087416098161E+01    0.264424295379088292E+02    0.248627493249582195E+10    0.563434531328922930E+02   -0.281717265664461465E+02
    0.236147953998682603E+02    0.100515279502565869E+01    0.628517021629377481E+02    0.222570010874959612E+10    0.563129905514144156E+02   -0.281564952757072078E+02
    0.236147953998682603E+02    0.100515279502565869E+01    0.628517021629377481E+02    0.222570010874959612E+10    0.563129905514144156E+02   -0.281564952757072078E+02
    0.229494417417395660E+02    0.983164370457226378E+00    0.826939855209714239E+02    0.891584897588684678E+09    0.563047381738362063E+02   -0.281523690869181031E+02
    0.147405631628615303E+02    0.971427055799806594E+00    0.681795621978481421E+02    0.575977407398067832E+09    0.562999562618045530E+02   -0.281499781309022765E+02
    0.222327442170295733E+02    0.103663485129746324E+01    0.613310880331192081E+02    0.569139179781807303E+09    0.562849999899541729E+02   -0.281424999949770864E+02
    0.533229006596826522E+02    0.102620476261702653E+01    0.485428982219189820E+02    0.910629836828609705E+09    0.562844519991119512E+02   -0.281422259995559756E+02
    0.189655722724760274E+02    0.986515576385212145E+00    0.683783662111171964E+02    0.232377618648303419E+09    0.562763962261559101E+02   -0.281381981130779550E+02
    0.271397820475762579E+02    0.978620938492876458E+00    0.790212728222148719E+01    0.264245289894683123E+10    0.562738111744176450E+02   -0.281369055872088225E+02
    0.465565671977637621E+02    0.983659897943332751E+00    0.175860553777328583E+02    0.150576679900465512E+10    0.561996151828752772E+02   -0.280998075914376386E+02
    0.465698253372592674E+02    0.989245766681846050E+00    0.214510144322570220E+02    0.226654458422653055E+10    0.561970411647884447E+02   -0.280985205823942223E+02
    0.383722568316987207E+02    0.103019526457592847E+01    0.138584327405906613E+02    0.118652091375878978E+10    0.561901017052838156E+02   -0.280950508526419078E+02
    0.383722568316987207E+02    0.103019526457592847E+01    0.138584327405906613E+02    0.118652091375878978E+10    0.561901017052838156E+02   -0.280950508526419078E+02
    0.344339407033655860E+02    0.982544049114447482E+00    0.254141824997293782E+02    0.617712410153983116E+09    0.561767988227005262E+02   -0.280883994113502631E+02
    0.276639419046835400E+02    0.103216548653735618E+01    0.200526628195392114E+02    0.438330084990449238E+10    0.561516798896492659E+02   -0.280758399448246330E+02
    0.843646481801060766E+01    0.101098996093620497E+01    0.320139700719719400E+02    0.223091243585332453E+09    0.561376920641008041E+02   -0.280688460320504021E+02
    0.582895505271585535E+01    0.104053747917548001E+01    0.359485129789882834E+02    0.549350616030300379E+09    0.561142450455616881E+02   -0.280571225227808441E+02
    0.104516036863053619E+01    0.101496093611564353E+01    0.269715248492908550E+02    0.209697981552142680E+09    0.561067711432307448E+02   -0.280533855716153724E+02
    0.524776312876976547E+02    0.100105200723762144E+01    0.250092385566071833E+02    0.165962379471806455E+10    0.560788509124895427E+02   -0.280394254562447713E+02
    0.116415411002285474E+02    0.973310044803630148E+00    0.744412326599281187E+02    0.776232498958325624E+09    0.560721046856010972E+02   -0.280360523428005486E+02
    0.325891487114230856E+02    0.100087422136606174E+01    0.596327338574522656E+02    0.219190726306669092E+10    0.560520184771832604E+02   -0.280260092385916302E+02
    0.345337649015798576E+02    0.999873663713609862E+00    0.882939101175510110E+01    0.489253746355306911E+10    0.560377342775495464E+02   -0.280188671387747732E+02
    0.298592921874289239E+02    0.985397912468027659E+00    0.642822301123224005E+01    0.157655093625191164E+10    0.560347008392734551E+02   -0.280173504196367276E+02
    0.114118589733788767E+02    0.998260312030463060E+00    0.678070898214899387E+02    0.396550511440649867E+09    0.559916058847240379E+02   -0.279958029423620189E+02
    0.391428350037539445E+02    0.979902481574638551E+00    0.572800561165518829E+02    0.255592352184887934E+10    0.559838117304759635E+02   -0.279919058652379817E+02
    0.509910534456633613E+02    0.990926098377872377E+00    0.478175714874924935E+02    0.960504546804665565E+09    0.559708494650209545E+02   -0.279854247325104772E+02
    0.473695926929920290E+02    0.100818077419234720E+01    0.211929709671715472E+02    0.164133707194779754E+10    0.559699233557296623E+02   -0.279849616778648311E+02
    0.473695926929920290E+02    0.100818077419234720E+01    0.211929709671715472E+02    0.164133707194779754E+10    0.559699233557296623E+02   -0.279849616778648311E+02
    0.285035001245655302E+02    0.100717989520889195E+01    0.782587867537376258E+01    0.402913437059491777E+10    0.559593682295174872E+02   -0.279796841147587436E+02
    0.285035001245655302E+02    0.100717989520889195E+01    0.782587867537376258E+01    0.402913437059491777E+10    0.559593682295174872E+02   -0.279796841147587436E+02
    0.216598727110901699E+02    0.101007012041353206E+01    0.632225308090424747E+02    0.123526073580382752E+10    0.559564947665175652E+02   -0.279782473832587826E+02
    0.110370941386930586E+02    0.101323395725126497E+01    0.401088559717028801E+02    0.248689075953276485E+09    0.559391589888713838E+02   -0.279695794944356919E+02
    0.474328056880149873E+02    0.100594321247319218E+01    0.209829252298614399E+02    0.144823023911675143E+10    0.559343168514614462E+02   -0.279671584257307231E+02
    0.228789750002890493E+02    0.103482145855756325E+01    0.483075962677749970E+02    0.337248256177817404E+09    0.559176431048970173E+02   -0.279588215524485086E+02
    0.163188190635555834E+02    0.971817291569484376E+00    0.245137004683744486E+02    0.610121679234159470E+09    0.559122957224930488E+02   -0.279561478612465244E+02
    0.304395135013667044E+02    0.979915054144651188E+00    0.497585630938069770E+02    0.349872999616590619E+09    0.558940681531369137E+02   -0.279470340765684568E+02
    0.214155738288184629E+02    0.102324969849445258E+01    0.512606813235387335E+02    0.537254321706986713E+10    0.558848421842152234E+02   -0.279424210921076117E+02
    0.284306719811011384E+02    0.986929611379551153E+00    0.648453672260183964E+02    0.320089701441650486E+10    0.558836531314254330E+02   -0.279418265657127165E+02
    0.284306719811011384E+02    0.986929611379551153E+00    0.648453672260183964E+02    0.320089701441650486E+10    0.558836531314254330E+02   -0.279418265657127165E+02
    0.191389089251073372E+02    0.102436816493136607E+01    0.335709818489036707E+02    0.300536437474279523E+09    0.558764392055256138E+02   -0.279382196027628069E+02
    0.370146552266050790E+02    0.993479773625387086E+00    0.117200306791135436E+02    0.175912721090623856E+10    0.558678126757410851E+02   -0.279339063378705426E+02
    0.153515361690983561E+02    0.100562608144946308E+01    0.358822071824189415E+01    0.347435184987833548E+10    0.558608043231529621E+02   -0.279304021615764810E+02
    0.363867131867146654E+02    0.101586505519412240E+01    0.185658596442261441E+02    0.344161480946462154E+10    0.558533584479405860E+02   -0.279266792239702930E+02
    0.332598153499679938E+02    0.982906501984929348E+00    0.615806229257109905E+02    0.306394584225487185E+10    0.558509281240917801E+02   -0.279254640620458900E+02
    0.241621058072632060E+02    0.988204173442298495E+00    0.398603869493639209E+02    0.195784174684422761E+09    0.558236222702525140E+02   -0.279118111351262570E+02
    0.241621058072632060E+02    0.988204173442298495E+00    0.398603869493639209E+02    0.195784174684422761E+09    0.558236222702525140E+02   -0.279118111351262570E+02
    0.204480833253056566E+02    0.101906909337712737E+01    0.652714508859842795E+02    0.179166502829264212E+10    0.558204171005907028E+02   -0.279102085502953514E+02
    0.282243668512370007E+02    0.995994612135283508E+00    0.278371214635374500E+02    0.492771092312666357E+09    0.558198079790157138E+02   -0.279099039895078569E+02
    0.112985639778747409E+02    0.976624780581683449E+00    0.196337543846352034E+02    0.597760586370244980E+09    0.558152367566100764E+02   -0.279076183783050382E+02
    0.395822151853159143E+01    0.989171857991099746E+00    0.670259955864719359E+02    0.234968395317251563E+09    0.558098825478062679E+02   -0.279049412739031339E+02
    0.543373429738706548E+01    0.996448483242944882E+00    0.599701388228043513E+02    0.574080326494899845E+10    0.557932213559906458E+02   -0.278966106779953229E+02
    0.347011440780601887E+02    0.100040963261684857E+01    0.124120565367286613E+02    0.210464990184014630E+10    0.557505536320277031E+02   -0.278752768160138515E+02
    0.187821501235283854E+02    0.979885534448513784E+00    0.749699218919735841E+02    0.639040302796637177E+09    0.557195142900808378E+02   -0.278597571450404189E+02
    0.134790353252686801E+01    0.103010457460486826E+01    0.483055736006021519E+01    0.148464992092036104E+10    0.557043385103608912E+02   -0.278521692551804456E+02
    0.226179361343383789E+02    0.986005676194558811E+00    0.425794124603271484E+02    0.241402856597489119E+09    0.556924151149367788E+02   -0.278462075574683894E+02
    0.178083958961453384E+02    0.101270647939469183E+01    0.310694233626250380E+02    0.395168581305348873E+09    0.556917319520644156E+02   -0.278458659760322078E+02
    0.142220237029277286E+02    0.103872605956204267E+01    0.158358443466457857E+02    0.121037883276438308E+10    0.556906875734728999E+02   -0.278453437867364499E+02
    0.317184397646479166E+01    0.971933184980466103E+00    0.594767913035663369E+02    0.417163289862937450E+09    0.556870429247139427E+02   -0.278435214623569713E+02
    0.397472718859076295E+02    0.100059479392003459E+01    0.265642243393988799E+02    0.460245429284041214E+10    0.556867290539175031E+02   -0.278433645269587515E+02
    0.457231631311204438E+02    0.988703784659577978E+00    0.398683322348736127E+02    0.826515581214121938E+09    0.556719877388584194E+02   -0.278359938694292097E+02
    0.457231631311204438E+02    0.988703784659577978E+00    0.398683322348736127E+02    0.826515581214121938E+09    0.556719877388584194E+02   -0.278359938694292097E+02
    0.218145671041702656E+02    0.100015856352058652E+01    0.778259648453731856E+01    0.477789024674467850E+10    0.556634545788852648E+02   -0.278317272894426324E+02
    0.114460014134166972E+02    0.100369811525049002E+01    0.504759201380363631E+01    0.293449062086367083E+10    0.556549043043788529E+02   -0.278274521521894265E+02
    0.203327667417720157E+02    0.103706826908820693E+01    0.523804928526504483E+02    0.789806395234897017E+09    0.556344688094286397E+02   -0.278172344047143199E+02
    0.133166313171386719E+02    0.103752188529277900E+01    0.420323908329010010E+02    0.211576809261223650E+10    0.556223605231955247E+02   -0.278111802615977624E+02
    0.316754350721598543E+01    0.998073286568979534E+00    0.549026159835999450E+00    0.197936902740283561E+10    0.556198052047119589E+02   -0.278099026023559794E+02
    0.168067111828342455E+02    0.970751100961527058E+00    0.510703750239866778E+02    0.277375744315863705E+10    0.556143109729998599E+02   -0.278071554864999300E+02
    0.444949547747912000E+01    0.101961912177346670E+01    0.209285373146929476E+01    0.154304693534202814E+10    0.556107460418633437E+02   -0.278053730209316718E+02
    0.444949547747912000E+01    0.101961912177346670E+01    0.209285373146929476E+01    0.154304693534202814E+10    0.556107460418633437E+02   -0.278053730209316718E+02
    0.408968320581479716E+02    0.975845239646694895E+00    0.395714102530897378E+02    0.999149033778560877E+09    0.556068438533856124E+02   -0.278034219266928062E+02
    0.232748048857558523E+02    0.981743389302863534E+00    0.614491401532176198E+02    0.485458548021186161E+10    0.556047917824217706E+02   -0.278023958912108853E+02
    0.647366986295615732E+01    0.100832483434766851E+01    0.577601017979643672E+02    0.222844415635054874E+10    0.556037274969038577E+02   -0.278018637484519289E+02
    0.170647501945495605E+02    0.100333476182614456E+01    0.298427343368530273E+02    0.479483772756799519E+09    0.556006783384958254E+02   -0.278003391692479127E+02
    0.294866045018300262E+02    0.101445682533837878E+01    0.507595798524831139E+02    0.245905660673830891E+10    0.555997951461833892E+02   -0.277998975730916946E+02
    0.412030621607715304E+02    0.982174306488483584E+00    0.240214572095129739E+02    0.158715000721089268E+10    0.555918786801923375E+02   -0.277959393400961687E+02
    0.192143282997022276E+02    0.101517845220879899E+01    0.554400415466608436E+02    0.444656687211102366E+09    0.555838274436797946E+02   -0.277919137218398973E+02
    0.244544758775104398E+02    0.101952193358707421E+01    0.171361017710898409E+02    0.462859157471899033E+10    0.555834985663916541E+02   -0.277917492831958270E+02
    0.101215003552231355E+02    0.100982554040361960E+01    0.822897476155415397E+01    0.944560845334812999E+09    0.555674161576186378E+02   -0.277837080788093189E+02
    0.451958775520324707E+02    0.100101108343723766E+01    0.400128781795501709E+02    0.151003152069292998E+10    0.555414270873599918E+02   -0.277707135436799959E+02
    0.100930021979139788E+02    0.958476841579950722E+00    0.279231836393999124E+02    0.100153755716242909E+10    0.555343761348571618E+02   -0.277671880674285809E+02
    0.244721860848986701E+02    0.102043532125367387E+01    0.348628629403983439E+02    0.473522167815153182E+09    0.555296093883388977E+02   -0.277648046941694489E+02
    0.341069150528349097E+01    0.104003069195507880E+01    0.424946162718331664E+02    0.987938365607249737E+09    0.555283539997606610E+02   -0.277641769998803305E+02
    0.164793540139920118E+02    0.998721046304718252E+00    0.648361319613769211E+02    0.124540940779498696E+10    0.555246696504860040E+02   -0.277623348252430020E+02
    0.289631735940796204E+02    0.101732661024409055E+01    0.242871106829055456E+02    0.526063591047076225E+10    0.555135889212405971E+02   -0.277567944606202985E+02
    0.224688831446922954E+02    0.979708030787921680E+00    0.513387858305185958E+02    0.354029338595301092E+09    0.555008658659129495E+02   -0.277504329329564747E+02
    0.801649040221965059E+01    0.974843349301037776E+00    0.393276906998462934E+02    0.354039630639423549E+09    0.554872175185826535E+02   -0.277436087592913267E+02
    0.162597784985028575E+02    0.975127565619965830E+00    0.609576609665706712E+02    0.233619181838307619E+10    0.554807745435205106E+02   -0.277403872717602553E+02
    0.280878561458774563E+02    0.975115415237444716E+00    0.243775567065921841E+02    0.910950229963280559E+09    0.554789100655229888E+02   -0.277394550327614944E+02
    0.488902344637163921E+00    0.965292739226675578E+00    0.130270499585514532E+02    0.309296938039616537E+10    0.554744666476346211E+02   -0.277372333238173105E+02
    0.535155565124942534E+01    0.967821747573301083E+00    0.138740535104123399E+02    0.276184203285156775E+10    0.554619376839538205E+02   -0.277309688419769103E+02
    0.176405327529694631E+02    0.102310041180931077E+01    0.275936603298700618E+02    0.542530625367551446E+09    0.554545728483716260E+02   -0.277272864241858130E+02
    0.768523745248169821E+01    0.101010244882541844E+01    0.877796385570908200E+01    0.456725259505220509E+10    0.554429100923042881E+02   -0.277214550461521441E+02
    0.333945423110129980E+02    0.977246487669923725E+00    0.564835581195260019E+02    0.931388509441604614E+09    0.554394766890973045E+02   -0.277197383445486523E+02
    0.406983676667806336E+02    0.995312678361776948E+00    0.248397445646605313E+02    0.132014134623478317E+10    0.554345609093893898E+02   -0.277172804546946949E+02
    0.275698263344825598E+02    0.102181310741012621E+01    0.154929157502710169E+02    0.104231021946365583E+10    0.554327673346589336E+02   -0.277163836673294668E+02
    0.125277863675737571E+02    0.103876466978238446E+01    0.227478166999475633E+02    0.147654215352772307E+10    0.554308672592266731E+02   -0.277154336296133366E+02
    0.100229469437380452E+02    0.978098180787556726E+00    0.741334437050749955E+02    0.768784328974746943E+09    0.554094204484011712E+02   -0.277047102242005856E+02
    0.114130032767889844E+02    0.986303544882428218E+00    0.528162413650613800E+02    0.189756164814562917E+09    0.554090296210944899E+02   -0.277045148105472450E+02
    0.146707673697236878E+02    0.975311138925164633E+00    0.502760091280273542E+02    0.414173832527468026E+09    0.554041357970394301E+02   -0.277020678985197151E+02
    0.959016467761239078E+01    0.974261519081690230E+00    0.553333930142050221E+02    0.353104255970897007E+10    0.553839173247547336E+02   -0.276919586623773668E+02
    0.138253812989392681E+02    0.980599174447916888E+00    0.565632752345346859E+02    0.314668833357490361E+09    0.553806408455656083E+02   -0.276903204227828041E+02
    0.388374513154410863E+02    0.994162385973963225E+00    0.448429651508416072E+02    0.210430611735259080E+10    0.553650745933751978E+02   -0.276825372966875989E+02
    0.491478674360099443E+01    0.102172523903040569E+01    0.466649663640391523E+02    0.300891038510441244E+09    0.553593010097183367E+02   -0.276796505048591683E+02
    0.194627553153558708E+02    0.997745482166996656E+00    0.544289935615920086E+02    0.458968245992176652E+09    0.553222549813223168E+02   -0.276611274906611584E+02
    0.178025134502176896E+01    0.960709461443575941E+00    0.280007197272508677E+02    0.888835837428190827E+09    0.553096346596242654E+02   -0.276548173298121327E+02
    0.268338629526322414E+02    0.102733397536913484E+01    0.415417024668890917E+02    0.458064768039426029E+09    0.553046780736893382E+02   -0.276523390368446691E+02
    0.296417510723666382E+02    0.979927094701161572E+00    0.433013951971071336E+02    0.533232867922577763E+10    0.553011670604027188E+02   -0.276505835302013594E+02
    0.340518192878065022E+02    0.102354468442789015E+01    0.239727640396553241E+02    0.155220929696710920E+10    0.552857428940678943E+02   -0.276428714470339472E+02
    0.866874542003420601E+01    0.982219742329094481E+00    0.627700558737645409E+02    0.544114027084821129E+10    0.552853641479217686E+02   -0.276426820739608843E+02
    0.173780393562600395E+02    0.103690422449578601E+01    0.246759079383564952E+02    0.124062754717056632E+10    0.552823389513317665E+02   -0.276411694756658832E+02
    0.135887869130113419E+02    0.103093861419626998E+01    0.130604788846202240E+02    0.110692227576179552E+10    0.552663924333164047E+02   -0.276331962166582024E+02
    0.284226304163487242E+02    0.100803941274496056E+01    0.304662950697717037E+02    0.244507477735898304E+10    0.552487878816438709E+02   -0.276243939408219354E+02
    0.340218835824838663E+02    0.986355043598240444E+00    0.305924818375792107E+02    0.455621643982923508E+10    0.552470771636695517E+02   -0.276235385818347758E+02
    0.230066396664830393E+02    0.103090263544164107E+01    0.494393686480311771E+02    0.229427578360178280E+10    0.552209105651092784E+02   -0.276104552825546392E+02
    0.350750636677804479E+02    0.103037132520282526E+01    0.469844866100754359E+02    0.744746863772638917E+09    0.552203662940458457E+02   -0.276101831470229229E+02
    0.732961859736023946E+01    0.989860172004890071E+00    0.866272366950511774E+01    0.447025790578889465E+10    0.552180183602668961E+02   -0.276090091801334481E+02
    0.117821037375025277E+02    0.102914514895879528E+01    0.245688458806927734E+02    0.358248133871483994E+10    0.552101855320203185E+02   -0.276050927660101593E+02
    0.158997362709882086E+02    0.975775027878307721E+00    0.151319116817749730E+02    0.200233316235259795E+10    0.552090476415178841E+02   -0.276045238207589421E+02
    0.651077624127565358E+01    0.102587272853998801E+01    0.635411304738015090E+02    0.507564313234244287E+09    0.552079448195977420E+02   -0.276039724097988710E+02
    0.500790151042204545E+01    0.101457483630180834E+01    0.617427050671849145E+02    0.819024546200240850E+09    0.552064312910499524E+02   -0.276032156455249762E+02
    0.135120488123705158E+02    0.101280696578167517E+01    0.417367196804483100E+02    0.526672343468664289E+09    0.551923047275908090E+02   -0.275961523637954045E+02
    0.313729157789504889E+02    0.101638952089725554E+01    0.209092955934805218E+02    0.122507754206168175E+10    0.551881820049992768E+02   -0.275940910024996384E+02
    0.250121892109331085E+02    0.980430604530612260E+00    0.168202381476730558E+02    0.156502666416439342E+10    0.551726884004636275E+02   -0.275863442002318138E+02
    0.103035719520464522E+02    0.978822770449893187E+00    0.638252234562089455E+02    0.491156102882457852E+09    0.551652907817082507E+02   -0.275826453908541254E+02
    0.421509811364938880E+01    0.103254578095129745E+01    0.411376593319939232E+02    0.337329783333646476E+09    0.551535518650681027E+02   -0.275767759325340513E+02
    0.351942950066690301E+02    0.101419122373158377E+01    0.251041248936594137E+02    0.140507333102410030E+10    0.551501254235082143E+02   -0.275750627117541072E+02
    0.236840639958600683E+02    0.102673922817955621E+01    0.519772750730711053E+02    0.209961220800120974E+10    0.551350472209813915E+02   -0.275675236104906958E+02
    0.103982297544631042E+02    0.986578386184017053E+00    0.205668161972492314E+02    0.671947853112254858E+09    0.551333733597940636E+02   -0.275666866798970318E+02
    0.179973245817401164E+02    0.998147774851721459E+00    0.545087996350230952E+02    0.223949511171932507E+10    0.551330563205039965E+02   -0.275665281602519983E+02
    0.821746377264222616E+01    0.974845626821226552E+00    0.649776322108778714E+02    0.108188306433071923E+10    0.551329297819420674E+02   -0.275664648909710337E+02
    0.195393772148021405E+02    0.100483012670616723E+01    0.120079669517048995E+02    0.149899342759410977E+10    0.551315761618271694E+02   -0.275657880809135847E+02
    0.360541075195185883E+02    0.993528391168518765E+00    0.281659493133163892E+02    0.183456628713345456E+10    0.551065685346383418E+02   -0.275532842673191709E+02
    0.184855170183378981E+02    0.100947981598836800E+01    0.228658642007293196E+02    0.336064143004101181E+10    0.551053619692618284E+02   -0.275526809846309142E+02
    0.528954048400098387E+01    0.102543563039559538E+01    0.641057611426534351E+02    0.121365933721924663E+10    0.551009742903286650E+02   -0.275504871451643325E+02
    0.262732829078489694E+02    0.997183514410961314E+00    0.362516090045526269E+02    0.658996749006758094E+09    0.550742648919270223E+02   -0.275371324459635112E+02
    0.144828570688881406E+02    0.103687386554391803E+01    0.289451433604363189E+02    0.102680346053523540E+10    0.550642141243628132E+02   -0.275321070621814066E+02
    0.696265697479248047E+01    0.102058681569062282E+01    0.503830254077911377E+02    0.224956087332861185E+10    0.548059229635437859E+02   -0.274029614817718929E+02
    0.142716169357299805E+02    0.103067378339725813E+01    0.315848052501678467E+02    0.629015160303716421E+09    0.549679138965624361E+02   -0.274839569482812180E+02
    0.159665294905684547E+02    0.977709242700222081E+00    0.380750120509629397E+02    0.792163587289348245E+09    0.545029330899351976E+02   -0.272514665449675988E+02
    0.691178417381482824E+01    0.995696861377695530E+00    0.352211417290520501E+02    0.279327598029396534E+10    0.543378424011439591E+02   -0.271689212005719796E+02
    0.236969144246380514E+01    0.978042270130475955E+00    0.472412456413041042E+02    0.199325766311972380E+10    0.540616450772562018E+02   -0.270308225386281009E+02
    0.307398712336234112E+02    0.103053278396696624E+01    0.368319711330361201E+02    0.108996442145557570E+10    0.549258899104177729E+02   -0.274629449552088865E+02
    0.463923256639493697E+01    0.101229405150311469E+01    0.229206513404150165E+02    0.359939314861369276E+10    0.547977295345940689E+02   -0.273988647672970345E+02
    0.698911077008874759E+01    0.992330783635849478E+00    0.146688658429564747E+02    0.116579780267816567E+10    0.544758226450063177E+02   -0.272379113225031588E+02
    0.579592833704474319E+01    0.990044897083016018E+00    0.688751338344843305E+02    0.189672727294341636E+10    0.550192740168791516E+02   -0.275096370084395758E+02
    0.877407358569221785E+01    0.101126424869011666E+01    0.145602146841694502E+02    0.264864257704516029E+10    0.550336230722029427E+02   -0.275168115361014713E+02
    0.205221851861406512E+00    0.100012802303137827E+01    0.149961506489472622E+02    0.109345876984739780E+10    0.546002335532680831E+02   -0.273001167766340416E+02
    0.203929056155273223E+02    0.993937154034926995E+00    0.221471593137028684E+02    0.190156287433967948E+10    0.546246833852439480E+02   -0.273123416926219740E+02
    0.298467557256213070E+02    0.996897256589929781E+00    0.453580912109316827E+02    0.731612229551605344E+09    0.550129091995049606E+02   -0.275064545997524803E+02
    0.434845479046504835E+01    0.991500074397488773E+00    0.446298788597171452E+02    0.100766861932944906E+10    0.538320450052420654E+02   -0.269160225026210327E+02
    0.834076322213798527E+01    0.990412668861432532E+00    0.154356353174060459E+02    0.171671414294216681E+10    0.545148493678843238E+02   -0.272574246839421619E+02
    0.253812359348423406E+02    0.990565401916045363E+00    0.254596611334778409E+02    0.305979614857565880E+10    0.549608683780973308E+02   -0.274804341890486654E+02
    0.470191824484828036E+01    0.101973847430092368E+01    0.436938455796116543E+02    0.286629540462704420E+10    0.548104397010230429E+02   -0.274052198505115214E+02
    0.143062767150535244E+02    0.985095620403220962E+00    0.237646215589100152E+02    0.740231075467360735E+09    0.548356361728500730E+02   -0.274178180864250365E+02
    0.857254700854589835E+01    0.101202373454032135E+01    0.228742486858070322E+02    0.484396435166173458E+10    0.549340817216578188E+02   -0.274670408608289094E+02
    0.238532866226516163E+02    0.985395989294793329E+00    0.301176190904445598E+02    0.159147740170030379E+10    0.543735817789933336E+02   -0.271867908894966668E+02
    0.172125791192434208E+01    0.992503994680601020E+00    0.244495112013380833E+02    0.145099076010130596E+10    0.538990928786462575E+02   -0.269495464393231288E+02
    0.970382039226278792E+01    0.101630772834195371E+01    0.265305864729963261E+02    0.810555794911278129E+09    0.546459234289322637E+02   -0.273229617144661319E+02
    0.634561591664946878E+01    0.985364971918734511E+00    0.357984521377663611E+02    0.420612740616265893E+09    0.547153325071727323E+02   -0.273576662535863662E+02
    0.162257808085233428E+02    0.995661662453684593E+00    0.441507944397691361E+02    0.554613684029788136E+09    0.548111910284415984E+02   -0.274055955142207992E+02
    0.318199832453886771E+02    0.978854359767961202E+00    0.298749248268253993E+02    0.150593139490442920E+10    0.549688882301063728E+02   -0.274844441150531864E+02
    0.161396891801260289E+01    0.995326338604228700E+00    0.239244186249645985E+02    0.551661828132396603E+10    0.546245549255893508E+02   -0.273122774627946754E+02
    0.298332703982781208E-01    0.969980022989580970E+00    0.450351525679654543E+02    0.158762983286758947E+10    0.544406635427789638E+02   -0.272203317713894819E+02
    0.226531096631538453E+02    0.102102694726581333E+01    0.251405864060351369E+02    0.104076518451117837E+10    0.547853596154563718E+02   -0.273926798077281859E+02
    0.481699726277669704E+01    0.102528104994592351E+01    0.487919324706208783E+02    0.491058564840804279E+09    0.547170703245056274E+02   -0.273585351622528137E+02
    0.164131637758651578E+02    0.102572363653958787E+01    0.586463157465753255E+02    0.634946339180415273E+09    0.549862027738160464E+02   -0.274931013869080232E+02
    0.889709387351174463E+01    0.990621384535323557E+00    0.165662217425072384E+02    0.200809064049379373E+10    0.545445243897127767E+02   -0.272722621948563884E+02
    0.843970841426369578E+00    0.988203462393675958E+00    0.305695034599457962E+02    0.571980895915596485E+09    0.545536026281823183E+02   -0.272768013140911592E+02
    0.610657086521239822E+01    0.984574588555988450E+00    0.553300169924365264E+02    0.365046907780214930E+10    0.545983279309543832E+02   -0.272991639654771916E+02
    0.174662785568471719E+02    0.991460875030253375E+00    0.446935064971006923E+02    0.252274303939200687E+10    0.545424797914053698E+02   -0.272712398957026849E+02
    0.731374242667554797E+00    0.102241774337894653E+01    0.402083910786447092E+02    0.391035945059786177E+10    0.549010830695974050E+02   -0.274505415347987025E+02
    0.463673591418534503E+01    0.102124464609065080E+01    0.134433891107542056E+02    0.139673375801825595E+10    0.547736629652182927E+02   -0.273868314826091463E+02
    0.130671549888724901E+02    0.985734924028718651E+00    0.625082501194666378E+02    0.935830922550394773E+09    0.544485250006517134E+02   -0.272242625003258567E+02
    0.833403666010555599E+00    0.997510655888636966E+00    0.427181753901883567E+02    0.150286090061828256E+10    0.540327217602089576E+02   -0.270163608801044788E+02
    0.167742641649668869E+02    0.979136264776625853E+00    0.422744461796980673E+02    0.740564943649934530E+09    0.544907027358278953E+02   -0.272453513679139476E+02
    0.415761789112009672E-01    0.100092632234145240E+01    0.309226914931470418E+02    0.358529153396427870E+10    0.546398378942380845E+02   -0.273199189471190422E+02
    0.159866904460949950E+02    0.102642284279193374E+01    0.485321541848223816E+02    0.590984025585728168E+09    0.547814955551626994E+02   -0.273907477775813497E+02
    0.134070785485914179E+02    0.986921742374685662E+00    0.278917312136744684E+02    0.191797538832494354E+10    0.541557916625021392E+02   -0.270778958312510696E+02
    0.851396895494119832E+01    0.101497069887510016E+01    0.446818132903201288E+02    0.171794295159039831E+10    0.543788866042187635E+02   -0.271894433021093818E+02
    0.220860151629348280E+02    0.100138778186921451E+01    0.164438827571407700E+02    0.182440602825580645E+10    0.549939087857962647E+02   -0.274969543928981324E+02
    0.133427382626367859E+02    0.976227324126631935E+00    0.324886393768343851E+02    0.577451820297777843E+10    0.549368708577868645E+02   -0.274684354288934323E+02
    0.188934524224695615E+02    0.101763750659708241E+01    0.428010318158999397E+02    0.809100172924264789E+09    0.546723181257956270E+02   -0.273361590628978135E+02
    0.576201094856191176E+01    0.103263813538847748E+01    0.339175790634157792E+02    0.580785210969054103E+09    0.548849645378375612E+02   -0.274424822689187806E+02
    0.214231088898772182E+01    0.102195514990657621E+01    0.506631709053636285E+02    0.113152455295891929E+10    0.544882080177683861E+02   -0.272441040088841930E+02
    0.116553097079913055E+02    0.101558161217286580E+01    0.456550216200589816E+02    0.143481199702610588E+10    0.543928806410617085E+02   -0.271964403205308543E+02
    0.239285669769391696E+01    0.971192994611198679E+00    0.429297418019945383E+02    0.578597915191853523E+09    0.550505296807154423E+02   -0.275252648403577211E+02
    0.158941312899398355E+02    0.102729068140015833E+01    0.409685004975442268E+02    0.768107411180336714E+09    0.544544892132849156E+02   -0.272272446066424578E+02
    0.134889112686353361E+02    0.101886364749660774E+01    0.483465204889433622E+02    0.242613829902939367E+10    0.549735938940585953E+02   -0.274867969470292977E+02
    0.324257653010694602E+01    0.100617152854930181E+01    0.452558927343052773E+02    0.910643685285296440E+09    0.547491331194684108E+02   -0.273745665597342054E+02
    0.158709627596176461E+01    0.989731141612421261E+00    0.464293126458147043E+02    0.391497159237359166E+09    0.544240332743734143E+02   -0.272120166371867072E+02
    0.275540446594607786E+02    0.101948574007416104E+01    0.451928774817326868E+02    0.180521230334609413E+10    0.550165227823201874E+02   -0.275082613911600937E+02
    0.208350875956432517E+02    0.101302345694306206E+01    0.217322685207631494E+02    0.139989282656961727E+10    0.547037911851355005E+02   -0.273518955925677503E+02
    0.185628362464689509E+02    0.970311296564998704E+00    0.308802244211631063E+02    0.991055173336111307E+09    0.550104701611962241E+02   -0.275052350805981121E+02
    0.213837833153446688E+02    0.998708504845273182E+00    0.384975827524459930E+02    0.205949412843384528E+10    0.546336787109304822E+02   -0.273168393554652411E+02
    0.183509865792011837E+02    0.986962799472565377E+00    0.451872385311140548E+02    0.127268366039998317E+10    0.541488759513259481E+02   -0.270744379756629741E+02
    0.324621642141335585E+02    0.986872318007788518E+00    0.399199729766973519E+02    0.822055965244743824E+09    0.548732281285574715E+02   -0.274366140642787357E+02
    0.199321317949038033E+02    0.102752390134667304E+01    0.305354217638931438E+02    0.101929893847402966E+10    0.545420662162765808E+02   -0.272710331081382904E+02
    0.789749528301359227E+01    0.986934244634165792E+00    0.348110986345039350E+02    0.333004037675136089E+10    0.541991663432694253E+02   -0.270995831716347126E+02
    0.273496638434873560E+02    0.100121582028895273E+01    0.343842991468072157E+02    0.121682143683114100E+10    0.547731627667037060E+02   -0.273865813833518530E+02
    0.473437049074592320E+01    0.102145515405688148E+01    0.548204598429781313E+02    0.160261748142002606E+10    0.546443638824358473E+02   -0.273221819412179237E+02
    0.107909204580517528E+02    0.100275226211688695E+01    0.508806869248553895E+02    0.164426451342730451E+10    0.547898281650094532E+02   -0.273949140825047266E+02
    0.162073474167795659E+02    0.982123990718195783E+00    0.613900653899044926E+02    0.844257696124124289E+09    0.545796718922407393E+02   -0.272898359461203697E+02
    0.685405157559679790E+00    0.103322238761950036E+01    0.356771681590856105E+02    0.227643182406318903E+10    0.546787789415009939E+02   -0.273393894707504970E+02
    0.755401076760172785E+01    0.972984246849748158E+00    0.525484394277046931E+02    0.251919011756371403E+10    0.550548951923016716E+02   -0.275274475961508358E+02
    0.732769151510565031E+01    0.989772638151444339E+00    0.550395793246586393E+02    0.195329806422011518E+10    0.542527837697490156E+02   -0.271263918848745078E+02
    0.956249617634576587E+01    0.991740746132037554E+00    0.245997962782291459E+02    0.691934806623487353E+09    0.547596975812248772E+02   -0.273798487906124386E+02
    0.817812894371139631E-01    0.989421397026581717E+00    0.400279339383524331E+02    0.658010754247213721E+09    0.540367965435629145E+02   -0.270183982717814573E+02
    0.119597158242525357E+02    0.992439922175841094E+00    0.203449040758618835E+02    0.132041986829599333E+10    0.544091469816694655E+02   -0.272045734908347328E+02
