    0.552291685993953241E+01    0.108176198214403874E+01    0.209907645435025927E+02    0.598095853426907301E+09    0.112985591878538344E+03   -0.564927959392691719E+02
    0.315165586163972407E+02    0.111421162198311863E+01    0.393460697181361354E+02    0.205797021115908480E+10    0.112971303434421571E+03   -0.564856517172107857E+02
    0.122319852819137309E+01    0.111352379417228575E+01    0.625835236430579371E+02    0.309917915964877987E+10    0.112888547688421923E+03   -0.564442738442109615E+02
    0.176102566807130572E+02    0.108943002167275571E+01    0.554941412287951934E+02    0.511773094781973809E+08    0.111282984678534589E+03   -0.556414923392672947E+02
    0.256189042950754882E+02    0.109220330456650694E+01    0.603193825661228686E+02    0.534932648214890510E+08    0.111013801099538171E+03   -0.555069005497690853E+02
    0.718243767141656608E+00    0.107553104388833431E+01    0.486207561719019310E+02    0.251936850446008861E+09    0.110938268836332441E+03   -0.554691344181662203E+02
    0.322139550488385282E+02    0.109388847679968393E+01    0.957818662280425315E+02    0.437923408343614995E+09    0.110898234273715502E+03   -0.554491171368577511E+02
    0.114515611214958799E+02    0.108960585517500053E+01    0.264662386356537311E+02    0.534556320885317802E+09    0.110615895585553616E+03   -0.553079477927768082E+02
    0.491694044669033214E+01    0.111028691637770227E+01    0.268055034086041459E+02    0.398432538300397277E+09    0.110475625315841484E+03   -0.552378126579207418E+02
    0.209818755313653362E+02    0.112236449572976249E+01    0.394662277353903548E+02    0.299273510952683091E+09    0.110337744247239968E+03   -0.551688721236199839E+02
    0.286904534558379467E+02    0.108907476889656141E+01    0.378698825709911873E+02    0.315763167638503134E+09    0.110218955172941534E+03   -0.551094775864707671E+02
    0.111033739017034550E+01    0.111298070437955121E+01    0.751032490433797904E+02    0.737147106234263182E+08    0.110128815447807057E+03   -0.550644077239035283E+02
    0.269277691841125488E+02    0.110176768319211349E+01    0.574805855751037598E+02    0.260395657869353724E+10    0.110063392796660224E+03   -0.550316963983301122E+02
    0.622959355692232748E+02    0.109596775372263178E+01    0.596490455453247321E+02    0.731862574577905655E+09    0.109765414685348830E+03   -0.548827073426744150E+02
    0.215356003378402043E+02    0.108404773110669139E+01    0.676078806152056160E+02    0.219543157561592549E+09    0.109723391351959975E+03   -0.548616956759799876E+02
    0.355698754141040610E+02    0.110304376789493275E+01    0.852727508047393883E+02    0.166949570454729700E+10    0.109672333699752954E+03   -0.548361668498764772E+02
    0.161434575195442989E+02    0.111708593758824781E+01    0.728030241277547958E+02    0.100229536876239434E+09    0.109491458982047277E+03   -0.547457294910236385E+02
    0.128106221397649183E+02    0.111987634251574719E+01    0.335648002070747111E+02    0.698055374870616049E+08    0.109479114592723732E+03   -0.547395572963618662E+02
    0.756742116920200569E+01    0.109361213962066084E+01    0.360231598288984500E+02    0.527893256259660423E+08    0.109408899774520492E+03   -0.547044498872602460E+02
    0.238727821522980079E+02    0.108051784641097481E+01    0.480837760481216776E+02    0.112135747621429539E+10    0.109380470637256494E+03   -0.546902353186282468E+02
    0.513824224472045898E+02    0.110333108796841572E+01    0.743587672710418701E+02    0.110026301688406730E+10    0.109217664670743716E+03   -0.546088323353718579E+02
    0.344936915159026469E+02    0.109874031712548414E+01    0.444944197576107214E+02    0.174793069910337853E+10    0.109198288869602180E+03   -0.545991444348010901E+02
    0.457964533960225779E+02    0.110880105335543866E+01    0.458595469100645659E+02    0.345189466490930796E+09    0.109121220690561159E+03   -0.545606103452805797E+02
    0.306290873900582064E+02    0.111696781123607991E+01    0.706699421333097320E+02    0.116166082550164151E+10    0.109003242338213653E+03   -0.545016211691068264E+02
    0.335214794030973380E+02    0.110203118001789724E+01    0.379865537689040877E+02    0.145365907358296537E+10    0.108953490831447269E+03   -0.544767454157236344E+02
    0.931878794041436476E+00    0.112348233997176639E+01    0.381459838846820318E+02    0.331392554512260675E+09    0.108886124740121602E+03   -0.544430623700608010E+02
    0.550808389375129082E+02    0.111262732209024562E+01    0.733094573153530717E+02    0.627007030306650996E+09    0.108634184864078918E+03   -0.543170924320394590E+02
    0.474737560114858326E+02    0.110863036603971055E+01    0.497045456829203331E+02    0.263770603230335683E+09    0.108631191563183421E+03   -0.543155957815917105E+02
    0.120169045035587487E+02    0.110809748424549159E+01    0.985864824392627952E+02    0.316105541270735323E+09    0.108617755733945870E+03   -0.543088778669729351E+02
    0.509748563548715836E+02    0.109866414893313769E+01    0.470240042871955168E+02    0.111834759854050994E+09    0.108463066190637150E+03   -0.542315330953185750E+02
    0.177637252972933801E+02    0.108200725181723323E+01    0.337498949619092699E+02    0.877267572803914428E+09    0.108412309727330282E+03   -0.542061548636651409E+02
    0.313039354919228296E+00    0.110696895737497991E+01    0.273867455522130037E+02    0.876842047959869802E+08    0.108352598944267925E+03   -0.541762994721339624E+02
    0.170813101684258015E+02    0.108382006649054219E+01    0.594408082647208431E+02    0.172242223622407496E+09    0.108339810243349518E+03   -0.541699051216747591E+02
    0.264167635733227719E+02    0.109171734483250371E+01    0.779149939296465135E+02    0.228948290461432904E+09    0.108195430869688096E+03   -0.540977154348440479E+02
    0.264157028978329613E+02    0.110162255850654867E+01    0.816482337871713213E+02    0.163671347657857060E+09    0.108015005389265681E+03   -0.540075026946328407E+02
    0.250595054300867517E+02    0.111475709387911603E+01    0.955321828623277440E+02    0.637191234216383696E+09    0.107646930615951561E+03   -0.538234653079757805E+02
    0.256845517610769747E+02    0.110391242447002202E+01    0.340839742835898889E+02    0.666297247003027558E+09    0.107540112609544707E+03   -0.537700563047723534E+02
    0.270862409185903594E+02    0.109076300525659642E+01    0.408961080598141180E+02    0.477313581453176022E+09    0.107367103838101215E+03   -0.536835519190506076E+02
    0.330491899046367976E+02    0.109961065961711868E+01    0.517448033854941869E+02    0.578188601232423037E+08    0.107303329884867651E+03   -0.536516649424338254E+02
    0.325045701467301242E+02    0.111065313822450307E+01    0.694516794324336928E+02    0.114732043236975521E+09    0.107289470920424833E+03   -0.536447354602124165E+02
    0.317893688330716593E+02    0.111501556926367873E+01    0.894972598096391465E+02    0.739148304187656999E+09    0.107280529593910472E+03   -0.536402647969552362E+02
    0.333913960633401814E+02    0.111812206619091770E+01    0.676335590708332575E+02    0.304728562393437207E+09    0.107238318148910139E+03   -0.536191590744550695E+02
    0.177514836840530386E+02    0.110148595632586366E+01    0.330525344606455107E+02    0.584275563665850282E+09    0.107205959791640140E+03   -0.536029798958200701E+02
    0.523156380724719767E+02    0.110517473502372021E+01    0.637999951086162937E+02    0.381426159750088155E+09    0.107179956984516039E+03   -0.535899784922580196E+02
    0.354669791127800735E+02    0.111531913658576176E+01    0.801237675223914607E+02    0.397088206658435225E+09    0.107128465753735355E+03   -0.535642328768676776E+02
    0.361961401750462954E+02    0.110871081321857190E+01    0.827459328361627229E+02    0.271389362624142528E+09    0.107082837851083184E+03   -0.535414189255415920E+02
    0.158176934966104170E+02    0.108240687901599286E+01    0.385474705693632700E+02    0.745722057110766172E+09    0.107064287027021322E+03   -0.535321435135106611E+02
    0.516639048363984159E+02    0.110686073616765723E+01    0.649267203963727439E+02    0.451924842353786349E+09    0.106887110483975022E+03   -0.534435552419875108E+02
    0.290532020839836882E+02    0.110837865508286537E+01    0.930154085788064151E+02    0.462395648966703355E+09    0.106883194420126699E+03   -0.534415972100633496E+02
    0.137706275008384207E+02    0.109184191311560808E+01    0.374837950760466825E+02    0.127882356038129711E+10    0.106829750654197397E+03   -0.534148753270986987E+02
    0.820199609987094291E+01    0.112122996869062530E+01    0.397211107502482221E+02    0.178764041659879804E+09    0.106818586382804483E+03   -0.534092931914022415E+02
    0.460184669275493405E+02    0.110073837063992563E+01    0.504514757775151850E+02    0.126296785220339999E+09    0.106766439004525239E+03   -0.533832195022626195E+02
    0.381754194104237214E+02    0.109788380130924801E+01    0.847007349000295591E+02    0.444079240838459551E+09    0.106682679709394819E+03   -0.533413398546974094E+02
    0.202979231719027844E+02    0.111377426757903009E+01    0.922517025285380328E+02    0.851650254144871235E+09    0.106679230789043416E+03   -0.533396153945217080E+02
    0.134063523419543067E+02    0.111599057794816514E+01    0.925270905827533170E+02    0.516802957936749935E+09    0.106678207065288859E+03   -0.533391035326444296E+02
    0.632910116355929464E+01    0.112503105881510512E+01    0.565383460628775296E+02    0.337053043664758742E+09    0.106650332781634404E+03   -0.533251663908172020E+02
    0.300433240145926206E+02    0.110950876214071115E+01    0.720986024672726131E+02    0.135812082056167632E+09    0.106640507692596742E+03   -0.533202538462983711E+02
    0.283358543540294825E+02    0.111618241357480930E+01    0.439683673630458216E+02    0.170274228194868386E+09    0.106561227058676494E+03   -0.532806135293382468E+02
    0.961868971779379933E+01    0.110596840061853907E+01    0.942107424352991387E+02    0.316721553870066404E+09    0.106479654326061578E+03   -0.532398271630307889E+02
    0.476280448362993312E+02    0.111109250536255888E+01    0.748332804581604449E+02    0.649028290138064504E+09    0.106466259904727252E+03   -0.532331299523636261E+02
    0.139215754924324937E+02    0.111319748057330226E+01    0.412371927110498504E+02    0.130859097881088662E+10    0.106446941759583140E+03   -0.532234708797915701E+02
    0.792723346477632695E+01    0.108695667473197233E+01    0.693055012203884075E+02    0.264838439607541710E+09    0.106439722850818498E+03   -0.532198614254092490E+02
    0.463905275316597354E+02    0.110470982082106839E+01    0.513197202782374120E+02    0.675091539970840573E+09    0.106439051757872974E+03   -0.532195258789364871E+02
    0.110852653866324662E+02    0.112581608040908043E+01    0.666958595781496797E+02    0.647857562942963958E+09    0.106399398355473608E+03   -0.531996991777368038E+02
    0.297516454838795994E+02    0.110842172835329333E+01    0.710687234621055808E+02    0.129768362364616543E+09    0.106397557859370082E+03   -0.531987789296850409E+02
    0.297516454838795994E+02    0.110842172835329333E+01    0.710687234621055808E+02    0.129768362364616543E+09    0.106397557859370082E+03   -0.531987789296850409E+02
    0.244035538195594270E+02    0.111846953305081787E+01    0.659448539856901164E+02    0.193435912160138488E+09    0.106358327934156733E+03   -0.531791639670783667E+02
    0.853522127945818276E+01    0.109637855123539341E+01    0.940482853085641182E+02    0.456717017393569648E+09    0.106348228409726033E+03   -0.531741142048630167E+02
    0.132975250391781348E+02    0.108588112124258207E+01    0.546531810354536489E+02    0.166652929185953051E+09    0.106329337381641693E+03   -0.531646686908208466E+02
    0.132975250391781348E+02    0.108588112124258207E+01    0.546531810354536489E+02    0.166652929185953051E+09    0.106329337381641693E+03   -0.531646686908208466E+02
    0.295579071192646303E+02    0.110881480402744481E+01    0.903609575035497841E+02    0.447616168101614296E+09    0.106325449359127532E+03   -0.531627246795637660E+02
    0.870333290844405028E+01    0.109439629526949966E+01    0.772075362621369408E+02    0.159625742761002731E+10    0.106296428667094261E+03   -0.531482143335471307E+02
    0.203481001606207812E+02    0.109673157445494729E+01    0.360657867880315735E+02    0.926223433691042364E+08    0.106285367395828814E+03   -0.531426836979144070E+02
    0.350795477619710994E+02    0.109577982274961383E+01    0.824603620707575118E+02    0.441579491580533564E+09    0.106258569085129778E+03   -0.531292845425648892E+02
    0.114391015271853096E+02    0.110864166890833782E+01    0.664345048594470171E+02    0.713296186909705102E+08    0.106244933661881788E+03   -0.531224668309408941E+02
    0.285674860278828504E+02    0.111155235374483308E+01    0.851535254299537314E+02    0.339945366696507871E+09    0.106210422313143141E+03   -0.531052111565715705E+02
    0.367684141417625625E+02    0.110544395405739926E+01    0.428075575691973995E+02    0.100240880579181328E+09    0.106165657345815802E+03   -0.530828286729079011E+02
    0.367684141417625625E+02    0.110544395405739926E+01    0.428075575691973995E+02    0.100240880579181328E+09    0.106165657345815802E+03   -0.530828286729079011E+02
    0.126201239354881292E+02    0.111424571020801877E+01    0.485028900630169488E+02    0.154092523700958133E+10    0.106159862386339569E+03   -0.530799311931697844E+02
    0.324879703285068544E+02    0.109599272677169224E+01    0.899682736174802784E+02    0.708699070538757324E+09    0.106149770063037977E+03   -0.530748850315189884E+02
    0.306527737063937167E+02    0.110233080460919997E+01    0.642979397117242968E+02    0.841362744308661520E+08    0.106106024323845304E+03   -0.530530121619226520E+02
    0.398031853645740554E+02    0.111178302055955136E+01    0.547991918087853875E+02    0.915535542213802576E+09    0.106096831666016328E+03   -0.530484158330081641E+02
    0.392437699427387514E+02    0.110795410652565707E+01    0.820375349403790040E+02    0.908862281929979920E+09    0.106046429789806226E+03   -0.530232148949031128E+02
    0.887055630655336103E+01    0.112223049626259952E+01    0.617786149533953193E+02    0.222388708806341231E+09    0.106016277808187340E+03   -0.530081389040936699E+02
    0.356522406730014652E+02    0.110832949504532263E+01    0.722064367830393792E+02    0.183682090372690499E+09    0.106010436374664579E+03   -0.530052181873322894E+02
    0.152856695028373881E+02    0.108705617220832140E+01    0.426552038511241989E+02    0.549131431539644361E+09    0.105935711497498829E+03   -0.529678557487494146E+02
    0.102409652801069697E+02    0.112139351052533409E+01    0.529388752604980510E+02    0.127016264920081243E+09    0.105871799993113626E+03   -0.529358999965568131E+02
    0.152057918221347688E+02    0.110550864946395944E+01    0.943929260389571141E+02    0.423256451447419882E+09    0.105828358654127783E+03   -0.529141793270638914E+02
    0.150570939001710524E+02    0.110961960369368340E+01    0.915656286641465726E+02    0.369946347316047490E+09    0.105804595895666097E+03   -0.529022979478330484E+02
    0.239578345544289526E+02    0.111016146422174922E+01    0.464054461186632565E+02    0.640488091478176340E+08    0.105775895242819701E+03   -0.528879476214098503E+02
    0.122816868993720067E+02    0.109402662605920242E+01    0.642951627260161587E+02    0.986482342422077209E+08    0.105759302146397857E+03   -0.528796510731989287E+02
    0.362989614628086272E+02    0.109353770365036973E+01    0.810500615955819512E+02    0.710463672788524866E+09    0.105663020011012378E+03   -0.528315100055061890E+02
    0.363973932932281130E+02    0.111590059007261555E+01    0.709435754222566004E+02    0.726513085989582777E+09    0.105645922566472422E+03   -0.528229612832362108E+02
    0.208191655607594264E+02    0.111614048968869439E+01    0.501449082133163557E+02    0.276309333467753947E+09    0.105643238297057664E+03   -0.528216191485288320E+02
    0.323458741022533403E+02    0.111357682517496115E+01    0.749694575820391407E+02    0.956053245359482884E+09    0.105634815126832535E+03   -0.528174075634162676E+02
    0.320575213666685528E+02    0.110077920778191185E+01    0.459276818710351620E+02    0.224863560967684984E+09    0.105561813398847974E+03   -0.527809066994239870E+02
    0.194309222435337769E+01    0.112227487039922202E+01    0.620241794094931862E+02    0.270427868521137416E+09    0.105548638315668299E+03   -0.527743191578341495E+02
    0.294919829422498232E+02    0.111530012184896155E+01    0.497102708819185466E+02    0.168215220200898379E+09    0.105544905723069746E+03   -0.527724528615348731E+02
    0.294919829422498232E+02    0.111530012184896155E+01    0.497102708819185466E+02    0.168215220200898379E+09    0.105544905723069746E+03   -0.527724528615348731E+02
    0.217009306053577227E+02    0.109896659765832161E+01    0.865945189498284122E+02    0.319037047164083719E+09    0.105526410923960313E+03   -0.527632054619801565E+02
    0.217009306053577227E+02    0.109896659765832161E+01    0.865945189498284122E+02    0.319037047164083719E+09    0.105526410923960313E+03   -0.527632054619801565E+02
    0.307820600766735168E+02    0.111546634850374793E+01    0.610402984383408906E+02    0.978846822956327677E+09    0.105525859522764478E+03   -0.527629297613822388E+02
    0.307820600766735168E+02    0.111546634850374793E+01    0.610402984383408906E+02    0.978846822956327677E+09    0.105525859522764478E+03   -0.527629297613822388E+02
    0.318062770881634975E+02    0.110292909276549511E+01    0.915610895674989820E+02    0.780896346135046244E+09    0.105525625855322488E+03   -0.527628129276612441E+02
    0.232252810159646756E+02    0.111707786496652939E+01    0.478168989510123623E+02    0.145366932263420075E+09    0.105517767232334080E+03   -0.527588836161670400E+02
    0.195727288992768536E+02    0.109249305019179799E+01    0.829831095552192295E+02    0.447855248808198988E+09    0.105451505603515329E+03   -0.527257528017576647E+02
    0.421950716650595083E+02    0.109442544778314788E+01    0.570362872596713828E+02    0.716596163340317011E+09    0.105437359308184654E+03   -0.527186796540923268E+02
    0.100842659844057803E+02    0.109301176199205030E+01    0.777877700432743779E+02    0.127599454971385813E+10    0.105403104284852873E+03   -0.527015521424264364E+02
    0.211695488781291736E+02    0.109150338345141562E+01    0.575555729637060338E+02    0.130820266818235874E+10    0.105340397725583045E+03   -0.526701988627915227E+02
    0.211695488781291736E+02    0.109150338345141562E+01    0.575555729637060338E+02    0.130820266818235874E+10    0.105340397725583045E+03   -0.526701988627915227E+02
    0.274033318488690938E+02    0.111213978403831382E+01    0.488838751522963264E+02    0.236217422340060860E+09    0.105339092584349459E+03   -0.526695462921747293E+02
    0.686086378992753687E+01    0.111578285540623234E+01    0.682628978823324672E+02    0.117326279474243641E+10    0.105308770840178227E+03   -0.526543854200891133E+02
    0.169974286232930503E+02    0.110373456264445147E+01    0.353670555551587213E+02    0.106826560326116949E+09    0.105308341877790397E+03   -0.526541709388951986E+02
    0.880742179021397931E+01    0.109357554365029364E+01    0.649823317592851879E+02    0.113704803608496562E+09    0.105223967455834355E+03   -0.526119837279171776E+02
    0.307903499305359460E+02    0.109634398046269954E+01    0.507205049136582389E+02    0.341541264922984183E+09    0.105211981758133334E+03   -0.526059908790666668E+02
    0.293732444666830439E+01    0.109006681225278901E+01    0.418826113348979092E+02    0.379146850215644121E+09    0.105200609078134519E+03   -0.526003045390672597E+02
    0.556416423124815562E+01    0.111882614946699332E+01    0.516670157305333930E+02    0.884137374095549732E+08    0.105195760247951995E+03   -0.525978801239759974E+02
    0.556416423124815562E+01    0.111882614946699332E+01    0.516670157305333930E+02    0.884137374095549732E+08    0.105195760247951995E+03   -0.525978801239759974E+02
    0.260560691206850805E+02    0.111181525326717612E+01    0.832966147913429467E+02    0.376775135735619366E+09    0.105170283469355923E+03   -0.525851417346779613E+02
    0.260560691206850805E+02    0.111181525326717612E+01    0.832966147913429467E+02    0.376775135735619366E+09    0.105170283469355923E+03   -0.525851417346779613E+02
    0.290808352787694346E+02    0.110787532444859149E+01    0.413612608046883210E+02    0.115797100570871189E+09    0.105154082652093507E+03   -0.525770413260467535E+02
    0.359213548488732783E+02    0.110922499888198889E+01    0.704801846104572860E+02    0.100706690278067791E+10    0.105116104616905545E+03   -0.525580523084527726E+02
    0.359213548488732783E+02    0.110922499888198889E+01    0.704801846104572860E+02    0.100706690278067791E+10    0.105116104616905545E+03   -0.525580523084527726E+02
    0.325356371893726219E+02    0.110370277053636712E+01    0.753011108570040193E+02    0.227160143716433585E+09    0.105102905832260149E+03   -0.525514529161300743E+02
    0.325356371893726219E+02    0.110370277053636712E+01    0.753011108570040193E+02    0.227160143716433585E+09    0.105102905832260149E+03   -0.525514529161300743E+02
    0.214947809429401815E+02    0.111457002698524033E+01    0.695187869785843020E+02    0.176868993623147041E+09    0.105077108459588956E+03   -0.525385542297944781E+02
    0.262057977676600231E+02    0.111260821027494150E+01    0.870759342395560907E+02    0.759094919424441099E+09    0.105063734666997235E+03   -0.525318673334986173E+02
    0.165533299331858714E+02    0.109007340617013448E+01    0.567091453817083249E+02    0.147651884098765075E+09    0.105037029129812979E+03   -0.525185145649064893E+02
    0.230494834854619413E+02    0.110677336602748855E+01    0.519817846572629492E+02    0.114528217879965520E+10    0.105027366518450748E+03   -0.525136832592253739E+02
    0.643501097968341096E+01    0.109625160193141458E+01    0.653354477141360803E+02    0.962998299515908808E+08    0.104980716814506735E+03   -0.524903584072533675E+02
    0.136997754896690127E+01    0.111153274152202952E+01    0.758994413012427032E+02    0.161096493078416914E+09    0.104891652396532265E+03   -0.524458261982661327E+02
    0.113674204160901766E+02    0.109529124276838408E+01    0.439669070844265732E+02    0.115809288102841353E+10    0.104876836302560321E+03   -0.524384181512801604E+02
    0.251375372926090144E+02    0.110859507092129905E+01    0.736302668121501256E+02    0.182729875106691599E+09    0.104851131796479720E+03   -0.524255658982398600E+02
    0.251375372926090144E+02    0.110859507092129905E+01    0.736302668121501256E+02    0.182729875106691599E+09    0.104851131796479720E+03   -0.524255658982398600E+02
    0.380052202816425222E+02    0.111281006269972549E+01    0.671586939663453677E+02    0.541008034497242093E+09    0.104836635921382481E+03   -0.524183179606912404E+02
    0.202105265869520281E+02    0.111330161318807397E+01    0.779450153868436644E+02    0.284265694999560297E+09    0.104739961814672952E+03   -0.523699809073364762E+02
    0.263801360831948486E+02    0.109849072685046756E+01    0.596432548901655295E+02    0.965727644213053733E+08    0.104726540196126564E+03   -0.523632700980632819E+02
    0.263801360831948486E+02    0.109849072685046756E+01    0.596432548901655295E+02    0.965727644213053733E+08    0.104726540196126564E+03   -0.523632700980632819E+02
    0.366129672934025674E+01    0.109658107028186746E+01    0.439067479221639658E+02    0.657630319867003113E+08    0.104716223197214745E+03   -0.523581115986073726E+02
    0.366517427994020437E+02    0.110015097669488338E+01    0.657822002020612189E+02    0.261136912616756797E+09    0.104691591188605159E+03   -0.523457955943025794E+02
    0.282218278445067661E+02    0.110868383476209531E+01    0.544334465459901296E+02    0.831146951043248326E+08    0.104674540954663257E+03   -0.523372704773316286E+02
    0.289538993261551703E+02    0.111660017022158620E+01    0.629204405363098545E+02    0.779602019178608537E+09    0.104673590438049132E+03   -0.523367952190245660E+02
    0.289538993261551703E+02    0.111660017022158620E+01    0.629204405363098545E+02    0.779602019178608537E+09    0.104673590438049132E+03   -0.523367952190245660E+02
    0.312431079959078097E+02    0.110244304682722238E+01    0.477010989701565293E+02    0.445650983216103613E+09    0.104669909869283316E+03   -0.523349549346416580E+02
    0.312431079959078097E+02    0.110244304682722238E+01    0.477010989701565293E+02    0.445650983216103613E+09    0.104669909869283316E+03   -0.523349549346416580E+02
    0.208923027912685484E+02    0.109458854196164124E+01    0.432815016726598785E+02    0.111713198212998644E+09    0.104592259436879985E+03   -0.522961297184399925E+02
    0.376128611340996954E+02    0.109553829720988904E+01    0.548634277836501454E+02    0.804023990826264143E+09    0.104570604950132633E+03   -0.522853024750663167E+02
    0.376128611340996954E+02    0.109553829720988904E+01    0.548634277836501454E+02    0.804023990826264143E+09    0.104570604950132633E+03   -0.522853024750663167E+02
    0.397446256134831755E+01    0.108342873883769353E+01    0.637106605879606676E+02    0.868165493349398494E+09    0.104558467184521717E+03   -0.522792335922608586E+02
    0.397446256134831755E+01    0.108342873883769353E+01    0.637106605879606676E+02    0.868165493349398494E+09    0.104558467184521717E+03   -0.522792335922608586E+02
    0.174014149461568159E+02    0.109840743181135503E+01    0.384209543556798039E+02    0.799504037571699619E+09    0.104538153467631616E+03   -0.522690767338158082E+02
    0.110764588353565454E+02    0.110320789511014272E+01    0.755152690314210560E+02    0.156427032060695171E+09    0.104480832649275598E+03   -0.522404163246377991E+02
    0.205950577328896713E+02    0.110436224729891652E+01    0.441587615158127136E+02    0.230744495488416642E+09    0.104477816081069221E+03   -0.522389080405346107E+02
    0.126806657515582586E+02    0.110560190061620034E+01    0.380696704579555103E+02    0.945219480160081506E+09    0.104467368969279732E+03   -0.522336844846398662E+02
    0.755652056087645185E+01    0.111074275632465946E+01    0.790537567395311385E+02    0.218368637741681665E+09    0.104458483717378613E+03   -0.522292418586893064E+02
    0.755652056087645185E+01    0.111074275632465946E+01    0.790537567395311385E+02    0.218368637741681665E+09    0.104458483717378613E+03   -0.522292418586893064E+02
    0.781500581592043186E+01    0.110368206610364505E+01    0.884712372603813151E+02    0.313419066204289913E+09    0.104444886811576595E+03   -0.522224434057882974E+02
    0.974595291477778147E+01    0.110352585378796864E+01    0.370967291290295833E+02    0.945298692893482894E+08    0.104422143276593886E+03   -0.522110716382969429E+02
    0.222750742902336079E+02    0.110220652887983706E+01    0.735925463824273010E+02    0.122754467610366011E+10    0.104383566928855743E+03   -0.521917834644278713E+02
    0.222750742902336079E+02    0.110220652887983706E+01    0.735925463824273010E+02    0.122754467610366011E+10    0.104383566928855743E+03   -0.521917834644278713E+02
    0.553599508161589959E+01    0.109485867687110039E+01    0.889441265978727102E+02    0.524126360985919833E+09    0.104354215041574406E+03   -0.521771075207872030E+02
    0.506368103847755968E+01    0.108881995441554014E+01    0.807400041617781596E+02    0.603898383048402071E+09    0.104306645824239794E+03   -0.521533229121198971E+02
    0.205738806011740074E+02    0.109072901769675479E+01    0.541479433804869501E+02    0.388583764739945471E+09    0.104305065408641298E+03   -0.521525327043206488E+02
    0.205738806011740074E+02    0.109072901769675479E+01    0.541479433804869501E+02    0.388583764739945471E+09    0.104305065408641298E+03   -0.521525327043206488E+02
    0.825756490695902556E+01    0.109197671502094917E+01    0.584676422166354186E+02    0.119593981119789079E+09    0.104265854753736292E+03   -0.521329273768681460E+02
    0.310642314903308474E+02    0.109509493643498423E+01    0.556726055698075726E+02    0.988781830465681791E+09    0.104238486881002672E+03   -0.521192434405013358E+02
    0.964835231065410426E+01    0.109782532708763991E+01    0.413231574584582546E+02    0.776073735361902863E+08    0.104236579323062728E+03   -0.521182896615313638E+02
    0.155465474064905838E+02    0.108809152990090618E+01    0.647532318969786758E+02    0.438658216070238531E+09    0.104235828518734110E+03   -0.521179142593670548E+02
    0.155465474064905838E+02    0.108809152990090618E+01    0.647532318969786758E+02    0.438658216070238531E+09    0.104235828518734110E+03   -0.521179142593670548E+02
    0.837378032678024553E+01    0.111767052699476621E+01    0.460883522343117278E+02    0.766623003918597341E+09    0.104208905076804925E+03   -0.521044525384024624E+02
    0.837378032678024553E+01    0.111767052699476621E+01    0.460883522343117278E+02    0.766623003918597341E+09    0.104208905076804925E+03   -0.521044525384024624E+02
    0.283475300275482560E+02    0.109706697096421046E+01    0.643867750230708111E+02    0.199600799293021977E+09    0.104151741730845387E+03   -0.520758708654226936E+02
    0.283475300275482560E+02    0.109706697096421046E+01    0.643867750230708111E+02    0.199600799293021977E+09    0.104151741730845387E+03   -0.520758708654226936E+02
    0.229981365277539034E+02    0.109709264121885641E+01    0.457363232583314883E+02    0.529113154879321098E+09    0.104111414347646985E+03   -0.520557071738234924E+02
    0.974682176903104214E+01    0.108874969424240886E+01    0.560474327268035921E+02    0.107001400200643528E+10    0.104103568013508152E+03   -0.520517840067540760E+02
    0.169615111677662078E+02    0.109187229155427956E+01    0.601724077724156174E+02    0.273034215843835354E+09    0.104084137722230480E+03   -0.520420688611152400E+02
    0.435273961343555282E+00    0.108657975536857876E+01    0.689984557402661238E+02    0.468276855542480588E+09    0.104082970818188983E+03   -0.520414854090944914E+02
    0.435273961343555282E+00    0.108657975536857876E+01    0.689984557402661238E+02    0.468276855542480588E+09    0.104082970818188983E+03   -0.520414854090944914E+02
    0.231348544403063165E+02    0.110352510793256475E+01    0.804769615793386066E+02    0.283303161390683949E+09    0.104055210167239707E+03   -0.520276050836198536E+02
    0.359877061788872723E+02    0.110676182211494489E+01    0.783860919119805430E+02    0.521358319941108942E+09    0.104052705507120081E+03   -0.520263527535600403E+02
    0.964845063488374954E+01    0.109810546414991927E+01    0.766378312326388169E+02    0.217268889171490043E+09    0.104042257242276122E+03   -0.520211286211380610E+02
    0.601765234179399311E+01    0.109197860116340117E+01    0.656989044541654437E+02    0.131216634000573468E+10    0.104032477212268958E+03   -0.520162386061344790E+02
    0.601765234179399311E+01    0.109197860116340117E+01    0.656989044541654437E+02    0.131216634000573468E+10    0.104032477212268958E+03   -0.520162386061344790E+02
    0.495542947550427559E+01    0.111214453137574321E+01    0.429403959765719847E+02    0.204800587714349568E+09    0.103957005809827336E+03   -0.519785029049136682E+02
    0.104126919720811628E+02    0.111609857831137838E+01    0.831649504850982595E+02    0.768990099530754447E+09    0.103932718367534449E+03   -0.519663591837672243E+02
    0.104126919720811628E+02    0.111609857831137838E+01    0.831649504850982595E+02    0.768990099530754447E+09    0.103932718367534449E+03   -0.519663591837672243E+02
    0.415141262685433254E+01    0.111466163575023081E+01    0.492652116317132709E+02    0.276921806429776549E+09    0.103920186385740664E+03   -0.519600931928703318E+02
    0.415141262685433254E+01    0.111466163575023081E+01    0.492652116317132709E+02    0.276921806429776549E+09    0.103920186385740664E+03   -0.519600931928703318E+02
    0.205068473854374318E+02    0.109376531816182276E+01    0.495941553470272467E+02    0.174117088027467728E+09    0.103901417973285760E+03   -0.519507089866428799E+02
    0.153605406579388060E+01    0.110335509729401560E+01    0.368081028617795241E+02    0.786432524350798965E+09    0.103836063082600049E+03   -0.519180315413000244E+02
    0.290835272963601739E+02    0.110473507638800306E+01    0.734883003283503626E+02    0.269289021004876196E+09    0.103828979137592455E+03   -0.519144895687962276E+02
    0.321975172183305673E+02    0.110750014958720522E+01    0.779563543823344389E+02    0.443180883522127390E+09    0.103826509104352610E+03   -0.519132545521763049E+02
    0.321975172183305673E+02    0.110750014958720522E+01    0.779563543823344389E+02    0.443180883522127390E+09    0.103826509104352610E+03   -0.519132545521763049E+02
    0.251826844182966560E+02    0.111270798111468094E+01    0.616026523485367647E+02    0.191113641617082924E+09    0.103812626827554695E+03   -0.519063134137773474E+02
    0.284958016729602654E+02    0.110596668188035552E+01    0.836385778693371549E+02    0.491946017614880681E+09    0.103788490543761611E+03   -0.518942452718808056E+02
    0.253049414621761315E+02    0.111022837495987692E+01    0.800381498968394141E+02    0.890989977288360238E+09    0.103786291236009177E+03   -0.518931456180045885E+02
    0.253049414621761315E+02    0.111022837495987692E+01    0.800381498968394141E+02    0.890989977288360238E+09    0.103786291236009177E+03   -0.518931456180045885E+02
    0.538390295263726060E+01    0.111965171686620191E+01    0.590223327373479947E+02    0.369633226645719111E+09    0.103768971552175600E+03   -0.518844857760878000E+02
    0.538390295263726060E+01    0.111965171686620191E+01    0.590223327373479947E+02    0.369633226645719111E+09    0.103768971552175600E+03   -0.518844857760878000E+02
    0.925365891690932507E+01    0.110460264939703379E+01    0.484233321932234873E+02    0.114931729346311903E+10    0.103763074431164995E+03   -0.518815372155824974E+02
    0.609139212805311470E+01    0.112042848170882214E+01    0.582189858313054813E+02    0.438831644676217258E+09    0.103762998442605806E+03   -0.518814992213029029E+02
    0.609139212805311470E+01    0.112042848170882214E+01    0.582189858313054813E+02    0.438831644676217258E+09    0.103762998442605806E+03   -0.518814992213029029E+02
    0.270711038352052107E+02    0.110278106285420829E+01    0.623121335798602729E+02    0.128894230158372149E+09    0.103732888810634222E+03   -0.518664444053171110E+02
    0.436058491723277797E+01    0.109017456955913206E+01    0.432016613372149365E+02    0.639283576082789063E+09    0.103708190993365832E+03   -0.518540954966829162E+02
    0.105930667132632617E+01    0.111358635908101578E+01    0.670032424802196260E+02    0.124914904351090193E+10    0.103690751274428635E+03   -0.518453756372143175E+02
    0.284380257712128284E+02    0.110973243150537182E+01    0.544160989695572610E+02    0.158679122878389925E+09    0.103686533171679258E+03   -0.518432665858396291E+02
    0.284380257712128284E+02    0.110973243150537182E+01    0.544160989695572610E+02    0.158679122878389925E+09    0.103686533171679258E+03   -0.518432665858396291E+02
    0.141437364757088844E+02    0.111607155596084584E+01    0.628832831407041724E+02    0.293719615504846394E+09    0.103686433922934327E+03   -0.518432169614671636E+02
    0.120518548709779267E+02    0.111942102021750167E+01    0.667272827161575037E+02    0.772299501663359404E+09    0.103647100648429671E+03   -0.518235503242148354E+02
    0.120518548709779267E+02    0.111942102021750167E+01    0.667272827161575037E+02    0.772299501663359404E+09    0.103647100648429671E+03   -0.518235503242148354E+02
    0.121650819998335393E+02    0.111781679645379906E+01    0.660223940587112139E+02    0.360448062320907593E+09    0.103632599944614384E+03   -0.518162999723071920E+02
    0.121650819998335393E+02    0.111781679645379906E+01    0.660223940587112139E+02    0.360448062320907593E+09    0.103632599944614384E+03   -0.518162999723071920E+02
    0.182382874457425928E+02    0.109375997535908009E+01    0.514644373159349300E+02    0.191889306011797428E+09    0.103615304920782663E+03   -0.518076524603913313E+02
    0.219308228965777623E+02    0.111100624102222834E+01    0.568451759615656442E+02    0.103754097698356557E+10    0.103610327697058253E+03   -0.518051638485291264E+02
    0.268226574327537399E+02    0.110572235799452612E+01    0.830671730881966823E+02    0.458310172710533261E+09    0.103606070458615335E+03   -0.518030352293076675E+02
    0.197533195679501183E+02    0.110863913787480639E+01    0.823491763947268822E+02    0.368274641299047828E+09    0.103591622699324915E+03   -0.517958113496624577E+02
    0.224213340018625509E+02    0.109491518995796588E+01    0.625398977938351948E+02    0.295537900119885981E+09    0.103575239475959535E+03   -0.517876197379797674E+02
    0.224213340018625509E+02    0.109491518995796588E+01    0.625398977938351948E+02    0.295537900119885981E+09    0.103575239475959535E+03   -0.517876197379797674E+02
    0.171383198746509606E+02    0.111587396908263048E+01    0.579232613944412194E+02    0.941490884063034654E+09    0.103553940139653463E+03   -0.517769700698267314E+02
    0.232683137793487624E+02    0.110068415769054195E+01    0.449849898057744682E+02    0.691320853916241407E+09    0.103553277871085726E+03   -0.517766389355428629E+02
    0.357067619222826149E+01    0.111263127874009893E+01    0.902636693548660105E+02    0.624887241660477161E+09    0.103496359476678577E+03   -0.517481797383392887E+02
    0.357067619222826149E+01    0.111263127874009893E+01    0.902636693548660105E+02    0.624887241660477161E+09    0.103496359476678577E+03   -0.517481797383392887E+02
    0.202750847792182753E+02    0.110696188491633940E+01    0.826242082848267785E+02    0.944220606149754643E+09    0.103481186207372218E+03   -0.517405931036861091E+02
    0.179631462512213176E+02    0.110861090095240211E+01    0.664952703929324969E+02    0.141334192168321162E+09    0.103466585933148565E+03   -0.517332929665742824E+02
    0.179631462512213176E+02    0.110861090095240211E+01    0.664952703929324969E+02    0.141334192168321162E+09    0.103466585933148565E+03   -0.517332929665742824E+02
    0.420816410561567977E+01    0.109006839580238002E+01    0.806100098421297844E+02    0.701539154897800803E+09    0.103429887429230362E+03   -0.517149437146151811E+02
    0.420816410561567977E+01    0.109006839580238002E+01    0.806100098421297844E+02    0.701539154897800803E+09    0.103429887429230362E+03   -0.517149437146151811E+02
    0.389311263519622841E+01    0.110778611861500575E+01    0.398205725668690107E+02    0.828206548114963055E+09    0.103393158607153438E+03   -0.516965793035767192E+02
    0.389311263519622841E+01    0.110778611861500575E+01    0.398205725668690107E+02    0.828206548114963055E+09    0.103393158607153438E+03   -0.516965793035767192E+02
    0.309576858852988970E+02    0.110422623627335725E+01    0.535801026208307576E+02    0.487540825172260582E+09    0.103374271174565607E+03   -0.516871355872828033E+02
    0.715710457767391972E+01    0.110876606048432325E+01    0.737990719936784956E+02    0.183012905741582930E+09    0.103348996663936106E+03   -0.516744983319680529E+02
    0.335852009571086967E+02    0.110853008850241719E+01    0.596821268990410658E+02    0.584950311855662465E+09    0.103332156529709437E+03   -0.516660782648547183E+02
    0.335852009571086967E+02    0.110853008850241719E+01    0.596821268990410658E+02    0.584950311855662465E+09    0.103332156529709437E+03   -0.516660782648547183E+02
    0.924553642305648538E+01    0.109294666935958351E+01    0.591111487410199672E+02    0.110102710509956765E+10    0.103323211677462837E+03   -0.516616058387314183E+02
    0.924553642305648538E+01    0.109294666935958351E+01    0.591111487410199672E+02    0.110102710509956765E+10    0.103323211677462837E+03   -0.516616058387314183E+02
    0.813440818273638477E+01    0.109098981808124362E+01    0.732821963716560134E+02    0.425051730788082361E+09    0.103309992632894918E+03   -0.516549963164474590E+02
    0.813440818273638477E+01    0.109098981808124362E+01    0.732821963716560134E+02    0.425051730788082361E+09    0.103309992632894918E+03   -0.516549963164474590E+02
    0.199280816567411243E+02    0.109785309658233587E+01    0.472735743382796798E+02    0.186724949508699358E+09    0.103305308714481839E+03   -0.516526543572409196E+02
    0.330661472258632756E+02    0.109965109811934036E+01    0.668471180513380006E+02    0.940924219038740277E+09    0.103302789743020526E+03   -0.516513948715102629E+02
    0.288409633335802660E+02    0.110309449313963759E+01    0.517988968728580232E+02    0.498980460495948911E+09    0.103291695438748832E+03   -0.516458477193744159E+02
    0.288409633335802660E+02    0.110309449313963759E+01    0.517988968728580232E+02    0.498980460495948911E+09    0.103291695438748832E+03   -0.516458477193744159E+02
    0.261750799030013681E+02    0.109361847638490706E+01    0.605990285102444233E+02    0.934654514266195655E+09    0.103289218003064832E+03   -0.516446090015324160E+02
    0.261750799030013681E+02    0.109361847638490706E+01    0.605990285102444233E+02    0.934654514266195655E+09    0.103289218003064832E+03   -0.516446090015324160E+02
    0.119717194141345740E+02    0.109811809300940877E+01    0.661156965877478910E+02    0.141507576632942438E+09    0.103281581485914344E+03   -0.516407907429571722E+02
    0.119717194141345740E+02    0.109811809300940877E+01    0.661156965877478910E+02    0.141507576632942438E+09    0.103281581485914344E+03   -0.516407907429571722E+02
    0.325739117589234368E+02    0.110038522834190844E+01    0.642846262065205707E+02    0.363450683188853085E+09    0.103261569737137421E+03   -0.516307848685687105E+02
    0.325739117589234368E+02    0.110038522834190844E+01    0.642846262065205707E+02    0.363450683188853085E+09    0.103261569737137421E+03   -0.516307848685687105E+02
    0.308243159533525528E+02    0.110305251607374388E+01    0.835015963258979923E+02    0.643445962816876054E+09    0.103258245743626645E+03   -0.516291228718133226E+02
    0.150489833147381766E+02    0.111451757108404292E+01    0.811356694754556003E+02    0.552877832593157172E+09    0.103241708847346189E+03   -0.516208544236730944E+02
    0.150489833147381766E+02    0.111451757108404292E+01    0.811356694754556003E+02    0.552877832593157172E+09    0.103241708847346189E+03   -0.516208544236730944E+02
    0.311655602321600833E+00    0.109677370427104437E+01    0.807163078968326175E+02    0.321765381582405627E+09    0.103215150436642944E+03   -0.516075752183214718E+02
    0.815508285120169241E+01    0.109974753213406307E+01    0.472445892172969906E+02    0.295568205785384059E+09    0.103215082518865159E+03   -0.516075412594325797E+02
    0.726823470624085211E+01    0.109219203777687257E+01    0.611088530434329869E+02    0.266452248505218029E+09    0.103212982207604483E+03   -0.516064911038022416E+02
    0.110664295660365717E+02    0.111861284614952150E+01    0.627526201444552072E+02    0.488374908774771810E+09    0.103170379578189426E+03   -0.515851897890947129E+02
    0.444972653262447082E+01    0.109279562032888555E+01    0.568308261273733351E+02    0.140200834837518305E+09    0.103170133964368844E+03   -0.515850669821844221E+02
    0.445293793858778830E+01    0.109475243711425607E+01    0.657997274163031705E+02    0.125805488348162746E+10    0.103159303504096997E+03   -0.515796517520484983E+02
    0.445293793858778830E+01    0.109475243711425607E+01    0.657997274163031705E+02    0.125805488348162746E+10    0.103159303504096997E+03   -0.515796517520484983E+02
    0.235249975621705687E+02    0.110392198562323762E+01    0.793407580266094499E+02    0.351769449167150736E+09    0.103122943541150136E+03   -0.515614717705750678E+02
    0.251374663340793658E+01    0.111059883063559317E+01    0.437718575700683488E+02    0.194197625103011996E+09    0.103111305365470145E+03   -0.515556526827350723E+02
    0.251374663340793658E+01    0.111059883063559317E+01    0.437718575700683488E+02    0.194197625103011996E+09    0.103111305365470145E+03   -0.515556526827350723E+02
    0.213311990169770693E+01    0.111454208318838921E+01    0.592016031307132522E+02    0.123373896774871990E+09    0.103101504269050224E+03   -0.515507521345251121E+02
    0.586128801386362852E+01    0.109141376580789551E+01    0.618131662221635736E+02    0.315751458750245631E+09    0.103100317580323960E+03   -0.515501587901619800E+02
    0.132331142622375211E+02    0.110206902041093913E+01    0.639598263124018871E+02    0.116651781280751824E+10    0.103066802744341231E+03   -0.515334013721706157E+02
    0.219790478203957029E+02    0.109780051860154093E+01    0.554498862385533329E+02    0.221052442478084683E+09    0.103057274386194450E+03   -0.515286371930972251E+02
    0.219790478203957029E+02    0.109780051860154093E+01    0.554498862385533329E+02    0.221052442478084683E+09    0.103057274386194450E+03   -0.515286371930972251E+02
    0.202257712913207435E+02    0.109663848746684023E+01    0.525718858902904032E+02    0.151452925070634335E+09    0.103040861954653280E+03   -0.515204309773266402E+02
    0.259954609379602317E+02    0.109507543750981884E+01    0.731138334605364548E+02    0.852461527341243267E+09    0.103026601452876719E+03   -0.515133007264383593E+02
    0.309469051019566805E+02    0.110147288958338740E+01    0.552808621433523300E+02    0.535492355728021920E+09    0.102992106347432895E+03   -0.514960531737164473E+02
    0.207412311356229715E+02    0.110595161570370548E+01    0.524800073241326146E+02    0.996515546030798256E+08    0.102946828131914145E+03   -0.514734140659570727E+02
    0.605416531855312989E+01    0.109888180165096938E+01    0.885369476282218102E+02    0.821098419663256288E+09    0.102941945340852897E+03   -0.514709726704264483E+02
    0.941679003823771055E+01    0.110153638451305502E+01    0.435355162868676757E+02    0.194252784007290691E+09    0.102941053414805438E+03   -0.514705267074027191E+02
    0.158629913662540756E+01    0.111216929615302940E+01    0.762870585259487086E+02    0.102983502317342806E+10    0.102927444805061896E+03   -0.514637224025309479E+02
    0.158629913662540756E+01    0.111216929615302940E+01    0.762870585259487086E+02    0.102983502317342806E+10    0.102927444805061896E+03   -0.514637224025309479E+02
    0.254506128268868395E+02    0.111162135104819138E+01    0.643038814942628534E+02    0.393946539003103733E+09    0.102871235829483993E+03   -0.514356179147419965E+02
    0.254506128268868395E+02    0.111162135104819138E+01    0.643038814942628534E+02    0.393946539003103733E+09    0.102871235829483993E+03   -0.514356179147419965E+02
    0.273094779896146456E+01    0.111540343748585680E+01    0.641576419373368338E+02    0.261098633503017247E+09    0.102861375721459495E+03   -0.514306878607297477E+02
    0.212180348092547106E+02    0.109878092507442893E+01    0.572911580685425577E+02    0.289014032578474998E+09    0.102860020011261497E+03   -0.514300100056307485E+02
    0.195985853924171032E+02    0.109212174559969100E+01    0.740106611363913203E+02    0.632116319497265220E+09    0.102824940411245834E+03   -0.514124702056229168E+02
    0.820796956930223764E+01    0.111142457555551144E+01    0.507087466855905973E+02    0.103447660788085699E+10    0.102791194460625206E+03   -0.513955972303126032E+02
    0.111708980691048954E+02    0.109802275817190442E+01    0.449851277903346300E+02    0.171128314891918927E+09    0.102785273285170092E+03   -0.513926366425850460E+02
    0.229152826004863961E+02    0.110339064678387855E+01    0.509112413595829381E+02    0.110194950230708078E+09    0.102756960079754606E+03   -0.513784800398773029E+02
    0.229152826004863961E+02    0.110339064678387855E+01    0.509112413595829381E+02    0.110194950230708078E+09    0.102756960079754606E+03   -0.513784800398773029E+02
    0.172968476046117097E+02    0.110428306664961262E+01    0.501227784715462690E+02    0.353437829406669259E+09    0.102748418164300432E+03   -0.513742090821502160E+02
    0.169409332301795708E+02    0.110645295651975806E+01    0.459671189093940313E+02    0.793859420525030732E+09    0.102745984465964113E+03   -0.513729922329820567E+02
    0.196129987759564273E+02    0.109741053230142005E+01    0.594794497640269242E+02    0.229361191996700227E+09    0.102745081810318112E+03   -0.513725409051590560E+02
    0.196129987759564273E+02    0.109741053230142005E+01    0.594794497640269242E+02    0.229361191996700227E+09    0.102745081810318112E+03   -0.513725409051590560E+02
    0.594374079553218948E+01    0.111623867392139298E+01    0.510274690535432285E+02    0.680125688247907758E+09    0.102733498414680668E+03   -0.513667492073403338E+02
    0.594374079553218948E+01    0.111623867392139298E+01    0.510274690535432285E+02    0.680125688247907758E+09    0.102733498414680668E+03   -0.513667492073403338E+02
    0.361518616057779241E+00    0.110051346776582548E+01    0.710835148229642186E+02    0.167318620302030712E+09    0.102731701586006196E+03   -0.513658507930030979E+02
    0.172607594963146349E+01    0.110360171129030937E+01    0.405567010091738354E+02    0.798050117649368048E+09    0.102708779337173141E+03   -0.513543896685865704E+02
    0.167303942406962562E+02    0.110263963417371658E+01    0.493842797021950162E+02    0.930955469166941345E+08    0.102704412267391263E+03   -0.513522061336956313E+02
    0.141456031909304691E+02    0.110127644968040461E+01    0.446138754495905374E+02    0.145075363779232949E+09    0.102702961367592650E+03   -0.513514806837963249E+02
    0.166749174761754944E+02    0.110831331834861202E+01    0.484422105629773796E+02    0.592137823068159699E+09    0.102644930321616229E+03   -0.513224651608081146E+02
    0.166749174761754944E+02    0.110831331834861202E+01    0.484422105629773796E+02    0.592137823068159699E+09    0.102644930321616229E+03   -0.513224651608081146E+02
    0.151618674274748848E+02    0.109636850774174532E+01    0.522212418913493579E+02    0.155412071644410074E+09    0.102594705871678883E+03   -0.512973529358394416E+02
    0.171730100328953910E+02    0.110181953711146896E+01    0.454996773815675155E+02    0.113230514134413481E+09    0.102578348912961928E+03   -0.512891744564809642E+02
    0.171730100328953910E+02    0.110181953711146896E+01    0.454996773815675155E+02    0.113230514134413481E+09    0.102578348912961928E+03   -0.512891744564809642E+02
    0.288048035855094620E+01    0.110457458116899931E+01    0.623961649523026267E+02    0.103023324994955093E+09    0.102573970484454520E+03   -0.512869852422272601E+02
    0.518180748788120304E+01    0.110122240750637168E+01    0.734925011122122385E+02    0.210705161963798702E+09    0.102573837261236292E+03   -0.512869186306181462E+02
    0.518180748788120304E+01    0.110122240750637168E+01    0.734925011122122385E+02    0.210705161963798702E+09    0.102573837261236292E+03   -0.512869186306181462E+02
    0.267074704097620668E+02    0.110160339173908106E+01    0.710017911570369051E+02    0.961525232613875985E+09    0.102572340195445875E+03   -0.512861700977229376E+02
    0.246735776874769215E+02    0.111213703843953304E+01    0.605409052508149159E+02    0.571409523517836452E+09    0.102569133286839730E+03   -0.512845666434198648E+02
    0.123402449294762366E+02    0.109405193742115370E+01    0.470786627863323162E+02    0.681841259606069446E+09    0.102564773942635497E+03   -0.512823869713177487E+02
    0.124264735067984944E+02    0.110348857499735131E+01    0.468145450478365959E+02    0.427293621970250189E+09    0.102546089296639209E+03   -0.512730446483196047E+02
    0.124264735067984944E+02    0.110348857499735131E+01    0.468145450478365959E+02    0.427293621970250189E+09    0.102546089296639209E+03   -0.512730446483196047E+02
    0.280192094847240263E+02    0.110791807788806862E+01    0.590538644170620657E+02    0.509856647690848768E+09    0.102537491396336605E+03   -0.512687456981683027E+02
    0.280192094847240263E+02    0.110791807788806862E+01    0.590538644170620657E+02    0.509856647690848768E+09    0.102537491396336605E+03   -0.512687456981683027E+02
    0.216804450478703501E+02    0.110562362756413268E+01    0.660648939431050337E+02    0.237827201321235716E+09    0.102460699021527986E+03   -0.512303495107639932E+02
    0.142144582075907833E+01    0.110513247666550396E+01    0.428892657256911605E+02    0.160177850098673075E+09    0.102452150408691892E+03   -0.512260752043459462E+02
    0.232677405702885354E+01    0.110363253558148200E+01    0.656792299867088900E+02    0.141677012687530851E+10    0.102442808965832924E+03   -0.512214044829164621E+02
    0.232677405702885354E+01    0.110363253558148200E+01    0.656792299867088900E+02    0.141677012687530851E+10    0.102442808965832924E+03   -0.512214044829164621E+02
    0.208003362365335818E+02    0.109456571971304029E+01    0.640883773485742267E+02    0.425362870162139177E+09    0.102442478541215650E+03   -0.512212392706078248E+02
    0.125378123420899801E+02    0.109078124819694677E+01    0.514655828838035845E+02    0.799501158735123754E+09    0.102430291967609662E+03   -0.512151459838048311E+02
    0.234674240853805305E+01    0.111275462181901763E+01    0.574484210426468280E+02    0.118861112450208217E+09    0.102414997821837517E+03   -0.512074989109187584E+02
    0.264214799096496833E+02    0.109725255966758883E+01    0.625856679503714801E+02    0.458656418342384875E+09    0.102394413238769559E+03   -0.511972066193847795E+02
    0.158877557654205912E+02    0.110860726424538769E+01    0.627720707889419671E+02    0.155969398239808887E+09    0.102391185892854907E+03   -0.511955929464274533E+02
    0.895625716228487434E+01    0.109566161857461486E+01    0.820892170919205739E+02    0.819897489352106452E+09    0.102379575526114351E+03   -0.511897877630571756E+02
    0.198330820239801109E+01    0.110952221819762609E+01    0.849063362157435932E+02    0.453684661956283927E+09    0.102364224965064238E+03   -0.511821124825321192E+02
    0.145223970647199412E+02    0.111146202235717251E+01    0.587879499134991192E+02    0.330542003298426032E+09    0.102338507433705772E+03   -0.511692537168528858E+02
    0.175426397169480346E+02    0.110707364703583155E+01    0.549625735131990609E+02    0.112718414613239050E+09    0.102333096669544801E+03   -0.511665483347724006E+02
    0.234256025094359259E+02    0.109637375478530896E+01    0.541523388868889981E+02    0.837572353046971798E+09    0.102331781246516528E+03   -0.511658906232582638E+02
    0.119749820384586005E+02    0.109382986867946763E+01    0.483747441706766352E+02    0.866064572042174220E+09    0.102323386499918783E+03   -0.511616932499593915E+02
    0.119749820384586005E+02    0.109382986867946763E+01    0.483747441706766352E+02    0.866064572042174220E+09    0.102323386499918783E+03   -0.511616932499593915E+02
    0.250873820826472205E+02    0.109497883816020791E+01    0.602374069472299638E+02    0.620054375969191909E+09    0.102314510607529172E+03   -0.511572553037645861E+02
    0.133167826423722673E+02    0.109365519901208796E+01    0.523962126728469642E+02    0.521883825702248454E+09    0.102299774587807903E+03   -0.511498872939039515E+02
    0.133167826423722673E+02    0.109365519901208796E+01    0.523962126728469642E+02    0.521883825702248454E+09    0.102299774587807903E+03   -0.511498872939039515E+02
    0.100508342017758334E+01    0.110982428349700379E+01    0.715751334603822613E+02    0.224698352639218479E+09    0.102261826430302747E+03   -0.511309132151513737E+02
    0.100508342017758334E+01    0.110982428349700379E+01    0.715751334603822613E+02    0.224698352639218479E+09    0.102261826430302747E+03   -0.511309132151513737E+02
    0.193232527561307990E+02    0.110201870834452031E+01    0.710086063352895991E+02    0.284942038123661757E+09    0.102255343394174687E+03   -0.511276716970873437E+02
    0.193232527561307990E+02    0.110201870834452031E+01    0.710086063352895991E+02    0.284942038123661757E+09    0.102255343394174687E+03   -0.511276716970873437E+02
    0.211801001775978008E+02    0.109923495740948507E+01    0.580076755259673078E+02    0.101035365249745917E+10    0.102253220228671097E+03   -0.511266101143355485E+02
    0.228978220283669067E+02    0.110453521438401037E+01    0.595793714270055759E+02    0.999264453228313327E+09    0.102225327916374852E+03   -0.511126639581874258E+02
    0.809364661113359674E+01    0.110130639018115639E+01    0.533153084985649741E+02    0.905971408701323122E+08    0.102224727183977748E+03   -0.511123635919888741E+02
    0.605171502012164986E+01    0.109023091932822114E+01    0.532323397237015143E+02    0.612634737356101155E+09    0.102198428942586133E+03   -0.510992144712930667E+02
    0.914788353576982960E+00    0.110122725203918947E+01    0.513485828562776589E+02    0.841750419521737546E+08    0.102195984105154196E+03   -0.510979920525770979E+02
    0.182965905129105288E+01    0.109488438561400203E+01    0.784640778560973757E+02    0.915478023429288626E+09    0.102189970597225255E+03   -0.510949852986126274E+02
    0.185610479630528822E+02    0.111152763240191232E+01    0.543980319387356133E+02    0.741670466008445024E+09    0.102189223980053114E+03   -0.510946119900265572E+02
    0.185429175101534618E+02    0.111176631433098394E+01    0.555462160669853873E+02    0.589542486795680523E+09    0.102181543740619475E+03   -0.510907718703097373E+02
    0.588429993896120251E+01    0.110835718012457485E+01    0.509789621642042334E+02    0.340613546307017803E+09    0.102162435478769936E+03   -0.510812177393849680E+02
    0.300329097643052698E+02    0.110433791347232391E+01    0.690313066849798105E+02    0.499942718901516914E+09    0.102153837511235011E+03   -0.510769187556175055E+02
    0.488658251938809851E+01    0.109519468106524620E+01    0.644458018433204813E+02    0.278863445115131199E+09    0.102152587286250878E+03   -0.510762936431254388E+02
    0.170650093013535269E+02    0.110094007084512957E+01    0.785771693944187462E+02    0.394012751238350153E+09    0.102139754172833094E+03   -0.510698770864165468E+02
    0.110253209448285041E+02    0.109937817493705015E+01    0.669946565664028242E+02    0.191994626721256167E+09    0.102120840984066632E+03   -0.510604204920333160E+02
    0.110253209448285041E+02    0.109937817493705015E+01    0.669946565664028242E+02    0.191994626721256167E+09    0.102120840984066632E+03   -0.510604204920333160E+02
    0.369399927848836596E+01    0.111665650714340736E+01    0.573349215527149312E+02    0.506959048793967009E+09    0.102118091179543825E+03   -0.510590455897719124E+02
    0.235623467247206229E+02    0.109598831082963577E+01    0.633932877907705787E+02    0.881332914352635384E+09    0.102104546268592628E+03   -0.510522731342963141E+02
    0.166439473030918528E+02    0.109437403038928127E+01    0.598800326990701848E+02    0.427074731139649808E+09    0.102088244851001122E+03   -0.510441224255005608E+02
    0.265390341079727570E+02    0.109632196215774291E+01    0.612266325265949689E+02    0.772456958925691843E+09    0.102080369061596329E+03   -0.510401845307981645E+02
    0.663152031122962793E+01    0.110338944443148423E+01    0.456485686826463706E+02    0.969785981247002721E+09    0.102060147272818412E+03   -0.510300736364092060E+02
    0.191454666139825953E+02    0.109366252138638842E+01    0.584459568543518913E+02    0.856782494730966449E+09    0.102057305229862806E+03   -0.510286526149314028E+02
    0.964603671083705372E+00    0.111562753691408711E+01    0.728079746065426718E+02    0.425128624766121089E+09    0.102028568942583831E+03   -0.510142844712919157E+02
    0.574412358727968275E+01    0.109563792626446221E+01    0.836456602918568706E+02    0.703829902078109622E+09    0.102025080806800389E+03   -0.510125404034001946E+02
    0.191003136363816211E+02    0.109296035258928659E+01    0.679028153182166960E+02    0.632499147332084894E+09    0.101995399178709718E+03   -0.509976995893548590E+02
    0.178962379484865175E+01    0.110628025485584991E+01    0.620585180056923775E+02    0.121279042504612476E+09    0.101964890925954023E+03   -0.509824454629770116E+02
    0.195553773608867196E+02    0.110347630183399703E+01    0.639773593094913551E+02    0.289955939157986104E+09    0.101933687808853080E+03   -0.509668439044265398E+02
    0.592626642955704686E+01    0.110390367879057916E+01    0.685977239650992203E+02    0.108580397179224253E+10    0.101927683306169513E+03   -0.509638416530847564E+02
    0.133336105570204779E+02    0.110691330523599740E+01    0.527061208626646618E+02    0.124806073231389582E+09    0.101922260916107774E+03   -0.509611304580538871E+02
    0.429935123176469070E+01    0.109503552337966603E+01    0.728630680191292015E+02    0.369864761537916720E+09    0.101900681616803354E+03   -0.509503408084016769E+02
    0.937058806207085304E+01    0.110148909699244801E+01    0.560507456502550170E+02    0.107460698450303769E+10    0.101882932011183357E+03   -0.509414660055916784E+02
    0.111886672703093470E+02    0.109122103420079641E+01    0.701919404577607935E+02    0.696723386602189064E+09    0.101879803492505133E+03   -0.509399017462525663E+02
    0.205879929323637931E+02    0.110767619343463619E+01    0.643080523737729095E+02    0.351109038160509646E+09    0.101866737730602225E+03   -0.509333688653011123E+02
    0.913333263003000617E+01    0.110503155272369757E+01    0.460526896212701828E+02    0.761736681709027290E+09    0.101860230083584099E+03   -0.509301150417920496E+02
    0.488981265895095607E+01    0.111087691369056962E+01    0.543079170918183891E+02    0.344936258953528345E+09    0.101852896134159181E+03   -0.509264480670795905E+02
    0.646100574687965423E+01    0.110028990837582064E+01    0.741294506624047500E+02    0.285945946797993839E+09    0.101846430579109409E+03   -0.509232152895547046E+02
    0.123254693057385172E+02    0.110818826506478141E+01    0.543840607515605043E+02    0.356869635206478059E+09    0.101837649048674010E+03   -0.509188245243370048E+02
    0.179537680781569975E+02    0.110315325939893238E+01    0.844624134993401583E+02    0.663578821707030535E+09    0.101831229144495055E+03   -0.509156145722475273E+02
    0.163784361771264706E+02    0.110277672067414967E+01    0.763520658420801368E+02    0.357480128555943549E+09    0.101821729006510850E+03   -0.509108645032554250E+02
    0.176093907037243724E+02    0.110461373166847832E+01    0.610423355959860885E+02    0.226259652807413787E+09    0.101821400015661808E+03   -0.509107000078309042E+02
    0.364160216064778552E+01    0.110441065706306207E+01    0.881826819227022298E+02    0.593931437564751148E+09    0.101816083345654988E+03   -0.509080416728274940E+02
    0.258496392146490273E+02    0.110362680279834624E+01    0.735118159824055226E+02    0.492190992347629666E+09    0.101802318087637047E+03   -0.509011590438185237E+02
    0.208831739132861465E+02    0.111141077859117154E+01    0.694961022786464895E+02    0.535413088863797665E+09    0.101796481624834044E+03   -0.508982408124170220E+02
    0.168473417440781255E+02    0.111290121787733853E+01    0.696745348705414074E+02    0.511171919348942101E+09    0.101789482366749752E+03   -0.508947411833748760E+02
    0.112328490430038208E+02    0.110835687960363827E+01    0.559396353793325503E+02    0.138967377324367881E+09    0.101787886949060763E+03   -0.508939434745303814E+02
    0.895233609257798335E+01    0.110812957550914959E+01    0.558737296684943345E+02    0.117582739384440646E+09    0.101786928498428523E+03   -0.508934642492142615E+02
    0.180063508007791171E+02    0.110065612479369568E+01    0.783161233073348342E+02    0.459342605118821323E+09    0.101783334018940110E+03   -0.508916670094700549E+02
    0.405601925584407841E+01    0.108969336126463356E+01    0.572321005615358587E+02    0.832436456459995866E+09    0.101762618575274587E+03   -0.508813092876372934E+02
    0.118856603646611827E+02    0.111085738688018520E+01    0.518288666173217862E+02    0.736556414110345602E+09    0.101734707915879170E+03   -0.508673539579395850E+02
    0.140368572539519807E+02    0.110688763268283297E+01    0.632340667019875227E+02    0.191430567615379483E+09    0.101715174337770605E+03   -0.508575871688853027E+02
    0.171419453046414922E+02    0.110133648098429648E+01    0.767601277802985322E+02    0.408924608579178751E+09    0.101701757275908420E+03   -0.508508786379542101E+02
    0.603922711156278691E+01    0.109602035126035147E+01    0.673496900107037959E+02    0.328492821453203082E+09    0.101649407894087588E+03   -0.508247039470437940E+02
    0.108451745041842553E+02    0.111344882300452896E+01    0.617811991054727088E+02    0.410984123073591828E+09    0.101648755547714558E+03   -0.508243777738572788E+02
    0.180261263005194579E+02    0.109632715065587028E+01    0.535357476329486488E+02    0.700185769717548132E+09    0.101645940181337821E+03   -0.508229700906689104E+02
    0.201419063563064888E+02    0.109787845403364615E+01    0.554944476558794122E+02    0.607629209043879032E+09    0.101627373486094314E+03   -0.508136867430471568E+02
    0.846061996284410256E+01    0.109098157253721872E+01    0.679140223358236454E+02    0.738608254746035695E+09    0.101612866502548684E+03   -0.508064332512743420E+02
    0.124561277015701410E+02    0.109941996270435838E+01    0.610846830776532670E+02    0.193886393688957006E+09    0.101610727906127750E+03   -0.508053639530638748E+02
    0.814994353553175976E+01    0.110129974523304930E+01    0.695680434116448083E+02    0.252239387811339319E+09    0.101607755317457475E+03   -0.508038776587287373E+02
    0.773801094786577659E+00    0.111564283306885881E+01    0.585173485879601571E+02    0.462433828093470812E+09    0.101603518541363400E+03   -0.508017592706816998E+02
    0.829722874203105576E+01    0.111154604553939040E+01    0.572354679730893281E+02    0.370701659624612987E+09    0.101576094184036435E+03   -0.507880470920182177E+02
    0.203486155993064237E+02    0.111043910386222722E+01    0.643430375366154266E+02    0.509845006364957571E+09    0.101564543637416477E+03   -0.507822718187082387E+02
    0.131592278233320137E+02    0.111397706605229474E+01    0.672083105605724711E+02    0.575250548333983421E+09    0.101529092407290292E+03   -0.507645462036451462E+02
    0.475817829109695012E+01    0.110082629163832424E+01    0.526833769359472015E+02    0.108510397424410343E+09    0.101521969232099337E+03   -0.507609846160496687E+02
    0.212563791776097872E+02    0.109671078982085213E+01    0.706468593568063881E+02    0.600501788080904961E+09    0.101462608249166166E+03   -0.507313041245830831E+02
    0.189861493364095786E+02    0.110100393636617788E+01    0.607461855068370937E+02    0.362548134413348258E+09    0.101462112040906518E+03   -0.507310560204532592E+02
    0.173791470981866922E+02    0.110635318533887927E+01    0.569888366479266679E+02    0.923885182877222061E+09    0.101460926701316168E+03   -0.507304633506580842E+02
    0.167451804672974376E+02    0.110019690304977846E+01    0.815809382419696050E+02    0.638227012818158507E+09    0.101446011718522229E+03   -0.507230058592611144E+02
    0.224156697508104799E+02    0.110055798203434319E+01    0.767002408689718322E+02    0.614307689940316796E+09    0.101386124647946858E+03   -0.506930623239734288E+02
    0.122528155003273991E+02    0.110832601408485987E+01    0.742872508265423619E+02    0.383634646157361567E+09    0.101382725611244865E+03   -0.506913628056224326E+02
    0.140570217248040183E+02    0.110341382040439084E+01    0.524060049489135409E+02    0.471793847772941053E+09    0.101375521985398365E+03   -0.506877609926991823E+02
    0.148516792226969780E+02    0.110310763058728534E+01    0.607881166997848581E+02    0.181038770813955098E+09    0.101361006955430099E+03   -0.506805034777150496E+02
    0.961968167698019450E+01    0.110158388793655315E+01    0.521473020821109827E+02    0.156677949945234120E+09    0.101360354405209705E+03   -0.506801772026048525E+02
    0.223034230421035744E+02    0.110348155974170270E+01    0.766266270139549448E+02    0.760772959956390738E+09    0.101347903287974958E+03   -0.506739516439874791E+02
    0.484886900546972477E+01    0.111309064777121103E+01    0.759035298519142003E+02    0.521895960023178816E+09    0.101346779425435585E+03   -0.506733897127177926E+02
    0.917674308228912672E+01    0.110141260622673176E+01    0.594895542105453785E+02    0.242985034824211508E+09    0.101326426117040725E+03   -0.506632130585203626E+02
    0.734617565215768126E-01    0.110695794847604212E+01    0.563072158991425340E+02    0.244094865427610636E+09    0.101314103995569752E+03   -0.506570519977848761E+02
    0.172565287373114629E+02    0.109724894858556721E+01    0.633830546173239995E+02    0.908015404754555583E+09    0.101304206756461099E+03   -0.506521033782305494E+02
    0.113279699441903130E+02    0.110145702573161208E+01    0.587711465455004856E+02    0.323888948320615292E+09    0.101299285105585682E+03   -0.506496425527928409E+02
    0.253834955073502710E+01    0.109445521357596154E+01    0.731219025414219033E+02    0.483072305537225544E+09    0.101295988999213449E+03   -0.506479944996067246E+02
    0.111731164653312902E+02    0.109844094777423984E+01    0.809751375858759275E+02    0.745161582607420564E+09    0.101290097875107335E+03   -0.506450489375536677E+02
    0.300448623446173535E+01    0.109165011970180736E+01    0.609775141735211434E+02    0.875533280242431045E+09    0.101277909691745663E+03   -0.506389548458728314E+02
    0.144735951790135253E+02    0.110761337821611550E+01    0.787566434315526180E+02    0.773976809706934452E+09    0.101265659119879075E+03   -0.506328295599395375E+02
    0.522702963650059349E+01    0.109940587724198902E+01    0.843455525856766855E+02    0.641309168145510316E+09    0.101263013541615891E+03   -0.506315067708079454E+02
    0.963136585059523576E+01    0.110146466914656815E+01    0.485954491213111623E+02    0.789946743457726359E+09    0.101236660007394221E+03   -0.506183300036971104E+02
    0.201121011194754651E+02    0.110375748750889913E+01    0.781705314870631724E+02    0.575541476671949863E+09    0.101234618473685885E+03   -0.506173092368429423E+02
    0.523710247421196140E+01    0.110215802513842842E+01    0.525441482558257178E+02    0.118197613534070596E+09    0.101234472486794289E+03   -0.506172362433971443E+02
    0.116382523438001471E+02    0.109414186667772717E+01    0.634929131200370875E+02    0.520131271603671968E+09    0.101227285625786152E+03   -0.506136428128930760E+02
    0.200523971668153251E+02    0.110974036606674531E+01    0.635179681676196068E+02    0.657678043952990651E+09    0.101218662695186794E+03   -0.506093313475933968E+02
    0.195472389220775149E+02    0.109634298033139910E+01    0.685292801437081920E+02    0.613371046382567286E+09    0.101214709137954429E+03   -0.506073545689772146E+02
    0.652534807023162156E+01    0.109922876198078212E+01    0.706002459227312045E+02    0.326910391377474189E+09    0.101198433439989770E+03   -0.505992167199948852E+02
    0.113812479086860119E+02    0.110423367437405795E+01    0.631439829848441292E+02    0.297253595090026021E+09    0.101193228081970858E+03   -0.505966140409854290E+02
    0.509424237772655086E+01    0.110032008346051624E+01    0.771023183696043333E+02    0.384466104949202240E+09    0.101186100501344782E+03   -0.505930502506723911E+02
    0.254537151866765976E+01    0.110460341719378552E+01    0.503951912850387060E+02    0.143039987089650542E+09    0.101178996678507843E+03   -0.505894983392539217E+02
    0.660852852450032202E+01    0.111346484893123776E+01    0.607218766226740740E+02    0.476247569625270784E+09    0.101162646708194046E+03   -0.505813233540970231E+02
    0.201196832412178672E+01    0.109384835413679560E+01    0.745791487331288749E+02    0.578205002406087518E+09    0.101147294503262742E+03   -0.505736472516313711E+02
    0.633421918651201210E+01    0.110060827760985624E+01    0.595226642808842428E+02    0.219059857909484923E+09    0.101147057258849429E+03   -0.505735286294247146E+02
    0.183436275897469230E+02    0.110586553088066086E+01    0.679082817800967717E+02    0.394359649496754885E+09    0.101112793449814376E+03   -0.505563967249071879E+02
    0.126506523357785845E+02    0.109568386303611187E+01    0.638520887896284037E+02    0.462857634766704738E+09    0.101093329544692608E+03   -0.505466647723463041E+02
    0.948259608763850714E+01    0.110859337495583121E+01    0.628818177362688857E+02    0.342053439676250219E+09    0.101076017037473960E+03   -0.505380085187369801E+02
    0.130943029941498921E+02    0.110948190319011419E+01    0.568196133583542604E+02    0.563178946653910041E+09    0.101065008997503142E+03   -0.505325044987515710E+02
    0.119940131973887976E+02    0.111114237456927922E+01    0.602970024380290823E+02    0.508942185870072603E+09    0.101015450714547882E+03   -0.505077253572739409E+02
    0.371575269438547418E+01    0.109767094962184131E+01    0.559625700715400995E+02    0.100269256274384356E+10    0.101014117103901143E+03   -0.505070585519505713E+02
    0.129765412767724033E+02    0.110274344229575916E+01    0.696498592468390569E+02    0.970036475795029759E+09    0.100999956575168824E+03   -0.504999782875844119E+02
    0.156753389643976835E+02    0.110716116293649369E+01    0.588811975426529770E+02    0.447467485311735630E+09    0.100996704064970686E+03   -0.504983520324853430E+02
    0.661757029308016165E+01    0.110902450059025526E+01    0.572287005433178209E+02    0.378439878675987780E+09    0.100992322237841250E+03   -0.504961611189206252E+02
    0.181896110523959216E+02    0.109784423032272493E+01    0.578176506737602338E+02    0.754716813439249516E+09    0.100991500305537869E+03   -0.504957501527689345E+02
    0.147404537696895250E+02    0.110325339067110195E+01    0.528567345180539050E+02    0.690659296632570982E+09    0.100976578537112374E+03   -0.504882892685561870E+02
    0.169469145037437272E+02    0.110632081753851863E+01    0.678208598850605000E+02    0.888423785493806958E+09    0.100975272855609603E+03   -0.504876364278048015E+02
    0.300618725488936356E+01    0.109412647961901843E+01    0.637304316354861839E+02    0.451345734512356520E+09    0.100920739564649040E+03   -0.504603697823245199E+02
    0.892620018278609351E+01    0.110709676943894220E+01    0.699386410965870340E+02    0.955595853343576312E+09    0.100911135006863745E+03   -0.504555675034318725E+02
    0.153567478809052940E+02    0.110634073527481380E+01    0.787997773911284298E+02    0.638794299423773170E+09    0.100899039940390168E+03   -0.504495199701950838E+02
    0.110716681838121755E+01    0.109678913020900248E+01    0.549772239247076442E+02    0.413028012416673303E+09    0.100896042798521250E+03   -0.504480213992606252E+02
    0.660062155940952167E+01    0.111142833249678352E+01    0.733009229994699467E+02    0.483528929234444141E+09    0.100882074562901252E+03   -0.504410372814506260E+02
    0.145865782052755000E+01    0.110637911048576854E+01    0.564108472623351389E+02    0.195947800794796407E+09    0.100880418057974310E+03   -0.504402090289871552E+02
    0.222685182292105033E+01    0.110885969024877595E+01    0.601828165315290278E+02    0.994628951798290372E+09    0.100876895592554291E+03   -0.504384477962771456E+02
    0.256880743119999044E+01    0.109270576516608897E+01    0.647279468422563156E+02    0.560560123119986415E+09    0.100868911926235938E+03   -0.504344559631179692E+02
    0.696213185510476862E+01    0.110118333574360827E+01    0.751141231542718657E+02    0.390243940755491972E+09    0.100831886990654141E+03   -0.504159434953270704E+02
    0.142874065160387680E+02    0.109805352575343074E+01    0.743386359279909641E+02    0.569424456238034129E+09    0.100831587983763455E+03   -0.504157939918817277E+02
    0.472339189877162369E+01    0.109862423291225242E+01    0.578495694265799472E+02    0.624641121000786901E+09    0.999198561506216265E+02   -0.499599280753108133E+02
    0.417742458591687971E+01    0.110615128007975927E+01    0.637817173928490320E+02    0.615445473057913065E+09    0.994327646842524473E+02   -0.497163823421262236E+02
    0.724184197404830421E+01    0.109934743593382533E+01    0.543309912568266071E+02    0.602149381700777054E+09    0.100431026321222561E+03   -0.502155131606112803E+02
    0.495552076388688700E+01    0.110217094156471496E+01    0.728594091237927444E+02    0.401309139912734866E+09    0.100295453973743690E+03   -0.501477269868718452E+02
    0.223623903542533320E+01    0.110747505098365462E+01    0.646003596253863890E+02    0.822746046139818311E+09    0.997378021957631233E+02   -0.498689010978815617E+02
    0.681123816377672231E+01    0.110197332744986753E+01    0.697018904734462978E+02    0.671746880871230125E+09    0.993479629571100418E+02   -0.496739814785550209E+02
    0.681123816377672231E+01    0.110197332744986753E+01    0.697018904734462978E+02    0.671746880871230125E+09    0.993479629571100418E+02   -0.496739814785550209E+02
    0.244980871242061271E+01    0.110354438241679165E+01    0.628229322348135426E+02    0.341553440944806814E+09    0.100307139491337409E+03   -0.501535697456687046E+02
    0.589100187204494929E+01    0.110335663317992783E+01    0.536303519617960873E+02    0.670845562988453984E+09    0.100221289220164209E+03   -0.501106446100821046E+02
    0.680211714974012893E+00    0.109380783508735746E+01    0.700251030121596472E+02    0.645346152563133359E+09    0.100498681094358872E+03   -0.502493405471794361E+02
    0.166410606932983924E+02    0.110014325568970128E+01    0.575772968630891029E+02    0.645835515774335623E+09    0.100679299241016764E+03   -0.503396496205083821E+02
    0.102427085857995852E+02    0.110411441508978059E+01    0.549845810706674385E+02    0.764647495807253718E+09    0.100326813957061134E+03   -0.501634069785305670E+02
    0.547587040637440153E-01    0.109921386129276510E+01    0.552493881261442397E+02    0.378293610292288840E+09    0.100696430146672412E+03   -0.503482150733362062E+02
    0.856508864336959386E+00    0.110930560621294982E+01    0.719139256367286492E+02    0.570895158788143873E+09    0.998261066018218202E+02   -0.499130533009109101E+02
    0.104193760135170077E+01    0.110488740535062790E+01    0.701384927845172541E+02    0.918867190142850041E+09    0.100034946652933940E+03   -0.500174733264669698E+02
    0.934358851512575406E+01    0.110088009152194588E+01    0.761904268164075233E+02    0.847044046807329774E+09    0.100627613483868004E+03   -0.503138067419340018E+02
    0.358002388539979499E+01    0.111085713346408732E+01    0.742209904857741947E+02    0.771640813163363218E+09    0.100560676542286814E+03   -0.502803382711434068E+02
    0.623654863775841495E+01    0.109916182761841186E+01    0.586051397615423468E+02    0.605320336201639056E+09    0.998946010619759051E+02   -0.499473005309879525E+02
    0.139029649053910687E+01    0.111223251529941258E+01    0.623016754576600320E+02    0.727604027247820497E+09    0.100292985234878941E+03   -0.501464926174394705E+02
    0.165070897967344798E+02    0.110260605811426737E+01    0.646041134302491713E+02    0.791207075873568177E+09    0.100236792705874478E+03   -0.501183963529372392E+02
    0.148776771257503038E+01    0.110256468210230962E+01    0.569561002273372594E+02    0.832083297386328816E+09    0.997164311038710309E+02   -0.498582155519355155E+02
    0.169729603715568089E+02    0.110178206859629069E+01    0.770592159852254213E+02    0.649114818443065047E+09    0.100678443164621370E+03   -0.503392215823106852E+02
    0.463272137905423786E+01    0.110628283579971987E+01    0.527008595540823990E+02    0.459635951464753568E+09    0.100821418772770713E+03   -0.504107093863853564E+02
    0.597833720200335428E+01    0.109813057510552881E+01    0.512503514761172738E+02    0.740294494183297753E+09    0.100707631633131086E+03   -0.503538158165655432E+02
    0.677035691729600053E+01    0.110279386792499623E+01    0.696228845061645814E+02    0.631422238748696327E+09    0.993564587607377803E+02   -0.496782293803688901E+02
    0.651567653427366178E+01    0.109533377358871453E+01    0.637098199440182498E+02    0.906222591115500093E+09    0.100755477173953381E+03   -0.503777385869766903E+02
    0.422576561464062017E+01    0.109486227623015830E+01    0.669106945224017835E+02    0.645732352645500898E+09    0.100219894083123734E+03   -0.501099470415618669E+02
    0.760889244872536397E+00    0.110486656561386187E+01    0.720520755987674306E+02    0.971126796584278345E+09    0.100572417756409976E+03   -0.502862088782049881E+02
    0.768019934068616816E+01    0.110405669429393849E+01    0.641974316035484236E+02    0.488005819628401220E+09    0.997018637878571496E+02   -0.498509318939285748E+02
    0.595354588622806880E+01    0.109997318968845681E+01    0.683249158967251304E+02    0.695245754806489348E+09    0.993903786558741160E+02   -0.496951893279370580E+02
    0.595354588622806880E+01    0.109997318968845681E+01    0.683249158967251304E+02    0.695245754806489348E+09    0.993903786558741160E+02   -0.496951893279370580E+02
    0.106325682262561081E+02    0.109837484432541221E+01    0.683718099867520550E+02    0.465888556557194233E+09    0.100450648558047988E+03   -0.502253242790239938E+02
    0.216352979682476709E+01    0.109976275150605085E+01    0.523098738012275390E+02    0.516609909587929130E+09    0.100609347233312292E+03   -0.503046736166561459E+02
    0.123512825101903516E+02    0.110025639573336154E+01    0.713163537961438152E+02    0.623616674184097886E+09    0.999594195848990523E+02   -0.499797097924495262E+02
    0.208399757756653603E+01    0.110270803725817057E+01    0.561584611679437629E+02    0.189085428232953817E+09    0.100670065779881725E+03   -0.503350328899408623E+02
    0.305905458246714623E+01    0.109886533445684997E+01    0.707159665910163255E+02    0.560821302579099417E+09    0.996889769075689287E+02   -0.498444884537844644E+02
    0.103732872684257793E+01    0.110318420096746395E+01    0.695346560432841443E+02    0.429580773406533241E+09    0.996754960702879771E+02   -0.498377480351439885E+02
    0.793137823348164872E+01    0.110353698213565199E+01    0.635237300469599830E+02    0.475429103045158207E+09    0.997516690580381180E+02   -0.498758345290190590E+02
    0.123656359203174055E+02    0.110237941601790590E+01    0.644558855349529125E+02    0.465865266280471623E+09    0.100082649716904427E+03   -0.500413248584522137E+02
    0.103773648165275070E+02    0.110449031188174707E+01    0.625667883314918285E+02    0.561422044720720291E+09    0.998008310795957527E+02   -0.499004155397978764E+02
    0.163884733157848572E+01    0.109652838450419177E+01    0.550641141887381806E+02    0.789153543832675219E+09    0.100212071455739562E+03   -0.501060357278697808E+02
    0.323563457087283624E+01    0.109770787992616592E+01    0.678704792858110579E+02    0.418719838457663774E+09    0.100369122381771433E+03   -0.501845611908857165E+02
    0.844936754489411790E+01    0.109524688109856760E+01    0.637712409931616619E+02    0.610990557810939431E+09    0.100414311555276740E+03   -0.502071557776383699E+02
    0.362012606610004228E+00    0.109714945620594206E+01    0.665815182406271617E+02    0.451533241079268754E+09    0.100139307305266925E+03   -0.500696536526334626E+02
    0.154337545830841147E+02    0.110014831744633579E+01    0.729997747181496948E+02    0.796138509684835792E+09    0.100580396751911678E+03   -0.502901983759558391E+02
    0.206726040245257936E+01    0.109547294597147782E+01    0.706457941539752738E+02    0.626610578317978621E+09    0.100174056392763930E+03   -0.500870281963819650E+02
    0.380850053376416975E+01    0.109686577849844258E+01    0.609278356602736011E+02    0.518860379482960045E+09    0.100155373977875172E+03   -0.500776869889375860E+02
    0.118459346599577048E+00    0.109286193168042001E+01    0.631362725618839420E+02    0.609104654137615681E+09    0.100580013144083466E+03   -0.502900065720417331E+02
    0.101648933809817912E+02    0.109883487766187948E+01    0.625235832667978570E+02    0.543180490902095795E+09    0.100075605424119843E+03   -0.500378027120599214E+02
    0.647399101817571498E+01    0.110413701422676991E+01    0.565396687281403771E+02    0.441940789181892037E+09    0.100275735768842821E+03   -0.501378678844214107E+02
    0.292290187285688452E+01    0.109858134057236012E+01    0.551997788963024902E+02    0.624317793867200613E+09    0.100131298353840421E+03   -0.500656491769202106E+02
    0.772042004576322771E+01    0.110403392220029017E+01    0.582765463598044349E+02    0.956146352765735507E+09    0.100486346448773077E+03   -0.502431732243865383E+02
    0.876869099517140960E+01    0.110456907064045273E+01    0.801110613978440114E+02    0.661971780793388009E+09    0.100411331614370283E+03   -0.502056658071851416E+02
    0.545367034192837963E+01    0.111152810037712535E+01    0.580962939933754399E+02    0.497254730491369486E+09    0.100800153253236601E+03   -0.504000766266183007E+02
    0.120781944361605902E+02    0.109929616084656168E+01    0.670349577429472703E+02    0.933142375917685628E+09    0.100725222829287617E+03   -0.503626114146438084E+02
    0.504064939696206427E+01    0.110193131194225669E+01    0.672955446079666331E+02    0.101426816535014093E+10    0.100777103346723209E+03   -0.503885516733616043E+02
    0.118616975368454511E+02    0.109572294444592022E+01    0.562542618847845759E+02    0.731545398345549226E+09    0.100805102985061637E+03   -0.504025514925308187E+02
    0.190956273449745524E+02    0.110002331554166277E+01    0.666745315012825301E+02    0.729277267530514359E+09    0.100447516636052995E+03   -0.502237583180264977E+02
    0.580286934917223007E+01    0.109729101614747071E+01    0.715743155043768127E+02    0.570596595058071733E+09    0.100152127815276629E+03   -0.500760639076383143E+02
    0.536637909163167581E+01    0.111062275554156398E+01    0.682410237293573232E+02    0.506204530862739027E+09    0.100274843834465031E+03   -0.501374219172325155E+02
    0.468729567166831718E+01    0.110354808740911703E+01    0.730946613040358528E+02    0.405897913903093219E+09    0.100242489687763907E+03   -0.501212448438819536E+02
    0.193335792238000348E+01    0.110248833966132853E+01    0.577784111777027078E+02    0.415363502460058331E+09    0.100015684986842899E+03   -0.500078424934214496E+02
    0.259726561466845318E+01    0.109628821393294662E+01    0.525523872882918823E+02    0.651049088419686079E+09    0.100705881602824746E+03   -0.503529408014123732E+02
    0.208025166305049014E+01    0.110318855433711249E+01    0.739880162172376998E+02    0.341788940710035622E+09    0.100793585977984677E+03   -0.503967929889923383E+02
    0.141240829441114197E+02    0.110112891263194634E+01    0.710776712165096569E+02    0.571609536592516065E+09    0.100111593485218435E+03   -0.500557967426092176E+02
    0.317536522871439386E+01    0.109574286081029371E+01    0.686555679629894655E+02    0.897561448176454306E+09    0.100655293323242148E+03   -0.503276466616210740E+02
    0.296645232565313277E+01    0.109520775467686504E+01    0.560355722395241571E+02    0.868954278101399899E+09    0.100615507866531146E+03   -0.503077539332655732E+02
    0.154651716213436918E+01    0.111116587466180095E+01    0.594292633292076289E+02    0.395665051185847223E+09    0.100756633448762045E+03   -0.503783167243810226E+02
    0.164221925966369326E+02    0.110271638504185132E+01    0.682044134048342698E+02    0.745030373542833328E+09    0.100101434791315540E+03   -0.500507173956577702E+02
    0.172197621980011739E+01    0.109978429197354677E+01    0.658561755163064362E+02    0.900243293373182178E+09    0.998420649229955615E+02   -0.499210324614977807E+02
    0.377251876264180863E+01    0.110333540380457173E+01    0.586769153388673601E+02    0.436216525064016640E+09    0.999178131079062268E+02   -0.499589065539531134E+02
    0.117054000686472133E+02    0.110112046436418143E+01    0.651131152112431835E+02    0.834792623788163304E+09    0.100008232796252400E+03   -0.500041163981262002E+02
    0.446824197527371947E+01    0.110597587786824958E+01    0.546711065346585414E+02    0.387436698757109642E+09    0.100794121937903455E+03   -0.503970609689517275E+02
    0.294745688779489756E+00    0.110442658106890779E+01    0.552047088572287592E+02    0.610244617886627316E+09    0.998814068358905729E+02   -0.499407034179452864E+02
    0.686410343619047048E+01    0.110360926358754519E+01    0.570805806501081037E+02    0.772875193298901677E+09    0.998546255543713954E+02   -0.499273127771856977E+02
    0.105201276156905958E+02    0.109804764942192934E+01    0.634284784570546520E+02    0.567334777336111426E+09    0.100137837985677606E+03   -0.500689189928388032E+02
    0.790547463697792629E+01    0.109480427580947826E+01    0.637167868636061243E+02    0.570297738589860320E+09    0.100585277866522546E+03   -0.502926389332612729E+02
    0.935006095350845534E+01    0.109778011782076357E+01    0.668672923178023666E+02    0.706027649890149117E+09    0.998818550485348453E+02   -0.499409275242674227E+02
    0.890841836757702232E+01    0.110325686583813853E+01    0.582485720244896399E+02    0.350904025058027029E+09    0.100801985793383082E+03   -0.504009928966915410E+02
