    0.400688066801987901E+02    0.111843622648825125E+01    0.176885414709453812E+02    0.856343222473218203E+09    0.851361338489530226E+02   -0.425680669244765113E+02
    0.168630095897376151E+02    0.108883446604253997E+01    0.819950233983260546E+02    0.365170589085747153E+08    0.838325138382084702E+02   -0.419162569191042351E+02
    0.382604687883072216E+02    0.113606216643080371E+01    0.982039737406950337E+02    0.385891221174182355E+09    0.836718405173871815E+02   -0.418359202586935908E+02
    0.528833817443569032E+02    0.108017008519344793E+01    0.695811330293626753E+02    0.640481515829602033E+08    0.836450537341169280E+02   -0.418225268670584640E+02
    0.573014960870619134E+02    0.103833030226922207E+01    0.200268952634578028E+02    0.216307944599855766E+08    0.836234172949257868E+02   -0.418117086474628934E+02
    0.260556804440574084E+02    0.115789037093096359E+01    0.131809787550607247E+02    0.185635295983841754E+08    0.821449408851106568E+02   -0.410724704425553284E+02
    0.351438019865273565E+01    0.112045003585382785E+01    0.947621535752295188E+02    0.539153171331471875E+08    0.819787208053287770E+02   -0.409893604026643885E+02
    0.971109447753704700E+02    0.104723837348328819E+01    0.502609111667083663E+01    0.417860413181391120E+09    0.819772983438555514E+02   -0.409886491719277757E+02
    0.493499552301893587E+02    0.103385141882117915E+01    0.384769238558017008E+02    0.612749890804035664E+09    0.808349966764802161E+02   -0.404174983382401081E+02
    0.791923998268624985E+02    0.110614341218555223E+01    0.510960511124142016E+02    0.547435983414238766E+08    0.806490892367914824E+02   -0.403245446183957412E+02
    0.265290141105651855E+02    0.110239262437583174E+01    0.831870019435882568E+02    0.145124335247821920E+08    0.806447279131324422E+02   -0.403223639565662211E+02
    0.476693461312827722E+02    0.113235594042498766E+01    0.206352254829851205E+02    0.238400830583322108E+09    0.804970285884554357E+02   -0.402485142942277179E+02
    0.240965374642547161E+02    0.111469309972896569E+01    0.878748529314505475E+02    0.847376798684110940E+08    0.802950654751967505E+02   -0.401475327375983753E+02
    0.294499045874386596E+02    0.101551521868773587E+01    0.272875755948921928E+02    0.387801263263756707E+08    0.798645494715555202E+02   -0.399322747357777601E+02
    0.495228991541522916E+02    0.112138241971885888E+01    0.761444106176111859E+02    0.181945069024107099E+09    0.795454375165389536E+02   -0.397727187582694768E+02
    0.791918205203557051E+02    0.108824425865115382E+01    0.374953619736729422E+02    0.486952056393380240E+08    0.794167627702413199E+02   -0.397083813851206600E+02
    0.178217887878417969E+02    0.111889873738820844E+01    0.567796230316162109E+01    0.100515497935278956E+08    0.793543351445338487E+02   -0.396771675722669244E+02
    0.542872941367876738E+01    0.111744797870620349E+01    0.874533871263810454E+02    0.726534498055282712E+09    0.793139570463087580E+02   -0.396569785231543790E+02
    0.320040386920371773E+02    0.110396084822555141E+01    0.774887311605312163E+02    0.370121743951092362E+08    0.792843744052075294E+02   -0.396421872026037647E+02
    0.752974848083634374E+01    0.104636868415373607E+01    0.467091411705959203E+02    0.176045917688231617E+09    0.791591290598702102E+02   -0.395795645299351051E+02
    0.591903511479096522E+02    0.106783016665423092E+01    0.510792942697076455E+02    0.279958950430811822E+09    0.790327778768601092E+02   -0.395163889384300546E+02
    0.107440844856386235E+02    0.105191716362229570E+01    0.226573132617482180E+02    0.111981540224574227E+08    0.789878928534728288E+02   -0.394939464267364144E+02
    0.674444445389053300E+02    0.105899623629548234E+01    0.371751270369613067E+02    0.299837985140983164E+09    0.785834692334920817E+02   -0.392917346167460408E+02
    0.318476371349065133E+02    0.110984635068956572E+01    0.771172777714253357E+02    0.156256782911582235E+08    0.784394380095488941E+02   -0.392197190047744471E+02
    0.412394606556347298E+02    0.104923671296472776E+01    0.226966323733921378E+02    0.311018849696233161E+08    0.782923468073497588E+02   -0.391461734036748794E+02
    0.493172142318707074E+02    0.114458520421841436E+01    0.378684587163973276E+02    0.269195317227954939E+08    0.782658995680027090E+02   -0.391329497840013545E+02
    0.672756096416287050E+02    0.104526467186417449E+01    0.247858542340254751E+02    0.212604619416553468E+09    0.778422099679715416E+02   -0.389211049839857708E+02
    0.705303448453082069E+02    0.106570969239678681E+01    0.109134171403147491E+02    0.242812909700052381E+09    0.776528428251664451E+02   -0.388264214125832225E+02
    0.211543585967363263E+02    0.110504182998488454E+01    0.941776215954832630E+01    0.307501750444874644E+09    0.776417609621816496E+02   -0.388208804810908248E+02
    0.455202569072054288E+02    0.110250586122244010E+01    0.553268292150920331E+02    0.206779298495967649E+08    0.776026935991199593E+02   -0.388013467995599797E+02
    0.934421426102226604E+01    0.111361711579973055E+01    0.926518786263674627E+02    0.226810836190976918E+09    0.774336957218777115E+02   -0.387168478609388558E+02
    0.220597807085325996E+02    0.112535919961330388E+01    0.558234389490433180E+01    0.139144914635337681E+09    0.774251563886139138E+02   -0.387125781943069569E+02
    0.324538004648784693E+02    0.108374317394530739E+01    0.316990422726726955E+02    0.209656617745518126E+08    0.771044900397844373E+02   -0.385522450198922186E+02
    0.531554204693636763E+02    0.112400307397274624E+01    0.374556943317294895E+02    0.240877558667063303E+08    0.770955304694621617E+02   -0.385477652347310809E+02
    0.678460916541206558E+02    0.109431583533826116E+01    0.406320615262917499E+02    0.606874762088706344E+08    0.770778363197710519E+02   -0.385389181598855259E+02
    0.654888575792495828E+02    0.108505088256129345E+01    0.325990113815646367E+02    0.131667746433581680E+09    0.770756316304662761E+02   -0.385378158152331380E+02
    0.480244633958309706E+02    0.108289265577457017E+01    0.552471037615524523E+02    0.164507680410459578E+09    0.770632327836991351E+02   -0.385316163918495675E+02
    0.298599004745483398E+02    0.109762690319057743E+01    0.588057696819305420E+02    0.202223883180340528E+08    0.770443660233319321E+02   -0.385221830116659660E+02
    0.128823689774398051E+02    0.108014660981402533E+01    0.686942105131653875E+02    0.251176134845776677E+09    0.770401920524996626E+02   -0.385200960262498313E+02
    0.558255126735871343E+02    0.108505464276005892E+01    0.385852640954905155E+02    0.291168897201463640E+09    0.770135287597962872E+02   -0.385067643798981436E+02
    0.582898070445471674E+02    0.109427060902289863E+01    0.185762705352369579E+02    0.100623017631281376E+09    0.769853383204772683E+02   -0.384926691602386342E+02
    0.309078290364962815E+00    0.113198730475416642E+01    0.808583232153970357E+02    0.627573679553749084E+09    0.769738945833254888E+02   -0.384869472916627444E+02
    0.274921598705448105E+02    0.107941690674458490E+01    0.457148178182551774E+02    0.153293367395884395E+08    0.769571413700016507E+02   -0.384785706850008253E+02
    0.395590288055467454E+02    0.104998429350217481E+01    0.344983701002021022E+02    0.922351056813714504E+08    0.769322322521086051E+02   -0.384661161260543025E+02
    0.117281408432176590E+02    0.114676317685608464E+01    0.125223880381542472E+02    0.187895923039149046E+09    0.769104349693683389E+02   -0.384552174846841694E+02
    0.203256099912517527E+02    0.108672591288008191E+01    0.567341270062513559E+02    0.130494127666756641E+08    0.768955791941181275E+02   -0.384477895970590637E+02
    0.490293005356158460E+02    0.113913724072125389E+01    0.348541475050916887E+02    0.132482481841122117E+08    0.768808285257509851E+02   -0.384404142628754926E+02
    0.487615652701321078E+01    0.115400461446083336E+01    0.205459610953911707E+02    0.166103712578195557E+08    0.768763401639595685E+02   -0.384381700819797842E+02
    0.603733305386531427E+02    0.111875873952535865E+01    0.465111897135183767E+02    0.527146128479920700E+08    0.767942171802833684E+02   -0.383971085901416842E+02
    0.414562074670456440E+02    0.111540303357199333E+01    0.410152754274406064E+02    0.287185028768588424E+09    0.767459850701824280E+02   -0.383729925350912140E+02
    0.208021826195010391E+02    0.112676091889480823E+01    0.723215847524429112E+01    0.129981481748536527E+09    0.767095196578543437E+02   -0.383547598289271718E+02
    0.144547918598216576E+02    0.108097977569979053E+01    0.709203455786046355E+01    0.681625112631696582E+09    0.766956727252536012E+02   -0.383478363626268006E+02
    0.641310541705739610E+02    0.105774935655426860E+01    0.248971902689573845E+02    0.268033082258457541E+09    0.766891866426565230E+02   -0.383445933213282615E+02
    0.161394769179710842E+02    0.103544977859293263E+01    0.320465645026563593E+02    0.144181106482586145E+09    0.766863890089525455E+02   -0.383431945044762728E+02
    0.149736906715712106E+02    0.111708251667680103E+01    0.810617291165886940E+02    0.106481740199773505E+09    0.766686700023842889E+02   -0.383343350011921444E+02
    0.263766744453170148E+02    0.106878489248715369E+01    0.482639313932187548E+02    0.102929738922131479E+09    0.766379382485538372E+02   -0.383189691242769186E+02
    0.108377543783227317E+02    0.112236003511131011E+01    0.893168402383175817E+02    0.221159360397178262E+09    0.766123203174172716E+02   -0.383061601587086358E+02
    0.348677920871558982E+02    0.108899082842193495E+01    0.649277202901269135E+02    0.133915936844010890E+09    0.766015770428266336E+02   -0.383007885214133168E+02
    0.409478135244833155E+02    0.113401500309501957E+01    0.350997096203304864E+02    0.180608214351364300E+08    0.764461356095760749E+02   -0.382230678047880374E+02
    0.652223229408264160E+02    0.105697151902725883E+01    0.159762501716613770E+01    0.109783270687944755E+09    0.764319532702624542E+02   -0.382159766351312271E+02
    0.380101856331295238E+02    0.108794404390688237E+01    0.380884008862859602E+02    0.102110239810324535E+08    0.763954588097541034E+02   -0.381977294048770517E+02
    0.529023859862117121E+02    0.106245058804466108E+01    0.337322728101682614E+02    0.106842233257664189E+09    0.763652931426585297E+02   -0.381826465713292649E+02
    0.865198240913633065E+00    0.104727969534935617E+01    0.329896349142443199E+02    0.599711408059640527E+09    0.761879606011568455E+02   -0.380939803005784228E+02
    0.380940683343259749E+02    0.112032055083905147E+01    0.676883553762691861E+02    0.520700854771254882E+08    0.761392967743432791E+02   -0.380696483871716396E+02
    0.317915416380057465E+02    0.110959149771534538E+01    0.353868332314409528E+02    0.354691115524064302E+09    0.761167794687103196E+02   -0.380583897343551598E+02
    0.279503032460057170E+02    0.109511054515864825E+01    0.403246768821645496E+01    0.124320824638770223E+09    0.761065724616821626E+02   -0.380532862308410813E+02
    0.163111397107750022E+02    0.110830826195267895E+01    0.674774201907805917E+02    0.221697505098375604E+08    0.760766471393029491E+02   -0.380383235696514745E+02
    0.452115274410368002E+02    0.112311047744344417E+01    0.513748876730083737E+02    0.197620366188582182E+09    0.760764181567684545E+02   -0.380382090783842273E+02
    0.208633725254274189E+02    0.110854329886107572E+01    0.705343429250040685E+02    0.133409561723127421E+08    0.760520155084695091E+02   -0.380260077542347545E+02
    0.545329051497647033E+01    0.105804543656552830E+01    0.445568530674576380E+02    0.194855974999850303E+09    0.760415915221861809E+02   -0.380207957610930904E+02
    0.311386742261826157E+02    0.113981238478527813E+01    0.667700803616961736E+02    0.101206197976455405E+09    0.760095188077816601E+02   -0.380047594038908301E+02
    0.337913363858723343E+02    0.107334561429497355E+01    0.358705521058724841E+02    0.346146513416913301E+08    0.760021596897889538E+02   -0.380010798448944769E+02
    0.377765234995070358E+02    0.109035656541778092E+01    0.634947736050130800E+02    0.266099839722090751E+09    0.759962326448759171E+02   -0.379981163224379586E+02
    0.213802198177147247E+02    0.113673098427344721E+01    0.699033943800846203E+02    0.284442041981211975E+08    0.759940262158756781E+02   -0.379970131079378390E+02
    0.795168898226436394E+01    0.108291559439697527E+01    0.291129680570356548E+02    0.753316952904371619E+09    0.759840005115372605E+02   -0.379920002557686303E+02
    0.170589653129517380E+02    0.110277643253180258E+01    0.253889812573965798E+02    0.554715209845778704E+09    0.759801602531057654E+02   -0.379900801265528827E+02
    0.360830876676399086E+02    0.102131262060533223E+01    0.189689499688466867E+02    0.744028077580963075E+08    0.759250487111836492E+02   -0.379625243555918246E+02
    0.250905100183282208E+02    0.109498104224719217E+01    0.502768642081662520E+02    0.199861597656127587E+08    0.759086389320908808E+02   -0.379543194660454404E+02
    0.181313422842089480E+02    0.113076909415914129E+01    0.148042722336795940E+02    0.127860272453606613E+08    0.758940769296879978E+02   -0.379470384648439989E+02
    0.112217656251258564E+02    0.115528259929348254E+01    0.453918292336259697E+02    0.946509766970049888E+08    0.758302168420563021E+02   -0.379151084210281510E+02
    0.516873007588892719E+02    0.109226304791012496E+01    0.446278016505736517E+02    0.189296781674180686E+09    0.757612718585821199E+02   -0.378806359292910599E+02
    0.463950659823998208E+02    0.109410608824603162E+01    0.570962613353905724E+02    0.776695131994595677E+08    0.757524938359361784E+02   -0.378762469179680892E+02
    0.215662110239188110E+02    0.105798947298226920E+01    0.130136545543556572E+02    0.794794499657326579E+09    0.757485074905134184E+02   -0.378742537452567092E+02
    0.448595370145193613E+02    0.101343742016808802E+01    0.752195975250737181E+01    0.132039979439740613E+09    0.757455579383482416E+02   -0.378727789691741208E+02
    0.417880330437621836E+02    0.107972491581709074E+01    0.749073365343284436E+01    0.184050893991773814E+09    0.757251664389248447E+02   -0.378625832194624223E+02
    0.208889991958515031E+01    0.107762871224444901E+01    0.553023200753836903E+02    0.112983222455605984E+09    0.757095187456150285E+02   -0.378547593728075142E+02
    0.302047381151955143E+02    0.110100225526843443E+01    0.520080902987973559E+01    0.695869185620929748E+08    0.757077182244918845E+02   -0.378538591122459422E+02
    0.296655316783713694E+02    0.108954662651460499E+01    0.121573708692122096E+01    0.735202644414268285E+08    0.757009429679728356E+02   -0.378504714839864178E+02
    0.505366086563534793E+02    0.107277434378238090E+01    0.353336156390609872E+02    0.249104361011426359E+09    0.756830011667772737E+02   -0.378415005833886369E+02
    0.244436999284297123E+02    0.107927839446393170E+01    0.373011246650354735E+02    0.151647861187175084E+08    0.756584350336401030E+02   -0.378292175168200515E+02
    0.686991028328309294E+01    0.107826874018441554E+01    0.430298178589992659E+02    0.305892475999643542E+08    0.756157108324201772E+02   -0.378078554162100886E+02
    0.455269400888515889E+02    0.108830929592561532E+01    0.326531575919469219E+02    0.300662655849963687E+08    0.755718593334578657E+02   -0.377859296667289328E+02
    0.253548312695549853E+02    0.107955685891681985E+01    0.317485058039365597E+02    0.132879893640457224E+08    0.755701453020150211E+02   -0.377850726510075106E+02
    0.546773311226194778E+02    0.102354805629387346E+01    0.166738312539703859E+01    0.149372978293165445E+09    0.754819198103187148E+02   -0.377409599051593574E+02
    0.937115935851616300E+01    0.114600189838768185E+01    0.358167869635066509E+02    0.282913514288356841E+09    0.754673080205632800E+02   -0.377336540102816400E+02
    0.282012356072581376E+02    0.109502206988570738E+01    0.673826269264172453E+02    0.125677514991663128E+09    0.754431134881702690E+02   -0.377215567440851345E+02
    0.425787231556969630E+02    0.113184085345767360E+01    0.210441932324835612E+02    0.700178404986631125E+08    0.754316308369685089E+02   -0.377158154184842545E+02
    0.236493828910061126E+02    0.111393674614681770E+01    0.615130816334325061E+02    0.218072307828996964E+08    0.754219334551585519E+02   -0.377109667275792759E+02
    0.236493828910061126E+02    0.111393674614681770E+01    0.615130816334325061E+02    0.218072307828996964E+08    0.754219334551585519E+02   -0.377109667275792759E+02
    0.425824048262160417E+02    0.107870745067801166E+01    0.454542938794726084E+02    0.164196844866763890E+09    0.754053011315470201E+02   -0.377026505657735100E+02
    0.446639036035867587E+01    0.108659644100836128E+01    0.622383846528691631E+01    0.372119110957321286E+09    0.753938390435887840E+02   -0.376969195217943920E+02
    0.279146306326824138E+02    0.112079500164360213E+01    0.100352329292122473E+02    0.767464966590263695E+08    0.753777567906344643E+02   -0.376888783953172322E+02
    0.224034717036176616E+02    0.105258452909035283E+01    0.190620015092066559E+02    0.728191084693838120E+09    0.753487447318304930E+02   -0.376743723659152465E+02
    0.165496645101847371E+02    0.976490913054485210E+00    0.258238626161032698E+02    0.839251217604102343E+08    0.753225039346514649E+02   -0.376612519673257324E+02
    0.213666180966095975E+01    0.102594422653413164E+01    0.742117473449235465E+01    0.860181969637097597E+09    0.752735524181062772E+02   -0.376367762090531386E+02
    0.448769440565343700E+02    0.101186244909838963E+01    0.715230749091465512E+01    0.854178285424229801E+08    0.752708594521725303E+02   -0.376354297260862651E+02
    0.356153611219218931E+02    0.992729721890118877E+00    0.664020247206831016E+01    0.117806363001780272E+09    0.751549379872503494E+02   -0.375774689936251747E+02
    0.356153611219218931E+02    0.992729721890118877E+00    0.664020247206831016E+01    0.117806363001780272E+09    0.751549379872503494E+02   -0.375774689936251747E+02
    0.456982557477149598E+02    0.110252554787473245E+01    0.462327835334107888E+02    0.149328809037490152E+08    0.750463958126960051E+02   -0.375231979063480026E+02
    0.456982557477149598E+02    0.110252554787473245E+01    0.462327835334107888E+02    0.149328809037490152E+08    0.750463958126960051E+02   -0.375231979063480026E+02
    0.420898643212262229E+02    0.107559622534946175E+01    0.114620752187849799E+02    0.428097515458511710E+08    0.750457972259519295E+02   -0.375228986129759647E+02
    0.329654016355341284E+02    0.112751419791082164E+01    0.661016713003239005E+02    0.178214124096602559E+09    0.750456815844493690E+02   -0.375228407922246845E+02
    0.479233014318519608E+02    0.109649646224400521E+01    0.325001892092284876E+02    0.326987850318878144E+08    0.749647919105579206E+02   -0.374823959552789603E+02
    0.518458489656420412E+02    0.107126799120518501E+01    0.181504629656440670E+02    0.170688948419242918E+09    0.749353718948683536E+02   -0.374676859474341768E+02
    0.451610151024480970E+02    0.108674666612651816E+01    0.126584275881031072E+02    0.549652475995949954E+08    0.748761835798027420E+02   -0.374380917899013710E+02
    0.491255609473264485E+02    0.110157238509271815E+01    0.523208994356786548E+02    0.600614853853005543E+08    0.748558122687262539E+02   -0.374279061343631270E+02
    0.462830673444133183E+02    0.110443109111323912E+01    0.507867959920265548E+02    0.140572553100292683E+09    0.748073323675903055E+02   -0.374036661837951527E+02
    0.462830673444133183E+02    0.110443109111323912E+01    0.507867959920265548E+02    0.140572553100292683E+09    0.748073323675903055E+02   -0.374036661837951527E+02
    0.106573035017655404E+01    0.111472960097902418E+01    0.713652999067897298E+02    0.558256067985094786E+09    0.747774432215268661E+02   -0.373887216107634330E+02
    0.142474225456825643E+01    0.108372378086102428E+01    0.182845537857834017E+02    0.612039708915680528E+09    0.747457965144853347E+02   -0.373728982572426673E+02
    0.511291778752490984E+02    0.105860369932245346E+01    0.733262508516707445E+01    0.545053699046139345E+08    0.746871308248473582E+02   -0.373435654124236791E+02
    0.137786164062466945E+02    0.103615128884010010E+01    0.232499762187026917E+02    0.122446512270393252E+09    0.746794981690478465E+02   -0.373397490845239233E+02
    0.137786164062466945E+02    0.103615128884010010E+01    0.232499762187026917E+02    0.122446512270393252E+09    0.746794981690478465E+02   -0.373397490845239233E+02
    0.396928819224151255E+02    0.107333740792767229E+01    0.634104688216548418E+01    0.170184077180192113E+09    0.746741238427037501E+02   -0.373370619213518751E+02
    0.406029017865888733E+02    0.113033520412590693E+01    0.217301610353095320E+02    0.599859246819283366E+08    0.746722422213588573E+02   -0.373361211106794286E+02
    0.406029017865888733E+02    0.113033520412590693E+01    0.217301610353095320E+02    0.599859246819283366E+08    0.746722422213588573E+02   -0.373361211106794286E+02
    0.223151268366759972E+02    0.110343207376351371E+01    0.695777891972206106E+02    0.104688832688345417E+09    0.745824538088931774E+02   -0.372912269044465887E+02
    0.357673609993866535E+02    0.106926553108747391E+01    0.377475167789822379E+02    0.167358485448885709E+09    0.745722492000080450E+02   -0.372861246000040225E+02
    0.486000930511905551E+02    0.107540815961739522E+01    0.194881630010869316E+02    0.128182741143773928E+09    0.745167673700808564E+02   -0.372583836850404282E+02
    0.399719702668664070E+02    0.105390438589909285E+01    0.142932605897171499E+02    0.383394634749847054E+09    0.744375814189399989E+02   -0.372187907094699995E+02
    0.399719702668664070E+02    0.105390438589909285E+01    0.142932605897171499E+02    0.383394634749847054E+09    0.744375814189399989E+02   -0.372187907094699995E+02
    0.713775449645545290E+01    0.109835250936878737E+01    0.203676027459485489E+02    0.173218719051406160E+08    0.743937248778261733E+02   -0.371968624389130866E+02
    0.235436073010049407E+01    0.109278432257944269E+01    0.142655588656171588E+02    0.373296784584822714E+09    0.743887161586850141E+02   -0.371943580793425070E+02
    0.336164651977477860E+02    0.106929837328480182E+01    0.412341007771950441E+01    0.239431662292790622E+09    0.743846089692873704E+02   -0.371923044846436852E+02
    0.336164651977477860E+02    0.106929837328480182E+01    0.412341007771950441E+01    0.239431662292790622E+09    0.743846089692873704E+02   -0.371923044846436852E+02
    0.150732818070782990E+02    0.105073155908903626E+01    0.159422118573667593E+02    0.668089314468518138E+09    0.743511414266703667E+02   -0.371755707133351834E+02
    0.318658582333786136E+02    0.100536744543915324E+01    0.740190056292234111E+01    0.114633184973622859E+09    0.743095011261283673E+02   -0.371547505630641837E+02
    0.478516967090401764E+02    0.105931826148945296E+01    0.571730248636447147E+01    0.114337742834215045E+09    0.742906585905366512E+02   -0.371453292952683256E+02
    0.103896225729582046E+02    0.114746577184709198E+01    0.573542521132984433E+02    0.498504576207570583E+08    0.742645360928007250E+02   -0.371322680464003625E+02
    0.351182994371415802E+02    0.107860672058954421E+01    0.429726283834446487E+01    0.673479608942143917E+08    0.742232853187172879E+02   -0.371116426593586439E+02
    0.198026646205216394E+01    0.111579283229379156E+01    0.764641978190330462E+02    0.112942487292054668E+09    0.741833820067584497E+02   -0.370916910033792249E+02
    0.337188554894036656E+02    0.105911845328087462E+01    0.305051834167010050E+02    0.247082906097983658E+09    0.741736994181537881E+02   -0.370868497090768940E+02
    0.116995912252186027E+02    0.113039536981651434E+01    0.235638499718097734E+02    0.107974402106802072E+08    0.741589612510983613E+02   -0.370794806255491807E+02
    0.116995912252186027E+02    0.113039536981651434E+01    0.235638499718097734E+02    0.107974402106802072E+08    0.741589612510983613E+02   -0.370794806255491807E+02
    0.443472155105096491E+02    0.108125720531709657E+01    0.326531260038589224E+02    0.126811943426954553E+09    0.741061324038455354E+02   -0.370530662019227677E+02
    0.443472155105096491E+02    0.108125720531709657E+01    0.326531260038589224E+02    0.126811943426954553E+09    0.741061324038455354E+02   -0.370530662019227677E+02
    0.384245181717525881E+02    0.110931821451939494E+01    0.553289460422813164E+02    0.127434454979041487E+09    0.740920288317611551E+02   -0.370460144158805775E+02
    0.245405748742138528E+02    0.104482074149040183E+01    0.251316628799880988E+02    0.229956412261616677E+09    0.740679678638428385E+02   -0.370339839319214192E+02
    0.342628847218070032E+01    0.114400432222832249E+01    0.581264459011044536E+02    0.136843301460603215E+08    0.740587856730330003E+02   -0.370293928365165002E+02
    0.342628847218070032E+01    0.114400432222832249E+01    0.581264459011044536E+02    0.136843301460603215E+08    0.740587856730330003E+02   -0.370293928365165002E+02
    0.482370706642311760E+02    0.107607511322722771E+01    0.169226773768672416E+02    0.616867787016271055E+08    0.740532313642233078E+02   -0.370266156821116539E+02
    0.955349905382676923E+01    0.108730276997053155E+01    0.247143735276799639E+02    0.492898158910542190E+09    0.740132665508136540E+02   -0.370066332754068270E+02
    0.115166032731527181E+02    0.106540740670882750E+01    0.323865433386681190E+02    0.395060955912352860E+09    0.740106265706109525E+02   -0.370053132853054763E+02
    0.428100310636924331E+01    0.111071220149307748E+01    0.664115155182716848E+02    0.107240466424856912E+08    0.739852199283106842E+02   -0.369926099641553421E+02
    0.428100310636924331E+01    0.111071220149307748E+01    0.664115155182716848E+02    0.107240466424856912E+08    0.739852199283106842E+02   -0.369926099641553421E+02
    0.330620464043867273E+02    0.107191849598250544E+01    0.354722397577761228E+02    0.189616912356046349E+09    0.739555914313980622E+02   -0.369777957156990311E+02
    0.461499541297541693E+01    0.105073865528015320E+01    0.294209832682393468E+02    0.159051259252810955E+09    0.739288460912837735E+02   -0.369644230456418867E+02
    0.252688814539919733E+02    0.102448857485211708E+01    0.973149234386088224E+01    0.493815736477931678E+09    0.738942847331109931E+02   -0.369471423665554966E+02
    0.488460493029682397E+02    0.106517612189415023E+01    0.170350705178693218E+02    0.671582540339073539E+08    0.738930697443254729E+02   -0.369465348721627365E+02
    0.189119043161479397E+02    0.106988708429611568E+01    0.403653039395940922E+02    0.220271935482375294E+09    0.738056148642853174E+02   -0.369028074321426587E+02
    0.189119043161479397E+02    0.106988708429611568E+01    0.403653039395940922E+02    0.220271935482375294E+09    0.738056148642853174E+02   -0.369028074321426587E+02
    0.134431750914618107E+02    0.106404667060390734E+01    0.261085482904377564E+01    0.443784944675391912E+08    0.737956188961749717E+02   -0.368978094480874859E+02
    0.134431750914618107E+02    0.106404667060390734E+01    0.261085482904377564E+01    0.443784944675391912E+08    0.737956188961749717E+02   -0.368978094480874859E+02
    0.158039916856189784E+02    0.109443386182924707E+01    0.491827341536144260E+02    0.167570069573323093E+08    0.737786384736868115E+02   -0.368893192368434057E+02
    0.158039916856189784E+02    0.109443386182924707E+01    0.491827341536144260E+02    0.167570069573323093E+08    0.737786384736868115E+02   -0.368893192368434057E+02
    0.108437290346972190E+02    0.106232074604294935E+01    0.136584643942015660E+02    0.540403965194910526E+09    0.737720821042472465E+02   -0.368860410521236233E+02
    0.382170636711657679E+02    0.110280258135795517E+01    0.258580231595762875E+02    0.120757296590756088E+09    0.737646818275901239E+02   -0.368823409137950620E+02
    0.365286907609551577E+02    0.103437825769052516E+01    0.992509897465366997E+01    0.301330876008575618E+09    0.736748803410953315E+02   -0.368374401705476657E+02
    0.371896496998277399E+02    0.109008572010698868E+01    0.150747045199850191E+02    0.576856410706157163E+08    0.735643091511485920E+02   -0.367821545755742960E+02
    0.114745064608686871E+02    0.107687565515592709E+01    0.208816333764645421E+02    0.335723049926871806E+08    0.735611830070188262E+02   -0.367805915035094131E+02
    0.241804146128665813E+02    0.113756961124285549E+01    0.603254562682829842E+02    0.406561441042676270E+08    0.735477670260839034E+02   -0.367738835130419517E+02
    0.376768852313616165E+02    0.106438455132542731E+01    0.619410085933114996E+01    0.565128273975761980E+08    0.735356130152759988E+02   -0.367678065076379994E+02
    0.247149037980482014E+02    0.103868480219872183E+01    0.152458675616118899E+02    0.338955085679361999E+09    0.735016519978567828E+02   -0.367508259989283914E+02
    0.148000114101396125E+02    0.109633997704314834E+01    0.431747073385723255E+02    0.448917886649473965E+09    0.735004955389168231E+02   -0.367502477694584115E+02
    0.148000114101396125E+02    0.109633997704314834E+01    0.431747073385723255E+02    0.448917886649473965E+09    0.735004955389168231E+02   -0.367502477694584115E+02
    0.154941952102688383E+02    0.107928326808011854E+01    0.208094448770797769E+02    0.333570378874935210E+09    0.734403080889518947E+02   -0.367201540444759473E+02
    0.439630794084363146E+02    0.107205715463106488E+01    0.190640946115638599E+02    0.737200330376683325E+08    0.734334690206577534E+02   -0.367167345103288767E+02
    0.439630794084363146E+02    0.107205715463106488E+01    0.190640946115638599E+02    0.737200330376683325E+08    0.734334690206577534E+02   -0.367167345103288767E+02
    0.317736780327275916E+02    0.113439045665196159E+01    0.358373082414051396E+02    0.296557173143459223E+08    0.734202705362639989E+02   -0.367101352681319995E+02
    0.276944182178686802E+02    0.109993350371757237E+01    0.120435064086701402E+02    0.655996155542131737E+08    0.734191102791279064E+02   -0.367095551395639532E+02
    0.293233990669250488E+02    0.106773395201465848E+01    0.492175221443176270E+01    0.127565109010063052E+09    0.733179402075832343E+02   -0.366589701037916171E+02
    0.293233990669250488E+02    0.106773395201465848E+01    0.492175221443176270E+01    0.127565109010063052E+09    0.733179402075832343E+02   -0.366589701037916171E+02
    0.158576946597620978E+02    0.112196053384838312E+01    0.606598796877815474E+02    0.113185833442521039E+08    0.733176987619754073E+02   -0.366588493809877036E+02
    0.879063539554663875E+00    0.107176385336719227E+01    0.333429444953124232E+02    0.351735506951314390E+09    0.733170328302441874E+02   -0.366585164151220937E+02
    0.383363390320369035E+02    0.109127573739813633E+01    0.433792746233389508E+02    0.111193852149523720E+09    0.733067200589138110E+02   -0.366533600294569055E+02
    0.383363390320369035E+02    0.109127573739813633E+01    0.433792746233389508E+02    0.111193852149523720E+09    0.733067200589138110E+02   -0.366533600294569055E+02
    0.561420420453643221E+01    0.112186073098237293E+01    0.268901088081243813E+02    0.100320672138678320E+08    0.733004685276441990E+02   -0.366502342638220995E+02
    0.561420420453643221E+01    0.112186073098237293E+01    0.268901088081243813E+02    0.100320672138678320E+08    0.733004685276441990E+02   -0.366502342638220995E+02
    0.380394647860442916E+02    0.109187558999032097E+01    0.242152366922840940E+02    0.449879366657929569E+08    0.732968569996517232E+02   -0.366484284998258616E+02
    0.388321375409048954E+02    0.104166115861184649E+01    0.885217879005261998E-01    0.272815227489649296E+09    0.732896924262082621E+02   -0.366448462131041310E+02
    0.388321375409048954E+02    0.104166115861184649E+01    0.885217879005261998E-01    0.272815227489649296E+09    0.732896924262082621E+02   -0.366448462131041310E+02
    0.433730984517045002E+02    0.108260140485638101E+01    0.250807247018926880E+02    0.647545286159354895E+08    0.732217990266256891E+02   -0.366108995133128445E+02
    0.433730984517045002E+02    0.108260140485638101E+01    0.250807247018926880E+02    0.647545286159354895E+08    0.732217990266256891E+02   -0.366108995133128445E+02
    0.249060523483040512E+02    0.110117046961796783E+01    0.169780030464522085E+02    0.123241606809572875E+09    0.731860232979259706E+02   -0.365930116489629853E+02
    0.411804365071774257E+02    0.104179650382798838E+01    0.213762584559028690E+00    0.736218250191394687E+08    0.731849333076399375E+02   -0.365924666538199688E+02
    0.231181576953721279E+01    0.112294699727162306E+01    0.260569176222348773E+02    0.272964280132019520E+09    0.731067401011883646E+02   -0.365533700505941823E+02
    0.231181576953721279E+01    0.112294699727162306E+01    0.260569176222348773E+02    0.272964280132019520E+09    0.731067401011883646E+02   -0.365533700505941823E+02
    0.135143300251989071E+02    0.102806417564503683E+01    0.971821332816569416E+01    0.488007451279941499E+09    0.731015585602745119E+02   -0.365507792801372560E+02
    0.135143300251989071E+02    0.102806417564503683E+01    0.971821332816569416E+01    0.488007451279941499E+09    0.731015585602745119E+02   -0.365507792801372560E+02
    0.230122885735422429E+02    0.114580507289990807E+01    0.422337253399537857E+02    0.610314194380459562E+08    0.730581596629105832E+02   -0.365290798314552916E+02
    0.371088291826724799E+02    0.108287621796844347E+01    0.160169439232708584E+02    0.621817710961863771E+08    0.730532542840484211E+02   -0.365266271420242106E+02
    0.371088291826724799E+02    0.108287621796844347E+01    0.160169439232708584E+02    0.621817710961863771E+08    0.730532542840484211E+02   -0.365266271420242106E+02
    0.340530756331666566E+02    0.105287275412265924E+01    0.554114548457015399E+01    0.128044976974860951E+09    0.730425700287903652E+02   -0.365212850143951826E+02
    0.207607335495661651E+02    0.109051257393607059E+01    0.362102849957239599E+02    0.308810799107231438E+09    0.730311816470606061E+02   -0.365155908235303031E+02
    0.207607335495661651E+02    0.109051257393607059E+01    0.362102849957239599E+02    0.308810799107231438E+09    0.730311816470606061E+02   -0.365155908235303031E+02
    0.197477507938409822E+02    0.108827137591651502E+01    0.309689473320712843E+02    0.303203689704930484E+09    0.730299452073829798E+02   -0.365149726036914899E+02
    0.238922238349914551E+02    0.109266629675111471E+01    0.564502358436584473E+02    0.149514917156154543E+09    0.729845529366847217E+02   -0.364922764683423608E+02
    0.238922238349914551E+02    0.109266629675111471E+01    0.564502358436584473E+02    0.149514917156154543E+09    0.729845529366847217E+02   -0.364922764683423608E+02
    0.293624997138977051E+02    0.107922441230245325E+01    0.377644658088684082E+02    0.871267735802080184E+08    0.729802911346082226E+02   -0.364901455673041113E+02
    0.505257154839914691E+01    0.989091452929907078E+00    0.518937843113090747E+01    0.376185498165984035E+09    0.729568181449953670E+02   -0.364784090724976835E+02
    0.505257154839914691E+01    0.989091452929907078E+00    0.518937843113090747E+01    0.376185498165984035E+09    0.729568181449953670E+02   -0.364784090724976835E+02
    0.368455344399221607E+01    0.109063048866289369E+01    0.599169442239668939E+02    0.117338197441111594E+09    0.729141117667008842E+02   -0.364570558833504421E+02
    0.116446752822704802E+02    0.111520651947213678E+01    0.590347200294144230E+02    0.119072805708998293E+08    0.729133117926620571E+02   -0.364566558963310285E+02
    0.116446752822704802E+02    0.111520651947213678E+01    0.590347200294144230E+02    0.119072805708998293E+08    0.729133117926620571E+02   -0.364566558963310285E+02
    0.151264939296224092E+02    0.110092995935855931E+01    0.659327002610323802E+02    0.187082298312602162E+09    0.729127789582785795E+02   -0.364563894791392897E+02
    0.151264939296224092E+02    0.110092995935855931E+01    0.659327002610323802E+02    0.187082298312602162E+09    0.729127789582785795E+02   -0.364563894791392897E+02
    0.377955508982502622E+02    0.105891709139811585E+01    0.134846282245690094E+02    0.804444766322941333E+08    0.729085601294504215E+02   -0.364542800647252108E+02
    0.117509742749699981E+02    0.105269095876510432E+01    0.172181159796034642E+02    0.342925087026135385E+09    0.729022541062937819E+02   -0.364511270531468909E+02
    0.311110482763163958E+02    0.107261498107335873E+01    0.260617757496975528E+02    0.123018950699639052E+09    0.728964703159760887E+02   -0.364482351579880444E+02
    0.311110482763163958E+02    0.107261498107335873E+01    0.260617757496975528E+02    0.123018950699639052E+09    0.728964703159760887E+02   -0.364482351579880444E+02
    0.381618290959836628E+02    0.111989370374231512E+01    0.475627677959757236E+02    0.544406154907370582E+08    0.728907207563941029E+02   -0.364453603781970514E+02
    0.381618290959836628E+02    0.111989370374231512E+01    0.475627677959757236E+02    0.544406154907370582E+08    0.728907207563941029E+02   -0.364453603781970514E+02
    0.118224643076797022E+02    0.110501881694175652E+01    0.669504315624836295E+02    0.110232245890481144E+09    0.728814883500762249E+02   -0.364407441750381125E+02
    0.118224643076797022E+02    0.110501881694175652E+01    0.669504315624836295E+02    0.110232245890481144E+09    0.728814883500762249E+02   -0.364407441750381125E+02
    0.315284562577193910E+02    0.110254261192409930E+01    0.283225789578509008E+02    0.334874667038477510E+08    0.728655756613547965E+02   -0.364327878306773982E+02
    0.295302139223958626E+02    0.109015442158178466E+01    0.465263365366866495E+02    0.509996607650619373E+08    0.728542672546601864E+02   -0.364271336273300932E+02
    0.111197961797520986E+02    0.103845353213512848E+01    0.166065689108301662E+02    0.179016388166772664E+09    0.728384880767554534E+02   -0.364192440383777267E+02
    0.111197961797520986E+02    0.103845353213512848E+01    0.166065689108301662E+02    0.179016388166772664E+09    0.728384880767554534E+02   -0.364192440383777267E+02
    0.137392210607454786E+02    0.106149821297908997E+01    0.893901431393554979E+01    0.483268424747583047E+08    0.728282148853268723E+02   -0.364141074426634361E+02
    0.137392210607454786E+02    0.106149821297908997E+01    0.893901431393554979E+01    0.483268424747583047E+08    0.728282148853268723E+02   -0.364141074426634361E+02
    0.166248168881190956E+02    0.113918771815462394E+01    0.252794293702842445E+02    0.115197131174771965E+09    0.728083510191598293E+02   -0.364041755095799147E+02
    0.166248168881190956E+02    0.113918771815462394E+01    0.252794293702842445E+02    0.115197131174771965E+09    0.728083510191598293E+02   -0.364041755095799147E+02
    0.740855453204268777E+01    0.114334765498462199E+01    0.312182714368479992E+02    0.144688706644622982E+08    0.728030974926001164E+02   -0.364015487463000582E+02
    0.740855453204268777E+01    0.114334765498462199E+01    0.312182714368479992E+02    0.144688706644622982E+08    0.728030974926001164E+02   -0.364015487463000582E+02
    0.242223869008127615E+02    0.107364871612155066E+01    0.299446031932420880E+02    0.183319031161980301E+09    0.727925740812742958E+02   -0.363962870406371479E+02
    0.165603754915518699E+02    0.107044082812774999E+01    0.475696965391991178E+01    0.124480871915082052E+09    0.727625767013440168E+02   -0.363812883506720084E+02
    0.319766028335184700E+02    0.111365724821152901E+01    0.446891623127869337E+02    0.148030435553362340E+09    0.727495378768483221E+02   -0.363747689384241610E+02
    0.676973260301745050E+01    0.108632526520276973E+01    0.100689584524745754E+02    0.430698257775222510E+08    0.727399582789757346E+02   -0.363699791394878673E+02
    0.112025078246972054E+02    0.107296519708643712E+01    0.759139009431077660E+01    0.187695341930546671E+09    0.727325240529173414E+02   -0.363662620264586707E+02
    0.267693184147113641E+02    0.102755218559583472E+01    0.639802140601693914E+01    0.976313216422931105E+08    0.727243369963560724E+02   -0.363621684981780362E+02
    0.267693184147113641E+02    0.102755218559583472E+01    0.639802140601693914E+01    0.976313216422931105E+08    0.727243369963560724E+02   -0.363621684981780362E+02
    0.135336797099463162E+02    0.108946357766988777E+01    0.112849418383476667E+02    0.451004906671868935E+08    0.727118973903480992E+02   -0.363559486951740496E+02
    0.326656441548262464E+02    0.107766202820713519E+01    0.307980152541409353E+02    0.877263507829898447E+08    0.727097831891530291E+02   -0.363548915945765145E+02
    0.326656441548262464E+02    0.107766202820713519E+01    0.307980152541409353E+02    0.877263507829898447E+08    0.727097831891530291E+02   -0.363548915945765145E+02
    0.307524039787956625E+02    0.108639339095534027E+01    0.166822006452413198E+02    0.963827264963464737E+08    0.727023389996755611E+02   -0.363511694998377806E+02
    0.887211074704257108E+01    0.112909729719666885E+01    0.459737417022588133E+02    0.298112760908571184E+09    0.726815578526334320E+02   -0.363407789263167160E+02
    0.887211074704257108E+01    0.112909729719666885E+01    0.459737417022588133E+02    0.298112760908571184E+09    0.726815578526334320E+02   -0.363407789263167160E+02
    0.160602923952242271E+02    0.104655597697466374E+01    0.685308375684395532E+01    0.365667125749563992E+09    0.726813309244246000E+02   -0.363406654622123000E+02
    0.414037864300996095E+01    0.107046848022578467E+01    0.551166218581945788E+01    0.192730483982447863E+09    0.726664405906124387E+02   -0.363332202953062193E+02
    0.414037864300996095E+01    0.107046848022578467E+01    0.551166218581945788E+01    0.192730483982447863E+09    0.726664405906124387E+02   -0.363332202953062193E+02
    0.209275948524124082E+02    0.109935169711072445E+01    0.121029794791371739E+02    0.587427110227895007E+08    0.726641153863376132E+02   -0.363320576931688066E+02
    0.310520158737515182E+02    0.106186845740065428E+01    0.820906989836668899E+01    0.994920693644072264E+08    0.726528390560832804E+02   -0.363264195280416402E+02
    0.182886057302593247E+00    0.110263176673092733E+01    0.348285491921869337E+02    0.178236024424092174E+08    0.726352049375013280E+02   -0.363176024687506640E+02
    0.291814898235507947E+01    0.112097978919109709E+01    0.697427727758163911E+02    0.472680110433242694E+08    0.726182264658877443E+02   -0.363091132329438722E+02
    0.174744872829107329E+02    0.112481323251703347E+01    0.512907910106706666E+02    0.246499918983297616E+09    0.725235807818053502E+02   -0.362617903909026751E+02
    0.136394732529392648E+02    0.109291575681031961E+01    0.513932258374978801E+02    0.306447118279838026E+09    0.725177779120229360E+02   -0.362588889560114680E+02
    0.136394732529392648E+02    0.109291575681031961E+01    0.513932258374978801E+02    0.306447118279838026E+09    0.725177779120229360E+02   -0.362588889560114680E+02
    0.207107300661130367E+02    0.108941538964175200E+01    0.346141945135763649E+02    0.332556256756963134E+08    0.724836583768735210E+02   -0.362418291884367605E+02
    0.237155239956543120E+02    0.108665572423512935E+01    0.257326928911073267E+02    0.384384152501807138E+08    0.724749882091025768E+02   -0.362374941045512884E+02
    0.237155239956543120E+02    0.108665572423512935E+01    0.257326928911073267E+02    0.384384152501807138E+08    0.724749882091025768E+02   -0.362374941045512884E+02
    0.126917776150168171E+01    0.106577271269391094E+01    0.208203258276013443E+02    0.286328395396817088E+09    0.724413973398901305E+02   -0.362206986699450653E+02
    0.236799457666616355E+02    0.108733167802013364E+01    0.466689052942532783E+02    0.676708562754544914E+08    0.724333820457298287E+02   -0.362166910228649144E+02
    0.236799457666616355E+02    0.108733167802013364E+01    0.466689052942532783E+02    0.676708562754544914E+08    0.724333820457298287E+02   -0.362166910228649144E+02
    0.300371157248419429E+02    0.112024039600321235E+01    0.539875622443053871E+02    0.473805966553971022E+08    0.724032452782005862E+02   -0.362016226391002931E+02
    0.601423189642452538E+01    0.107255959150245284E+01    0.122405082740793816E+02    0.230112649071320802E+09    0.723831272741270766E+02   -0.361915636370635383E+02
    0.601423189642452538E+01    0.107255959150245284E+01    0.122405082740793816E+02    0.230112649071320802E+09    0.723831272741270766E+02   -0.361915636370635383E+02
    0.327930179752386124E+02    0.109189599237775781E+01    0.210281329958904450E+02    0.806823798923649192E+08    0.723686572053253627E+02   -0.361843286026626814E+02
    0.327930179752386124E+02    0.109189599237775781E+01    0.210281329958904450E+02    0.806823798923649192E+08    0.723686572053253627E+02   -0.361843286026626814E+02
    0.257234232864956658E+01    0.111382159475240505E+01    0.694157874001664368E+02    0.281697433277366877E+09    0.723623458601583707E+02   -0.361811729300791853E+02
    0.257234232864956658E+01    0.111382159475240505E+01    0.694157874001664368E+02    0.281697433277366877E+09    0.723623458601583707E+02   -0.361811729300791853E+02
    0.185109532138070563E+02    0.108923224116860640E+01    0.270022887956499140E+02    0.238372288685819834E+09    0.723537799107807871E+02   -0.361768899553903935E+02
    0.109025888543528318E+02    0.101916368597133289E+01    0.838254046781873008E+01    0.694878262528650612E+08    0.723221798441047952E+02   -0.361610899220523976E+02
    0.109025888543528318E+02    0.101916368597133289E+01    0.838254046781873008E+01    0.694878262528650612E+08    0.723221798441047952E+02   -0.361610899220523976E+02
    0.816534468724175611E+01    0.114873419542381305E+01    0.346865108850166450E+02    0.852899585864470601E+08    0.723108530889687984E+02   -0.361554265444843992E+02
    0.356944975149981181E+01    0.113540451437351830E+01    0.688266882707770691E+02    0.874254513121041954E+08    0.723022755634024747E+02   -0.361511377817012374E+02
    0.221991292173255701E+02    0.110964242118190759E+01    0.542833448650086012E+02    0.191976153978409737E+09    0.722939873170533076E+02   -0.361469936585266538E+02
    0.221991292173255701E+02    0.110964242118190759E+01    0.542833448650086012E+02    0.191976153978409737E+09    0.722939873170533076E+02   -0.361469936585266538E+02
    0.100934862779262460E+02    0.110724501691721300E+01    0.395123468729875782E+02    0.110480923349303678E+08    0.722815584154165833E+02   -0.361407792077082917E+02
    0.217875829082597718E+02    0.106852271177925839E+01    0.914485881391225774E+01    0.102444303927353665E+09    0.722758303656651151E+02   -0.361379151828325575E+02
    0.217875829082597718E+02    0.106852271177925839E+01    0.914485881391225774E+01    0.102444303927353665E+09    0.722758303656651151E+02   -0.361379151828325575E+02
    0.259922542431872046E+02    0.107433757185807921E+01    0.211248040180257881E+02    0.108541291578338906E+09    0.722364372290914645E+02   -0.361182186145457322E+02
    0.259922542431872046E+02    0.107433757185807921E+01    0.211248040180257881E+02    0.108541291578338906E+09    0.722364372290914645E+02   -0.361182186145457322E+02
    0.398182765087206347E+00    0.108413713716906090E+01    0.254780334832869606E+02    0.308884420484623611E+09    0.722350354385238234E+02   -0.361175177192619117E+02
    0.824175353124662990E+01    0.112330949330841379E+01    0.322765894833188298E+02    0.116088507793147359E+08    0.722303949255298505E+02   -0.361151974627649253E+02
    0.907346881136211003E+01    0.110284610375637904E+01    0.466366559041778572E+02    0.168395643780038469E+08    0.721699710807682493E+02   -0.360849855403841246E+02
    0.153618751136243858E+02    0.104102275244616194E+01    0.905775192526421868E+01    0.102931479721482813E+09    0.721161208919818506E+02   -0.360580604459909253E+02
    0.153618751136243858E+02    0.104102275244616194E+01    0.905775192526421868E+01    0.102931479721482813E+09    0.721161208919818506E+02   -0.360580604459909253E+02
    0.124722178285222078E+02    0.111984610896738790E+01    0.393773805945207585E+02    0.115446275233960338E+08    0.721002988702837229E+02   -0.360501494351418614E+02
    0.304920208762779588E+02    0.111056606266256286E+01    0.504506709029186808E+02    0.485841091849853545E+08    0.720962720836063227E+02   -0.360481360418031613E+02
    0.304920208762779588E+02    0.111056606266256286E+01    0.504506709029186808E+02    0.485841091849853545E+08    0.720962720836063227E+02   -0.360481360418031613E+02
    0.151628912033631380E+02    0.106513553991711052E+01    0.132205876645920561E+02    0.173246297396789849E+09    0.720887736827209835E+02   -0.360443868413604918E+02
    0.182691169370764350E+01    0.109440532609151098E+01    0.166829700748907293E+02    0.206743030972446084E+09    0.720878005999394418E+02   -0.360439002999697209E+02
    0.246401409098466715E+02    0.107921858076302279E+01    0.292505119170289554E+02    0.105492174145127192E+09    0.720621851391587995E+02   -0.360310925695793998E+02
    0.246401409098466715E+02    0.107921858076302279E+01    0.292505119170289554E+02    0.105492174145127192E+09    0.720621851391587995E+02   -0.360310925695793998E+02
    0.239139462425640268E+02    0.107051762747305990E+01    0.233830076319353886E+02    0.795049078934934288E+08    0.720488527933103171E+02   -0.360244263966551586E+02
    0.239139462425640268E+02    0.107051762747305990E+01    0.233830076319353886E+02    0.795049078934934288E+08    0.720488527933103171E+02   -0.360244263966551586E+02
    0.552995645821729909E+01    0.100087846280499404E+01    0.222132526040462208E+01    0.116431635571059659E+09    0.720446491168030860E+02   -0.360223245584015430E+02
    0.114016667919929926E+02    0.112306811026486719E+01    0.392519827808628037E+02    0.241967327160542846E+09    0.720363785309736926E+02   -0.360181892654868463E+02
    0.170718469494545850E+02    0.106722350699184365E+01    0.233993760252893175E+02    0.977649699207548946E+08    0.720164266995192861E+02   -0.360082133497596431E+02
    0.170718469494545850E+02    0.106722350699184365E+01    0.233993760252893175E+02    0.977649699207548946E+08    0.720164266995192861E+02   -0.360082133497596431E+02
    0.174801592408918722E+02    0.107044095055523547E+01    0.240799390215648792E+02    0.108824954690322742E+09    0.720013539126231024E+02   -0.360006769563115512E+02
    0.174801592408918722E+02    0.107044095055523547E+01    0.240799390215648792E+02    0.108824954690322742E+09    0.720013539126231024E+02   -0.360006769563115512E+02
    0.268992124343663228E+02    0.109233562426961095E+01    0.439072616122246657E+02    0.150584226006785244E+09    0.720002166341434418E+02   -0.360001083170717209E+02
    0.271477572762849313E+02    0.113308252963596279E+01    0.300114669797203035E+02    0.461027528008754477E+08    0.719773218697270067E+02   -0.359886609348635034E+02
    0.400564938549523464E+00    0.107103760050436048E+01    0.197944805198054397E+02    0.231393150740578413E+09    0.719744731707339724E+02   -0.359872365853669862E+02
    0.159455066759011945E+02    0.113422345566692240E+01    0.590375568069405716E+02    0.125609676984741479E+09    0.719425179679715825E+02   -0.359712589839857912E+02
    0.218692647036718846E+02    0.110545400560480744E+01    0.480418620689531579E+02    0.198145200811907291E+09    0.719150912713231065E+02   -0.359575456356615533E+02
    0.104327005173011731E+02    0.108591110637466559E+01    0.471644004761552793E+02    0.127430998394516349E+09    0.719094531374001491E+02   -0.359547265687000746E+02
    0.928688130983814197E+01    0.113556882128938952E+01    0.527166550271016092E+02    0.216892230211429209E+09    0.719010656734353972E+02   -0.359505328367176986E+02
    0.928688130983814197E+01    0.113556882128938952E+01    0.527166550271016092E+02    0.216892230211429209E+09    0.719010656734353972E+02   -0.359505328367176986E+02
    0.237608151990346990E+02    0.109549106879127289E+01    0.517132425833460942E+02    0.940914171925831288E+08    0.718973102558887547E+02   -0.359486551279443773E+02
    0.237608151990346990E+02    0.109549106879127289E+01    0.517132425833460942E+02    0.940914171925831288E+08    0.718973102558887547E+02   -0.359486551279443773E+02
    0.219112399661979893E+02    0.109611309218509412E+01    0.510134540756969486E+02    0.168934281767279238E+09    0.718954713343817104E+02   -0.359477356671908552E+02
    0.876352595237998067E+01    0.110578195823404490E+01    0.639242990795060422E+02    0.797900364039303362E+08    0.718832126179824087E+02   -0.359416063089912043E+02
    0.182437944230468574E+02    0.103133684039535245E+01    0.350973557352905674E+01    0.153682020673422307E+09    0.718745086605186003E+02   -0.359372543302593002E+02
    0.599339610371460019E+01    0.111283110120272988E+01    0.584357301422949647E+02    0.292720334398287833E+09    0.718538158741042139E+02   -0.359269079370521069E+02
    0.599339610371460019E+01    0.111283110120272988E+01    0.584357301422949647E+02    0.292720334398287833E+09    0.718538158741042139E+02   -0.359269079370521069E+02
    0.193531611825962173E+02    0.108294841212140414E+01    0.191297788853826418E+02    0.130761022329056904E+09    0.718502012135882069E+02   -0.359251006067941034E+02
    0.383288831122980644E+01    0.113766101947742548E+01    0.345696794368560845E+02    0.267815247542854585E+08    0.718477880034101730E+02   -0.359238940017050865E+02
    0.161928862205533655E+02    0.110724798243487932E+01    0.487348905530407563E+02    0.140859363208477162E+08    0.718406470739327432E+02   -0.359203235369663716E+02
    0.161928862205533655E+02    0.110724798243487932E+01    0.487348905530407563E+02    0.140859363208477162E+08    0.718406470739327432E+02   -0.359203235369663716E+02
    0.367449235067473934E+01    0.110171990885368021E+01    0.354526738839046374E+02    0.316886582253855646E+09    0.718356630324351926E+02   -0.359178315162175963E+02
    0.201265147875645702E+02    0.113748477757569910E+01    0.544647823496704362E+02    0.726516372532632798E+08    0.718285878300623182E+02   -0.359142939150311591E+02
    0.103842899122471124E+02    0.109788798024440948E+01    0.598580147225374546E+02    0.178343566910427779E+09    0.718201281112536520E+02   -0.359100640556268260E+02
    0.195032186027383432E+02    0.108882478642985037E+01    0.457089444254934563E+02    0.108186405789106339E+09    0.718179094359454666E+02   -0.359089547179727333E+02
    0.122042590258456745E+02    0.111072593750552784E+01    0.218970278280465998E+02    0.323463651304339394E+08    0.718002949498603869E+02   -0.359001474749301934E+02
    0.155090204203373769E+02    0.112976219442176551E+01    0.603666587285302683E+02    0.405260160315176621E+08    0.717882229115005828E+02   -0.358941114557502914E+02
    0.152613766232302233E+02    0.108627008944831838E+01    0.165574128075141829E+02    0.126601991054335847E+09    0.717865775603482632E+02   -0.358932887801741316E+02
    0.152613766232302233E+02    0.108627008944831838E+01    0.165574128075141829E+02    0.126601991054335847E+09    0.717865775603482632E+02   -0.358932887801741316E+02
    0.246661450752980969E+02    0.111312800681649016E+01    0.236305622728806384E+02    0.501285830611697137E+08    0.717526839243769530E+02   -0.358763419621884765E+02
    0.246661450752980969E+02    0.111312800681649016E+01    0.236305622728806384E+02    0.501285830611697137E+08    0.717526839243769530E+02   -0.358763419621884765E+02
    0.141744013005046519E+02    0.107167353404296417E+01    0.140725982046261855E+02    0.578970339079285339E+08    0.717515972467356846E+02   -0.358757986233678423E+02
    0.417158947894162591E+01    0.101374587423238327E+01    0.491832114829015410E+01    0.148849547673189551E+09    0.717475040869090037E+02   -0.358737520434545019E+02
    0.295495058889294704E+01    0.112741419135381049E+01    0.538738419862179967E+02    0.287918873580644190E+09    0.717412396722222638E+02   -0.358706198361111319E+02
    0.204346959257148325E+00    0.105864971705477195E+01    0.920024408685890194E+01    0.108089024915832028E+09    0.717343315904927721E+02   -0.358671657952463860E+02
    0.204346959257148325E+00    0.105864971705477195E+01    0.920024408685890194E+01    0.108089024915832028E+09    0.717343315904927721E+02   -0.358671657952463860E+02
    0.770890524198035454E+01    0.107849795752941402E+01    0.315645288369570949E+02    0.185851448105078101E+09    0.717274479966253153E+02   -0.358637239983126577E+02
    0.195091224341089529E+02    0.112286397637525726E+01    0.443453338756979676E+02    0.286293503153014556E+08    0.717239772770875987E+02   -0.358619886385437994E+02
    0.195091224341089529E+02    0.112286397637525726E+01    0.443453338756979676E+02    0.286293503153014556E+08    0.717239772770875987E+02   -0.358619886385437994E+02
    0.475086185704449626E+01    0.105621705445326208E+01    0.973135558777511456E+01    0.105044767802777216E+09    0.717190508879832009E+02   -0.358595254439916005E+02
    0.304708019162055201E+02    0.110257578908467790E+01    0.248968713988875336E+02    0.626758037483642921E+08    0.717178764350426547E+02   -0.358589382175213274E+02
    0.166586425078849842E+02    0.110828818088583803E+01    0.444566041737946591E+02    0.287804676364210732E+08    0.717109483570253445E+02   -0.358554741785126723E+02
    0.237499150843457265E+02    0.113189218916343481E+01    0.496797854619313242E+02    0.106268288532257527E+09    0.717016532434099361E+02   -0.358508266217049680E+02
    0.183239098358165613E+02    0.111318306815277168E+01    0.529893524582007345E+02    0.347942587642754987E+08    0.716843653189081067E+02   -0.358421826594540534E+02
    0.841461411236486434E+01    0.108167875270608183E+01    0.298729894095284720E+02    0.225177122450602770E+09    0.716706702483021303E+02   -0.358353351241510651E+02
    0.101174494886938415E+02    0.101523493524498587E+01    0.106212206765118999E+01    0.993683574035894275E+08    0.716677816702347030E+02   -0.358338908351173515E+02
    0.229468487012940585E+02    0.112106684970088710E+01    0.569967878648723527E+02    0.640215933031577989E+08    0.716515908060226394E+02   -0.358257954030113197E+02
    0.643519216753594314E+01    0.110290429539915968E+01    0.632546812417980817E+02    0.191978332373188466E+09    0.716247174260267769E+02   -0.358123587130133885E+02
    0.985126661974203621E+01    0.110238080831586038E+01    0.610787923514338615E+02    0.106933222133253321E+09    0.716132020195373258E+02   -0.358066010097686629E+02
    0.666164096704915387E+01    0.101276283684117696E+01    0.533278454556803561E+00    0.236784663015374362E+09    0.715990420668158265E+02   -0.357995210334079133E+02
    0.208670062674961905E+02    0.113841222155202604E+01    0.463795934339535307E+02    0.881062043642210960E+08    0.715861058234871024E+02   -0.357930529117435512E+02
    0.741490884640573178E+01    0.107011239036176331E+01    0.100193397428727540E+02    0.931517390700820088E+08    0.715797218853022628E+02   -0.357898609426511314E+02
    0.107986637626775224E+02    0.101765928742541312E+01    0.168227725893035224E+00    0.972499531679657698E+08    0.715721549372420469E+02   -0.357860774686210235E+02
    0.112462236361731573E+02    0.108283538793275058E+01    0.155916920226056437E+02    0.118322934193967029E+09    0.715676259651013140E+02   -0.357838129825506570E+02
    0.170518041238363409E+02    0.108480160648093249E+01    0.244531962210829938E+02    0.462735579717380404E+08    0.715582023588890479E+02   -0.357791011794445240E+02
    0.626738094507534171E+01    0.114493404896822759E+01    0.310661132197698748E+02    0.963367188108978868E+08    0.715411522801095714E+02   -0.357705761400547857E+02
    0.315289228371921793E+01    0.112625087625261089E+01    0.612848161693387539E+02    0.255914359848936975E+09    0.715301332366560416E+02   -0.357650666183280208E+02
    0.178204824172555831E+02    0.110466879359889858E+01    0.253732888258559015E+02    0.346988631253776178E+08    0.715246705885737413E+02   -0.357623352942868706E+02
    0.181594190274012242E+02    0.109259879452123188E+01    0.413579460222634410E+02    0.195141154878856242E+09    0.715032327776148975E+02   -0.357516163888074487E+02
    0.243895464620147067E+02    0.113772996606243182E+01    0.413369895742304294E+02    0.696577613052484095E+08    0.714739688115477918E+02   -0.357369844057738959E+02
    0.756216299760131427E+01    0.107165131818479376E+01    0.208088346736830303E+02    0.107338703250908718E+09    0.714732061450324494E+02   -0.357366030725162247E+02
    0.175975314674173156E+02    0.107621935086481502E+01    0.172048048533706677E+02    0.749479679809401333E+08    0.714513599890469919E+02   -0.357256799945234960E+02
    0.212726701695036375E+02    0.108244172003841688E+01    0.182698016239253391E+02    0.714668731687462628E+08    0.714488097298860936E+02   -0.357244048649430468E+02
    0.201978167138424354E+02    0.108658701351641684E+01    0.343480297267334933E+02    0.494377328843042925E+08    0.714486534613895827E+02   -0.357243267306947914E+02
    0.270312771869203194E+01    0.113070037638335674E+01    0.290585162753770661E+02    0.275550135146315955E+08    0.714471157635960168E+02   -0.357235578817980084E+02
    0.308980623461321180E+02    0.111211713633557463E+01    0.433481408398500037E+02    0.596583866946186945E+08    0.714451849735903011E+02   -0.357225924867951505E+02
    0.223321380901323181E+02    0.108901697581246748E+01    0.239745095056624713E+02    0.108774373858765721E+09    0.714441994421580091E+02   -0.357220997210790046E+02
    0.572296912322848073E+01    0.114692048126888513E+01    0.287498091209008919E+02    0.585711536620704532E+08    0.714276456371821951E+02   -0.357138228185910975E+02
    0.149042979004505014E+02    0.110564939039352339E+01    0.590917123709782643E+02    0.646089427328027561E+08    0.714197603822445330E+02   -0.357098801911222665E+02
    0.203395161673730627E+02    0.107964048902830068E+01    0.272119220080930972E+02    0.693352777722483128E+08    0.714117441563146400E+02   -0.357058720781573200E+02
    0.164869203985363590E+02    0.108236444207123506E+01    0.165768529461882039E+02    0.925360607802036107E+08    0.714014455623125315E+02   -0.357007227811562657E+02
    0.155636008816327553E+02    0.113224523014632217E+01    0.436323064106646896E+02    0.137130379748241976E+08    0.713933116306795483E+02   -0.356966558153397742E+02
    0.368242584181479593E+01    0.108605788587542329E+01    0.123568862896951401E+02    0.538740416005809903E+08    0.713882323328924713E+02   -0.356941161664462356E+02
    0.199257135391235352E+02    0.108084573199937428E+01    0.300919413566589355E+02    0.680232903308906257E+08    0.713798693527047305E+02   -0.356899346763523653E+02
    0.167347127453588378E+02    0.109003485464220029E+01    0.223485150407815674E+02    0.143206930135907888E+09    0.713793569959552769E+02   -0.356896784979776385E+02
    0.972605671433972496E+01    0.113795550523903555E+01    0.416541355455490745E+02    0.164770056667507142E+09    0.713777939416650469E+02   -0.356888969708325234E+02
    0.185606698560422849E+02    0.113996852011550387E+01    0.345537562357602539E+02    0.766236741380477250E+08    0.713557458532677344E+02   -0.356778729266338672E+02
    0.475458213870726887E+01    0.109722274020391652E+01    0.562602773228558135E+02    0.260453127625368983E+09    0.713511797089890365E+02   -0.356755898544945182E+02
    0.921782202374724768E+01    0.113953081339417506E+01    0.360004810764624850E+02    0.139559967753963947E+09    0.713458028184073783E+02   -0.356729014092036891E+02
    0.637250970731401534E+01    0.109968297115637736E+01    0.580045010646071830E+02    0.540713091621432528E+08    0.713450027824812310E+02   -0.356725013912406155E+02
    0.295637194765205145E+02    0.109545589953111278E+01    0.351186916502152755E+02    0.538541562344633713E+08    0.713449037507304382E+02   -0.356724518753652191E+02
    0.247787747436493433E+02    0.111486844227911752E+01    0.333527767763944070E+02    0.387811613901212960E+08    0.713447525546126258E+02   -0.356723762773063129E+02
    0.232965050918250327E+01    0.109574733566165161E+01    0.438360604318079368E+02    0.305790692022497393E+08    0.713179852998761419E+02   -0.356589926499380709E+02
    0.297441093996537056E+02    0.111533960878543748E+01    0.410577515878311061E+02    0.573322289725773782E+08    0.713028788367290360E+02   -0.356514394183645180E+02
    0.223076028702874680E+02    0.109425200356980068E+01    0.261124546348889304E+02    0.112003011643732280E+09    0.712967809627515408E+02   -0.356483904813757704E+02
    0.727185092171568659E+01    0.111216558825724054E+01    0.496773144299933520E+02    0.283814942504559308E+08    0.712350702627104795E+02   -0.356175351313552397E+02
    0.148760877979520938E+02    0.108345672231614243E+01    0.251076987784349548E+02    0.502369170144393444E+08    0.712291792695776138E+02   -0.356145896347888069E+02
    0.897650548123435144E+01    0.108677442350497033E+01    0.196014799039212271E+02    0.464867114877205268E+08    0.712289589822696030E+02   -0.356144794911348015E+02
    0.334177259460058895E+01    0.110893958493098244E+01    0.447535097878500210E+02    0.287986979595186949E+09    0.712103345006313191E+02   -0.356051672503156595E+02
    0.367949455475698484E+01    0.110332335794353753E+01    0.251092416310428774E+02    0.201703442542920083E+09    0.712046145016218759E+02   -0.356023072508109379E+02
    0.775466648789045543E+01    0.112499156597559202E+01    0.301141042623479009E+02    0.143925373494823929E+08    0.712018050279372972E+02   -0.356009025139686486E+02
    0.529136185330255326E+01    0.113936670227695824E+01    0.560470564872073709E+02    0.450114666424079314E+08    0.711784010970741150E+02   -0.355892005485370575E+02
    0.203597942122593594E+02    0.111130442654118911E+01    0.236232135336808007E+02    0.753862689685850143E+08    0.711350206443442232E+02   -0.355675103221721116E+02
    0.143498642500473395E+02    0.110270168197066099E+01    0.490710536237953079E+02    0.358373765173227564E+08    0.711206722584013846E+02   -0.355603361292006923E+02
    0.368034316151286056E+01    0.111869294834371935E+01    0.534212652653231572E+02    0.154591439384422284E+08    0.711179007341461755E+02   -0.355589503670730878E+02
    0.587315341110238531E+01    0.109099632050832662E+01    0.368878403095619163E+02    0.359176282058613002E+08    0.710937667284081272E+02   -0.355468833642040636E+02
    0.743613706614552328E+01    0.109995080036536064E+01    0.580092027824435235E+02    0.172095825663386881E+09    0.710793890887264297E+02   -0.355396945443632148E+02
    0.752656807851550536E+01    0.110049841793396319E+01    0.169331672312251591E+02    0.464354295113687143E+08    0.710700612491194477E+02   -0.355350306245597238E+02
    0.108879422509018990E+02    0.112610896817797412E+01    0.435096341553285555E+02    0.159839941391151268E+08    0.710540120467150302E+02   -0.355270060233575151E+02
    0.440832645586435579E+01    0.108500748040524475E+01    0.376080234257326822E+02    0.502909776263995767E+08    0.710525315824783377E+02   -0.355262657912391688E+02
    0.273001813073947508E+01    0.111439010760214940E+01    0.314097860793905070E+02    0.156743223084628247E+08    0.710490205233053302E+02   -0.355245102616526651E+02
    0.116043190168800177E+02    0.109516083747572979E+01    0.184924468612627493E+02    0.106817252171612635E+09    0.710479426178444413E+02   -0.355239713089222207E+02
    0.242000250717826848E+01    0.107537995696188760E+01    0.162311717422646566E+02    0.912659010862759948E+08    0.710463993664686910E+02   -0.355231996832343455E+02
    0.588971201475499040E+01    0.108566088979425990E+01    0.298093573110368553E+02    0.435444493967599943E+08    0.710402961603378742E+02   -0.355201480801689371E+02
    0.229327205416661357E+02    0.113482237573176703E+01    0.378463350106726324E+02    0.746236893410090357E+08    0.710393499981051946E+02   -0.355196749990525973E+02
    0.861366251735770128E+01    0.113679491973220070E+01    0.307272804128352170E+02    0.319103655287966020E+08    0.710199666564742813E+02   -0.355099833282371407E+02
    0.568988795380119372E+00    0.108408293404447487E+01    0.184656891456020915E+02    0.485948639472538233E+08    0.710041983514469166E+02   -0.355020991757234583E+02
    0.170068599392329318E+02    0.109884318422949234E+01    0.504077565008511854E+02    0.531216636790733635E+08    0.710035514228386972E+02   -0.355017757114193486E+02
    0.151039227372193654E+02    0.112331088373560428E+01    0.508675831512271373E+02    0.332959962683738582E+08    0.710024438977281136E+02   -0.355012219488640568E+02
    0.978473841089333796E+01    0.112397808103778285E+01    0.230652682047132274E+02    0.362882759374340102E+08    0.709735225784517354E+02   -0.354867612892258677E+02
    0.149392314335325391E+02    0.109743863017774324E+01    0.216302456858212970E+02    0.463665756247433946E+08    0.709731703084337369E+02   -0.354865851542168684E+02
    0.690728777132541438E+01    0.112622692513639588E+01    0.479274311108534832E+02    0.275822848847599551E+08    0.709505377962554746E+02   -0.354752688981277373E+02
    0.288074162208895723E+01    0.112734656456889026E+01    0.550774696087034528E+02    0.295704179717654102E+08    0.709106168214960633E+02   -0.354553084107480316E+02
    0.695327008120877377E+01    0.110708391414537566E+01    0.385699131616075377E+02    0.287533971842628531E+08    0.709018918434746297E+02   -0.354509459217373148E+02
    0.791074540402495785E+01    0.113943800858577604E+01    0.526430940306213273E+02    0.472287799700697139E+08    0.708964951810591941E+02   -0.354482475905295971E+02
    0.215010478639218361E+01    0.107665580866808019E+01    0.181414790436547584E+02    0.860678811810059100E+08    0.708872799522078196E+02   -0.354436399761039098E+02
    0.178709348218726589E+02    0.109014748569753483E+01    0.367200660974966695E+02    0.503397480574707165E+08    0.708818239479756897E+02   -0.354409119739878449E+02
    0.224974281584467271E+02    0.111711616626472554E+01    0.426332016344837825E+02    0.406798265269617215E+08    0.708722712346963988E+02   -0.354361356173481994E+02
    0.132514262445188162E+02    0.108739745630692264E+01    0.354421783589078530E+02    0.145553588797587872E+09    0.708607716249626947E+02   -0.354303858124813473E+02
    0.715384260785848713E+01    0.111456789808587442E+01    0.379608380232429923E+02    0.284000461221354045E+08    0.708579994524035612E+02   -0.354289997262017806E+02
    0.190637958031146804E+01    0.111190121636944816E+01    0.609907020259306023E+02    0.197106847237152994E+09    0.708495147287788996E+02   -0.354247573643894498E+02
    0.135807228347548534E+02    0.112703824865624669E+01    0.547945624269126057E+02    0.134038671417378202E+09    0.708427144856150335E+02   -0.354213572428075167E+02
    0.160394151763011372E+01    0.108945904215808076E+01    0.311766514967571418E+02    0.220013820252786487E+09    0.708188933972774919E+02   -0.354094466986387459E+02
    0.142756317258939713E+01    0.110719946119203150E+01    0.482987516396451468E+02    0.140109690960655883E+08    0.708138508801330175E+02   -0.354069254400665088E+02
    0.119938594799758969E+01    0.109804176876830528E+01    0.473476553592957288E+02    0.273758368011892498E+09    0.707818771922048313E+02   -0.353909385961024157E+02
    0.658516299982170406E+01    0.109882625124738587E+01    0.440728778848650720E+02    0.246578841499585450E+09    0.707725475330860689E+02   -0.353862737665430345E+02
    0.246237479090763607E+02    0.111226090532125510E+01    0.331704469378121729E+02    0.703975229448309392E+08    0.707239810756909861E+02   -0.353619905378454931E+02
    0.311863126339168151E+01    0.110507255175445418E+01    0.539102850617934379E+02    0.365738282286589444E+08    0.707089039277882279E+02   -0.353544519638941139E+02
    0.157733814894535023E+02    0.109490281956815316E+01    0.344767064436772870E+02    0.159478106115976393E+09    0.707056863303266425E+02   -0.353528431651633213E+02
    0.632861923313124475E+01    0.108416709715659354E+01    0.198425502902150939E+02    0.102932411371568635E+09    0.706960008484105487E+02   -0.353480004242052743E+02
    0.216495926278792652E+02    0.111725743061166782E+01    0.444050035099518041E+02    0.914537453704191744E+08    0.706711808349146366E+02   -0.353355904174573183E+02
    0.242599246127117461E+02    0.110866725026314250E+01    0.410382394469034324E+02    0.836060723425108790E+08    0.706538176727912344E+02   -0.353269088363956172E+02
    0.148848912988492774E+02    0.110062682830809822E+01    0.326949500220788636E+02    0.360044817302126512E+08    0.706330701543217572E+02   -0.353165350771608786E+02
    0.168225195400912391E+02    0.109118362409110881E+01    0.418449724507157512E+02    0.676148479432968199E+08    0.706326809208163269E+02   -0.353163404604081634E+02
    0.102849641886960779E+02    0.113729435800035450E+01    0.533781044132924478E+02    0.779717918625901043E+08    0.706239618894612988E+02   -0.353119809447306494E+02
    0.536412482739220664E+01    0.112867675339185469E+01    0.218679074389748109E+02    0.415450605524171367E+08    0.705988368342092940E+02   -0.352994184171046470E+02
    0.955098161862424000E+01    0.109234483816353434E+01    0.448857158757234345E+02    0.151064808372716695E+09    0.705479666389004478E+02   -0.352739833194502239E+02
    0.159888753378993442E+02    0.109432020887389259E+01    0.336752187149358306E+02    0.137448080928056866E+09    0.705364972671515034E+02   -0.352682486335757517E+02
    0.276130379579515894E+01    0.111557334115815787E+01    0.258279072554072684E+02    0.153588773644915968E+09    0.705255913385834816E+02   -0.352627956692917408E+02
    0.137082660317946337E+01    0.109855443880638526E+01    0.218441313934736989E+02    0.381463220111458078E+08    0.705030587504707285E+02   -0.352515293752353642E+02
    0.100889497116075741E+02    0.113662855473574220E+01    0.395325584325897452E+02    0.344573326098191962E+08    0.704400146830440974E+02   -0.352200073415220487E+02
    0.662861574785711305E+01    0.113832691957798837E+01    0.297643383538565054E+02    0.917459590281468928E+08    0.704232694594232953E+02   -0.352116347297116477E+02
    0.460127626409649615E+01    0.110590599707631321E+01    0.175907976461123816E+02    0.808084296250402778E+08    0.703857493223320887E+02   -0.351928746611660443E+02
    0.334631849911721879E+01    0.109485377093020442E+01    0.415412539294068068E+02    0.210299601171964556E+09    0.703669459888669167E+02   -0.351834729944334583E+02
    0.256831431660297937E+01    0.113697573816913700E+01    0.578965293272842487E+02    0.624475534862505943E+08    0.703563216981500830E+02   -0.351781608490750415E+02
    0.973005279405357193E+01    0.110554506974234101E+01    0.549485463315480871E+02    0.770186804268664420E+08    0.703120718241732305E+02   -0.351560359120866153E+02
    0.110250269479715168E+02    0.112508831025920308E+01    0.250241852697364529E+02    0.474491579771250635E+08    0.703003505979750400E+02   -0.351501752989875200E+02
    0.126432733761827585E+02    0.110396472275746271E+01    0.514293629675347006E+02    0.102180367996054575E+09    0.702927832810561171E+02   -0.351463916405280585E+02
    0.140184770140356161E+02    0.108963641174316517E+01    0.276783964930029782E+02    0.558511857964320779E+08    0.702896956716598140E+02   -0.351448478358299070E+02
    0.102838521996261232E+02    0.112550116062625949E+01    0.399755459086914868E+02    0.151835112389378637E+09    0.702889604049271668E+02   -0.351444802024635834E+02
    0.167794555454379299E+02    0.111940430698728033E+01    0.339337090910769916E+02    0.407933956280727610E+08    0.702857743108504707E+02   -0.351428871554252353E+02
    0.139070427996593722E+02    0.110904097567028925E+01    0.499211876452634229E+02    0.106786972276120484E+09    0.702702963001911343E+02   -0.351351481500955671E+02
    0.810668813497245289E+01    0.109099152978906222E+01    0.244427142959844339E+02    0.494117645352506340E+08    0.702607342740608090E+02   -0.351303671370304045E+02
    0.205748295015486811E+02    0.109865224468648703E+01    0.389374936418670856E+02    0.890312010575332195E+08    0.702507508644002172E+02   -0.351253754322001086E+02
    0.133700592368077515E+02    0.111128056333479797E+01    0.442769773311568073E+02    0.146283209186303556E+09    0.702382865834083105E+02   -0.351191432917041553E+02
    0.266352170454481962E+01    0.111383647696258903E+01    0.477245374425919664E+02    0.206042218656312317E+09    0.702150330873892585E+02   -0.351075165436946293E+02
    0.204822518590499776E+02    0.110876651746545574E+01    0.453735000802727200E+02    0.619122614475962594E+08    0.701922859000780193E+02   -0.350961429500390096E+02
    0.889995977030856533E+00    0.109529629229983150E+01    0.383068112443286992E+02    0.362855603184780478E+08    0.701907186772310894E+02   -0.350953593386155447E+02
    0.153214384855404528E+02    0.109225971206604799E+01    0.278418598693572612E+02    0.557869919255354553E+08    0.701836305147802619E+02   -0.350918152573901310E+02
    0.188814456420683783E+02    0.109779068999650131E+01    0.426783159138230417E+02    0.623772861860491037E+08    0.701678069444636776E+02   -0.350839034722318388E+02
    0.764444920136140293E-01    0.111919095939142887E+01    0.499996883443197007E+02    0.206288158378342152E+09    0.701667876211355690E+02   -0.350833938105677845E+02
    0.172989069410225333E+02    0.109519665174128100E+01    0.413046188434202577E+02    0.701712195191992223E+08    0.701617480478833784E+02   -0.350808740239416892E+02
    0.151076094774303868E+02    0.112102047355380741E+01    0.269524630191259291E+02    0.673029277380882651E+08    0.701595350906978581E+02   -0.350797675453489290E+02
    0.128040454048294556E+02    0.111018433178845233E+01    0.245481860224044901E+02    0.771415874036676884E+08    0.701379727750455970E+02   -0.350689863875227985E+02
    0.286052684848545957E+00    0.112901655407959245E+01    0.546562330332454636E+02    0.343354374586587697E+08    0.701169409022807031E+02   -0.350584704511403515E+02
    0.471442453790552651E+01    0.110108465700285985E+01    0.505204135654590800E+02    0.171516672825758576E+09    0.700752466167852077E+02   -0.350376233083926039E+02
    0.837375452387503039E+01    0.112793385993958539E+01    0.550090209369598711E+02    0.449058515706768185E+08    0.700728579659041344E+02   -0.350364289829520672E+02
    0.104113614178533744E+02    0.110177121543657797E+01    0.279654498727048946E+02    0.117422833773384795E+09    0.700688527832930959E+02   -0.350344263916465479E+02
    0.130447016120196331E+02    0.112689867065853933E+01    0.365881486909470937E+02    0.352607892682114318E+08    0.700557085467329301E+02   -0.350278542733664651E+02
    0.664242074573527219E+01    0.110790230718276694E+01    0.299942980768955465E+02    0.347014324162431285E+08    0.700441090001999243E+02   -0.350220545000999621E+02
    0.169344335206855767E+01    0.111804873890111844E+01    0.589731570122859381E+02    0.676302217350692302E+08    0.700371744875657640E+02   -0.350185872437828820E+02
    0.143785302727863122E+02    0.110571855503055816E+01    0.450512355570105925E+02    0.452281096861449331E+08    0.700216489949889365E+02   -0.350108244974944682E+02
    0.879162973015604798E+01    0.109422369442616585E+01    0.203454347639489015E+02    0.634810027222226784E+08    0.700202828774600334E+02   -0.350101414387300167E+02
    0.105299847762907373E+02    0.109264411189651089E+01    0.300007631657120122E+02    0.511538994675395638E+08    0.699539352565258241E+02   -0.349769676282629121E+02
    0.977704279959716316E-01    0.111430844802649598E+01    0.297128592448123108E+02    0.161574704470392704E+09    0.699455934250373019E+02   -0.349727967125186510E+02
    0.909636284093179803E+01    0.109711637900494052E+01    0.229329770111929463E+02    0.881841172204569876E+08    0.699346534910241502E+02   -0.349673267455120751E+02
    0.665737411140511082E+01    0.110912864438491954E+01    0.203945492118762104E+02    0.660762033666905612E+08    0.699308258799697740E+02   -0.349654129399848870E+02
    0.176876407481755216E+02    0.110036867733508670E+01    0.376429258201739003E+02    0.891724119257773459E+08    0.698887418214571881E+02   -0.349443709107285940E+02
    0.281233461321274247E+00    0.110199173186302368E+01    0.292475187444139628E+02    0.126891719292630866E+09    0.692659234802762569E+02   -0.346329617401381284E+02
    0.100265128123706209E+02    0.110768001489037604E+01    0.283981547360320903E+02    0.563218987160777152E+08    0.693071880536688667E+02   -0.346535940268344334E+02
    0.102704047732789641E+00    0.108760998637836459E+01    0.272681698844205584E+02    0.107157052232308432E+09    0.698889018354924190E+02   -0.349444509177462095E+02
    0.151717749463009408E+02    0.111852310075799721E+01    0.474465466536094738E+02    0.758376508893950135E+08    0.699297391574828566E+02   -0.349648695787414283E+02
    0.190048173561576383E+00    0.110778923971158383E+01    0.541645808406371998E+02    0.126915641362196788E+09    0.695838209622360324E+02   -0.347919104811180162E+02
    0.443571227186679273E+01    0.111044141776222771E+01    0.350430127700724015E+02    0.115021906765151024E+09    0.691584645282726171E+02   -0.345792322641363086E+02
    0.115252304568225465E+02    0.112547721411419022E+01    0.432634232404701038E+02    0.528102807678849325E+08    0.692653207560858135E+02   -0.346326603780429068E+02
    0.680012412394611321E+01    0.112595359443824661E+01    0.306882289911097175E+02    0.921562560685863048E+08    0.694665954126633949E+02   -0.347332977063316974E+02
    0.101976005048546412E+02    0.110575444281067070E+01    0.380768568815379851E+02    0.569973002793454006E+08    0.689716727053063892E+02   -0.344858363526531946E+02
    0.763811515658557871E+00    0.112322092339827284E+01    0.262199811209919815E+02    0.751488331663839072E+08    0.690479855855891174E+02   -0.345239927927945587E+02
    0.365932153274620653E+01    0.112481669059294731E+01    0.418201324629889797E+02    0.449381282463688403E+08    0.687006633680903462E+02   -0.343503316840451731E+02
    0.115879465681296807E+02    0.111397467242433779E+01    0.371439647842090963E+02    0.469125814096710682E+08    0.694034683984662024E+02   -0.347017341992331012E+02
    0.163144576850077688E+00    0.111007901215663907E+01    0.502505800969756038E+02    0.496671531294236779E+08    0.690103549547716710E+02   -0.345051774773858355E+02
    0.725331220241715813E+00    0.113825424795215935E+01    0.389177459441975486E+02    0.365537631693267226E+08    0.697722161647673147E+02   -0.348861080823836573E+02
    0.656879174610071814E+01    0.110291139130192328E+01    0.480900532139238237E+02    0.164711762540734142E+09    0.699080204618168040E+02   -0.349540102309084020E+02
    0.444813942228994552E+01    0.112358468786542187E+01    0.473553676464631863E+02    0.662525891061210036E+08    0.686489205625912433E+02   -0.343244602812956217E+02
    0.229590700128353653E+01    0.110618197495990223E+01    0.400518872954741880E+02    0.115409147040177464E+09    0.688851711943492973E+02   -0.344425855971746486E+02
    0.121210738683396868E+01    0.110191163540554982E+01    0.476118448902059157E+02    0.103686636661449909E+09    0.691147141532106843E+02   -0.345573570766053422E+02
    0.118839821626702005E+02    0.112190182254395654E+01    0.462645603563146679E+02    0.416643177051257566E+08    0.697591614210093809E+02   -0.348795807105046904E+02
    0.749209408484423633E+01    0.110917011357321305E+01    0.541128940367301112E+02    0.688367723033596277E+08    0.698475953262222049E+02   -0.349237976631111025E+02
    0.685590973326766911E-01    0.110248278099494157E+01    0.540650071789168933E+02    0.136438772246966004E+09    0.697476532229106994E+02   -0.348738266114553497E+02
    0.183983026577957460E+02    0.111475830692455946E+01    0.349979098598323191E+02    0.560585728063203171E+08    0.699108481388658873E+02   -0.349554240694329437E+02
    0.738012167782461947E+01    0.111349029655248732E+01    0.470672479138403261E+02    0.700899963251321763E+08    0.690450040583976801E+02   -0.345225020291988400E+02
    0.151053319284523564E+02    0.112112473116163680E+01    0.484227912492566048E+02    0.561611105126889572E+08    0.698798159292347236E+02   -0.349399079646173618E+02
    0.416932316605990660E+01    0.113617301667158022E+01    0.422512453578576839E+02    0.843967726550122350E+08    0.692590646792170332E+02   -0.346295323396085166E+02
    0.154152342515879077E+02    0.110220128414497087E+01    0.287034843992031945E+02    0.642680762574138492E+08    0.696486997231805276E+02   -0.348243498615902638E+02
    0.517885030810839275E+01    0.111591977691584843E+01    0.389053386689549470E+02    0.130436352481968120E+09    0.694053033592834936E+02   -0.347026516796417468E+02
    0.114153347957347595E+02    0.112182133639409165E+01    0.348245825421947686E+02    0.443248009919654131E+08    0.695258744340204800E+02   -0.347629372170102400E+02
    0.952327749360559039E+01    0.110681890143848394E+01    0.379792701312765075E+02    0.688391801457049251E+08    0.688526739368057576E+02   -0.344263369684028788E+02
    0.131772128965703246E+02    0.113100621053799033E+01    0.377124812908491975E+02    0.412822406027911305E+08    0.698535725761334447E+02   -0.349267862880667224E+02
    0.384181357093823594E+01    0.110639637246376399E+01    0.267458452462934098E+02    0.683604540930412263E+08    0.688735267094754278E+02   -0.344367633547377139E+02
    0.176592997149587987E+02    0.112461106271130928E+01    0.423691133463106908E+02    0.719881755244516134E+08    0.698529011823696919E+02   -0.349264505911848460E+02
    0.108101539728977887E+02    0.110176863648383772E+01    0.459617099826671875E+02    0.846081112028283924E+08    0.695361407745142373E+02   -0.347680703872571186E+02
    0.120439797043812327E+02    0.110985519727956805E+01    0.336219747899509116E+02    0.762073071013451219E+08    0.692776764644017931E+02   -0.346388382322008965E+02
    0.264322242450847966E+01    0.112652740386293626E+01    0.382333647121062512E+02    0.381334265964537486E+08    0.689208141617390169E+02   -0.344604070808695084E+02
    0.605870480570075198E+01    0.110710836685505609E+01    0.350155726487327001E+02    0.992683077412745953E+08    0.689684148517730478E+02   -0.344842074258865239E+02
    0.752696263604648585E+01    0.109906102372050629E+01    0.283983926555484949E+02    0.496294780071375370E+08    0.694447087362120072E+02   -0.347223543681060036E+02
    0.977468701879488044E+01    0.112419448480491146E+01    0.397508885366041227E+02    0.405563985827563182E+08    0.693756159062561295E+02   -0.346878079531280648E+02
    0.537222271384509287E+00    0.110017280309451304E+01    0.273859342510615491E+02    0.501458842150126249E+08    0.689844765786605620E+02   -0.344922382893302810E+02
    0.387341429590711650E+01    0.110977486757073418E+01    0.312094781632451408E+02    0.800093223332225978E+08    0.686942199817113988E+02   -0.343471099908556994E+02
    0.325010058823882730E+00    0.111148351027724712E+01    0.327693935050444480E+02    0.639570308366960585E+08    0.681212380984841133E+02   -0.340606190492420566E+02
    0.782730424943834890E+01    0.110303563755448719E+01    0.346265079087356256E+02    0.802727017230890095E+08    0.688846067781226878E+02   -0.344423033890613439E+02
    0.342950446484491778E+01    0.111270586831391527E+01    0.434963712522878367E+02    0.137634652816502035E+09    0.692068568443854275E+02   -0.346034284221927138E+02
    0.547610509090973885E+01    0.111223944702601973E+01    0.374417341357354942E+02    0.137732711735999823E+09    0.694406815519227223E+02   -0.347203407759613611E+02
    0.422051778538090350E+01    0.109851841181054288E+01    0.317657170083973988E+02    0.856355556077946275E+08    0.688643243119728083E+02   -0.344321621559864042E+02
    0.266263465813234834E+01    0.109738465778370586E+01    0.232547365388391718E+02    0.103272279568416074E+09    0.696931914324624984E+02   -0.348465957162312492E+02
    0.135364231251305700E+02    0.110204237041923192E+01    0.383328216573378455E+02    0.485358366126407757E+08    0.696348934817181231E+02   -0.348174467408590615E+02
    0.131771784289540115E+02    0.110000791767369788E+01    0.354240441234966212E+02    0.601130570998658165E+08    0.693042140380206035E+02   -0.346521070190103018E+02
    0.982828260861988312E+01    0.112061091173066640E+01    0.373856856023667277E+02    0.105125788829511002E+09    0.695821166417427435E+02   -0.347910583208713717E+02
    0.733728021276538733E+01    0.111992394191709099E+01    0.284190100732841238E+02    0.465076637442045286E+08    0.695378323575892807E+02   -0.347689161787946404E+02
    0.780799111973141358E+01    0.111142956477673649E+01    0.513729185888613387E+02    0.852514117031793743E+08    0.695577212904955502E+02   -0.347788606452477751E+02
    0.235428394426096643E+01    0.112524308534906203E+01    0.560830534167071519E+02    0.572399963384260163E+08    0.694967315734738378E+02   -0.347483657867369189E+02
    0.115501396664835596E+02    0.109449024425192776E+01    0.298509769872560007E+02    0.905553839754069000E+08    0.697106819441790577E+02   -0.348553409720895289E+02
    0.507167299330354471E+01    0.111323346930061051E+01    0.426841459231475540E+02    0.418828680754900128E+08    0.690963607052056972E+02   -0.345481803526028486E+02
    0.174073314326958943E+02    0.110610490186342747E+01    0.400362012062450177E+02    0.527064162827801034E+08    0.698625609624231032E+02   -0.349312804812115516E+02
    0.179612838477291881E+02    0.112767859165702045E+01    0.427699617276635990E+02    0.653358769161730111E+08    0.697805541289309588E+02   -0.348902770644654794E+02
    0.145847190338154196E+02    0.110124528792359211E+01    0.413248612767056827E+02    0.772828113423156887E+08    0.695744438703334964E+02   -0.347872219351667482E+02
    0.283711968124568026E+01    0.111108067508109731E+01    0.346077573807169756E+02    0.115326345946096539E+09    0.690549552726592992E+02   -0.345274776363296496E+02
    0.414542386665580231E+01    0.113383113296686422E+01    0.404060860752852165E+02    0.992256151500176191E+08    0.692779533452510350E+02   -0.346389766726255175E+02
    0.482658355204613976E+01    0.110448533643597502E+01    0.293784642224776640E+02    0.812970477050002366E+08    0.688880536747348344E+02   -0.344440268373674172E+02
    0.689724286985508339E+01    0.111596616707980800E+01    0.466612134749560425E+02    0.372483371521328390E+08    0.697281626642843122E+02   -0.348640813321421561E+02
    0.102872207433644327E+02    0.110610963980085275E+01    0.283923922005600353E+02    0.620100459822425991E+08    0.692316464419786541E+02   -0.346158232209893271E+02
    0.139300422692765524E+01    0.112445660302882011E+01    0.415305308984848764E+02    0.682501178171396255E+08    0.681732807572680315E+02   -0.340866403786340157E+02
    0.416608077152530409E+01    0.112618714010763443E+01    0.325431706942834609E+02    0.858179881438765377E+08    0.689534673929045709E+02   -0.344767336964522855E+02
    0.276555566886133342E+01    0.112429907506795579E+01    0.373655013994948746E+02    0.413041630047078729E+08    0.687797528466728778E+02   -0.343898764233364389E+02
    0.429027437868822403E+01    0.112588789960775770E+01    0.298082833098557529E+02    0.336759703215428665E+08    0.698961681276681759E+02   -0.349480840638340879E+02
    0.209803221027361753E+01    0.112133838093946747E+01    0.481134255428861906E+02    0.370443939410622865E+08    0.693504795306132991E+02   -0.346752397653066495E+02
    0.102410978049049972E+01    0.111122451441002057E+01    0.420082084385169452E+02    0.464647125096788853E+08    0.685727390644449315E+02   -0.342863695322224658E+02
    0.102410978049049972E+01    0.111122451441002057E+01    0.420082084385169452E+02    0.464647125096788853E+08    0.685727390644449315E+02   -0.342863695322224658E+02
    0.722105662678422355E+01    0.110417464295858792E+01    0.314221414080143475E+02    0.128642403741396233E+09    0.696762758542724328E+02   -0.348381379271362164E+02
    0.308172214122588928E+01    0.112225513426933943E+01    0.571849581172028536E+02    0.689468794640710652E+08    0.697240523281352012E+02   -0.348620261640676006E+02
    0.853639293878128202E+00    0.111435300288890327E+01    0.444401108011036925E+02    0.351218705791432783E+08    0.693371458583000191E+02   -0.346685729291500095E+02
    0.112054899565871602E+01    0.112726811095547963E+01    0.247554554751932585E+02    0.726662126258663982E+08    0.693230787061291807E+02   -0.346615393530645903E+02
    0.324488489409865899E+01    0.112262977199898040E+01    0.373912703295878188E+02    0.417506408493932933E+08    0.688134920555368979E+02   -0.344067460277684489E+02
    0.572592693982791623E+01    0.111087565179201109E+01    0.336107093255584743E+02    0.673831329325469434E+08    0.685671816836295989E+02   -0.342835908418147994E+02
    0.565296345669382116E+01    0.111213475818764129E+01    0.514072011321115383E+02    0.152728548298027843E+09    0.698514740848410156E+02   -0.349257370424205078E+02
    0.122914053526892147E-01    0.111967379668629374E+01    0.390554047212849227E+02    0.497119026147218347E+08    0.682640561195374715E+02   -0.341320280597687358E+02
