    0.514582791150015737E+02    0.136453304047245649E+01    0.124182586844570575E+01    0.121039994499659348E+10    0.341246258843151338E+03   -0.170623129421575669E+03
    0.161689828701515701E+02    0.136006423555613143E+01    0.111173380601636040E+02    0.185838880562923694E+10    0.339981898097436783E+03   -0.169990949048718392E+03
    0.422669630382912942E+02    0.134866176458215192E+01    0.116708921240237089E+02    0.213740029539405560E+10    0.339085973972523050E+03   -0.169542986986261525E+03
    0.698464806568239140E+02    0.135714983215484697E+01    0.192953425979964095E+02    0.211342256656021810E+10    0.338733337985697631E+03   -0.169366668992848815E+03
    0.254717027460823395E+02    0.136140399348764296E+01    0.114866369993305053E+02    0.192585141471067405E+10    0.338305867743707211E+03   -0.169152933871853605E+03
    0.362053090263803412E+02    0.135701034791735053E+01    0.265774048309368567E+02    0.135758625388080311E+10    0.338116475736698476E+03   -0.169058237868349238E+03
    0.772991842124055921E+02    0.136225865134305235E+01    0.456414953813774993E+01    0.135072266745521736E+10    0.337842354857782880E+03   -0.168921177428891440E+03
    0.352342386627674244E+02    0.136498547674773851E+01    0.727429562209451941E+01    0.139471197798646665E+10    0.337309085393926296E+03   -0.168654542696963148E+03
    0.431620545555592869E+02    0.135948391839423377E+01    0.145539325306810721E+02    0.217272007803156137E+10    0.336684004100226389E+03   -0.168342002050113194E+03
    0.696588778614435569E+02    0.136334613042783759E+01    0.107460573827592096E+02    0.161793698719796348E+10    0.336440583281583997E+03   -0.168220291640791999E+03
    0.725111413461906125E+02    0.135467362574274186E+01    0.168371811367600301E+02    0.201158704124492002E+10    0.336353926572880539E+03   -0.168176963286440269E+03
    0.712431210047784305E+02    0.135968030722892430E+01    0.184049193732534633E+02    0.182585827051640272E+10    0.335819758788777733E+03   -0.167909879394388867E+03
    0.796347734577277748E+02    0.135890696676181011E+01    0.290726289464525633E+01    0.141236875745077991E+10    0.335816398095149736E+03   -0.167908199047574868E+03
    0.605702802024615536E+02    0.136272958403781086E+01    0.881365346953525197E+01    0.181257437065733767E+10    0.335687637747008466E+03   -0.167843818873504233E+03
    0.538544572559176444E+02    0.136092968917749069E+01    0.111819623532990047E+02    0.100782429009268522E+10    0.335672047737000241E+03   -0.167836023868500121E+03
    0.409207666014899445E+02    0.136233840053352484E+01    0.260117345273441680E+01    0.127194639187737823E+10    0.335483991430536378E+03   -0.167741995715268189E+03
    0.746931051388065157E+02    0.136245408773451926E+01    0.128957822801845676E+02    0.148014979764320660E+10    0.335268398264114296E+03   -0.167634199132057148E+03
    0.647231055206226813E+02    0.136133866312427010E+01    0.956509442576818003E+01    0.107639365579190707E+10    0.335118077751526016E+03   -0.167559038875763008E+03
    0.322868662426343818E+02    0.135938719139209652E+01    0.207939727516800303E+02    0.173170176970795131E+10    0.335077666859165902E+03   -0.167538833429582951E+03
    0.644759977908549615E+02    0.136280427506752444E+01    0.960836027268967996E+01    0.172014782478728223E+10    0.335046517335353087E+03   -0.167523258667676544E+03
    0.889280722352380906E+02    0.135362098223474225E+01    0.754919097976989306E+01    0.140211228353579950E+10    0.334987055980843536E+03   -0.167493527990421768E+03
    0.651127144663710169E+02    0.134792961361216856E+01    0.133860278638578354E+02    0.139850097552017450E+10    0.334949317414969983E+03   -0.167474658707484991E+03
    0.649147253380202898E+02    0.136151147169755959E+01    0.100008021691008384E+02    0.113755813395032072E+10    0.334919462807684738E+03   -0.167459731403842369E+03
    0.518022787139437284E+02    0.135668486204978622E+01    0.259627761810733375E+02    0.132477549880646944E+10    0.334874731882074116E+03   -0.167437365941037058E+03
    0.594852908840891033E+02    0.135483891530871081E+01    0.325935116528470958E+01    0.105232997054877615E+10    0.334788771220862998E+03   -0.167394385610431499E+03
    0.731732911102641310E+02    0.136076070061679189E+01    0.156827463051754545E+02    0.121233736825602412E+10    0.334654056117795108E+03   -0.167327028058897554E+03
    0.648823710120733352E+02    0.136082678588048100E+01    0.798513285881257584E+01    0.114294363330443478E+10    0.334610727755919470E+03   -0.167305363877959735E+03
    0.669416726116102723E+02    0.135780529174174913E+01    0.195378982567762876E+02    0.103254842028721035E+10    0.334607183316342059E+03   -0.167303591658171030E+03
    0.450993324038840697E+02    0.135303898237577291E+01    0.134428378334578458E+02    0.210391357828020167E+10    0.334291161117608851E+03   -0.167145580558804426E+03
    0.704661817227826077E+02    0.135386623911934034E+01    0.210092434252684068E+01    0.174647900363562894E+10    0.334119663778408437E+03   -0.167059831889204219E+03
    0.426440683718984559E+02    0.136370548466097929E+01    0.104504936825298707E+02    0.127159062536547780E+10    0.334092114662218648E+03   -0.167046057331109324E+03
    0.676813616595280507E+02    0.135883015445811184E+01    0.908518639196408628E+01    0.102564735095059395E+10    0.334076423867476080E+03   -0.167038211933738040E+03
    0.261012441279997525E+02    0.135366924836029501E+01    0.155786527367053331E+02    0.129717991189170170E+10    0.333999240807056992E+03   -0.166999620403528496E+03
    0.493898058102243951E+02    0.135567851795014582E+01    0.628100796345404611E+00    0.119407432856847262E+10    0.333960123011546784E+03   -0.166980061505773392E+03
    0.750426477776107674E+02    0.136083459594938994E+01    0.104308870116315653E+02    0.124398101581552649E+10    0.333924337368148997E+03   -0.166962168684074499E+03
    0.513190072094832104E+02    0.135986209155687110E+01    0.147188755809195904E+01    0.161581731407661581E+10    0.333649007251222201E+03   -0.166824503625611101E+03
    0.321716881236219052E+02    0.135348839956430611E+01    0.166733636856314220E+02    0.180376791284859943E+10    0.333628051960869357E+03   -0.166814025980434678E+03
    0.350619852161959784E+02    0.135950449088306269E+01    0.214161403988039218E+02    0.137623301953951883E+10    0.333617710461148931E+03   -0.166808855230574466E+03
    0.371845800390371579E+02    0.136021882178738185E+01    0.195666055931510421E+02    0.169852163562258959E+10    0.333553754592565667E+03   -0.166776877296282834E+03
    0.795054939889474070E+02    0.135826859443328529E+01    0.545391733715048677E+01    0.153046219792906356E+10    0.333487278890959317E+03   -0.166743639445479658E+03
    0.499255267367950282E+02    0.136391232996025069E+01    0.116349968906826202E+02    0.142639679827331018E+10    0.333451015143305028E+03   -0.166725507571652514E+03
    0.710262899352335211E+02    0.135700554634442749E+01    0.135468355380044176E+02    0.101079162121660697E+10    0.333442414631185557E+03   -0.166721207315592778E+03
    0.538728875169504775E+02    0.136063055505217934E+01    0.220571509445404779E+02    0.139338073907796144E+10    0.333431190154614967E+03   -0.166715595077307484E+03
    0.269052977896531580E+02    0.135923850619123843E+01    0.868050246336056119E+01    0.172679917553485751E+10    0.333294748968013550E+03   -0.166647374484006775E+03
    0.423528202053476690E+02    0.135425289164050056E+01    0.471029644485993992E+00    0.158791512676176643E+10    0.333238201250452903E+03   -0.166619100625226451E+03
    0.327506693669031250E+02    0.135896649627379418E+01    0.118433339441386778E+02    0.111053085090430903E+10    0.333196351700142372E+03   -0.166598175850071186E+03
    0.370176734996207273E+02    0.136159043846642591E+01    0.174293850037458071E+02    0.130618058246768808E+10    0.333043536770108290E+03   -0.166521768385054145E+03
    0.365745175975058459E+02    0.136268344330258873E+01    0.962976240335775202E+01    0.130946464776401162E+10    0.332983276983025974E+03   -0.166491638491512987E+03
    0.329099588489330870E+02    0.135684647577406325E+01    0.202096484157674290E+02    0.124908801423450494E+10    0.332976954084555814E+03   -0.166488477042277907E+03
    0.281611592553032715E+02    0.135984256906973200E+01    0.689401620472132315E+01    0.136225268677714491E+10    0.332941850036262508E+03   -0.166470925018131254E+03
    0.716263985443262499E+02    0.135763231326955247E+01    0.313513708714202499E+01    0.123987027695499063E+10    0.332863078148817976E+03   -0.166431539074408988E+03
    0.404430914786308833E+02    0.135872761287019173E+01    0.221233707884847135E+02    0.127116475184566903E+10    0.332831941753082731E+03   -0.166415970876541365E+03
    0.661298644022377005E+02    0.135719892712927503E+01    0.206750073514822503E+02    0.178106299421495771E+10    0.332743997259281628E+03   -0.166371998629640814E+03
    0.277076640537694736E+02    0.135866518851622575E+01    0.130403438043813882E+02    0.121831398687355208E+10    0.332714084900404487E+03   -0.166357042450202243E+03
    0.794452377195049593E+02    0.135925521615040190E+01    0.101117063619799730E+02    0.150973341367901611E+10    0.332604896422000991E+03   -0.166302448211000495E+03
    0.272552442452946906E+02    0.135907626825943328E+01    0.109907013846596548E+02    0.173028177169932127E+10    0.332602407322626618E+03   -0.166301203661313309E+03
    0.676717959845042003E+02    0.136114795355305351E+01    0.145073901571762427E+02    0.163027821005159664E+10    0.332548836731750555E+03   -0.166274418365875277E+03
    0.338473394061007156E+02    0.135385723821887960E+01    0.178436909532322012E+02    0.126451117257078624E+10    0.332520461187215346E+03   -0.166260230593607673E+03
    0.388667585553847417E+02    0.135353098791518223E+01    0.167778647727894317E+02    0.117396877202941823E+10    0.332424650190077500E+03   -0.166212325095038750E+03
    0.585255944513595665E+02    0.135791518201774286E+01    0.100848050888695191E+02    0.101523780690577781E+10    0.332349345282371019E+03   -0.166174672641185509E+03
    0.330543205574471699E+02    0.135965127408968778E+01    0.853346632378968550E+01    0.176418761082983375E+10    0.332262277424616229E+03   -0.166131138712308115E+03
    0.428882801838974217E+02    0.135928026532562019E+01    0.208957814722934963E+02    0.125190068438372207E+10    0.332237445752679378E+03   -0.166118722876339689E+03
    0.810771429995553916E+02    0.135747831061558033E+01    0.636641088156175705E+01    0.131922985258778739E+10    0.332222266784261706E+03   -0.166111133392130853E+03
    0.329280008567347764E+02    0.136125077982344633E+01    0.130909855536933577E+02    0.128531353102168989E+10    0.332191564637936835E+03   -0.166095782318968418E+03
    0.333402680393113968E+02    0.136041346113242523E+01    0.598147836618423234E+01    0.147191363574444342E+10    0.332170480700289545E+03   -0.166085240350144772E+03
    0.368067412092751809E+02    0.135794854958720679E+01    0.148659530377013827E+02    0.109261623483731508E+10    0.332103747431022839E+03   -0.166051873715511420E+03
    0.525177928057830741E+02    0.135217811840941127E+01    0.198766348071820964E+02    0.125742507976951480E+10    0.332099231737962896E+03   -0.166049615868981448E+03
    0.489890563451810550E+02    0.136274066309249342E+01    0.141943020835478162E+02    0.128321045257522392E+10    0.332054926709161862E+03   -0.166027463354580931E+03
    0.692497753120616721E+02    0.135763926889392583E+01    0.175421241386415723E+02    0.181201956447186852E+10    0.332036838991195737E+03   -0.166018419495597868E+03
    0.371027130692455458E+02    0.136050937960177420E+01    0.484089654952156856E+01    0.142460732728881788E+10    0.332031421824082429E+03   -0.166015710912041214E+03
    0.490367834905236393E+02    0.135489609872086980E+01    0.227135359778892081E+02    0.146690123862328005E+10    0.331830736529910951E+03   -0.165915368264955475E+03
    0.396285757448601146E+02    0.135800487818447779E+01    0.152201157471340505E+02    0.191613626028420782E+10    0.331756436506538250E+03   -0.165878218253269125E+03
    0.504760740519746705E+02    0.135954555214393058E+01    0.652148778001955698E+01    0.116613565243236232E+10    0.331689572260320347E+03   -0.165844786130160173E+03
    0.691301171447576621E+02    0.135857764186230567E+01    0.588758207611500683E+01    0.170611870796322489E+10    0.331675315603017509E+03   -0.165837657801508755E+03
    0.577633132354133920E+02    0.135689582629030703E+01    0.232133120234640700E+02    0.127950523397216702E+10    0.331630201461199476E+03   -0.165815100730599738E+03
    0.772492300604572790E+02    0.135258129234332203E+01    0.157620420877396796E+02    0.153166405658129668E+10    0.331619857711204133E+03   -0.165809928855602067E+03
    0.339196750977471808E+02    0.135411999402913730E+01    0.106024136291491384E+02    0.119524382305407715E+10    0.331573988212733298E+03   -0.165786994106366649E+03
    0.717202622281840974E+02    0.135476391620366221E+01    0.180940732649559521E+02    0.171385813782946491E+10    0.331525889695631236E+03   -0.165762944847815618E+03
    0.540664041945160747E+02    0.135372985691425773E+01    0.665636446855102371E+01    0.109350415311713767E+10    0.331482549884132879E+03   -0.165741274942066440E+03
    0.376119583450141306E+02    0.136028202834744127E+01    0.105274077625998324E+02    0.176164854997423506E+10    0.331480643852165883E+03   -0.165740321926082942E+03
    0.601162878534450655E+02    0.135139821202878263E+01    0.107831267601312568E+02    0.114749710866086435E+10    0.331471559287421030E+03   -0.165735779643710515E+03
    0.519265845082931747E+02    0.136167267240346290E+01    0.540229822512221780E+01    0.141143951960913920E+10    0.331329475441090722E+03   -0.165664737720545361E+03
    0.737258702557652867E+02    0.135658658277717104E+01    0.434888017765695967E+01    0.154037252409523010E+10    0.331322587435593618E+03   -0.165661293717796809E+03
    0.482793697304712381E+02    0.136023492408913982E+01    0.198828931106254423E+02    0.131038935051606560E+10    0.331322465650950619E+03   -0.165661232825475309E+03
    0.691443424381359932E+02    0.135941033791625432E+01    0.191430186392323272E+02    0.141760896772421765E+10    0.331272445514935328E+03   -0.165636222757467664E+03
    0.498985534566728077E+02    0.136216278209555686E+01    0.738161202505833725E+01    0.129923078802784610E+10    0.331252977814122687E+03   -0.165626488907061344E+03
    0.343073884179903175E+02    0.136070032525406281E+01    0.103849825644443712E+02    0.128443588663766074E+10    0.331191094806805268E+03   -0.165595547403402634E+03
    0.343073884179903175E+02    0.136070032525406281E+01    0.103849825644443712E+02    0.128443588663766074E+10    0.331191094806805268E+03   -0.165595547403402634E+03
    0.439662717342454314E+02    0.135931103312915735E+01    0.588812126212721054E+01    0.120883838980493474E+10    0.331185089901504739E+03   -0.165592544950752369E+03
    0.544402078923255033E+02    0.135778578045072917E+01    0.150153688518781419E+02    0.104400219399074960E+10    0.331119516415963290E+03   -0.165559758207981645E+03
    0.682870176894041805E+02    0.135851551905313972E+01    0.773425005260832688E+01    0.175286024556533623E+10    0.331086440170002732E+03   -0.165543220085001366E+03
    0.420930216572633924E+02    0.135818792876027894E+01    0.150414717482976723E+02    0.109515419312063503E+10    0.331042197982614766E+03   -0.165521098991307383E+03
    0.420930216572633924E+02    0.135818792876027894E+01    0.150414717482976723E+02    0.109515419312063503E+10    0.331042197982614766E+03   -0.165521098991307383E+03
    0.601251901373130622E+02    0.135255119877970320E+01    0.132745196636410903E+02    0.110492156437988567E+10    0.331033664975471481E+03   -0.165516832487735741E+03
    0.454718692607942288E+02    0.135897097455400417E+01    0.300215082984004944E+01    0.127729017609105992E+10    0.331023056241529048E+03   -0.165511528120764524E+03
    0.466851565925381351E+02    0.135276882973471224E+01    0.197536831744956700E+02    0.141365732351014924E+10    0.331017139742705410E+03   -0.165508569871352705E+03
    0.466851565925381351E+02    0.135276882973471224E+01    0.197536831744956700E+02    0.141365732351014924E+10    0.331017139742705410E+03   -0.165508569871352705E+03
    0.484639062362312885E+02    0.135084645148587867E+01    0.491908101615435545E+01    0.165421696891368818E+10    0.330995582851738732E+03   -0.165497791425869366E+03
    0.567478232538926335E+02    0.136111892186374051E+01    0.122854038535991279E+02    0.171026704597110915E+10    0.330943078901705348E+03   -0.165471539450852674E+03
    0.451001406766480102E+02    0.136133913879958346E+01    0.122196873310606353E+02    0.123420648227195191E+10    0.330941992523315776E+03   -0.165470996261657888E+03
    0.386437788542237186E+02    0.136132248279683932E+01    0.144945540199015870E+02    0.133065765396724677E+10    0.330938502507849194E+03   -0.165469251253924597E+03
    0.461609411258776916E+02    0.135763511587632468E+01    0.635657048669095825E+01    0.115019583699196172E+10    0.330806059392735392E+03   -0.165403029696367696E+03
    0.419437645557356333E+02    0.135678343778638766E+01    0.105914588742870226E+02    0.108113209483979845E+10    0.330798535739926820E+03   -0.165399267869963410E+03
    0.419437645557356333E+02    0.135678343778638766E+01    0.105914588742870226E+02    0.108113209483979845E+10    0.330798535739926820E+03   -0.165399267869963410E+03
    0.604239776800731150E+02    0.135871641707844293E+01    0.892056887965862266E+01    0.112403112475005007E+10    0.330777568230905331E+03   -0.165388784115452665E+03
    0.645269300740565512E+02    0.135790862396608647E+01    0.214619938445742733E+02    0.149600482355245161E+10    0.330744960540548277E+03   -0.165372480270274139E+03
    0.645269300740565512E+02    0.135790862396608647E+01    0.214619938445742733E+02    0.149600482355245161E+10    0.330744960540548277E+03   -0.165372480270274139E+03
    0.344124977933913385E+02    0.135351491588712358E+01    0.163250059328679740E+02    0.147828870039248824E+10    0.330729337883566473E+03   -0.165364668941783236E+03
    0.344124977933913385E+02    0.135351491588712358E+01    0.163250059328679740E+02    0.147828870039248824E+10    0.330729337883566473E+03   -0.165364668941783236E+03
    0.455313989292629344E+02    0.135562724910562893E+01    0.217760120305513389E+02    0.151054644055288291E+10    0.330720378668659919E+03   -0.165360189334329959E+03
    0.658955346847750860E+02    0.135810979456613046E+01    0.942010775366726527E+01    0.114774838974590206E+10    0.330707376839593451E+03   -0.165353688419796725E+03
    0.680808202817550523E+02    0.135572068505896270E+01    0.265934281506188652E+01    0.144863616849745035E+10    0.330703851511100254E+03   -0.165351925755550127E+03
    0.680808202817550523E+02    0.135572068505896270E+01    0.265934281506188652E+01    0.144863616849745035E+10    0.330703851511100254E+03   -0.165351925755550127E+03
    0.505883444308428949E+02    0.135655948970841389E+01    0.201340868304274174E+02    0.119327015639127231E+10    0.330699165590998803E+03   -0.165349582795499401E+03
    0.491649546139971747E+02    0.135715900430258229E+01    0.223341037893346517E+02    0.135354269423201060E+10    0.330650417787322681E+03   -0.165325208893661340E+03
    0.574788215264575868E+02    0.135019047092285915E+01    0.145036340042496796E+02    0.133236262840466285E+10    0.330626872039300110E+03   -0.165313436019650055E+03
    0.668108174416579743E+02    0.135728003305756806E+01    0.180872148241320154E+02    0.175004086460734701E+10    0.330591512221595906E+03   -0.165295756110797953E+03
    0.470856748962293921E+02    0.135858498257849791E+01    0.123581493355056562E+02    0.108243027402153182E+10    0.330562376223897900E+03   -0.165281188111948950E+03
    0.521518899031434700E+02    0.135213170115816017E+01    0.676504885083500085E+01    0.182478681658344150E+10    0.330522237527802304E+03   -0.165261118763901152E+03
    0.521518899031434700E+02    0.135213170115816017E+01    0.676504885083500085E+01    0.182478681658344150E+10    0.330522237527802304E+03   -0.165261118763901152E+03
    0.627113839542315361E+02    0.135440622719207338E+01    0.193759165428459639E+02    0.167283899856765652E+10    0.330512415758413795E+03   -0.165256207879206897E+03
    0.627113839542315361E+02    0.135440622719207338E+01    0.193759165428459639E+02    0.167283899856765652E+10    0.330512415758413795E+03   -0.165256207879206897E+03
    0.671178450677144696E+02    0.135325121522056002E+01    0.109504391586479510E+02    0.182398854744174433E+10    0.330510948421240869E+03   -0.165255474210620434E+03
    0.611572549583864529E+02    0.135799055762603715E+01    0.360489956101699560E+01    0.162842527764776635E+10    0.330507702992840734E+03   -0.165253851496420367E+03
    0.611572549583864529E+02    0.135799055762603715E+01    0.360489956101699560E+01    0.162842527764776635E+10    0.330507702992840734E+03   -0.165253851496420367E+03
    0.761331119779362666E+02    0.135805440205304162E+01    0.708333885236594973E+01    0.130392716403660822E+10    0.330505982723582463E+03   -0.165252991361791231E+03
    0.329828387599167883E+02    0.135590242257878191E+01    0.103058360908604172E+02    0.178934932553995061E+10    0.330455523091744453E+03   -0.165227761545872227E+03
    0.622127306155539870E+02    0.136027041300308738E+01    0.618053695459377561E+01    0.145656323074680853E+10    0.330385943375573788E+03   -0.165192971687786894E+03
    0.707924147714474827E+02    0.135912608331567464E+01    0.139690471192343679E+02    0.163192148705476737E+10    0.330375337755025782E+03   -0.165187668877512891E+03
    0.707924147714474827E+02    0.135912608331567464E+01    0.139690471192343679E+02    0.163192148705476737E+10    0.330375337755025782E+03   -0.165187668877512891E+03
    0.571347840996276659E+02    0.136189828781951761E+01    0.950396503189428188E+01    0.134015409788675857E+10    0.330370430415768681E+03   -0.165185215207884340E+03
    0.580611042006346523E+02    0.135780592352295293E+01    0.726841479985336036E+01    0.184727773944258022E+10    0.330360928604250603E+03   -0.165180464302125301E+03
    0.410932447582217648E+02    0.135792663722230000E+01    0.328560741128753975E+01    0.148365264648599291E+10    0.330347941733006110E+03   -0.165173970866503055E+03
    0.410932447582217648E+02    0.135792663722230000E+01    0.328560741128753975E+01    0.148365264648599291E+10    0.330347941733006110E+03   -0.165173970866503055E+03
    0.560743692910156781E+02    0.136091448942703930E+01    0.689383380690774228E+01    0.153500104246225452E+10    0.330341505257555013E+03   -0.165170752628777507E+03
    0.560743692910156781E+02    0.136091448942703930E+01    0.689383380690774228E+01    0.153500104246225452E+10    0.330341505257555013E+03   -0.165170752628777507E+03
    0.712599915777629320E+02    0.135491786145650939E+01    0.456139579941856166E+01    0.153070933642110276E+10    0.330311155403360260E+03   -0.165155577701680130E+03
    0.440900600343099711E+02    0.135115509590123994E+01    0.147624859096116889E+02    0.134930792697155929E+10    0.330308029313539976E+03   -0.165154014656769988E+03
    0.476969020746558954E+02    0.135940953594008929E+01    0.836914951864104673E+01    0.118482628190387964E+10    0.330307379735043355E+03   -0.165153689867521678E+03
    0.412382854713326239E+02    0.135366197364832042E+01    0.176913626591005766E+02    0.163928321956334949E+10    0.330291050527179664E+03   -0.165145525263589832E+03
    0.417313943736366184E+02    0.135495533861421324E+01    0.198403678700906845E+02    0.155615388495376372E+10    0.330265288783507117E+03   -0.165132644391753558E+03
    0.659382725499009155E+02    0.135851858709349971E+01    0.714714282190887218E+01    0.121469640018972659E+10    0.330237852077515981E+03   -0.165118926038757991E+03
    0.736728979019091810E+02    0.135616006822212465E+01    0.171514735944568137E+02    0.161375094800002861E+10    0.330170995177457883E+03   -0.165085497588728941E+03
    0.431587768205252331E+02    0.135922691239990434E+01    0.108445210954914337E+02    0.117535315622445679E+10    0.330160921093976413E+03   -0.165080460546988206E+03
    0.431587768205252331E+02    0.135922691239990434E+01    0.108445210954914337E+02    0.117535315622445679E+10    0.330160921093976413E+03   -0.165080460546988206E+03
    0.305745377194395473E+02    0.135523978982369342E+01    0.144309608111516017E+02    0.135574479028529167E+10    0.330144218334026277E+03   -0.165072109167013139E+03
    0.651982886683634888E+02    0.135756127136940452E+01    0.210686389311907334E+02    0.139894279663025856E+10    0.330112404973769912E+03   -0.165056202486884956E+03
    0.651982886683634888E+02    0.135756127136940452E+01    0.210686389311907334E+02    0.139894279663025856E+10    0.330112404973769912E+03   -0.165056202486884956E+03
    0.350701729753050557E+02    0.135891442395232076E+01    0.725377783972834944E+01    0.159623438186394048E+10    0.330106086029032952E+03   -0.165053043014516476E+03
    0.500600116674353046E+02    0.136190186630258481E+01    0.128884291430733349E+02    0.133568890114166236E+10    0.330083641065464178E+03   -0.165041820532732089E+03
    0.699808901042696050E+02    0.135684664914565234E+01    0.616161895144942751E+01    0.123332116238677239E+10    0.330050870679613467E+03   -0.165025435339806734E+03
    0.477491089416300269E+02    0.135471961462286394E+01    0.186140796197467715E+02    0.122412885012420464E+10    0.330038802683731035E+03   -0.165019401341865517E+03
    0.420037261884816147E+02    0.135820019930129110E+01    0.141680738184731787E+02    0.115345466722281790E+10    0.330028487538017657E+03   -0.165014243769008829E+03
    0.748387436406017343E+02    0.135835503437044824E+01    0.163586816133168611E+02    0.130059576228932571E+10    0.330004462367418284E+03   -0.165002231183709142E+03
    0.746192248783239762E+02    0.135717132439425958E+01    0.612166756385121058E+01    0.134699465527780080E+10    0.329976738494945891E+03   -0.164988369247472946E+03
    0.746192248783239762E+02    0.135717132439425958E+01    0.612166756385121058E+01    0.134699465527780080E+10    0.329976738494945891E+03   -0.164988369247472946E+03
    0.443767251238028351E+02    0.135292698056217864E+01    0.181403093252565881E+02    0.144832644496852899E+10    0.329909272819896273E+03   -0.164954636409948137E+03
    0.406552360656546057E+02    0.135612513192242123E+01    0.168887386757488009E+02    0.119633298431254625E+10    0.329900107019074596E+03   -0.164950053509537298E+03
    0.771351328709671265E+02    0.135541506988294502E+01    0.113970552914302434E+02    0.160019391408441424E+10    0.329884378090944324E+03   -0.164942189045472162E+03
    0.645614437256250540E+02    0.135232877830705367E+01    0.402794386751021793E+01    0.141718952898978329E+10    0.329875258868487606E+03   -0.164937629434243803E+03
    0.530278303641528694E+02    0.136101949669037836E+01    0.138779248724795359E+02    0.125792692986958790E+10    0.329858305743602159E+03   -0.164929152871801080E+03
    0.530278303641528694E+02    0.136101949669037836E+01    0.138779248724795359E+02    0.125792692986958790E+10    0.329858305743602159E+03   -0.164929152871801080E+03
    0.301345502085121666E+02    0.135588747287557010E+01    0.104307857186293145E+02    0.131971280735598707E+10    0.329818898056195167E+03   -0.164909449028097583E+03
    0.301345502085121666E+02    0.135588747287557010E+01    0.104307857186293145E+02    0.131971280735598707E+10    0.329818898056195167E+03   -0.164909449028097583E+03
    0.382585420650039509E+02    0.135207697963540663E+01    0.103884137016016158E+02    0.165396832152036238E+10    0.329814249608989599E+03   -0.164907124804494799E+03
    0.382585420650039509E+02    0.135207697963540663E+01    0.103884137016016158E+02    0.165396832152036238E+10    0.329814249608989599E+03   -0.164907124804494799E+03
    0.315126486386664908E+02    0.135621714398399029E+01    0.121304072457438323E+02    0.169715254304627204E+10    0.329793144325452317E+03   -0.164896572162726159E+03
    0.448072964752831027E+02    0.136077829392735472E+01    0.139019320971216498E+02    0.160811364745170355E+10    0.329758839476368223E+03   -0.164879419738184112E+03
    0.623653775732126050E+02    0.135953898630861780E+01    0.179182432572426826E+02    0.152678294493831658E+10    0.329755270823508340E+03   -0.164877635411754170E+03
    0.406316109768640885E+02    0.136112738523133947E+01    0.127496838093249263E+02    0.139681531823395109E+10    0.329742710516521356E+03   -0.164871355258260678E+03
    0.491415726780222997E+02    0.135016313666455057E+01    0.105842256625116224E+02    0.150566227240779376E+10    0.329737283261219488E+03   -0.164868641630609744E+03
    0.491415726780222997E+02    0.135016313666455057E+01    0.105842256625116224E+02    0.150566227240779376E+10    0.329737283261219488E+03   -0.164868641630609744E+03
    0.418390339564086062E+02    0.135241368025173103E+01    0.159149149503711893E+02    0.158770737431473899E+10    0.329730424760284166E+03   -0.164865212380142083E+03
    0.434092168889899810E+02    0.135533297957701304E+01    0.197928011157424208E+02    0.157830930863087988E+10    0.329715266842608685E+03   -0.164857633421304342E+03
    0.378242667113341540E+02    0.136038364136827061E+01    0.107425390558396874E+02    0.154236814232652688E+10    0.329713705936238853E+03   -0.164856852968119426E+03
    0.378242667113341540E+02    0.136038364136827061E+01    0.107425390558396874E+02    0.154236814232652688E+10    0.329713705936238853E+03   -0.164856852968119426E+03
    0.674596441580456485E+02    0.135807694412967872E+01    0.130278425846062227E+02    0.118241293319082260E+10    0.329693172773997333E+03   -0.164846586386998666E+03
    0.517418539616064947E+02    0.135410485948160053E+01    0.184424552461710505E+02    0.124445888135721540E+10    0.329684411825793063E+03   -0.164842205912896532E+03
    0.306710972228921719E+02    0.135587975515549730E+01    0.149387484026559001E+02    0.149484093369005108E+10    0.329680623836492089E+03   -0.164840311918246044E+03
    0.411999883797273228E+02    0.135445366788873089E+01    0.178804329172835779E+02    0.160607035632148862E+10    0.329671818989898043E+03   -0.164835909494949021E+03
    0.474777531687103789E+02    0.136114751480613938E+01    0.148187181056721045E+02    0.151846579058207846E+10    0.329664081225011898E+03   -0.164832040612505949E+03
    0.347088509391717253E+02    0.135290954127451157E+01    0.106151595608136162E+02    0.140110198896839476E+10    0.329656655751653830E+03   -0.164828327875826915E+03
    0.347088509391717253E+02    0.135290954127451157E+01    0.106151595608136162E+02    0.140110198896839476E+10    0.329656655751653830E+03   -0.164828327875826915E+03
    0.399919099216062008E+02    0.135493800322518143E+01    0.128468454440062487E+02    0.182223817070841384E+10    0.329644964836334225E+03   -0.164822482418167112E+03
    0.399919099216062008E+02    0.135493800322518143E+01    0.128468454440062487E+02    0.182223817070841384E+10    0.329644964836334225E+03   -0.164822482418167112E+03
    0.498537156545794105E+02    0.135828980744715988E+01    0.142955738967217361E+02    0.113954651930496573E+10    0.329595862643767816E+03   -0.164797931321883908E+03
    0.736598203356390826E+02    0.135464256296638408E+01    0.168905461118122986E+02    0.133152143182444382E+10    0.329583450534611245E+03   -0.164791725267305623E+03
    0.612401085390521729E+02    0.135941953269193161E+01    0.613538126193281119E+01    0.153228461482412767E+10    0.329500293635950868E+03   -0.164750146817975434E+03
    0.564444145562856789E+02    0.135901947601784623E+01    0.121617668121123810E+02    0.179648455082720613E+10    0.329430787062438412E+03   -0.164715393531219206E+03
    0.374848870833025813E+02    0.135524383789888092E+01    0.145522326381836908E+02    0.122881380537974501E+10    0.329425527801962346E+03   -0.164712763900981173E+03
    0.374848870833025813E+02    0.135524383789888092E+01    0.145522326381836908E+02    0.122881380537974501E+10    0.329425527801962346E+03   -0.164712763900981173E+03
    0.457356887680054029E+02    0.136067741386525531E+01    0.132105488001699545E+02    0.126632542299553943E+10    0.329419926271834413E+03   -0.164709963135917207E+03
    0.710323675702938004E+02    0.135826449659486692E+01    0.169827237145481647E+02    0.150553761593828511E+10    0.329381367907410834E+03   -0.164690683953705417E+03
    0.456442919729147505E+02    0.135584613181120806E+01    0.204823168963235283E+02    0.140672551142045760E+10    0.329336731333124192E+03   -0.164668365666562096E+03
    0.426347474858199433E+02    0.135304605400114975E+01    0.152110318582407054E+02    0.167973634931415296E+10    0.329305811367226511E+03   -0.164652905683613255E+03
    0.426347474858199433E+02    0.135304605400114975E+01    0.152110318582407054E+02    0.167973634931415296E+10    0.329305811367226511E+03   -0.164652905683613255E+03
    0.540196903032553024E+02    0.135373023276862559E+01    0.328408247931200759E+01    0.143369152185851073E+10    0.329276589962406888E+03   -0.164638294981203444E+03
    0.596517765629119623E+02    0.135555488182813910E+01    0.696902300581860068E+01    0.180039568171510863E+10    0.329236811324724954E+03   -0.164618405662362477E+03
    0.596517765629119623E+02    0.135555488182813910E+01    0.696902300581860068E+01    0.180039568171510863E+10    0.329236811324724954E+03   -0.164618405662362477E+03
    0.407560185122735845E+02    0.136052963374351443E+01    0.137728177040567452E+02    0.141126926437226129E+10    0.329192767865855956E+03   -0.164596383932927978E+03
    0.407560185122735845E+02    0.136052963374351443E+01    0.137728177040567452E+02    0.141126926437226129E+10    0.329192767865855956E+03   -0.164596383932927978E+03
    0.586052634869371616E+02    0.135997880792062453E+01    0.767900807441705968E+01    0.154407362371936607E+10    0.329191203727664686E+03   -0.164595601863832343E+03
    0.586052634869371616E+02    0.135997880792062453E+01    0.767900807441705968E+01    0.154407362371936607E+10    0.329191203727664686E+03   -0.164595601863832343E+03
    0.516623438320546100E+02    0.136129939811321554E+01    0.103371798896310985E+02    0.136514730755029917E+10    0.329167431642296719E+03   -0.164583715821148360E+03
    0.545536044912851210E+02    0.135696173231580586E+01    0.151998230907463832E+02    0.113815639351694608E+10    0.329161708110994653E+03   -0.164580854055497326E+03
    0.510264360164997015E+02    0.136016575138783069E+01    0.157600475266700037E+02    0.126543160320555711E+10    0.329159887308719533E+03   -0.164579943654359766E+03
    0.341165175397102161E+02    0.135460223063804897E+01    0.129938813950452250E+02    0.157129167155869961E+10    0.329147848505593515E+03   -0.164573924252796758E+03
    0.341165175397102161E+02    0.135460223063804897E+01    0.129938813950452250E+02    0.157129167155869961E+10    0.329147848505593515E+03   -0.164573924252796758E+03
    0.527981556968242032E+02    0.135753612986541183E+01    0.192990696412815836E+02    0.168570185081341290E+10    0.329146604576075049E+03   -0.164573302288037524E+03
    0.319400804678916508E+02    0.135586250213007631E+01    0.147218810599622003E+02    0.143768153955266786E+10    0.329140671730283088E+03   -0.164570335865141544E+03
    0.624136187505358748E+02    0.135677902118984339E+01    0.195470603117025092E+02    0.125801301405812645E+10    0.329104475196103067E+03   -0.164552237598051533E+03
    0.624136187505358748E+02    0.135677902118984339E+01    0.195470603117025092E+02    0.125801301405812645E+10    0.329104475196103067E+03   -0.164552237598051533E+03
    0.379036698704020054E+02    0.135388962007079816E+01    0.154323305948246503E+02    0.145468844110892940E+10    0.329094146437887048E+03   -0.164547073218943524E+03
    0.716907169981777770E+02    0.135848253450872924E+01    0.118322560354676281E+02    0.156754420399088550E+10    0.329093827425085919E+03   -0.164546913712542960E+03
    0.537179537691761908E+02    0.135844874540053007E+01    0.176562688203301548E+02    0.121748146951617789E+10    0.329086267003957232E+03   -0.164543133501978616E+03
    0.553304671259173375E+02    0.135986225234277591E+01    0.609722729574479594E+01    0.141816781985700035E+10    0.329079589279185996E+03   -0.164539794639592998E+03
    0.553304671259173375E+02    0.135986225234277591E+01    0.609722729574479594E+01    0.141816781985700035E+10    0.329079589279185996E+03   -0.164539794639592998E+03
    0.321192261718051526E+02    0.135572064609208609E+01    0.140096941365762593E+02    0.152937930290327477E+10    0.329061968473934883E+03   -0.164530984236967441E+03
    0.321192261718051526E+02    0.135572064609208609E+01    0.140096941365762593E+02    0.152937930290327477E+10    0.329061968473934883E+03   -0.164530984236967441E+03
    0.369518880449247575E+02    0.135630841559423487E+01    0.173866016680289519E+02    0.157837908592187452E+10    0.329056337268760217E+03   -0.164528168634380108E+03
    0.566858306112795347E+02    0.135562380470759192E+01    0.207218483926299832E+02    0.143153780100682592E+10    0.329042897722195562E+03   -0.164521448861097781E+03
    0.566858306112795347E+02    0.135562380470759192E+01    0.207218483926299832E+02    0.143153780100682592E+10    0.329042897722195562E+03   -0.164521448861097781E+03
    0.427115067232653729E+02    0.135654021419931636E+01    0.820246692153684620E+01    0.179627818805826283E+10    0.329014329669412973E+03   -0.164507164834706487E+03
    0.427115067232653729E+02    0.135654021419931636E+01    0.820246692153684620E+01    0.179627818805826283E+10    0.329014329669412973E+03   -0.164507164834706487E+03
    0.359521764281149743E+02    0.135875806077913608E+01    0.876668955061516186E+01    0.156310265276102805E+10    0.328984548544787344E+03   -0.164492274272393672E+03
    0.402027203266094162E+02    0.135624281624247978E+01    0.173830021122277145E+02    0.166839022242212248E+10    0.328889226822936848E+03   -0.164444613411468424E+03
    0.402027203266094162E+02    0.135624281624247978E+01    0.173830021122277145E+02    0.166839022242212248E+10    0.328889226822936848E+03   -0.164444613411468424E+03
    0.587294478057046163E+02    0.135596393970775964E+01    0.532201938769697769E+01    0.171286863285751247E+10    0.328876661602977322E+03   -0.164438330801488661E+03
    0.508417667844319752E+02    0.136067544885719705E+01    0.985207178246315252E+01    0.128559141936097908E+10    0.328844611825065499E+03   -0.164422305912532750E+03
    0.591262915718732742E+02    0.135776747421588606E+01    0.201685012052102053E+02    0.147469091659316754E+10    0.328837218287020391E+03   -0.164418609143510196E+03
    0.637669814178525414E+02    0.135542416007069244E+01    0.133288404494256199E+02    0.179657497472175288E+10    0.328817075070310864E+03   -0.164408537535155432E+03
    0.637669814178525414E+02    0.135542416007069244E+01    0.133288404494256199E+02    0.179657497472175288E+10    0.328817075070310864E+03   -0.164408537535155432E+03
    0.346179124755246477E+02    0.135520267277819251E+01    0.139813839657010366E+02    0.158643227734026337E+10    0.328792099415304847E+03   -0.164396049707652423E+03
    0.396865808841606906E+02    0.135295855889942551E+01    0.129683965010451008E+02    0.132830079894613552E+10    0.328781728334648847E+03   -0.164390864167324423E+03
    0.579976174701655580E+02    0.135933684435014901E+01    0.933053445990394614E+01    0.166009102335057807E+10    0.328606152601032932E+03   -0.164303076300516466E+03
    0.579976174701655580E+02    0.135933684435014901E+01    0.933053445990394614E+01    0.166009102335057807E+10    0.328606152601032932E+03   -0.164303076300516466E+03
    0.442154364696161153E+02    0.135955828258187950E+01    0.115473750729942992E+02    0.166833082527290893E+10    0.328581887599874335E+03   -0.164290943799937168E+03
    0.442154364696161153E+02    0.135955828258187950E+01    0.115473750729942992E+02    0.166833082527290893E+10    0.328581887599874335E+03   -0.164290943799937168E+03
    0.720246961604600386E+02    0.135757946877900726E+01    0.808847355029847570E+01    0.144657857843394518E+10    0.328554013971540996E+03   -0.164277006985770498E+03
    0.363147281534949826E+02    0.135802777200499669E+01    0.884841055671393484E+01    0.158953171745685387E+10    0.328551997555453113E+03   -0.164275998777726556E+03
    0.383948421616145978E+02    0.135696400189885202E+01    0.167579253330472255E+02    0.128190337102825236E+10    0.328550384909088052E+03   -0.164275192454544026E+03
    0.530736257939197529E+02    0.135987549160952148E+01    0.149986735728792979E+02    0.158964869658564687E+10    0.328528201576140532E+03   -0.164264100788070266E+03
    0.730216431463740463E+02    0.135364595000989518E+01    0.121117371245541747E+02    0.132366907620184588E+10    0.328493648284189476E+03   -0.164246824142094738E+03
    0.528809194382695509E+02    0.135978182337800879E+01    0.690708733262910446E+01    0.144691359086497211E+10    0.328480898661964488E+03   -0.164240449330982244E+03
    0.528809194382695509E+02    0.135978182337800879E+01    0.690708733262910446E+01    0.144691359086497211E+10    0.328480898661964488E+03   -0.164240449330982244E+03
    0.531669340457953297E+02    0.135775361525388782E+01    0.433241449268047063E+01    0.151224838311223602E+10    0.328461901700033536E+03   -0.164230950850016768E+03
    0.502060459434867354E+02    0.135756696054234127E+01    0.106805659811624931E+02    0.116709476892390299E+10    0.328460314760235974E+03   -0.164230157380117987E+03
    0.502060459434867354E+02    0.135756696054234127E+01    0.106805659811624931E+02    0.116709476892390299E+10    0.328460314760235974E+03   -0.164230157380117987E+03
    0.338608237395529486E+02    0.135595341315742290E+01    0.106823168770359445E+02    0.158082603401137853E+10    0.328438791157346714E+03   -0.164219395578673357E+03
    0.466450890400536196E+02    0.135569268361573503E+01    0.192481749751701194E+02    0.135426352743940663E+10    0.328423391734575205E+03   -0.164211695867287602E+03
    0.466450890400536196E+02    0.135569268361573503E+01    0.192481749751701194E+02    0.135426352743940663E+10    0.328423391734575205E+03   -0.164211695867287602E+03
    0.486203232793774305E+02    0.135954205054190447E+01    0.932808031144249838E+01    0.163710252506289434E+10    0.328356014195097146E+03   -0.164178007097548573E+03
    0.452709460229681326E+02    0.135922184890326148E+01    0.112175923210528410E+02    0.123948141199289155E+10    0.328321783577833230E+03   -0.164160891788916615E+03
    0.431083189649299499E+02    0.136011567291761404E+01    0.116036827718861737E+02    0.137485215515624952E+10    0.328269543323359130E+03   -0.164134771661679565E+03
    0.431083189649299499E+02    0.136011567291761404E+01    0.116036827718861737E+02    0.137485215515624952E+10    0.328269543323359130E+03   -0.164134771661679565E+03
    0.660975386261335984E+02    0.135205344393462501E+01    0.864591733955728614E+01    0.145192041870278811E+10    0.328265477201979820E+03   -0.164132738600989910E+03
    0.660975386261335984E+02    0.135205344393462501E+01    0.864591733955728614E+01    0.145192041870278811E+10    0.328265477201979820E+03   -0.164132738600989910E+03
    0.596054373026604551E+02    0.135275477179156667E+01    0.980556864305775377E+01    0.123143223566697836E+10    0.328258417726342941E+03   -0.164129208863171471E+03
    0.464512821064931742E+02    0.135654466450624400E+01    0.153087046899641841E+02    0.119882769509077692E+10    0.328252762864043632E+03   -0.164126381432021816E+03
    0.694750771872293313E+02    0.135618292473546331E+01    0.175105402150003684E+02    0.142855639786969209E+10    0.328246736582345193E+03   -0.164123368291172596E+03
    0.694750771872293313E+02    0.135618292473546331E+01    0.175105402150003684E+02    0.142855639786969209E+10    0.328246736582345193E+03   -0.164123368291172596E+03
    0.683527315534111182E+02    0.135234992030028378E+01    0.100679533015340290E+02    0.131992044893190336E+10    0.328245337356489813E+03   -0.164122668678244906E+03
    0.683527315534111182E+02    0.135234992030028378E+01    0.100679533015340290E+02    0.131992044893190336E+10    0.328245337356489813E+03   -0.164122668678244906E+03
    0.728735215922618096E+02    0.135739981324502645E+01    0.146645754760503486E+02    0.129073477826501942E+10    0.328214493863124858E+03   -0.164107246931562429E+03
    0.416840615889995405E+02    0.135675315155640375E+01    0.552207144565354113E+01    0.139615182018871140E+10    0.328189245672042489E+03   -0.164094622836021244E+03
    0.416840615889995405E+02    0.135675315155640375E+01    0.552207144565354113E+01    0.139615182018871140E+10    0.328189245672042489E+03   -0.164094622836021244E+03
    0.676292267063507779E+02    0.135663191163882169E+01    0.108773515079741792E+02    0.169762851231058145E+10    0.328162460891581986E+03   -0.164081230445790993E+03
    0.393022359940040360E+02    0.135726742670829670E+01    0.127576360263952608E+02    0.123700498132351089E+10    0.328158038618527712E+03   -0.164079019309263856E+03
    0.734120276054340479E+02    0.135615173009714907E+01    0.117612031439720912E+02    0.153017187765507889E+10    0.328151833411668747E+03   -0.164075916705834373E+03
    0.734120276054340479E+02    0.135615173009714907E+01    0.117612031439720912E+02    0.153017187765507889E+10    0.328151833411668747E+03   -0.164075916705834373E+03
    0.478213437441766516E+02    0.135958309637663399E+01    0.135188424200282604E+02    0.162752766366534114E+10    0.328150076350571737E+03   -0.164075038175285869E+03
    0.447160762175291850E+02    0.135939774092383003E+01    0.155071331629169862E+02    0.129851692748073936E+10    0.328149269045117194E+03   -0.164074634522558597E+03
    0.433283608741415804E+02    0.135274274077657997E+01    0.954596194175594981E+01    0.160718677816536093E+10    0.328138709473823042E+03   -0.164069354736911521E+03
    0.433283608741415804E+02    0.135274274077657997E+01    0.954596194175594981E+01    0.160718677816536093E+10    0.328138709473823042E+03   -0.164069354736911521E+03
    0.506854365426466487E+02    0.136013258927344705E+01    0.133641375160361591E+02    0.128684211522205567E+10    0.328128378440001086E+03   -0.164064189220000543E+03
    0.400089631977435687E+02    0.135827159090317973E+01    0.842117880627312942E+01    0.160073357042620945E+10    0.328126855909082565E+03   -0.164063427954541282E+03
    0.400089631977435687E+02    0.135827159090317973E+01    0.842117880627312942E+01    0.160073357042620945E+10    0.328126855909082565E+03   -0.164063427954541282E+03
    0.726458150693645877E+02    0.135637117767172644E+01    0.152166856531340571E+02    0.129015700564043140E+10    0.328121550268569479E+03   -0.164060775134284739E+03
    0.510182249698776573E+02    0.135987172743559737E+01    0.807050959501821730E+01    0.145045426803283644E+10    0.328072689652197596E+03   -0.164036344826098798E+03
    0.571400361142023172E+02    0.135931439302297030E+01    0.693716537644410280E+01    0.139688213015234447E+10    0.328065098301693467E+03   -0.164032549150846734E+03
    0.714389547718865003E+02    0.135524578702991993E+01    0.151932562958337041E+02    0.148199130457259750E+10    0.328063282003723771E+03   -0.164031641001861885E+03
    0.462678473246053130E+02    0.135887535381755775E+01    0.653368636823326554E+01    0.138052912631688333E+10    0.327972589233747613E+03   -0.163986294616873806E+03
    0.691754097109963624E+02    0.135331387292601035E+01    0.921803369022254593E+01    0.130287872032517934E+10    0.327967510665741258E+03   -0.163983755332870629E+03
    0.587044092903559758E+02    0.135481215041919190E+01    0.475754763208445297E+01    0.144892826813902926E+10    0.327928308442100615E+03   -0.163964154221050308E+03
    0.349068935318439131E+02    0.135739563386878670E+01    0.132866093336568412E+02    0.149552078034454107E+10    0.327921601467047253E+03   -0.163960800733523627E+03
    0.577087526572453129E+02    0.135498361319294580E+01    0.140311638516022459E+02    0.119970429019094038E+10    0.327917469228569473E+03   -0.163958734614284737E+03
    0.442955512405217604E+02    0.135301249955999436E+01    0.823949731045755662E+01    0.133771957822364616E+10    0.327909130560694450E+03   -0.163954565280347225E+03
    0.365192808109306100E+02    0.135725128212519519E+01    0.146877221065625729E+02    0.153731963777878380E+10    0.327889598009351289E+03   -0.163944799004675644E+03
    0.365192808109306100E+02    0.135725128212519519E+01    0.146877221065625729E+02    0.153731963777878380E+10    0.327889598009351289E+03   -0.163944799004675644E+03
    0.612338005737398845E+02    0.135312006573402899E+01    0.616208274190514871E+01    0.135676806858545065E+10    0.327879417010103907E+03   -0.163939708505051954E+03
    0.402974540320445271E+02    0.135868646096645596E+01    0.136507333461042801E+02    0.159412014121668553E+10    0.327834481473593655E+03   -0.163917240736796828E+03
    0.402974540320445271E+02    0.135868646096645596E+01    0.136507333461042801E+02    0.159412014121668553E+10    0.327834481473593655E+03   -0.163917240736796828E+03
    0.608092226783859289E+02    0.135645003297253952E+01    0.142052922748736599E+02    0.174913920021549368E+10    0.327833788086415836E+03   -0.163916894043207918E+03
    0.615623632441774618E+02    0.135584767644406035E+01    0.185893564718890154E+02    0.130731145149212193E+10    0.327825872925951501E+03   -0.163912936462975750E+03
    0.604583300666453027E+02    0.135640138438936519E+01    0.190568109250683051E+02    0.143781656623372865E+10    0.327805608033446674E+03   -0.163902804016723337E+03
    0.383821753111155743E+02    0.135890082966896819E+01    0.108515371814557167E+02    0.139292733238322306E+10    0.327800258268611231E+03   -0.163900129134305615E+03
    0.492490773534712716E+02    0.135762088917157464E+01    0.538397981666467107E+01    0.152663014363862109E+10    0.327798427817105278E+03   -0.163899213908552639E+03
    0.399075783660416903E+02    0.135813944247653318E+01    0.114376537105179956E+02    0.165140380594933844E+10    0.327783983369371015E+03   -0.163891991684685507E+03
    0.660520425286023283E+02    0.135547109963552437E+01    0.604545152087251392E+01    0.131988751609790993E+10    0.327775513380707480E+03   -0.163887756690353740E+03
    0.472571732057671383E+02    0.135681795046082931E+01    0.778576533480799071E+01    0.171810046896353221E+10    0.327752231647687722E+03   -0.163876115823843861E+03
    0.638622285352970493E+02    0.135917073939568978E+01    0.102460862284974983E+02    0.147623446163103604E+10    0.327737450392055223E+03   -0.163868725196027611E+03
    0.691716451830484402E+02    0.135644651149819140E+01    0.768645210354917641E+01    0.147359472419285941E+10    0.327736837397236059E+03   -0.163868418698618029E+03
    0.509649604643832888E+02    0.135807503144563513E+01    0.559524121781254369E+01    0.132475814290548444E+10    0.327723434885816118E+03   -0.163861717442908059E+03
    0.509649604643832888E+02    0.135807503144563513E+01    0.559524121781254369E+01    0.132475814290548444E+10    0.327723434885816118E+03   -0.163861717442908059E+03
    0.559464407077827062E+02    0.135959379891443888E+01    0.958930046417616033E+01    0.152695644443720031E+10    0.327707342026982303E+03   -0.163853671013491152E+03
    0.460667715326282590E+02    0.135394877914936140E+01    0.741815841910101081E+01    0.128940281247452998E+10    0.327703280150690148E+03   -0.163851640075345074E+03
    0.601822869318953195E+02    0.135866819680913342E+01    0.122666031058964666E+02    0.165958225005322504E+10    0.327691943573654100E+03   -0.163845971786827050E+03
    0.492011565504236970E+02    0.135609201684415814E+01    0.186569047727462909E+02    0.133518300252244568E+10    0.327678527038906111E+03   -0.163839263519453056E+03
    0.565291199574065715E+02    0.135292762616708373E+01    0.107156883711448945E+02    0.169353780890781307E+10    0.327669479044944524E+03   -0.163834739522472262E+03
    0.565291199574065715E+02    0.135292762616708373E+01    0.107156883711448945E+02    0.169353780890781307E+10    0.327669479044944524E+03   -0.163834739522472262E+03
    0.471199245894247198E+02    0.135925942960054491E+01    0.143980722311540763E+02    0.158540480389700723E+10    0.327659711230943344E+03   -0.163829855615471672E+03
    0.493561065473485243E+02    0.135765772134261153E+01    0.183382299907743658E+02    0.130457256317880487E+10    0.327650265527251861E+03   -0.163825132763625930E+03
    0.493561065473485243E+02    0.135765772134261153E+01    0.183382299907743658E+02    0.130457256317880487E+10    0.327650265527251861E+03   -0.163825132763625930E+03
    0.475072576929128232E+02    0.135530211944710643E+01    0.528504768555800286E+01    0.149059775533456159E+10    0.327619607554210063E+03   -0.163809803777105031E+03
    0.477001604500365417E+02    0.135537039486190536E+01    0.140621152696713683E+02    0.174803208693911576E+10    0.327599042280843946E+03   -0.163799521140421973E+03
    0.689172922993728463E+02    0.135408081341357200E+01    0.112923208021289305E+02    0.151200640895003915E+10    0.327594927205686986E+03   -0.163797463602843493E+03
    0.689172922993728463E+02    0.135408081341357200E+01    0.112923208021289305E+02    0.151200640895003915E+10    0.327594927205686986E+03   -0.163797463602843493E+03
    0.460152808224754253E+02    0.135843672888513844E+01    0.972654506795313445E+01    0.167596083562558913E+10    0.327589861534442093E+03   -0.163794930767221047E+03
    0.553096203572240341E+02    0.135918064720073573E+01    0.966439005586898858E+01    0.126024390533184195E+10    0.327587082140256541E+03   -0.163793541070128271E+03
    0.681635937363738833E+02    0.135396682247289091E+01    0.132407461353684663E+02    0.148431171826530147E+10    0.327558579301636485E+03   -0.163779289650818242E+03
    0.375906247686613710E+02    0.135809398141508142E+01    0.135208409188314569E+02    0.150591692350039697E+10    0.327545675587754317E+03   -0.163772837793877159E+03
    0.375906247686613710E+02    0.135809398141508142E+01    0.135208409188314569E+02    0.150591692350039697E+10    0.327545675587754317E+03   -0.163772837793877159E+03
    0.404304762551052832E+02    0.135583915525411203E+01    0.934057857782809897E+01    0.165361061876322603E+10    0.327518552086656996E+03   -0.163759276043328498E+03
    0.413328707043746562E+02    0.135450843262373066E+01    0.106034489999228771E+02    0.160044282117969775E+10    0.327516212617631481E+03   -0.163758106308815741E+03
    0.450390622347326257E+02    0.135302383463271036E+01    0.959446944062548113E+01    0.156042395231505990E+10    0.327503898624335307E+03   -0.163751949312167653E+03
    0.519514497392146453E+02    0.135205472862876674E+01    0.900495496376058036E+01    0.136704882574933720E+10    0.327498784476883316E+03   -0.163749392238441658E+03
    0.540769594535627078E+02    0.135367799496379759E+01    0.603081283410997582E+01    0.141356242970319462E+10    0.327469247639915977E+03   -0.163734623819957989E+03
    0.540769594535627078E+02    0.135367799496379759E+01    0.603081283410997582E+01    0.141356242970319462E+10    0.327469247639915977E+03   -0.163734623819957989E+03
    0.427460565891964208E+02    0.135649765332710870E+01    0.720123300802935873E+01    0.127979855645485163E+10    0.327452518875724991E+03   -0.163726259437862495E+03
    0.487950040826978508E+02    0.135829336761909625E+01    0.174271744687951085E+02    0.152683030298094630E+10    0.327446855589575762E+03   -0.163723427794787881E+03
    0.537003632192367348E+02    0.135880568156863646E+01    0.153209237625359123E+02    0.159944532249464798E+10    0.327382790537043093E+03   -0.163691395268521546E+03
    0.537003632192367348E+02    0.135880568156863646E+01    0.153209237625359123E+02    0.159944532249464798E+10    0.327382790537043093E+03   -0.163691395268521546E+03
    0.627755582542411545E+02    0.135919884137882452E+01    0.134923842434659988E+02    0.137648819711804104E+10    0.327382037218841958E+03   -0.163691018609420979E+03
    0.627755582542411545E+02    0.135919884137882452E+01    0.134923842434659988E+02    0.137648819711804104E+10    0.327382037218841958E+03   -0.163691018609420979E+03
    0.683534152677998037E+02    0.135485231139128071E+01    0.120785321435824020E+02    0.126462910674700022E+10    0.327350108994189270E+03   -0.163675054497094635E+03
    0.683534152677998037E+02    0.135485231139128071E+01    0.120785321435824020E+02    0.126462910674700022E+10    0.327350108994189270E+03   -0.163675054497094635E+03
    0.672668896326953245E+02    0.135632950873161739E+01    0.723477248137300322E+01    0.140192999173255014E+10    0.327349966591590658E+03   -0.163674983295795329E+03
    0.635174359739267800E+02    0.135521783246941707E+01    0.860910442982125979E+01    0.163857868399176049E+10    0.327341672438363389E+03   -0.163670836219181695E+03
    0.522084952481612419E+02    0.135755641854454523E+01    0.181635627876915677E+02    0.152233448402155662E+10    0.327322000555937848E+03   -0.163661000277968924E+03
    0.466645419451890575E+02    0.135720182164330083E+01    0.180092666166211366E+02    0.146370574835901999E+10    0.327303859282145538E+03   -0.163651929641072769E+03
    0.396383923089847912E+02    0.135857188080381208E+01    0.120359529601299222E+02    0.137079788767977023E+10    0.327287705953795694E+03   -0.163643852976897847E+03
    0.490996817681189341E+02    0.135801325678497120E+01    0.169190678677303161E+02    0.157623297102715302E+10    0.327266347088087741E+03   -0.163633173544043871E+03
    0.628690149862408987E+02    0.135861376640096032E+01    0.156082034988735678E+02    0.134959544241480279E+10    0.327258839809760445E+03   -0.163629419904880223E+03
    0.698758133927582890E+02    0.135641472111424166E+01    0.143232458749383085E+02    0.147405233778213620E+10    0.327246567595361228E+03   -0.163623283797680614E+03
    0.560589097007873107E+02    0.135800915386075594E+01    0.964771655925679816E+01    0.168669937321951127E+10    0.327245538227968325E+03   -0.163622769113984162E+03
    0.370792037446587344E+02    0.135697303422156668E+01    0.132794164719484353E+02    0.146034174332318664E+10    0.327240651726834130E+03   -0.163620325863417065E+03
    0.423419329434665244E+02    0.135902117155454238E+01    0.124102888192168272E+02    0.135880735674605036E+10    0.327220253412568013E+03   -0.163610126706284007E+03
    0.423419329434665244E+02    0.135902117155454238E+01    0.124102888192168272E+02    0.135880735674605036E+10    0.327220253412568013E+03   -0.163610126706284007E+03
    0.559253784583578692E+02    0.135473394708316319E+01    0.666851862906716608E+01    0.157638329687701082E+10    0.327197891006273551E+03   -0.163598945503136775E+03
    0.547004782029307250E+02    0.135423004644117762E+01    0.118787889432423377E+02    0.169867983081942964E+10    0.327182541748186054E+03   -0.163591270874093027E+03
    0.547004782029307250E+02    0.135423004644117762E+01    0.118787889432423377E+02    0.169867983081942964E+10    0.327182541748186054E+03   -0.163591270874093027E+03
    0.390159901711050168E+02    0.135703650978277701E+01    0.872072062460452280E+01    0.142811308362393284E+10    0.327178057484076703E+03   -0.163589028742038352E+03
    0.433604945751281505E+02    0.135684440713757670E+01    0.162037845432737662E+02    0.156991814513761735E+10    0.327169860851692761E+03   -0.163584930425846380E+03
    0.488099506229272961E+02    0.135957485881419715E+01    0.109175257420882144E+02    0.136007340379170561E+10    0.327164816399845449E+03   -0.163582408199922725E+03
    0.541041034422449201E+02    0.135706919519894487E+01    0.177574052456936435E+02    0.155390840948219323E+10    0.327126713800924108E+03   -0.163563356900462054E+03
    0.604016914732665597E+02    0.135637794452093408E+01    0.666301589391274351E+01    0.126924174821473646E+10    0.327117634368464280E+03   -0.163558817184232140E+03
    0.646152428747774934E+02    0.135492616533415178E+01    0.124324372971459471E+02    0.124971786139850807E+10    0.327110514010753889E+03   -0.163555257005376944E+03
    0.653924206417557343E+02    0.135395755917330995E+01    0.882293185299531402E+01    0.134760734718151474E+10    0.327110338499809245E+03   -0.163555169249904623E+03
    0.412568350646553270E+02    0.135746293525747674E+01    0.159464972958239226E+02    0.141180406118697500E+10    0.327108180001860489E+03   -0.163554090000930245E+03
    0.603827459391418984E+02    0.135834573923718960E+01    0.911912648240350343E+01    0.156706018399493909E+10    0.327105115248176674E+03   -0.163552557624088337E+03
    0.603827459391418984E+02    0.135834573923718960E+01    0.911912648240350343E+01    0.156706018399493909E+10    0.327105115248176674E+03   -0.163552557624088337E+03
    0.587223387201196232E+02    0.135597003268862948E+01    0.166277408532843971E+02    0.161077579957787180E+10    0.327091184089243768E+03   -0.163545592044621884E+03
    0.418171082797923503E+02    0.135822330041256811E+01    0.993641870071086153E+01    0.155435471744639635E+10    0.327087176274813999E+03   -0.163543588137406999E+03
    0.520872740683276660E+02    0.135537123347743371E+01    0.143622167257977420E+02    0.171652902991964984E+10    0.327085871764827516E+03   -0.163542935882413758E+03
    0.466025484250465780E+02    0.135796862907582683E+01    0.151761133970921360E+02    0.126185358771433544E+10    0.327068333737310468E+03   -0.163534166868655234E+03
    0.484035695890886331E+02    0.135378817100402093E+01    0.896849288212242790E+01    0.157832586872926092E+10    0.327037887654736039E+03   -0.163518943827368020E+03
    0.514256084386463854E+02    0.135957394833832690E+01    0.131386119436450670E+02    0.145444232266199827E+10    0.327031688888223243E+03   -0.163515844444111622E+03
    0.565812441316172752E+02    0.135723684197120575E+01    0.166632757287173234E+02    0.160389900447139621E+10    0.327021607190716850E+03   -0.163510803595358425E+03
    0.429825748618754915E+02    0.135765183612688056E+01    0.774332514857103948E+01    0.138090514862880087E+10    0.327020571862401653E+03   -0.163510285931200826E+03
    0.464540548289325415E+02    0.135535007950378428E+01    0.147581602806415386E+02    0.165379874238791823E+10    0.327006546247759616E+03   -0.163503273123879808E+03
    0.421056612641066295E+02    0.135663072577314803E+01    0.159943198109583342E+02    0.137956114694380856E+10    0.326996854554239576E+03   -0.163498427277119788E+03
    0.518808554626825327E+02    0.135916148446337326E+01    0.125488767755349091E+02    0.156570680148232889E+10    0.326994562791605915E+03   -0.163497281395802958E+03
    0.461728468629023894E+02    0.135757451015756714E+01    0.156015507697200988E+02    0.160996067184670115E+10    0.326979518031410180E+03   -0.163489759015705090E+03
    0.402972672132804490E+02    0.135628416541259456E+01    0.104663589876951413E+02    0.128460368625950742E+10    0.326962521652411112E+03   -0.163481260826205556E+03
    0.542165415959933981E+02    0.135687306383301887E+01    0.178961351140148288E+02    0.150375243624886060E+10    0.326953790822828239E+03   -0.163476895411414120E+03
    0.649205010230619877E+02    0.135775061183259571E+01    0.898403501491011269E+01    0.149377137449816918E+10    0.326931027600913183E+03   -0.163465513800456591E+03
    0.509691575467372147E+02    0.135951725068610685E+01    0.126036658545299609E+02    0.138289599041465855E+10    0.326929871277476082E+03   -0.163464935638738041E+03
    0.601280643950012532E+02    0.135591659505201290E+01    0.987706858042963631E+01    0.169432144589465141E+10    0.326925069778548618E+03   -0.163462534889274309E+03
    0.535808462264319516E+02    0.135851568059102101E+01    0.166863024894096306E+02    0.136450880897820139E+10    0.326922520640018433E+03   -0.163461260320009217E+03
    0.594061108165708944E+02    0.135856296047135006E+01    0.158345264803039836E+02    0.146651907082397580E+10    0.326917435625239079E+03   -0.163458717812619540E+03
    0.585452704621148001E+02    0.135791279419506306E+01    0.136531475592606260E+02    0.165082209025739169E+10    0.326904311984575202E+03   -0.163452155992287601E+03
    0.585937169374006430E+02    0.135755403243698658E+01    0.149689809120295205E+02    0.163682303612225962E+10    0.326890283679004597E+03   -0.163445141839502298E+03
    0.492332433577180808E+02    0.135805044974514066E+01    0.132152659075789796E+02    0.167213960467318892E+10    0.326882900135557350E+03   -0.163441450067778675E+03
    0.448057569647920104E+02    0.135879993722234516E+01    0.102672924271716308E+02    0.133455260907007360E+10    0.326882224914530298E+03   -0.163441112457265149E+03
    0.502876953081996163E+02    0.135508083285666148E+01    0.871622753581225496E+01    0.166801580183848977E+10    0.326882045846951883E+03   -0.163441022923475941E+03
    0.486310086212163029E+02    0.135769032160229730E+01    0.117451781403744135E+02    0.123551378112512970E+10    0.326881923464099486E+03   -0.163440961732049743E+03
    0.676861611881644905E+02    0.135612859609079783E+01    0.133982955178289895E+02    0.153845723319516158E+10    0.326878654651842055E+03   -0.163439327325921028E+03
    0.628924631004945809E+02    0.135417264597201026E+01    0.865970417363343614E+01    0.129378573659370399E+10    0.326876603831175146E+03   -0.163438301915587573E+03
    0.486759989338165511E+02    0.135344317091050659E+01    0.133494794501502252E+02    0.150024409129179454E+10    0.326869888250738086E+03   -0.163434944125369043E+03
    0.478526344327749058E+02    0.135329905222141988E+01    0.120529469309905206E+02    0.152402735006742215E+10    0.326869062754883430E+03   -0.163434531377441715E+03
    0.405471368603446649E+02    0.135715222121636558E+01    0.900750443066843332E+01    0.148814865383087635E+10    0.326868910866231317E+03   -0.163434455433115659E+03
    0.488640946659371451E+02    0.135899369992054497E+01    0.138863003151120576E+02    0.129714496058054376E+10    0.326866703695464764E+03   -0.163433351847732382E+03
    0.458732674566567837E+02    0.135830363790909869E+01    0.138511374284657158E+02    0.126877655939685225E+10    0.326866480600665227E+03   -0.163433240300332614E+03
    0.594969535067023543E+02    0.135917475714366920E+01    0.118263353359503629E+02    0.136026550097401190E+10    0.326865601503580763E+03   -0.163432800751790381E+03
    0.584600980061183364E+02    0.135902097798532817E+01    0.999696791105446536E+01    0.133057431926004052E+10    0.326854145109741864E+03   -0.163427072554870932E+03
    0.476480670117731648E+02    0.135448313695561851E+01    0.100393711807631014E+02    0.162169220742031240E+10    0.326841756169807809E+03   -0.163420878084903904E+03
    0.484910525066729363E+02    0.135505185237807413E+01    0.112572629143328253E+02    0.169615260075104594E+10    0.326827131635530236E+03   -0.163413565817765118E+03
    0.670506716469730435E+02    0.135581268482903994E+01    0.852579466939144304E+01    0.145383289202566910E+10    0.326823559636712503E+03   -0.163411779818356251E+03
    0.598031480408897664E+02    0.135316779454274960E+01    0.106580628141059393E+02    0.154601022035125589E+10    0.326811711936374422E+03   -0.163405855968187211E+03
    0.413000752180300381E+02    0.135663628039979089E+01    0.916431531319901538E+01    0.133009800838688779E+10    0.326810653997039822E+03   -0.163405326998519911E+03
    0.578124558751816267E+02    0.135727455198003089E+01    0.147947184312167721E+02    0.165360944852010942E+10    0.326804874758522828E+03   -0.163402437379261414E+03
    0.502650366431020146E+02    0.135429602204711874E+01    0.104386889443322080E+02    0.163507531615655470E+10    0.326798301891274832E+03   -0.163399150945637416E+03
    0.404606149838175639E+02    0.135579608014952724E+01    0.122809352736194537E+02    0.157368421307961178E+10    0.326791093445819342E+03   -0.163395546722909671E+03
    0.616704047879971355E+02    0.135656946803173439E+01    0.107261147132702899E+02    0.165834140866500354E+10    0.326776401399350675E+03   -0.163388200699675338E+03
    0.608781703946332655E+02    0.135669491333009407E+01    0.701098629568124831E+01    0.128711114928017187E+10    0.326769804887795658E+03   -0.163384902443897829E+03
    0.660673944467484660E+02    0.135504125481594206E+01    0.866713410973899911E+01    0.133659048951991916E+10    0.326764411580349702E+03   -0.163382205790174851E+03
    0.532340767503579784E+02    0.135737176067867216E+01    0.966031840544937204E+01    0.168031265668668032E+10    0.326743927697330378E+03   -0.163371963848665189E+03
    0.513280929688025509E+02    0.135788951190695784E+01    0.688555647365736956E+01    0.137139507464799047E+10    0.326743854759513795E+03   -0.163371927379756897E+03
    0.538749307458384266E+02    0.135796248733866665E+01    0.167712881651054460E+02    0.130934419412666297E+10    0.326729672671581625E+03   -0.163364836335790812E+03
    0.497157840838364820E+02    0.135909663858019147E+01    0.136274347558443498E+02    0.150115369544843674E+10    0.326728794027605431E+03   -0.163364397013802716E+03
    0.425998224669220349E+02    0.135806285448404918E+01    0.127828994728780696E+02    0.156082325520168257E+10    0.326725325815600911E+03   -0.163362662907800456E+03
    0.580543224809437461E+02    0.135914234700436398E+01    0.113359989201934166E+02    0.135980614110467362E+10    0.326720334885948375E+03   -0.163360167442974188E+03
    0.496592186598985563E+02    0.135567291557962655E+01    0.102564663596945973E+02    0.170839665993921113E+10    0.326714146426581237E+03   -0.163357073213290619E+03
    0.564947025892474812E+02    0.135531752856052812E+01    0.873299769772645718E+01    0.124749948304105616E+10    0.326714100720109911E+03   -0.163357050360054956E+03
    0.473744692826260376E+02    0.135829124700928650E+01    0.861095763405984549E+01    0.152902162862878919E+10    0.326712335990499071E+03   -0.163356167995249535E+03
    0.473881421307337902E+02    0.135760136920247310E+01    0.149119800374132474E+02    0.161638476594739413E+10    0.326704120202913600E+03   -0.163352060101456800E+03
    0.665159009622576889E+02    0.135529945367494054E+01    0.147826447879589207E+02    0.140195763308986044E+10    0.326695257966909196E+03   -0.163347628983454598E+03
    0.415200671853958170E+02    0.135786030760418486E+01    0.948093482461737480E+01    0.142754913920821023E+10    0.326687155485253129E+03   -0.163343577742626564E+03
    0.470310396752964408E+02    0.135912806506936334E+01    0.130462181308460998E+02    0.142866442053569698E+10    0.326653925451047883E+03   -0.163326962725523941E+03
    0.495398257485118876E+02    0.135644917015915079E+01    0.702268904081477086E+01    0.128384372804748297E+10    0.326644013515922211E+03   -0.163322006757961105E+03
    0.524358567615323778E+02    0.135710461090994827E+01    0.175645086591927111E+02    0.141877735908556485E+10    0.326619757032987252E+03   -0.163309878516493626E+03
    0.607745180194447201E+02    0.135842373363089752E+01    0.100900301819865401E+02    0.150612836233775401E+10    0.326619092722268761E+03   -0.163309546361134380E+03
    0.520049145495356981E+02    0.135411648557319753E+01    0.145265711759933804E+02    0.149914070138348484E+10    0.326615603286496821E+03   -0.163307801643248411E+03
    0.604629990184965038E+02    0.135830910420376094E+01    0.870718162988833022E+01    0.135811137622918916E+10    0.326614824411778784E+03   -0.163307412205889392E+03
    0.517432501622376293E+02    0.135663455567349200E+01    0.985516101364673958E+01    0.169155064848019743E+10    0.326614158378694128E+03   -0.163307079189347064E+03
    0.561185995837229754E+02    0.135688380056412328E+01    0.668082305717960789E+01    0.148622046046082377E+10    0.326596594849624466E+03   -0.163298297424812233E+03
    0.687180733228903478E+02    0.135650240502366581E+01    0.114092749236523634E+02    0.137969524467094040E+10    0.326577211316471619E+03   -0.163288605658235809E+03
    0.653968756478336672E+02    0.135489621842161490E+01    0.994327129299906254E+01    0.128422888158419919E+10    0.326570368231994507E+03   -0.163285184115997254E+03
    0.513045330935678621E+02    0.135637247465393984E+01    0.721553739337786837E+01    0.156787348660893941E+10    0.326570118801508897E+03   -0.163285059400754449E+03
    0.582356362053509997E+02    0.135876225621692437E+01    0.109485283724174014E+02    0.128321411990908194E+10    0.326561487644684803E+03   -0.163280743822342401E+03
    0.530893298729171690E+02    0.135844296639206408E+01    0.812048414524424089E+01    0.146107296842697811E+10    0.326556196442045746E+03   -0.163278098221022873E+03
    0.474671153064935396E+02    0.135423980706787828E+01    0.120141366487292149E+02    0.132051274069940877E+10    0.326549712441176894E+03   -0.163274856220588447E+03
    0.486901820359610653E+02    0.135768635574954333E+01    0.109924526391537842E+02    0.156671608321608496E+10    0.325946470666699838E+03   -0.162973235333349919E+03
    0.599228753889182499E+02    0.135423561657500446E+01    0.126491778629292568E+02    0.148365191586874509E+10    0.326220575142098028E+03   -0.163110287571049014E+03
    0.681742527098869289E+02    0.135633332257151595E+01    0.107743762253115385E+02    0.134689263414129972E+10    0.326519860327164565E+03   -0.163259930163582283E+03
    0.560429249419936824E+02    0.135655198602767468E+01    0.134663885824626739E+02    0.125055569481410146E+10    0.326157484544570934E+03   -0.163078742272285467E+03
    0.609932868993214541E+02    0.135671927043966600E+01    0.106801817104711354E+02    0.149459932833507204E+10    0.325651724418172250E+03   -0.162825862209086125E+03
    0.566218261843404704E+02    0.135467581454876806E+01    0.819824703162505664E+01    0.133215157350181746E+10    0.326249892562090395E+03   -0.163124946281045197E+03
    0.648984129426269334E+02    0.135642457873903766E+01    0.110863041462466327E+02    0.148322935669827557E+10    0.326052901724576031E+03   -0.163026450862288016E+03
    0.633905442422262340E+02    0.135651284910390935E+01    0.100475200279622179E+02    0.129590785736538529E+10    0.325974195408546393E+03   -0.162987097704273197E+03
    0.551084461566780917E+02    0.135575389796817181E+01    0.972875804006763722E+01    0.137888535311674881E+10    0.325259103502473351E+03   -0.162629551751236676E+03
    0.491118038869542275E+02    0.135771000234752059E+01    0.821730791068080180E+01    0.146450998925603247E+10    0.326163947601929465E+03   -0.163081973800964732E+03
    0.491414548822234778E+02    0.135753816350647538E+01    0.114812855407338983E+02    0.165873935586809969E+10    0.326461145619643048E+03   -0.163230572809821524E+03
    0.549259070630156003E+02    0.135740676755873402E+01    0.145569626334005893E+02    0.156504509895650339E+10    0.325987396854835765E+03   -0.162993698427417883E+03
    0.505064643909119013E+02    0.135467539447642560E+01    0.121275340640590752E+02    0.155151170282174087E+10    0.326037848192673380E+03   -0.163018924096336690E+03
    0.461406074774274728E+02    0.135569020826967424E+01    0.127248304901956732E+02    0.139264052291256452E+10    0.325622658849172581E+03   -0.162811329424586290E+03
    0.565475303852470432E+02    0.135733838814384433E+01    0.138250790376806911E+02    0.145799640766099596E+10    0.325386298846925342E+03   -0.162693149423462671E+03
    0.634783720524060016E+02    0.135639884655110987E+01    0.859660974709426995E+01    0.134182639543001318E+10    0.326231869332093083E+03   -0.163115934666046542E+03
    0.599529691475990845E+02    0.135533518785455454E+01    0.146933041258902666E+02    0.152095178591567564E+10    0.326091924858224445E+03   -0.163045962429112222E+03
    0.570029607605438926E+02    0.135491244684008860E+01    0.155494826664397561E+02    0.149467747510609913E+10    0.326372595424697579E+03   -0.163186297712348789E+03
    0.523384006985212054E+02    0.135488248185133520E+01    0.741909585702974539E+01    0.146451215803242207E+10    0.326349555906483829E+03   -0.163174777953241914E+03
    0.485533610262940840E+02    0.135594198888766115E+01    0.918174932386505560E+01    0.155818410672618985E+10    0.325915946763169416E+03   -0.162957973381584708E+03
    0.429971376130526721E+02    0.135660876152507415E+01    0.140649346941029840E+02    0.138803797969681096E+10    0.326207684966868442E+03   -0.163103842483434221E+03
    0.569341137143546376E+02    0.135527570721689616E+01    0.714398598773010463E+01    0.147139810936155176E+10    0.326326785217916608E+03   -0.163163392608958304E+03
    0.596522633492103935E+02    0.135742772895360120E+01    0.841988079726382033E+01    0.139152783935651374E+10    0.326050278949880465E+03   -0.163025139474940232E+03
    0.460428682711463821E+02    0.135785045697217432E+01    0.875205727335429451E+01    0.139189662009436393E+10    0.326293509566146327E+03   -0.163146754783073163E+03
    0.552133857164711799E+02    0.135452753177052432E+01    0.851975933251931927E+01    0.142946424521112823E+10    0.326089714749123004E+03   -0.163044857374561502E+03
    0.450951848311843477E+02    0.135765237802316596E+01    0.102111557995593483E+02    0.144843922031602287E+10    0.325922318060777457E+03   -0.162961159030388728E+03
    0.436819791059529265E+02    0.135695223825643918E+01    0.123712782174351954E+02    0.129820063470293260E+10    0.326206266473945675E+03   -0.163103133236972837E+03
    0.546047771702743105E+02    0.135794307669569836E+01    0.947211862121607240E+01    0.140511167865299773E+10    0.325714470374226835E+03   -0.162857235187113417E+03
    0.576677683928584628E+02    0.135793425094093378E+01    0.120475406673364311E+02    0.129544801735785294E+10    0.325732976730810037E+03   -0.162866488365405019E+03
    0.598355212796562697E+02    0.135661806474654001E+01    0.163922930312904604E+02    0.129201326833976912E+10    0.326469353296014447E+03   -0.163234676648007223E+03
    0.457386821222998137E+02    0.135558658468109106E+01    0.116853773622442816E+02    0.142076210554877782E+10    0.325607012559694056E+03   -0.162803506279847028E+03
    0.548331449872653849E+02    0.135850548959227702E+01    0.110650531354926809E+02    0.140556331148711801E+10    0.325855876470103226E+03   -0.162927938235051613E+03
    0.541713198468068882E+02    0.135646941414022382E+01    0.145673933268161502E+02    0.150274197013193178E+10    0.325520663978711696E+03   -0.162760331989355848E+03
    0.580504633982334965E+02    0.135552692673431352E+01    0.889997854360296792E+01    0.150838521883952618E+10    0.325780602095109771E+03   -0.162890301047554885E+03
    0.425517135413918410E+02    0.135796516654125510E+01    0.143295513955852059E+02    0.144261642953897786E+10    0.326525338802329372E+03   -0.163262669401164686E+03
    0.536924524843682818E+02    0.135776731795877459E+01    0.910362975072896674E+01    0.143914643740420485E+10    0.325710426949390239E+03   -0.162855213474695120E+03
    0.499291145778597283E+02    0.135641068349387539E+01    0.958673386554647244E+01    0.125140675847094893E+10    0.326415313909447491E+03   -0.163207656954723745E+03
    0.525770561916930674E+02    0.135790543124670626E+01    0.166405714499761430E+02    0.148407636019940209E+10    0.326521430783759911E+03   -0.163260715391879955E+03
    0.514737689081305376E+02    0.135650021694992406E+01    0.132396100550783444E+02    0.130414256417463756E+10    0.325410228932971847E+03   -0.162705114466485924E+03
    0.514737689081305376E+02    0.135650021694992406E+01    0.132396100550783444E+02    0.130414256417463756E+10    0.325410228932971847E+03   -0.162705114466485924E+03
    0.528982609088306788E+02    0.135609349190145489E+01    0.157857411841943627E+02    0.137282842166729426E+10    0.325833641274757611E+03   -0.162916820637378805E+03
    0.417129948224106286E+02    0.135715021028151184E+01    0.110494028522097700E+02    0.137037877877128243E+10    0.326308906815954742E+03   -0.163154453407977371E+03
    0.533884405052339375E+02    0.135653007087759869E+01    0.899920275102854461E+01    0.151657992195481706E+10    0.325643506777755647E+03   -0.162821753388877823E+03
    0.480405240154009903E+02    0.135572723422890995E+01    0.144534630741470291E+02    0.143910365170394921E+10    0.325672806597417548E+03   -0.162836403298708774E+03
    0.619546380797459690E+02    0.135503701036754376E+01    0.944687539257304465E+01    0.138739424989249802E+10    0.325959615669973232E+03   -0.162979807834986616E+03
    0.458614220752782984E+02    0.135709535505650924E+01    0.129973397544502038E+02    0.153728665622932243E+10    0.325863907612148182E+03   -0.162931953806074091E+03
    0.518230963471640749E+02    0.135856414334534326E+01    0.882005750643987696E+01    0.148095151257068419E+10    0.326473315171681463E+03   -0.163236657585840732E+03
    0.566734095780981733E+02    0.135634724750626656E+01    0.105629073647008749E+02    0.164689764763013530E+10    0.326200451825758307E+03   -0.163100225912879154E+03
    0.580950894956551878E+02    0.135585555721722351E+01    0.138709590555917384E+02    0.140282474850149417E+10    0.325323270716568572E+03   -0.162661635358284286E+03
    0.557680791689931326E+02    0.135735825499183260E+01    0.797834857637493577E+01    0.150576409748953867E+10    0.326176799117412543E+03   -0.163088399558706271E+03
    0.497257157870206612E+02    0.135696052013810853E+01    0.138342993475970868E+02    0.159367860616416931E+10    0.325983102023273943E+03   -0.162991551011636972E+03
    0.518135523343475199E+02    0.135530606271763165E+01    0.110304451538707085E+02    0.145970682425843120E+10    0.325276720725697260E+03   -0.162638360362848630E+03
    0.529683524973443554E+02    0.135728349696715989E+01    0.141717594932978415E+02    0.134795202299474287E+10    0.325459407882701157E+03   -0.162729703941350579E+03
    0.493599335679979063E+02    0.135816400050311348E+01    0.968704705440398328E+01    0.129682363590326619E+10    0.326209444125711059E+03   -0.163104722062855529E+03
    0.591135286240339894E+02    0.135596404595707143E+01    0.154213151019668757E+02    0.127949817153777599E+10    0.326098105695350284E+03   -0.163049052847675142E+03
    0.584725549476556878E+02    0.135518837695557037E+01    0.102892061219642947E+02    0.161319616953219008E+10    0.326253340721488883E+03   -0.163126670360744441E+03
    0.515191833757297033E+02    0.135587495355843868E+01    0.857277094067259071E+01    0.134232978618432999E+10    0.325685617355611726E+03   -0.162842808677805863E+03
    0.454427380306373934E+02    0.135799561517800993E+01    0.121086572884944950E+02    0.156658162660503769E+10    0.326325520375722817E+03   -0.163162760187861409E+03
    0.570071450644270072E+02    0.135387812817165809E+01    0.114394920861104001E+02    0.139193601913126230E+10    0.326083665808034652E+03   -0.163041832904017326E+03
    0.641061739816963581E+02    0.135816583275664038E+01    0.130404760729284810E+02    0.140821043297347450E+10    0.326411915401795397E+03   -0.163205957700897699E+03
    0.462195663794447569E+02    0.135813467746463790E+01    0.970520595887858128E+01    0.141351451962983584E+10    0.326134512412204060E+03   -0.163067256206102030E+03
    0.559243473744435278E+02    0.135494270362750080E+01    0.116676597776540962E+02    0.135475516432740164E+10    0.325483609922413848E+03   -0.162741804961206924E+03
    0.583520203968083848E+02    0.135798566245882157E+01    0.127133316316442695E+02    0.144638446179208350E+10    0.325628321834298731E+03   -0.162814160917149366E+03
    0.454554416103719134E+02    0.135849991915618040E+01    0.139260715003905968E+02    0.136112760232107854E+10    0.326511613804989224E+03   -0.163255806902494612E+03
    0.533557855987580538E+02    0.135692017079206284E+01    0.970157968938431559E+01    0.148207565840273738E+10    0.325398644125021576E+03   -0.162699322062510788E+03
    0.573466619171718932E+02    0.135562528437612362E+01    0.111647390909765090E+02    0.168757260172349072E+10    0.326492691993065648E+03   -0.163246345996532824E+03
    0.646179476775654535E+02    0.135599252715006169E+01    0.151339591704872465E+02    0.135430872374885678E+10    0.326346708387207400E+03   -0.163173354193603700E+03
    0.561812306940276400E+02    0.135760021598154856E+01    0.154294968885567823E+02    0.135553014845191169E+10    0.325902636508478054E+03   -0.162951318254239027E+03
    0.606996287936136554E+02    0.135801720396038839E+01    0.144628136469842623E+02    0.142456504782079864E+10    0.326085846919748235E+03   -0.163042923459874117E+03
    0.424604160198841427E+02    0.135681287361976066E+01    0.128786813855070488E+02    0.146559944263794422E+10    0.326072389636235584E+03   -0.163036194818117792E+03
    0.476140877610704862E+02    0.135719415136573263E+01    0.108060384015002846E+02    0.156443953629562593E+10    0.325864398784501304E+03   -0.162932199392250652E+03
    0.495317765809464277E+02    0.135854232860745161E+01    0.950893628324323537E+01    0.152443349623682189E+10    0.326493916936638584E+03   -0.163246958468319292E+03
    0.484184813340982672E+02    0.135723091248828731E+01    0.129150728744409555E+02    0.135422041860445857E+10    0.325474284834543369E+03   -0.162737142417271684E+03
    0.567712846850587383E+02    0.135819491166324302E+01    0.134714121072374802E+02    0.139484767378995848E+10    0.325734533153480754E+03   -0.162867266576740377E+03
    0.601669096075974039E+02    0.135713426498650902E+01    0.105793164457163140E+02    0.143530999969356656E+10    0.325470376564446042E+03   -0.162735188282223021E+03
    0.556601937872273069E+02    0.135702561354754225E+01    0.101186496363446850E+02    0.164051073864476585E+10    0.326307002476879916E+03   -0.163153501238439958E+03
    0.512241909228895267E+02    0.135785177422568637E+01    0.130898063025479647E+02    0.152639881615295672E+10    0.325703785671962919E+03   -0.162851892835981459E+03
    0.470310951684908147E+02    0.135614004183541437E+01    0.160891523774248668E+02    0.152126553457107806E+10    0.326448370776397951E+03   -0.163224185388198975E+03
    0.543929060073706339E+02    0.135428843980668145E+01    0.142762337614414534E+02    0.142607449811835313E+10    0.326243667759115397E+03   -0.163121833879557698E+03
    0.435223253538350079E+02    0.135651345334809514E+01    0.961370550246186539E+01    0.137312208938725495E+10    0.326151970518051030E+03   -0.163075985259025515E+03
    0.613807839131541613E+02    0.135590571156287854E+01    0.882070343035564264E+01    0.145212849931536651E+10    0.325864771543160543E+03   -0.162932385771580272E+03
    0.467308180201595107E+02    0.135452740087374002E+01    0.121780887891359964E+02    0.140474562552381825E+10    0.326207565086709565E+03   -0.163103782543354782E+03
    0.597696587681890108E+02    0.135695276987876245E+01    0.110669062675236027E+02    0.145142240559852076E+10    0.325379827820440710E+03   -0.162689913910220355E+03
    0.449911819243939419E+02    0.135513061052935058E+01    0.149471901045477917E+02    0.141370169841164565E+10    0.326528483285862990E+03   -0.163264241642931495E+03
    0.540206074926762696E+02    0.135747869912541286E+01    0.133167593431288509E+02    0.153148742743870401E+10    0.325568821712763224E+03   -0.162784410856381612E+03
