    0.740404875834642695E+02    0.136644553801268920E+01    0.155653916509979897E+02    0.674875946936353683E+09    0.144012509444030547E+04   -0.720062547220152737E+03
    0.599027423142187629E+02    0.137257541253935234E+01    0.958087378311979521E+01    0.882814401652013421E+09    0.143453010716026893E+04   -0.717265053580134463E+03
    0.262945720982403977E+02    0.136236867285821095E+01    0.991841195960067346E+01    0.826670167381487012E+09    0.143362524600844517E+04   -0.716812623004222587E+03
    0.665025792157454987E+02    0.136624358935662649E+01    0.910740974315547369E+01    0.877774406633839011E+09    0.143340549727483904E+04   -0.716702748637419518E+03
    0.281710633107026567E+02    0.136951854786223270E+01    0.137963760955641526E+02    0.792176146889583111E+09    0.143159216468293130E+04   -0.715796082341465649E+03
    0.236684719072325152E+02    0.136926348037562473E+01    0.117387557050876730E+02    0.748968898436069727E+09    0.142987103770097792E+04   -0.714935518850488961E+03
    0.495842263829132577E+02    0.136901902762447869E+01    0.136238507026176272E+02    0.756766220990984201E+09    0.142949390197705634E+04   -0.714746950988528170E+03
    0.782965711190946223E+02    0.136989280668068947E+01    0.107413262541196541E+01    0.660807030202145696E+09    0.142924233701332309E+04   -0.714621168506661547E+03
    0.263792512689625021E+02    0.137360783750867577E+01    0.758629614725105927E+01    0.836591151438401580E+09    0.142908784824347913E+04   -0.714543924121739565E+03
    0.505699462213580944E+02    0.136760086984354734E+01    0.129630879063330866E+02    0.687789532275707245E+09    0.142890922271898876E+04   -0.714454611359494379E+03
    0.379132188674154733E+02    0.136028874130149147E+01    0.115577964166310765E+01    0.842221089103581190E+09    0.142881449435310378E+04   -0.714407247176551891E+03
    0.636486413677663094E+02    0.136891743329930260E+01    0.101649316433558603E+02    0.799680615823258162E+09    0.142864967691120864E+04   -0.714324838455604322E+03
    0.322565922738223136E+02    0.135944520822040715E+01    0.239994023937710832E+01    0.733494486203329325E+09    0.142822675173719995E+04   -0.714113375868599974E+03
    0.796040799077852768E+02    0.136571347650260089E+01    0.275136161193033146E+01    0.678433997612003922E+09    0.142780027707183490E+04   -0.713900138535917449E+03
    0.517537984762925163E+02    0.137625332637992370E+01    0.166121402744975943E+00    0.749902275988572121E+09    0.142779978708856220E+04   -0.713899893544281099E+03
    0.170172348012663868E+02    0.137022624695510076E+01    0.713300386913114615E+01    0.825334163219033718E+09    0.142779913599951851E+04   -0.713899567999759256E+03
    0.388332285563406572E+02    0.137257608331746894E+01    0.675874229180434938E+01    0.883292718227660656E+09    0.142778540997935579E+04   -0.713892704989677895E+03
    0.268664550610204280E+02    0.136688354481184571E+01    0.993750468722595670E+01    0.829025791805357575E+09    0.142719940403896703E+04   -0.713599702019483516E+03
    0.497807468478124449E+02    0.136817726717864252E+01    0.116753824487566860E+02    0.695445274202757716E+09    0.142691814262870139E+04   -0.713459071314350695E+03
    0.585527102655304219E+02    0.136593599655415954E+01    0.908143054953554874E+01    0.636017792673992634E+09    0.142689394661131928E+04   -0.713446973305659640E+03
    0.367645094982477758E+02    0.137115665316624180E+01    0.678501673927518301E+01    0.641563797839750886E+09    0.142682815994787143E+04   -0.713414079973935713E+03
    0.737278134847259849E+02    0.136963082705172212E+01    0.370994240297546574E+01    0.772957931130471230E+09    0.142680707401886912E+04   -0.713403537009434558E+03
    0.472748886758975999E+02    0.136559100202840478E+01    0.958857687661883418E+01    0.632321021586298347E+09    0.142673865163425080E+04   -0.713369325817125400E+03
    0.538190069346586810E+02    0.137055016748668201E+01    0.856227866264792858E+01    0.662926575022811532E+09    0.142670862285023804E+04   -0.713354311425119022E+03
    0.596483545728020701E+02    0.137189609106748911E+01    0.771244092866988495E+01    0.783679350623062611E+09    0.142669497637515542E+04   -0.713347488187577710E+03
    0.218367700219190795E+02    0.136975465877459146E+01    0.851773262982694490E+01    0.798758344439555645E+09    0.142658665941701656E+04   -0.713293329708508281E+03
    0.143621046454009083E+02    0.136602596614130900E+01    0.556008785106275383E+01    0.775231695596648693E+09    0.142653974494829299E+04   -0.713269872474146496E+03
    0.735770685965536586E+02    0.136459706165035599E+01    0.462484559180701904E+01    0.683646290218596458E+09    0.142650664112254981E+04   -0.713253320561274904E+03
    0.625308079068134361E+02    0.136785763505442337E+01    0.285275837796601994E+01    0.583073334731903076E+09    0.142646929950959930E+04   -0.713234649754799648E+03
    0.246779399416192433E+02    0.136533124998926159E+01    0.682977121773797879E+01    0.657514863392978787E+09    0.142644699825781436E+04   -0.713223499128907179E+03
    0.660655539916931218E+02    0.137153106765363386E+01    0.410600388525645155E+01    0.681033553425258875E+09    0.142638092153338380E+04   -0.713190460766691899E+03
    0.315277684583959648E+02    0.136814234896390285E+01    0.109397943530203055E+02    0.799916344665881753E+09    0.142635353687858264E+04   -0.713176768439291322E+03
    0.138430757995756757E+02    0.136768254197223738E+01    0.550404632549066797E+01    0.781847257437165022E+09    0.142634528915102828E+04   -0.713172644575514141E+03
    0.724894930776541173E+02    0.136878128608398031E+01    0.416169855608212202E+01    0.683359733439133763E+09    0.142605826556871921E+04   -0.713029132784359604E+03
    0.584972253809005736E+02    0.136242204888440255E+01    0.128082053058378942E+01    0.832242966328005791E+09    0.142595874580891382E+04   -0.712979372904456909E+03
    0.228753267313487889E+02    0.136341508218305063E+01    0.535515961933656470E+01    0.775857791304962158E+09    0.142583527902557967E+04   -0.712917639512789833E+03
    0.671927972667426872E+02    0.137011685231315439E+01    0.540565831889214099E+01    0.685398217735715270E+09    0.142581866687486900E+04   -0.712909333437434498E+03
    0.660994442771913526E+02    0.137015793018565990E+01    0.549468782748565143E+01    0.679140433847265720E+09    0.142576022609989877E+04   -0.712880113049949387E+03
    0.638657916924200180E+02    0.136651495572932524E+01    0.733609206204469677E+00    0.573950056338560462E+09    0.142575288217480374E+04   -0.712876441087401872E+03
    0.714972264036106822E+02    0.137013040549332632E+01    0.364548589338058537E+01    0.706870786299715042E+09    0.142573126261807738E+04   -0.712865631309038690E+03
    0.296201419625951665E+02    0.137260517476889943E+01    0.441591570892249585E+01    0.862809561094859958E+09    0.142562393089551915E+04   -0.712811965447759576E+03
    0.486837256030997594E+02    0.136548498781893812E+01    0.145445951191040712E+01    0.554267537907710314E+09    0.142560733196414094E+04   -0.712803665982070470E+03
    0.440431099839825322E+02    0.136335551959229107E+01    0.672505930376683203E+01    0.818639466101084828E+09    0.142540488619892585E+04   -0.712702443099462926E+03
    0.562273673253206141E+02    0.136377638970685799E+01    0.162939809061219965E+01    0.570184124581558347E+09    0.142538709725345711E+04   -0.712693548626728557E+03
    0.591944660079100657E+02    0.136744468544943309E+01    0.355460619703117020E+01    0.588933974995847702E+09    0.142537727105590284E+04   -0.712688635527951419E+03
    0.339113321324449331E+02    0.137170573062334866E+01    0.851141938851245961E+01    0.811204545332008243E+09    0.142537566214442450E+04   -0.712687831072212248E+03
    0.409819284412423741E+02    0.136991670214640893E+01    0.435024736496390396E+01    0.905408516686513662E+09    0.142533336592193382E+04   -0.712666682960966909E+03
    0.607175007787490983E+02    0.137360583372576062E+01    0.159387735925723217E+01    0.747711112141893744E+09    0.142518685413497064E+04   -0.712593427067485322E+03
    0.290951583033589110E+02    0.137287345701799612E+01    0.497787462927615820E+01    0.720636213166712165E+09    0.142514069027136088E+04   -0.712570345135680441E+03
    0.725275652547049674E+02    0.136430599032465905E+01    0.301562904214319794E+01    0.684898075112608194E+09    0.142511150303921204E+04   -0.712555751519606019E+03
    0.354342692354945328E+02    0.136520599166982048E+01    0.356300002285217809E+01    0.588865661945113659E+09    0.142509656402265136E+04   -0.712548282011325682E+03
    0.586250228759185745E+02    0.137115173715474348E+01    0.637728161294638696E+01    0.687116466137582421E+09    0.142505795787097873E+04   -0.712528978935489363E+03
    0.666644780024055024E+02    0.136585537323508155E+01    0.263790800028935202E+01    0.835797381306212664E+09    0.142504135239671177E+04   -0.712520676198355886E+03
    0.189433959655399669E+02    0.137185993428199571E+01    0.198258588584250717E+01    0.831905665256215334E+09    0.142502425081380352E+04   -0.712512125406901760E+03
    0.260418158498175494E+02    0.137058433039503957E+01    0.543155128431438605E+01    0.860874344970677376E+09    0.142495935243947747E+04   -0.712479676219738735E+03
    0.726652766875017022E+02    0.136381512580095121E+01    0.343865974647916683E+00    0.760083450423836470E+09    0.142494129948100408E+04   -0.712470649740502040E+03
    0.568929945767973919E+02    0.136686538711623218E+01    0.764679736126265830E+01    0.830593071482928276E+09    0.142483615073951341E+04   -0.712418075369756707E+03
    0.209359377613477911E+02    0.136954953713221039E+01    0.645714165404275686E+01    0.784017416175571799E+09    0.142477772431858239E+04   -0.712388862159291193E+03
    0.614071924907639968E+02    0.136243194711519489E+01    0.414874673291123042E+01    0.748103957781718612E+09    0.142477338344131704E+04   -0.712386691720658519E+03
    0.623954372741582048E+02    0.136728361564640211E+01    0.793323986718352359E+01    0.679577852387497663E+09    0.142471912715644203E+04   -0.712359563578221014E+03
    0.557552559809915564E+02    0.136067437414907033E+01    0.950026329328267805E+00    0.649059459928224802E+09    0.142471835934636715E+04   -0.712359179673183576E+03
    0.422761592636168331E+02    0.136232547116007674E+01    0.573909876531806695E+01    0.666242490081306577E+09    0.142464432603651221E+04   -0.712322163018256106E+03
    0.513360911492186034E+02    0.136364163042890807E+01    0.104992566595978820E+01    0.571049718562763095E+09    0.142462576591093375E+04   -0.712312882955466876E+03
    0.611860629503067912E+02    0.137282667402485314E+01    0.109804967043299517E+01    0.700772532203759551E+09    0.142459849196929781E+04   -0.712299245984648906E+03
    0.670373826855273620E+02    0.136706056132268250E+01    0.666161522229861269E+01    0.767009232756892204E+09    0.142459010121131382E+04   -0.712295050605656911E+03
    0.533269680741069720E+02    0.136162688912357321E+01    0.470517174004791539E+01    0.707265825985023856E+09    0.142447861775629690E+04   -0.712239308878148449E+03
    0.674032203953300098E+02    0.137103443571633621E+01    0.228945220603854560E+01    0.785127587334603786E+09    0.142442268018816117E+04   -0.712211340094080583E+03
    0.244620213240141915E+02    0.136762392979126823E+01    0.680561025403794151E+01    0.695318381420306087E+09    0.142437524610006017E+04   -0.712187623050030084E+03
    0.324623472313200594E+02    0.137436505495667549E+01    0.170772566960536021E+01    0.747272662338905454E+09    0.142435432418212713E+04   -0.712177162091063565E+03
    0.425832009714066118E+02    0.136277938063990800E+01    0.602926592068899847E+01    0.663186536129842043E+09    0.142432815930016272E+04   -0.712164079650081362E+03
    0.723174985530947936E+02    0.136831316161305594E+01    0.313992722208480401E+01    0.715141809017791986E+09    0.142414374967338517E+04   -0.712071874836692587E+03
    0.519041070343673638E+02    0.136487759463820524E+01    0.833591426741407560E+01    0.786366390091738820E+09    0.142412051390468332E+04   -0.712060256952341661E+03
    0.413342423706526390E+02    0.136249951513657908E+01    0.131540320603132019E-01    0.593156518075397849E+09    0.142402652904825800E+04   -0.712013264524128999E+03
    0.444226492961354964E+02    0.136213897693148622E+01    0.459765702258802023E+01    0.657878089862146616E+09    0.142401086944120198E+04   -0.712005434720600988E+03
    0.276819256671533864E+02    0.136711239778629978E+01    0.726766494913992478E+01    0.829176836845728874E+09    0.142399903877545694E+04   -0.711999519387728469E+03
    0.355689976188606209E+02    0.136850408448699401E+01    0.967981854299114985E+01    0.770158256465759516E+09    0.142398246470532263E+04   -0.711991232352661314E+03
    0.585531005575692234E+02    0.137034315139461227E+01    0.417770006211609923E-01    0.622277240082130075E+09    0.142394644027370509E+04   -0.711973220136852547E+03
    0.624522849517736347E+02    0.136898839176828790E+01    0.532080792720468843E+01    0.812277974705763936E+09    0.142394052766584559E+04   -0.711970263832922797E+03
    0.533618566728549624E+02    0.136419390563154552E+01    0.520831866782744513E+01    0.824645566846143603E+09    0.142393654854630995E+04   -0.711968274273154975E+03
    0.445249121116727409E+02    0.136248393549186009E+01    0.294733660562090982E+01    0.620065094378728747E+09    0.142387786133033364E+04   -0.711938930665166822E+03
    0.619641145365403787E+02    0.137005692946995561E+01    0.499348788491304707E+00    0.632883039924643755E+09    0.142385626887261060E+04   -0.711928134436305299E+03
    0.347640346839826719E+02    0.136421260681641043E+01    0.451616896890394237E+01    0.843529137604996562E+09    0.142379595132332770E+04   -0.711897975661663850E+03
    0.441009735302499308E+02    0.136935588328097890E+01    0.693336545290794160E+01    0.851159502417781472E+09    0.142375168347415502E+04   -0.711875841737077508E+03
    0.405352799456989246E+02    0.136126603615962760E+01    0.351603073534515120E+01    0.710077871843645453E+09    0.142371089309317176E+04   -0.711855446546585881E+03
    0.295623376697321554E+02    0.136688747654323128E+01    0.872190721280279391E+01    0.770110566495778799E+09    0.142370156723458604E+04   -0.711850783617293018E+03
    0.277581530152024776E+02    0.137002330565757791E+01    0.555051542648182572E+01    0.694233006229909658E+09    0.142369435299894076E+04   -0.711847176499470379E+03
    0.586870337509407207E+02    0.137119798676876248E+01    0.592455309796388985E+01    0.774589710973455906E+09    0.142368468394176216E+04   -0.711842341970881080E+03
    0.674621346017997894E+02    0.136532023645352729E+01    0.193679182990097520E+01    0.806015436369079232E+09    0.142359528511001690E+04   -0.711797642555008451E+03
    0.462487940216011992E+02    0.136863721181940434E+01    0.155520902442499542E+01    0.595744509943579912E+09    0.142356588400994679E+04   -0.711782942004973393E+03
    0.222438295926589369E+02    0.136740559878494539E+01    0.525095982053367116E+01    0.701495470031332254E+09    0.142351987229808310E+04   -0.711759936149041550E+03
    0.438838463833125800E+02    0.136160291739197103E+01    0.118818013927928434E+01    0.802724135401766300E+09    0.142349593879209283E+04   -0.711747969396046415E+03
    0.493338888161341913E+02    0.137036305671254821E+01    0.858829595539275736E+01    0.755574467659270883E+09    0.142348973633662217E+04   -0.711744868168311086E+03
    0.438719519539179927E+02    0.136657552788208436E+01    0.143975727806755027E+01    0.578306317716395378E+09    0.142348698709059545E+04   -0.711743493545297724E+03
    0.411235490264788126E+02    0.136145187468249929E+01    0.235305722681213592E+01    0.661271910477927685E+09    0.142343024179681197E+04   -0.711715120898405985E+03
    0.378636947989241435E+02    0.137080651438418566E+01    0.518277497060128134E+01    0.863048215259647608E+09    0.142339458510273198E+04   -0.711697292551365990E+03
    0.719847664161354430E+02    0.136750320390835411E+01    0.122920627895545986E+01    0.773018267956310034E+09    0.142338290280040565E+04   -0.711691451400202823E+03
    0.423683811729751199E+02    0.136813150894344404E+01    0.645983967674627912E+01    0.860712730082290411E+09    0.142337441505328616E+04   -0.711687207526643078E+03
    0.531794140698652313E+02    0.136310207162452546E+01    0.126346475861232288E+01    0.605082684637565494E+09    0.142328754989006666E+04   -0.711643774945033329E+03
    0.673543780005856831E+02    0.136551429518693834E+01    0.333500471770523443E+01    0.656351178824283600E+09    0.142327503111323813E+04   -0.711637515556619064E+03
    0.501470068387139918E+02    0.136376493838509583E+01    0.111554016547128665E+01    0.853394453787310243E+09    0.142326362395950741E+04   -0.711631811979753707E+03
    0.384772513451416955E+02    0.136265971839081201E+01    0.135047090383269452E+01    0.620061262170271277E+09    0.142322105985346820E+04   -0.711610529926734102E+03
    0.525293791832193548E+02    0.136469860632988893E+01    0.207764603530446124E+01    0.592716864267933130E+09    0.142314602197822114E+04   -0.711573010989110571E+03
    0.358863002923361663E+02    0.136682976984069993E+01    0.203228228731929222E+00    0.905164556563883185E+09    0.142313395497748388E+04   -0.711566977488741941E+03
    0.717955369225292799E+02    0.136798573640404064E+01    0.171089743407563732E+01    0.735666560166967869E+09    0.142301008812742111E+04   -0.711505044063710557E+03
    0.406316034829409105E+02    0.136069280245151192E+01    0.522516779010656407E+00    0.737319034595535874E+09    0.142300096011491996E+04   -0.711500480057459981E+03
    0.463392500007322994E+02    0.137099258018995429E+01    0.618291629500559115E+01    0.687706343988942862E+09    0.142298200525981474E+04   -0.711491002629907371E+03
    0.463392500007322994E+02    0.137099258018995429E+01    0.618291629500559115E+01    0.687706343988942862E+09    0.142298200525981474E+04   -0.711491002629907371E+03
    0.618659344834594904E+02    0.136585590035733584E+01    0.676185565128608612E+01    0.700474222585611939E+09    0.142291666620077012E+04   -0.711458333100385062E+03
    0.264781389565708878E+02    0.136700074775283387E+01    0.699770505242746133E+01    0.792767369107260346E+09    0.142290494239708596E+04   -0.711452471198542980E+03
    0.337544023243169775E+02    0.136988190195306969E+01    0.559066022024030662E+01    0.680255664324916124E+09    0.142287844795135925E+04   -0.711439223975679624E+03
    0.253578514219104925E+02    0.136429262922036099E+01    0.204308641907715982E+01    0.666760352075065136E+09    0.142283956921651884E+04   -0.711419784608259420E+03
    0.661472044869115479E+02    0.136911683021068531E+01    0.327216005390944753E+01    0.695605585415324926E+09    0.142283086835471272E+04   -0.711415434177356360E+03
    0.453436580766187092E+02    0.136535240011422965E+01    0.468208820937601011E+01    0.616865525540164471E+09    0.142281303573955938E+04   -0.711406517869779691E+03
    0.545619848379260119E+02    0.136602333855776248E+01    0.832938416665403381E+01    0.705698338822809577E+09    0.142276440895742098E+04   -0.711382204478710491E+03
    0.304986822772293138E+02    0.136818365439695344E+01    0.696642190019581720E+00    0.625472923876143694E+09    0.142273271415732120E+04   -0.711366357078660599E+03
    0.304986822772293138E+02    0.136818365439695344E+01    0.696642190019581720E+00    0.625472923876143694E+09    0.142273271415732120E+04   -0.711366357078660599E+03
    0.635524793192996782E+02    0.136549788624057111E+01    0.603112037160219394E+01    0.725325345943055511E+09    0.142268572318327142E+04   -0.711342861591635710E+03
    0.518777855176598166E+02    0.136562830134856705E+01    0.860630120749078209E+01    0.724214046299582362E+09    0.142268343359898654E+04   -0.711341716799493270E+03
    0.448551933177903948E+02    0.136415953100460996E+01    0.101059598188329636E+01    0.593922923591789842E+09    0.142265055896216063E+04   -0.711325279481080315E+03
    0.346063563709668571E+02    0.136255129937675235E+01    0.346659059399706271E+01    0.766219707765698075E+09    0.142264130592941001E+04   -0.711320652964705005E+03
    0.370272148007484034E+02    0.136712609647524652E+01    0.719569587809022160E+01    0.670154705164182663E+09    0.142260367403845703E+04   -0.711301837019228515E+03
    0.370272148007484034E+02    0.136712609647524652E+01    0.719569587809022160E+01    0.670154705164182663E+09    0.142260367403845703E+04   -0.711301837019228515E+03
    0.717855431543363238E+02    0.136791010162734517E+01    0.715735290399880486E+00    0.734300316281147718E+09    0.142256600995544386E+04   -0.711283004977721930E+03
    0.471517302254993140E+02    0.136958600980048506E+01    0.136301181389317905E+01    0.620072386361831784E+09    0.142252251212513988E+04   -0.711261256062569942E+03
    0.471517302254993140E+02    0.136958600980048506E+01    0.136301181389317905E+01    0.620072386361831784E+09    0.142252251212513988E+04   -0.711261256062569942E+03
    0.393715845037069627E+02    0.136406370044060710E+01    0.480755203654487406E+01    0.645546146987300515E+09    0.142250266276320076E+04   -0.711251331381600380E+03
    0.257329267350754982E+02    0.136713816595650850E+01    0.391728068007665131E+01    0.844382106384161949E+09    0.142246924624396934E+04   -0.711234623121984669E+03
    0.451708666133935637E+02    0.136654932526039485E+01    0.560327292405055744E+01    0.629683032138040781E+09    0.142246580170008156E+04   -0.711232900850040778E+03
    0.292953767283029229E+02    0.136654323592486859E+01    0.697750243273894011E+01    0.708485661490515947E+09    0.142245876176483739E+04   -0.711229380882418695E+03
    0.292953767283029229E+02    0.136654323592486859E+01    0.697750243273894011E+01    0.708485661490515947E+09    0.142245876176483739E+04   -0.711229380882418695E+03
    0.323229265422492560E+02    0.136655646481100890E+01    0.966751830976469662E+00    0.613853295672804117E+09    0.142242511599666204E+04   -0.711212557998331022E+03
    0.280582305002164603E+02    0.136777789124793925E+01    0.675375588439822039E+01    0.803208713064827323E+09    0.142240077824175478E+04   -0.711200389120877389E+03
    0.552646306582308711E+02    0.136339505935574978E+01    0.165620844951844814E+01    0.812170951808329582E+09    0.142238751833364358E+04   -0.711193759166821792E+03
    0.686190923120656606E+02    0.136528016212354353E+01    0.215177699321721683E+01    0.685506723019232512E+09    0.142233425104917978E+04   -0.711167125524589892E+03
    0.247285810645194744E+02    0.136704234610481734E+01    0.586774961610222601E+01    0.729188556483803868E+09    0.142231543682677602E+04   -0.711157718413388011E+03
    0.247285810645194744E+02    0.136704234610481734E+01    0.586774961610222601E+01    0.729188556483803868E+09    0.142231543682677602E+04   -0.711157718413388011E+03
    0.498889355844062123E+02    0.136719181797423484E+01    0.757041070895252588E+01    0.810544581895531893E+09    0.142227204240696574E+04   -0.711136021203482869E+03
    0.415315340944248348E+02    0.137084618105939082E+01    0.711751598109883865E+01    0.728445677477734566E+09    0.142226860118143577E+04   -0.711134300590717885E+03
    0.324535812004243240E+02    0.137329818143395332E+01    0.456683037802119829E+00    0.814781500829303145E+09    0.142226216541239774E+04   -0.711131082706198868E+03
    0.355946853422156266E+02    0.137075498283640673E+01    0.466607442988833210E+01    0.686066304116167545E+09    0.142225182710090849E+04   -0.711125913550454243E+03
    0.471029339389198043E+02    0.136995244361080060E+01    0.726952802064294268E+01    0.801973831704405785E+09    0.142224022986178966E+04   -0.711120114930894829E+03
    0.488851860140266936E+02    0.137105082957882352E+01    0.121189420848359419E+01    0.865742759269734740E+09    0.142223992610863229E+04   -0.711119963054316145E+03
    0.258967922118673606E+02    0.136931869581761223E+01    0.382966525125630497E+01    0.703118157402995229E+09    0.142221237015146880E+04   -0.711106185075734402E+03
    0.439034598905611020E+02    0.136736314483661658E+01    0.300630610894690342E+01    0.611744279320460320E+09    0.142212909684902161E+04   -0.711064548424510804E+03
    0.564997156271379097E+02    0.136553906759885701E+01    0.447993888729608880E+01    0.818020456836383820E+09    0.142205926492056778E+04   -0.711029632460283892E+03
    0.185783027992114746E+02    0.136917810885503544E+01    0.477520988000811775E+00    0.769635549956060052E+09    0.142204671817007647E+04   -0.711023359085038237E+03
    0.657183400539928328E+02    0.136718907591721517E+01    0.468692009240429019E+01    0.743326529413087368E+09    0.142204523650538886E+04   -0.711022618252694429E+03
    0.260356127749064399E+02    0.136598966916829556E+01    0.566140197882622243E+01    0.769237852096013069E+09    0.142201188356112880E+04   -0.711005941780564399E+03
    0.315786673221702756E+02    0.136903903446358455E+01    0.113376220445921994E+01    0.645024765029861569E+09    0.142198322584889388E+04   -0.710991612924446940E+03
    0.315786673221702756E+02    0.136903903446358455E+01    0.113376220445921994E+01    0.645024765029861569E+09    0.142198322584889388E+04   -0.710991612924446940E+03
    0.530514766397401090E+02    0.136797783647773441E+01    0.672849699382184085E+00    0.608419314617456436E+09    0.142197350128114977E+04   -0.710986750640574883E+03
    0.377216526131131289E+02    0.136317864651890153E+01    0.414068059246666387E+01    0.777328363391426206E+09    0.142197221309427232E+04   -0.710986106547136160E+03
    0.430221601556101731E+02    0.136337058561519098E+01    0.297709171641140247E+00    0.612874810496088028E+09    0.142193853569568751E+04   -0.710969267847843753E+03
    0.538775778289801863E+02    0.137029678862419591E+01    0.313772254716546062E+01    0.661894870446225047E+09    0.142192791050495293E+04   -0.710963955252476467E+03
    0.491731623181042181E+02    0.137097442015770077E+01    0.368009980293442007E+01    0.839109623374959350E+09    0.142190321592130795E+04   -0.710951607960653973E+03
    0.685667391852546757E+02    0.136668626902179446E+01    0.258332773676098260E+01    0.699429434339676023E+09    0.142186061182075173E+04   -0.710930305910375864E+03
    0.349498614916481287E+02    0.137340043976474857E+01    0.866299151339128271E+00    0.774114907938465118E+09    0.142185065037065010E+04   -0.710925325185325050E+03
    0.273438956047352910E+02    0.136737740182867440E+01    0.134762809392263105E+01    0.649472066098608255E+09    0.142181091378630867E+04   -0.710905456893154337E+03
    0.492214933776169303E+02    0.136351246922095326E+01    0.575306210093969117E+01    0.719309551251918197E+09    0.142179153663821853E+04   -0.710895768319109266E+03
    0.281539802160528154E+02    0.136801213018407708E+01    0.135197101645570794E+01    0.867633423920146823E+09    0.142177833384910514E+04   -0.710889166924552569E+03
    0.561578499974107856E+02    0.136261375394722251E+01    0.229754654774668277E+01    0.684650748520971656E+09    0.142177362829126491E+04   -0.710886814145632457E+03
    0.505170584781258540E+02    0.136346222463325573E+01    0.467689749700313229E+01    0.765896015225957751E+09    0.142177179308885115E+04   -0.710885896544425577E+03
    0.275275077322948576E+02    0.136803804030506826E+01    0.282263414047692152E+01    0.670197271524605751E+09    0.142174398407584840E+04   -0.710871992037924201E+03
    0.275275077322948576E+02    0.136803804030506826E+01    0.282263414047692152E+01    0.670197271524605751E+09    0.142174398407584840E+04   -0.710871992037924201E+03
    0.697771780193178444E+02    0.136768325807317015E+01    0.331389426767611184E+00    0.756448729657261252E+09    0.142173251874064908E+04   -0.710866259370324542E+03
    0.697771780193178444E+02    0.136768325807317015E+01    0.331389426767611184E+00    0.756448729657261252E+09    0.142173251874064908E+04   -0.710866259370324542E+03
    0.372296288021829582E+02    0.136859178035214879E+01    0.683053814281479177E+01    0.698273811018478632E+09    0.142172901833897140E+04   -0.710864509169485700E+03
    0.526064637115533245E+02    0.136370511282413864E+01    0.652175917897730328E+00    0.823594079230501890E+09    0.142157473520247595E+04   -0.710787367601237975E+03
    0.572182672469789537E+02    0.137150834065726612E+01    0.124359897733681080E+01    0.698294566095480084E+09    0.142154777427290333E+04   -0.710773887136451663E+03
    0.241657397357188977E+02    0.137117734532677860E+01    0.170988474953178748E+01    0.774387408704597354E+09    0.142152920629799337E+04   -0.710764603148996684E+03
    0.241657397357188977E+02    0.137117734532677860E+01    0.170988474953178748E+01    0.774387408704597354E+09    0.142152920629799337E+04   -0.710764603148996684E+03
    0.451638175824577957E+02    0.137106281012052933E+01    0.399392732998409328E+00    0.865754989215701699E+09    0.142151614691265308E+04   -0.710758073456326542E+03
    0.334331838649808049E+02    0.136739466512646302E+01    0.583338066996576554E+01    0.682368750492774844E+09    0.142149277884536218E+04   -0.710746389422681091E+03
    0.509850670687185001E+02    0.136571121670972739E+01    0.339411262463461672E+01    0.623080760003353238E+09    0.142147339338681013E+04   -0.710736696693405065E+03
    0.509850670687185001E+02    0.136571121670972739E+01    0.339411262463461672E+01    0.623080760003353238E+09    0.142147339338681013E+04   -0.710736696693405065E+03
    0.545408198815757146E+02    0.136881063386760671E+01    0.128539992279251392E+01    0.632790553581864595E+09    0.142145214513259725E+04   -0.710726072566298626E+03
    0.223337366224709584E+02    0.136917368928810723E+01    0.253041417219760589E+01    0.788324011246977687E+09    0.142144967754563049E+04   -0.710724838772815247E+03
    0.281150843712761542E+02    0.136691424324717659E+01    0.250636163091394071E+01    0.660429084762888551E+09    0.142143403543248405E+04   -0.710717017716242026E+03
    0.522955896764955313E+02    0.137104844522811464E+01    0.513189861244933265E+01    0.768548755395559072E+09    0.142138391761538810E+04   -0.710691958807694050E+03
    0.522955896764955313E+02    0.137104844522811464E+01    0.513189861244933265E+01    0.768548755395559072E+09    0.142138391761538810E+04   -0.710691958807694050E+03
    0.413336335353149167E+02    0.136662467844065394E+01    0.816131873475408121E+01    0.731521139332705975E+09    0.142136221127474505E+04   -0.710681105637372525E+03
    0.413336335353149167E+02    0.136662467844065394E+01    0.816131873475408121E+01    0.731521139332705975E+09    0.142136221127474505E+04   -0.710681105637372525E+03
    0.450280131032835982E+02    0.136408490319268805E+01    0.284384228033562492E+01    0.824507009890809536E+09    0.142136207758751880E+04   -0.710681038793759399E+03
    0.450280131032835982E+02    0.136408490319268805E+01    0.284384228033562492E+01    0.824507009890809536E+09    0.142136207758751880E+04   -0.710681038793759399E+03
    0.522031411275736588E+02    0.136662522416439436E+01    0.347870115854248929E+00    0.604459190004054904E+09    0.142133737623349271E+04   -0.710668688116746353E+03
    0.307694644035970839E+02    0.136748444836445882E+01    0.364209292459425216E+01    0.664268340523761630E+09    0.142132511047179969E+04   -0.710662555235899845E+03
    0.303776604025160282E+02    0.136866545542810902E+01    0.393568485833850890E+01    0.687169099417750120E+09    0.142126741944598712E+04   -0.710633709722993558E+03
    0.303776604025160282E+02    0.136866545542810902E+01    0.393568485833850890E+01    0.687169099417750120E+09    0.142126741944598712E+04   -0.710633709722993558E+03
    0.517191492033827345E+02    0.136339040766644670E+01    0.422976200480991160E+01    0.747355854080914497E+09    0.142126721628070163E+04   -0.710633608140350816E+03
    0.262880321200216613E+02    0.136642662627435962E+01    0.378062779816490217E-03    0.656604379312117934E+09    0.142113944946723609E+04   -0.710569724733618045E+03
    0.572177022521530318E+02    0.136651447170626361E+01    0.776886956705968967E+00    0.843707683965795755E+09    0.142110519720816728E+04   -0.710552598604083641E+03
    0.572177022521530318E+02    0.136651447170626361E+01    0.776886956705968967E+00    0.843707683965795755E+09    0.142110519720816728E+04   -0.710552598604083641E+03
    0.241170866238089339E+02    0.136898357297944706E+01    0.297062376808908590E+01    0.795507633693122387E+09    0.142107418517793121E+04   -0.710537092588965606E+03
    0.410347351155782292E+02    0.136723089235950357E+01    0.775053057219845343E+01    0.768398149877292037E+09    0.142103485415908904E+04   -0.710517427079544518E+03
    0.335040687758859193E+02    0.136877711281939418E+01    0.643449649451381411E+01    0.759908042765625477E+09    0.142103074497563921E+04   -0.710515372487819604E+03
    0.237631676141261039E+02    0.136512922880340692E+01    0.809509496032657094E+00    0.699310891732524157E+09    0.142101128249355952E+04   -0.710505641246779760E+03
    0.514756920542623888E+02    0.136676449824759683E+01    0.653589194685824215E+00    0.611697016670942664E+09    0.142091122115383178E+04   -0.710455610576915888E+03
    0.349653611618293994E+02    0.136855003488014115E+01    0.611756405657166269E+01    0.806161528485466003E+09    0.142090539754468091E+04   -0.710452698772340455E+03
    0.383891625972559609E+02    0.137309788913573172E+01    0.220141457910664716E-01    0.789458946487685919E+09    0.142089008923141637E+04   -0.710445044615708184E+03
    0.383891625972559609E+02    0.137309788913573172E+01    0.220141457910664716E-01    0.789458946487685919E+09    0.142089008923141637E+04   -0.710445044615708184E+03
    0.225397007139554688E+02    0.136982118429479027E+01    0.569802972205510239E+00    0.799424220450219512E+09    0.142087828797317388E+04   -0.710439143986586942E+03
    0.225397007139554688E+02    0.136982118429479027E+01    0.569802972205510239E+00    0.799424220450219512E+09    0.142087828797317388E+04   -0.710439143986586942E+03
    0.355861886868769517E+02    0.137120698162739774E+01    0.147322603326207635E+01    0.844505910618478298E+09    0.142081276655587976E+04   -0.710406383277939881E+03
    0.506610824740324759E+02    0.136496507274485146E+01    0.569378092446781903E+01    0.770213393515514731E+09    0.142078335080870988E+04   -0.710391675404354942E+03
    0.506610824740324759E+02    0.136496507274485146E+01    0.569378092446781903E+01    0.770213393515514731E+09    0.142078335080870988E+04   -0.710391675404354942E+03
    0.333563645572167360E+02    0.137185275432063425E+01    0.258341488712186029E+01    0.802232733727017641E+09    0.142077413225859527E+04   -0.710387066129297637E+03
    0.333563645572167360E+02    0.137185275432063425E+01    0.258341488712186029E+01    0.802232733727017641E+09    0.142077413225859527E+04   -0.710387066129297637E+03
    0.388984426956454641E+02    0.137258941763084885E+01    0.167241115424286568E+01    0.754372378917500138E+09    0.142074153021687016E+04   -0.710370765108435080E+03
    0.307022227205102922E+02    0.136479621395401596E+01    0.343000084326936161E+01    0.796218534378604174E+09    0.142071933055645718E+04   -0.710359665278228590E+03
    0.307022227205102922E+02    0.136479621395401596E+01    0.343000084326936161E+01    0.796218534378604174E+09    0.142071933055645718E+04   -0.710359665278228590E+03
    0.612870708215288005E+02    0.136766644788979641E+01    0.831088014287230559E+00    0.818221523986270547E+09    0.142071410330074696E+04   -0.710357051650373478E+03
    0.612870708215288005E+02    0.136766644788979641E+01    0.831088014287230559E+00    0.818221523986270547E+09    0.142071410330074696E+04   -0.710357051650373478E+03
    0.637668404450239379E+02    0.136421518212543535E+01    0.118281397958614010E+01    0.735550746534381032E+09    0.142071124246417412E+04   -0.710355621232087060E+03
    0.637668404450239379E+02    0.136421518212543535E+01    0.118281397958614010E+01    0.735550746534381032E+09    0.142071124246417412E+04   -0.710355621232087060E+03
    0.657067452437703281E+02    0.136778489025051164E+01    0.173785721447766855E+00    0.679922524835026383E+09    0.142070923434961742E+04   -0.710354617174808709E+03
    0.530859739351364794E+02    0.137180152522147525E+01    0.212174645499339620E+01    0.738249598568951607E+09    0.142068325566932390E+04   -0.710341627834661949E+03
    0.530859739351364794E+02    0.137180152522147525E+01    0.212174645499339620E+01    0.738249598568951607E+09    0.142068325566932390E+04   -0.710341627834661949E+03
    0.609554036733097178E+02    0.136703934239409475E+01    0.423837890341885082E+01    0.690561176400344610E+09    0.142067119312248224E+04   -0.710335596561241118E+03
    0.609554036733097178E+02    0.136703934239409475E+01    0.423837890341885082E+01    0.690561176400344610E+09    0.142067119312248224E+04   -0.710335596561241118E+03
    0.255231777740872410E+02    0.136537536295530249E+01    0.165977601075762982E+01    0.698240178882410407E+09    0.142063790600923039E+04   -0.710318953004615196E+03
    0.297548643033385147E+02    0.137017954257081853E+01    0.397790543051147116E+01    0.791355613884646893E+09    0.142057621917913548E+04   -0.710288109589567739E+03
    0.297548643033385147E+02    0.137017954257081853E+01    0.397790543051147116E+01    0.791355613884646893E+09    0.142057621917913548E+04   -0.710288109589567739E+03
    0.520176418016699031E+02    0.137050991297885383E+01    0.236776348775722001E+01    0.824036597151429772E+09    0.142057199596707687E+04   -0.710285997983538437E+03
    0.520176418016699031E+02    0.137050991297885383E+01    0.236776348775722001E+01    0.824036597151429772E+09    0.142057199596707687E+04   -0.710285997983538437E+03
    0.356743580528706588E+02    0.136959974301140841E+01    0.573447372029734748E+01    0.744368534231415033E+09    0.142057179162835041E+04   -0.710285895814175205E+03
    0.336852647981112909E+02    0.136536565372778895E+01    0.392001468614604498E+01    0.676529693394142270E+09    0.142055556575680612E+04   -0.710277782878403059E+03
    0.336852647981112909E+02    0.136536565372778895E+01    0.392001468614604498E+01    0.676529693394142270E+09    0.142055556575680612E+04   -0.710277782878403059E+03
    0.606413870703435549E+02    0.136996439716511165E+01    0.224153420808811532E+01    0.750862725699843884E+09    0.142052622053892014E+04   -0.710263110269460071E+03
    0.395051685984740146E+02    0.136277016055529065E+01    0.240505961629597298E+01    0.736238890990952253E+09    0.142052533222886473E+04   -0.710262666114432363E+03
    0.326346202844896425E+02    0.137118083092549892E+01    0.240590749148479555E+01    0.820047332359025478E+09    0.142051644635674029E+04   -0.710258223178370145E+03
    0.302340689352312921E+02    0.137054253489443045E+01    0.333197323176576532E+01    0.808517509735093117E+09    0.142051193807447248E+04   -0.710255969037236241E+03
    0.650814780548665937E+02    0.136552091016328259E+01    0.760732607518385562E+00    0.679348030383459568E+09    0.142050238899184478E+04   -0.710251194495922391E+03
    0.468218690004314197E+02    0.136413606944454524E+01    0.510011993148526610E+01    0.703373035014980674E+09    0.142049589767689486E+04   -0.710247948838447428E+03
    0.623293990560505904E+02    0.136446669385922581E+01    0.236210954184207145E+01    0.725716346511219263E+09    0.142048752184242403E+04   -0.710243760921212015E+03
    0.623293990560505904E+02    0.136446669385922581E+01    0.236210954184207145E+01    0.725716346511219263E+09    0.142048752184242403E+04   -0.710243760921212015E+03
    0.251239402226044355E+02    0.136490485255375749E+01    0.292720131315885201E+00    0.699423286915169001E+09    0.142048429684434268E+04   -0.710242148422171340E+03
    0.304168753441101316E+02    0.136335539914715342E+01    0.115304952770628311E+01    0.745231632535710812E+09    0.142047895853020691E+04   -0.710239479265103455E+03
    0.304168753441101316E+02    0.136335539914715342E+01    0.115304952770628311E+01    0.745231632535710812E+09    0.142047895853020691E+04   -0.710239479265103455E+03
    0.404633159524627217E+02    0.136692640982820790E+01    0.648904258647894761E+01    0.800535526255500793E+09    0.142045769786931100E+04   -0.710228848934655502E+03
    0.404633159524627217E+02    0.136692640982820790E+01    0.648904258647894761E+01    0.800535526255500793E+09    0.142045769786931100E+04   -0.710228848934655502E+03
    0.453149680054520232E+02    0.136871797900131442E+01    0.513504815437341655E+01    0.683297287521607757E+09    0.142045755710187086E+04   -0.710228778550935431E+03
    0.343561343534194208E+02    0.136372554861443240E+01    0.321602282616203006E+01    0.753246660451228857E+09    0.142045250682575761E+04   -0.710226253412878805E+03
    0.573926912010897112E+02    0.136442292686206224E+01    0.295563027577134418E+01    0.769182365529759645E+09    0.142043075490863976E+04   -0.710215377454319878E+03
    0.573926912010897112E+02    0.136442292686206224E+01    0.295563027577134418E+01    0.769182365529759645E+09    0.142043075490863976E+04   -0.710215377454319878E+03
    0.666635111964763638E+02    0.136773378412582813E+01    0.700206562736164440E+00    0.708396113308418393E+09    0.142042781938019607E+04   -0.710213909690098035E+03
    0.666635111964763638E+02    0.136773378412582813E+01    0.700206562736164440E+00    0.708396113308418393E+09    0.142042781938019607E+04   -0.710213909690098035E+03
    0.438436500474614235E+02    0.136651100698056660E+01    0.251829675767609151E+01    0.628657242749620318E+09    0.142041172881630018E+04   -0.710205864408150092E+03
    0.438436500474614235E+02    0.136651100698056660E+01    0.251829675767609151E+01    0.628657242749620318E+09    0.142041172881630018E+04   -0.710205864408150092E+03
    0.548382859576540653E+02    0.136882102016808949E+01    0.500812657871095013E+01    0.775483121127987504E+09    0.142039627799118125E+04   -0.710198138995590625E+03
    0.548382859576540653E+02    0.136882102016808949E+01    0.500812657871095013E+01    0.775483121127987504E+09    0.142039627799118125E+04   -0.710198138995590625E+03
    0.319987637547395067E+02    0.136627302972657150E+01    0.554032559389555868E+01    0.777580774249250293E+09    0.142037282008607963E+04   -0.710186410043039814E+03
    0.319987637547395067E+02    0.136627302972657150E+01    0.554032559389555868E+01    0.777580774249250293E+09    0.142037282008607963E+04   -0.710186410043039814E+03
    0.356671775831264668E+02    0.136695695209670709E+01    0.419299312842386751E+01    0.832732789848098040E+09    0.142031486602591781E+04   -0.710157433012958904E+03
    0.356671775831264668E+02    0.136695695209670709E+01    0.419299312842386751E+01    0.832732789848098040E+09    0.142031486602591781E+04   -0.710157433012958904E+03
    0.515572958370221457E+02    0.137216439882795593E+01    0.169831032927076409E+00    0.732839039214879751E+09    0.142031347175056590E+04   -0.710156735875282948E+03
    0.515572958370221457E+02    0.137216439882795593E+01    0.169831032927076409E+00    0.732839039214879751E+09    0.142031347175056590E+04   -0.710156735875282948E+03
    0.362773574598526594E+02    0.136481045190967598E+01    0.131557165966959522E+01    0.832849050555350065E+09    0.142028798775701580E+04   -0.710143993878507899E+03
    0.435912185445295464E+02    0.137137885293683270E+01    0.348388368057035214E+01    0.806976606961710095E+09    0.142028606370306852E+04   -0.710143031851534261E+03
    0.235011164774868568E+02    0.136816370638476426E+01    0.170844337974591576E+01    0.793938873700956941E+09    0.142024129323630541E+04   -0.710120646618152705E+03
    0.235011164774868568E+02    0.136816370638476426E+01    0.170844337974591576E+01    0.793938873700956941E+09    0.142024129323630541E+04   -0.710120646618152705E+03
    0.257799274926141742E+02    0.136580398811268844E+01    0.192709249308959896E+01    0.802749771074391365E+09    0.142023532654868541E+04   -0.710117663274342704E+03
    0.241638530069677770E+02    0.136941026964747570E+01    0.944202373784668092E+00    0.783909639994147778E+09    0.142023389406146316E+04   -0.710116947030731581E+03
    0.241638530069677770E+02    0.136941026964747570E+01    0.944202373784668092E+00    0.783909639994147778E+09    0.142023389406146316E+04   -0.710116947030731581E+03
    0.511123663858778770E+02    0.137013950569419118E+01    0.383986908815636552E+01    0.806163684257904172E+09    0.142023273844548112E+04   -0.710116369222740559E+03
    0.568496188153224935E+02    0.136525566363774931E+01    0.459007188320292059E+01    0.749583105046196580E+09    0.142022794301703016E+04   -0.710113971508515078E+03
    0.360228767190601076E+02    0.136616254334405363E+01    0.565963084813369743E+01    0.794435055239764810E+09    0.142022554647813581E+04   -0.710112773239067906E+03
    0.360228767190601076E+02    0.136616254334405363E+01    0.565963084813369743E+01    0.794435055239764810E+09    0.142022554647813581E+04   -0.710112773239067906E+03
    0.598726111778616357E+02    0.136821404938179159E+01    0.287368640109254825E+01    0.686431538228552818E+09    0.142021710448014323E+04   -0.710108552240071617E+03
    0.598726111778616357E+02    0.136821404938179159E+01    0.287368640109254825E+01    0.686431538228552818E+09    0.142021710448014323E+04   -0.710108552240071617E+03
    0.441044985297088274E+02    0.136307493232204835E+01    0.886581782675429642E-01    0.797299522133603573E+09    0.142014674780583618E+04   -0.710073373902918092E+03
    0.450470141117656908E+02    0.136467512589694984E+01    0.486614030620016447E+01    0.776413038032387733E+09    0.142013656874542221E+04   -0.710068284372711105E+03
    0.453449116436348589E+02    0.136271830744653988E+01    0.486490554551214871E+00    0.769688337029499412E+09    0.142002692348727078E+04   -0.710013461743635389E+03
    0.341061251701697969E+02    0.136503000182856105E+01    0.330417749945966310E+01    0.803967284781001568E+09    0.142000765206778829E+04   -0.710003826033894143E+03
    0.341061251701697969E+02    0.136503000182856105E+01    0.330417749945966310E+01    0.803967284781001568E+09    0.142000765206778829E+04   -0.710003826033894143E+03
    0.532874428199640846E+02    0.136721585172933913E+01    0.507932803988704551E+00    0.844720816619379044E+09    0.142000380661431473E+04   -0.710001903307157363E+03
    0.532874428199640846E+02    0.136721585172933913E+01    0.507932803988704551E+00    0.844720816619379044E+09    0.142000380661431473E+04   -0.710001903307157363E+03
    0.442377455176393042E+02    0.136656050939145279E+01    0.104189751455599589E+01    0.624751298896769166E+09    0.141997272018267267E+04   -0.709986360091336337E+03
    0.442377455176393042E+02    0.136656050939145279E+01    0.104189751455599589E+01    0.624751298896769166E+09    0.141997272018267267E+04   -0.709986360091336337E+03
    0.631594160738703607E+02    0.136476351284868036E+01    0.417780241042292777E+00    0.750805156531929493E+09    0.141996932998769671E+04   -0.709984664993848355E+03
    0.631594160738703607E+02    0.136476351284868036E+01    0.417780241042292777E+00    0.750805156531929493E+09    0.141996932998769671E+04   -0.709984664993848355E+03
    0.613388923947375275E+02    0.136900948900804464E+01    0.320360447593412201E+00    0.784893090023473740E+09    0.141996085631496226E+04   -0.709980428157481128E+03
    0.256867006591253109E+02    0.136542786965866014E+01    0.841979118205295141E+00    0.795702149395406365E+09    0.141995241264710512E+04   -0.709976206323552560E+03
    0.256867006591253109E+02    0.136542786965866014E+01    0.841979118205295141E+00    0.795702149395406365E+09    0.141995241264710512E+04   -0.709976206323552560E+03
    0.364595357772884014E+02    0.137148502292083130E+01    0.242215212697747972E+01    0.734934615876300216E+09    0.141994095311724004E+04   -0.709970476558620021E+03
    0.480910523825121814E+02    0.136711958150625046E+01    0.571409688005296879E+01    0.798647032107022643E+09    0.141993655339708334E+04   -0.709968276698541672E+03
    0.480910523825121814E+02    0.136711958150625046E+01    0.571409688005296879E+01    0.798647032107022643E+09    0.141993655339708334E+04   -0.709968276698541672E+03
    0.631464298041671270E+02    0.136612019727805567E+01    0.230069624450751720E+01    0.751945657554457188E+09    0.141992406906637143E+04   -0.709962034533185715E+03
    0.631464298041671270E+02    0.136612019727805567E+01    0.230069624450751720E+01    0.751945657554457188E+09    0.141992406906637143E+04   -0.709962034533185715E+03
    0.476990543461570269E+02    0.137102806845865377E+01    0.161480247573033431E+01    0.692746018844029546E+09    0.141990939508006295E+04   -0.709954697540031475E+03
    0.267097619976937928E+02    0.136453611662949470E+01    0.648826952268432566E+00    0.717220527767546892E+09    0.141987922110850650E+04   -0.709939610554253250E+03
    0.344199062518153767E+02    0.136393334423259138E+01    0.370682934825600330E+00    0.667615804996097207E+09    0.141987561335561486E+04   -0.709937806677807430E+03
    0.511832901667599955E+02    0.136908429291078226E+01    0.221793345142646725E+01    0.668366569567320824E+09    0.141984631006971085E+04   -0.709923155034855426E+03
    0.414897772044340556E+02    0.137101025951334532E+01    0.415433234567521747E+01    0.760242916000994921E+09    0.141982599137997840E+04   -0.709912995689989202E+03
    0.414897772044340556E+02    0.137101025951334532E+01    0.415433234567521747E+01    0.760242916000994921E+09    0.141982599137997840E+04   -0.709912995689989202E+03
    0.297799852385982291E+02    0.136754343729542027E+01    0.507010572890270406E+00    0.669734362741175294E+09    0.141982590227137462E+04   -0.709912951135687308E+03
    0.517933082058499465E+02    0.136389405742440695E+01    0.105664524728654130E+01    0.792330699498854637E+09    0.141976906459832480E+04   -0.709884532299162402E+03
    0.517933082058499465E+02    0.136389405742440695E+01    0.105664524728654130E+01    0.792330699498854637E+09    0.141976906459832480E+04   -0.709884532299162402E+03
    0.444868766737075987E+02    0.137087350438719469E+01    0.432884101007349587E+00    0.680406991162486196E+09    0.141976825540451318E+04   -0.709884127702256592E+03
    0.444868766737075987E+02    0.137087350438719469E+01    0.432884101007349587E+00    0.680406991162486196E+09    0.141976825540451318E+04   -0.709884127702256592E+03
    0.243453510074704269E+02    0.136655274159958018E+01    0.192865363659243738E+01    0.760545394033642650E+09    0.141976430867988529E+04   -0.709882154339942645E+03
    0.333422991201308534E+02    0.137057247608425503E+01    0.323247594190034526E+01    0.741460646170383215E+09    0.141976308894516751E+04   -0.709881544472583755E+03
    0.426727988002423544E+02    0.137217844420268742E+01    0.145078833493328452E+00    0.801858492845788121E+09    0.141975515578776503E+04   -0.709877577893882517E+03
    0.426727988002423544E+02    0.137217844420268742E+01    0.145078833493328452E+00    0.801858492845788121E+09    0.141975515578776503E+04   -0.709877577893882517E+03
    0.407491735010948446E+02    0.137073134497294591E+01    0.438547251044047215E+01    0.754635769144912958E+09    0.141974790977851603E+04   -0.709873954889258016E+03
    0.407491735010948446E+02    0.137073134497294591E+01    0.438547251044047215E+01    0.754635769144912958E+09    0.141974790977851603E+04   -0.709873954889258016E+03
    0.559343585407047925E+02    0.136630278164447261E+01    0.408902179726812509E+01    0.681204539152343869E+09    0.141974722727841026E+04   -0.709873613639205132E+03
    0.559343585407047925E+02    0.136630278164447261E+01    0.408902179726812509E+01    0.681204539152343869E+09    0.141974722727841026E+04   -0.709873613639205132E+03
    0.341773187961529814E+02    0.136913093003211128E+01    0.176000575168354922E+01    0.683617545200956106E+09    0.141974564234984337E+04   -0.709872821174921683E+03
    0.347321423813303909E+02    0.136973552985361846E+01    0.446003412455863746E+01    0.764579099387203455E+09    0.141973123297366101E+04   -0.709865616486830504E+03
    0.527037905320625484E+02    0.136942369473289882E+01    0.409998833430497189E+01    0.776228204145069003E+09    0.141970678337325080E+04   -0.709853391686625400E+03
    0.527037905320625484E+02    0.136942369473289882E+01    0.409998833430497189E+01    0.776228204145069003E+09    0.141970678337325080E+04   -0.709853391686625400E+03
    0.428821437023748118E+02    0.136729099782900798E+01    0.657487937015643453E+01    0.734577531929552913E+09    0.141968051042562774E+04   -0.709840255212813872E+03
    0.514344415207176908E+02    0.136280657044541420E+01    0.665752441661621508E+00    0.730483649097616196E+09    0.141964205721311714E+04   -0.709821028606558571E+03
    0.502179049403543303E+02    0.137078792089833890E+01    0.312771606694222637E+01    0.782619724444149613E+09    0.141962969025299753E+04   -0.709814845126498767E+03
    0.503974549961883653E+02    0.136476471851201753E+01    0.459565626850146458E+01    0.705429531773576021E+09    0.141961789399461122E+04   -0.709808946997305611E+03
    0.409607502963266370E+02    0.136414553745764722E+01    0.419963509405420821E+00    0.817326550092864513E+09    0.141960130117146628E+04   -0.709800650585733138E+03
    0.570560038512128003E+02    0.136756965806037045E+01    0.253053623489378898E+01    0.805152787400207996E+09    0.141955620544499834E+04   -0.709778102722499170E+03
    0.523988314380247857E+02    0.136463598449454104E+01    0.679068294020503949E+00    0.810141648166874528E+09    0.141955249773680816E+04   -0.709776248868404082E+03
    0.523988314380247857E+02    0.136463598449454104E+01    0.679068294020503949E+00    0.810141648166874528E+09    0.141955249773680816E+04   -0.709776248868404082E+03
    0.638726077418669007E+02    0.136504280692898639E+01    0.174537199440103513E+00    0.710392823674143672E+09    0.141954467521291508E+04   -0.709772337606457540E+03
    0.386070837242687190E+02    0.136368520190647868E+01    0.251981272950787805E+01    0.754512552322475314E+09    0.141953761693556157E+04   -0.709768808467780786E+03
    0.374402534476288835E+02    0.136542210043335355E+01    0.451540325562983180E+00    0.838767984861122489E+09    0.141952039477648805E+04   -0.709760197388244023E+03
    0.465569491643671753E+02    0.136740708300744274E+01    0.330702781636282195E+00    0.631170512773460507E+09    0.141951282628596050E+04   -0.709756413142980250E+03
    0.465569491643671753E+02    0.136740708300744274E+01    0.330702781636282195E+00    0.631170512773460507E+09    0.141951282628596050E+04   -0.709756413142980250E+03
    0.607136051606298608E+02    0.136555587568084369E+01    0.258277865205460033E+01    0.742482976563292146E+09    0.141950849603766937E+04   -0.709754248018834687E+03
    0.611057861909106279E+02    0.136593614156889909E+01    0.282266597011451781E+01    0.736053609035897970E+09    0.141945916820061893E+04   -0.709729584100309467E+03
    0.587296076318624927E+02    0.136824944936230120E+01    0.183142152353288212E+01    0.686525008157636762E+09    0.141944814049481988E+04   -0.709724070247409941E+03
    0.440633260071319341E+02    0.136695892438477262E+01    0.123103391408116036E+01    0.635348084915826201E+09    0.141942086103318525E+04   -0.709710430516592623E+03
    0.440633260071319341E+02    0.136695892438477262E+01    0.123103391408116036E+01    0.635348084915826201E+09    0.141942086103318525E+04   -0.709710430516592623E+03
    0.474428316258520439E+02    0.136379903502824118E+01    0.267278788093226094E+01    0.760066562515698910E+09    0.141941778077543631E+04   -0.709708890387718156E+03
    0.314962548253566865E+02    0.136793642780542157E+01    0.437745898493334806E+01    0.738487273521882534E+09    0.141939472718948355E+04   -0.709697363594741773E+03
    0.314962548253566865E+02    0.136793642780542157E+01    0.437745898493334806E+01    0.738487273521882534E+09    0.141939472718948355E+04   -0.709697363594741773E+03
    0.471549577119847214E+02    0.136895715302929499E+01    0.520990913759959895E+01    0.742904026860605597E+09    0.141937910779595677E+04   -0.709689553897978385E+03
    0.544741806786445650E+02    0.136483836493895216E+01    0.215731412012941381E+00    0.806874694060349822E+09    0.141937359236695579E+04   -0.709686796183477895E+03
    0.285137865191191011E+02    0.136856965083838134E+01    0.261370091802149762E+01    0.744993436010462403E+09    0.141933361346551123E+04   -0.709666806732755617E+03
    0.285137865191191011E+02    0.136856965083838134E+01    0.261370091802149762E+01    0.744993436010462403E+09    0.141933361346551123E+04   -0.709666806732755617E+03
    0.565487366717784283E+02    0.136459847212898033E+01    0.181857964541774741E+01    0.765575563408694863E+09    0.141932138023717062E+04   -0.709660690118585308E+03
    0.446084382575163119E+02    0.136604978421888590E+01    0.168935289089574692E+01    0.639073918996989489E+09    0.141929222034426539E+04   -0.709646110172132694E+03
    0.446084382575163119E+02    0.136604978421888590E+01    0.168935289089574692E+01    0.639073918996989489E+09    0.141929222034426539E+04   -0.709646110172132694E+03
    0.396398968430105967E+02    0.136675834846579614E+01    0.593692239771780983E+01    0.736547178635558844E+09    0.141928448839874068E+04   -0.709642244199370339E+03
    0.534490104755388842E+02    0.136646130445250580E+01    0.522804541140002410E+01    0.715978750763757586E+09    0.141926548988307241E+04   -0.709632744941536203E+03
    0.599849336835837477E+02    0.136552382848677900E+01    0.253729269435286442E+01    0.734833022638351083E+09    0.141921657921484302E+04   -0.709608289607421511E+03
    0.503487601860129246E+02    0.137054661015755741E+01    0.207536860381556654E+01    0.798883862812811375E+09    0.141921423995170130E+04   -0.709607119975850651E+03
    0.414794137473954407E+02    0.137105343354869902E+01    0.281199517989816128E+01    0.788532716802344799E+09    0.141920554486724404E+04   -0.709602772433622022E+03
    0.384500318674506971E+02    0.137059059383064996E+01    0.349793608789050348E+01    0.763663059416903138E+09    0.141917523640372701E+04   -0.709587618201863506E+03
    0.442421083905124135E+02    0.136772607754432185E+01    0.508470722354115345E+01    0.699154783959103703E+09    0.141915649562033468E+04   -0.709578247810167341E+03
    0.313994172103489468E+02    0.136639371683885202E+01    0.117856531235169437E+01    0.825679300960116386E+09    0.141913299596085767E+04   -0.709566497980428835E+03
    0.411063513101965725E+02    0.136714513261833814E+01    0.583893159496700509E+01    0.752836583509222150E+09    0.141911952870990604E+04   -0.709559764354953018E+03
    0.423730753408995398E+02    0.136766488250064522E+01    0.350078161706340651E+01    0.824641609351135731E+09    0.141911075500869629E+04   -0.709555377504348144E+03
    0.326085197019578885E+02    0.136951778038177707E+01    0.439166260886474591E+00    0.825640764475903749E+09    0.141910626802325123E+04   -0.709553134011625616E+03
    0.326085197019578885E+02    0.136951778038177707E+01    0.439166260886474591E+00    0.825640764475903749E+09    0.141910626802325123E+04   -0.709553134011625616E+03
    0.384237030087452851E+02    0.136693501577461407E+01    0.468278691193693319E+01    0.697511494781009793E+09    0.141910135941732437E+04   -0.709550679708662187E+03
    0.465528789109024714E+02    0.136550574095544786E+01    0.341853749945706253E+01    0.671604558149916172E+09    0.141905323059780449E+04   -0.709526615298902243E+03
    0.308692353293505626E+02    0.136517226135651470E+01    0.147078245362140603E+01    0.700674995612588525E+09    0.141904772561950972E+04   -0.709523862809754860E+03
    0.538049924207353598E+02    0.136528238649342493E+01    0.395111132913253060E+01    0.736805494698026657E+09    0.141901809083617422E+04   -0.709509045418087112E+03
    0.538049924207353598E+02    0.136528238649342493E+01    0.395111132913253060E+01    0.736805494698026657E+09    0.141901809083617422E+04   -0.709509045418087112E+03
    0.377272000274472248E+02    0.136895633431414865E+01    0.988284807803206822E+00    0.835464218235122204E+09    0.141899938192971399E+04   -0.709499690964856995E+03
    0.335754270715953993E+02    0.136513131915285957E+01    0.397675340616867823E+00    0.672750336441887140E+09    0.141899105236043602E+04   -0.709495526180218008E+03
    0.394780198408236203E+02    0.136642017231432922E+01    0.255964967272294563E+01    0.662578450459370494E+09    0.141897837818124617E+04   -0.709489189090623086E+03
    0.548472819526823869E+02    0.136377381290870447E+01    0.106732557104250581E+01    0.732778404140472770E+09    0.141897817425373660E+04   -0.709489087126868299E+03
    0.345925285145218240E+02    0.136744697025598061E+01    0.243959118640330797E+01    0.681776640570081472E+09    0.141896434094954566E+04   -0.709482170474772829E+03
    0.345925285145218240E+02    0.136744697025598061E+01    0.243959118640330797E+01    0.681776640570081472E+09    0.141896434094954566E+04   -0.709482170474772829E+03
    0.400566144925338250E+02    0.136809328355114346E+01    0.284756953838408133E+01    0.826276885777911067E+09    0.141891281486569096E+04   -0.709456407432845481E+03
    0.390891459395731715E+02    0.136636719156809550E+01    0.197279862230162273E+01    0.830852794830448270E+09    0.141890009446458544E+04   -0.709450047232292718E+03
    0.346761747370936320E+02    0.136939932870120473E+01    0.331147469809476380E+01    0.753869068267104268E+09    0.141887835503928682E+04   -0.709439177519643408E+03
    0.444637513461757123E+02    0.136851363651485469E+01    0.241048515728183821E+01    0.676311887556034803E+09    0.141883489109865195E+04   -0.709417445549325976E+03
    0.599956162007000557E+02    0.136771944452824790E+01    0.231983843725277472E+01    0.722016814146173000E+09    0.141881265337546802E+04   -0.709406326687734008E+03
    0.599956162007000557E+02    0.136771944452824790E+01    0.231983843725277472E+01    0.722016814146173000E+09    0.141881265337546802E+04   -0.709406326687734008E+03
    0.320364742944930683E+02    0.136909468652100652E+01    0.233165062198037054E+01    0.733500931553400636E+09    0.141880011249913878E+04   -0.709400056249569388E+03
    0.511003382272415294E+02    0.136531397570424717E+01    0.368150840547222868E+01    0.697964878779589295E+09    0.141877281693002396E+04   -0.709386408465011982E+03
    0.511003382272415294E+02    0.136531397570424717E+01    0.368150840547222868E+01    0.697964878779589295E+09    0.141877281693002396E+04   -0.709386408465011982E+03
    0.356622491472190788E+02    0.136826285468225284E+01    0.428426462935147345E+01    0.736395383078142166E+09    0.141876136808879846E+04   -0.709380684044399231E+03
    0.466929902885737533E+02    0.136434407745979214E+01    0.409069800173564757E+00    0.802452890494317651E+09    0.141875372885149500E+04   -0.709376864425747499E+03
    0.527263507642032465E+02    0.137046686777744320E+01    0.111877648251760164E+01    0.775471869195972085E+09    0.141874455912670464E+04   -0.709372279563352322E+03
    0.496531537512740755E+02    0.136779551416830136E+01    0.460570379377302075E+01    0.707522419187419295E+09    0.141874414489598985E+04   -0.709372072447994924E+03
    0.438161859181420397E+02    0.136657120493684281E+01    0.528122065165314414E+01    0.760014192883236170E+09    0.141872977191782957E+04   -0.709364885958914783E+03
    0.433709027981446340E+02    0.136849512608214496E+01    0.425161408313819766E+01    0.792419266262302160E+09    0.141872310108827492E+04   -0.709361550544137458E+03
    0.483051505574262237E+02    0.136566036372057531E+01    0.401088620566786336E+01    0.693958341197684646E+09    0.141870052576896455E+04   -0.709350262884482277E+03
    0.473678929237411666E+02    0.136955754458867895E+01    0.367395592086586520E+01    0.738138683652133703E+09    0.141868150301082778E+04   -0.709340751505413891E+03
    0.283119271822970475E+02    0.136645048514715928E+01    0.174949114298400121E+01    0.778725256941298485E+09    0.141867762475426980E+04   -0.709338812377134900E+03
    0.589118229407406133E+02    0.136676236439407450E+01    0.145771050684881809E+01    0.777888472391207933E+09    0.141867193629473377E+04   -0.709335968147366884E+03
    0.367822956961342840E+02    0.136980307310594207E+01    0.188457421666306213E+01    0.710713823751824260E+09    0.141865919929187385E+04   -0.709329599645936923E+03
    0.367822956961342840E+02    0.136980307310594207E+01    0.188457421666306213E+01    0.710713823751824260E+09    0.141865919929187385E+04   -0.709329599645936923E+03
    0.412826619286573262E+02    0.136988784531944652E+01    0.194022722531809322E+01    0.702104368726652503E+09    0.141864767750514011E+04   -0.709323838752570055E+03
    0.412826619286573262E+02    0.136988784531944652E+01    0.194022722531809322E+01    0.702104368726652503E+09    0.141864767750514011E+04   -0.709323838752570055E+03
    0.431037257737892787E+02    0.136412247669066522E+01    0.171168028625089264E+01    0.687218125287900686E+09    0.141862209804941085E+04   -0.709311049024705426E+03
    0.478981000145386915E+02    0.136320082396730768E+01    0.343421822211950278E+00    0.726776605271565557E+09    0.141860225282340207E+04   -0.709301126411701034E+03
    0.342988804197444708E+02    0.137034905741222457E+01    0.179450893383414156E+01    0.767678662509500742E+09    0.141858775166471878E+04   -0.709293875832359390E+03
    0.342988804197444708E+02    0.137034905741222457E+01    0.179450893383414156E+01    0.767678662509500742E+09    0.141858775166471878E+04   -0.709293875832359390E+03
    0.365133674991471651E+02    0.136893565601285983E+01    0.210821917394006553E+01    0.813776917244768023E+09    0.141858309791039665E+04   -0.709291548955198323E+03
    0.289344430325989137E+02    0.136545292263873019E+01    0.989913646368434041E+00    0.751905342853520274E+09    0.141858032377911786E+04   -0.709290161889558931E+03
    0.365302598441724555E+02    0.136637134608802246E+01    0.395214470073408464E+01    0.785283586202683091E+09    0.141857232293567176E+04   -0.709286161467835882E+03
    0.389165209393566442E+02    0.136840248403617415E+01    0.114617279273672512E+01    0.831702440250313401E+09    0.141855312560388870E+04   -0.709276562801944351E+03
    0.343569946165170492E+02    0.136878288620034350E+01    0.219626831735395234E+01    0.807540767882882476E+09    0.141854639599624579E+04   -0.709273197998122896E+03
    0.343569946165170492E+02    0.136878288620034350E+01    0.219626831735395234E+01    0.807540767882882476E+09    0.141854639599624579E+04   -0.709273197998122896E+03
    0.297997789034169607E+02    0.136834321525328928E+01    0.170370480002585101E+01    0.733393788745549560E+09    0.141852532326810115E+04   -0.709262661634050573E+03
    0.297997789034169607E+02    0.136834321525328928E+01    0.170370480002585101E+01    0.733393788745549560E+09    0.141852532326810115E+04   -0.709262661634050573E+03
    0.342415395510103338E+02    0.137051334118675672E+01    0.429507013888965061E+00    0.727962029664874554E+09    0.141852041947100497E+04   -0.709260209735502485E+03
    0.396983816322366749E+02    0.136908026213530065E+01    0.881688319848424551E+00    0.685189885710872054E+09    0.141851607602100421E+04   -0.709258038010502105E+03
    0.376563533035704765E+02    0.136962420971992427E+01    0.265941073302419628E+01    0.794435326608974695E+09    0.141851142262733924E+04   -0.709255711313669622E+03
    0.519735708377863261E+02    0.136496474783651922E+01    0.332037646138904696E+01    0.724430198437570691E+09    0.141850430792699967E+04   -0.709252153963499836E+03
    0.362841908588149735E+02    0.136764948985139179E+01    0.363189377992106932E+01    0.799495401954022408E+09    0.141848607713851902E+04   -0.709243038569259511E+03
    0.457727549336849791E+02    0.136585949539878970E+01    0.468685287742643109E+01    0.745141380578604937E+09    0.141848130874233993E+04   -0.709240654371169967E+03
    0.457727549336849791E+02    0.136585949539878970E+01    0.468685287742643109E+01    0.745141380578604937E+09    0.141848130874233993E+04   -0.709240654371169967E+03
    0.480092671378719231E+02    0.136381759159986449E+01    0.173412014607785347E+01    0.732695917824663877E+09    0.141847935516124335E+04   -0.709239677580621674E+03
    0.484159582514157023E+02    0.136731036863299038E+01    0.497014401144227591E+01    0.736423060399316669E+09    0.141846745300250382E+04   -0.709233726501251908E+03
    0.498835850749193312E+02    0.136707672333901087E+01    0.482043704868321932E+01    0.718701906569782615E+09    0.141845280252304224E+04   -0.709226401261521119E+03
    0.338838629638060240E+02    0.136649898353859545E+01    0.378416362144325058E+01    0.732937302431034923E+09    0.141843912699278371E+04   -0.709219563496391856E+03
    0.441570694090918323E+02    0.137117860144729597E+01    0.100234455918534549E+01    0.763689870942829967E+09    0.141842318235120183E+04   -0.709211591175600915E+03
    0.447082654088610312E+02    0.136966086509101914E+01    0.328593523669381415E+01    0.766417292874405026E+09    0.141840893241301592E+04   -0.709204466206507959E+03
    0.363363963567669543E+02    0.137080062430063609E+01    0.112469819658636783E+01    0.759909562536942840E+09    0.141840551804515235E+04   -0.709202759022576174E+03
    0.446140476959688002E+02    0.137090937096823717E+01    0.152117669998336003E+01    0.742279776243294239E+09    0.141839288107669063E+04   -0.709196440538345314E+03
    0.475467013171344774E+02    0.136644143902362769E+01    0.101331055066852516E+01    0.825449604167961478E+09    0.141838417138612704E+04   -0.709192085693063518E+03
    0.394711364404828231E+02    0.136419722716993719E+01    0.124830904989103364E+01    0.695369796177626014E+09    0.141836883660049443E+04   -0.709184418300247216E+03
    0.364361500549356663E+02    0.136776409740822502E+01    0.346787381598650946E+01    0.798379353970037222E+09    0.141836183731090796E+04   -0.709180918655453979E+03
    0.604816636565726569E+02    0.136599951236949346E+01    0.535589975879459668E+00    0.703607925108476996E+09    0.141834448818397141E+04   -0.709172244091985704E+03
    0.475556206748381172E+02    0.137075327730414265E+01    0.352852297749579547E+00    0.795496759360036850E+09    0.141831373596074718E+04   -0.709156867980373590E+03
    0.589552478947870924E+02    0.136766830588373334E+01    0.348973056348293065E+00    0.775931766095541477E+09    0.141830365590287920E+04   -0.709151827951439600E+03
    0.289985433741037362E+02    0.136847628909198038E+01    0.699491611734697205E+00    0.750884366474450231E+09    0.141829907732908850E+04   -0.709149538664544252E+03
    0.348261493963568682E+02    0.136904217655036176E+01    0.254756197508447091E+01    0.770022883041749239E+09    0.141827522682514564E+04   -0.709137613412572819E+03
    0.450318617692541636E+02    0.136642165799524906E+01    0.376717134071866466E+01    0.691557102437525034E+09    0.141827422425719010E+04   -0.709137112128595049E+03
    0.514981217546631171E+02    0.136837601750557236E+01    0.345742127933072307E+01    0.716487195562397718E+09    0.141826824474246041E+04   -0.709134122371230205E+03
    0.458173130462253937E+02    0.136824607630153072E+01    0.726089630132165764E+00    0.828038594985969782E+09    0.141826214540983165E+04   -0.709131072704915823E+03
    0.349389311507783376E+02    0.137009744927656874E+01    0.803966525153573142E+00    0.727376028385287762E+09    0.141825474047238254E+04   -0.709127370236191268E+03
    0.419032370352889387E+02    0.136897755534248589E+01    0.565393914497285821E+00    0.824548200066164255E+09    0.141824627982786183E+04   -0.709123139913930913E+03
    0.353951437978613370E+02    0.136401675415765644E+01    0.419912861499822931E+00    0.720436359007053733E+09    0.141823072783256612E+04   -0.709115363916283059E+03
    0.408600432173066537E+02    0.136796873564389587E+01    0.364348303094208426E+01    0.704092632747019887E+09    0.141823025582132868E+04   -0.709115127910664341E+03
    0.443155609621762423E+02    0.137007956618391069E+01    0.221385350198037401E+00    0.815303148585613489E+09    0.141822209492913635E+04   -0.709111047464568173E+03
    0.566375568991859808E+02    0.136604540592968182E+01    0.209100197919154862E+01    0.757342697646714330E+09    0.141820058594344209E+04   -0.709100292971721046E+03
    0.477120054599108627E+02    0.136602289622486128E+01    0.412739860210362952E+01    0.757666422330477476E+09    0.141819334180685746E+04   -0.709096670903428731E+03
    0.505749092613758435E+02    0.136642553689567370E+01    0.332633950634067599E+01    0.781283618357240796E+09    0.141818054522011903E+04   -0.709090272610059515E+03
    0.292719221848549438E+02    0.136705519822747412E+01    0.119698495207636160E+00    0.806131331257419825E+09    0.141817732972377348E+04   -0.709088664861886741E+03
    0.445973824285372942E+02    0.136995639991721374E+01    0.517027961189813867E+00    0.699130903451126456E+09    0.141817477533501187E+04   -0.709087387667505936E+03
    0.341302280737679951E+02    0.136781347989876689E+01    0.271756640498641033E+01    0.712404122135948062E+09    0.141817425046630069E+04   -0.709087125233150346E+03
    0.509021223235439990E+02    0.136820256358382264E+01    0.340000064278915470E+01    0.768795001890367746E+09    0.141817397697992283E+04   -0.709086988489961414E+03
    0.402422703903924344E+02    0.137056951294815921E+01    0.163081947500900815E+01    0.776624275996813416E+09    0.141815223750328823E+04   -0.709076118751644117E+03
    0.499156296055522688E+02    0.136360330479589664E+01    0.349576323673803313E+00    0.718744927343835115E+09    0.141813907541278377E+04   -0.709069537706391884E+03
    0.506969917091078557E+02    0.136939415863689318E+01    0.221128709730983575E+01    0.731489749397256732E+09    0.141810919152340898E+04   -0.709054595761704491E+03
    0.517255175375136815E+02    0.136551773960589373E+01    0.143086181080148345E+01    0.789718001283894658E+09    0.141810780853537108E+04   -0.709053904267685539E+03
    0.425903487037295889E+02    0.136514822521684542E+01    0.131021514635286751E+01    0.673923860540028811E+09    0.141810269587046696E+04   -0.709051347935233480E+03
    0.482005191965072441E+02    0.136745977829360887E+01    0.364789674005063702E+01    0.785718704932748199E+09    0.141810220714308434E+04   -0.709051103571542171E+03
    0.521195556285953714E+02    0.136895983697127144E+01    0.222066338453134904E+01    0.718020049443835020E+09    0.141808596919903471E+04   -0.709042984599517354E+03
    0.290386606987319666E+02    0.136721002945155057E+01    0.108544032403372515E+01    0.732690812320572615E+09    0.141805607449068930E+04   -0.709028037245344649E+03
    0.503565080988735829E+02    0.136820574737357115E+01    0.183240503722783599E+01    0.688842635130282283E+09    0.141801896932256545E+04   -0.709009484661282727E+03
    0.327400985658169574E+02    0.136895474612501022E+01    0.795866822146388930E+00    0.726836547442919850E+09    0.141801245441518677E+04   -0.709006227207593383E+03
    0.526843566032525317E+02    0.136756523299254251E+01    0.357689810831305088E+01    0.735241014299074888E+09    0.141800831040801063E+04   -0.709004155204005315E+03
    0.542517768268525273E+02    0.136679661163816113E+01    0.140873567254664578E+01    0.680046543269886374E+09    0.141800641654355104E+04   -0.709003208271775520E+03
    0.307150281548663067E+02    0.136650226053524637E+01    0.194136998938070171E+01    0.747297660954196930E+09    0.141800567569392410E+04   -0.709002837846962052E+03
    0.484064901721045118E+02    0.136724524365611044E+01    0.178176467030498542E+01    0.813104965133701086E+09    0.141799757080088648E+04   -0.708998785400443239E+03
    0.445338652030770135E+02    0.137075861254436249E+01    0.968576459123917988E+00    0.751951996047548652E+09    0.141799023208209474E+04   -0.708995116041047368E+03
    0.522612344161590983E+02    0.136675949151207021E+01    0.323721207727530169E+01    0.766347765502937555E+09    0.141797551204525917E+04   -0.708987756022629583E+03
    0.385866471041832853E+02    0.136514791884629139E+01    0.185829125478089541E+01    0.696985124831118941E+09    0.141796798984177371E+04   -0.708983994920886857E+03
    0.506511212315229926E+02    0.137001701505293028E+01    0.713444116471274259E+00    0.720336333012777925E+09    0.141795403796840537E+04   -0.708977018984202687E+03
    0.437681588739429230E+02    0.136828168985469723E+01    0.381145101737628966E+01    0.720125687586178422E+09    0.141794453001977763E+04   -0.708972265009888815E+03
    0.358807101204439221E+02    0.136994087793752550E+01    0.119977749031714831E+01    0.756155396736547112E+09    0.141793841424773609E+04   -0.708969207123868046E+03
    0.449104923082374583E+02    0.136495956278511610E+01    0.146787526879882035E+01    0.681961825114537716E+09    0.141793776448938843E+04   -0.708968882244694214E+03
    0.540599026875469733E+02    0.136734914421974452E+01    0.177928033530002705E+01    0.690224619129141092E+09    0.141793179033491788E+04   -0.708965895167458939E+03
    0.353379370900268626E+02    0.136537948692885047E+01    0.230666864228802915E+01    0.739145523216974258E+09    0.141790875674548897E+04   -0.708954378372744486E+03
    0.572794121495492234E+02    0.136771883942329842E+01    0.329424068978012685E+00    0.697522811954392076E+09    0.141788168147897704E+04   -0.708940840739488522E+03
    0.455493675415749877E+02    0.136935720746597922E+01    0.187785407283912908E+01    0.712001843497082353E+09    0.141787147301300638E+04   -0.708935736506503190E+03
    0.400056283736895821E+02    0.136760115906846957E+01    0.225482790662218591E+01    0.812056202472675920E+09    0.141786800149580199E+04   -0.708934000747900996E+03
    0.389731561261592176E+02    0.136542586300501800E+01    0.376645974046584175E+00    0.675074114614155054E+09    0.141785756869726151E+04   -0.708928784348630757E+03
    0.406947849569918532E+02    0.136622058641392896E+01    0.400505198231999149E+01    0.730500331311217308E+09    0.141785522564585813E+04   -0.708927612822929063E+03
    0.478773393356678199E+02    0.136416380362324086E+01    0.130111763440354844E+01    0.711442517800862074E+09    0.141784700360828970E+04   -0.708923501804144848E+03
    0.396448380169993442E+02    0.136738288356208737E+01    0.278125865002172246E+01    0.696668367246910691E+09    0.141784189187085553E+04   -0.708920945935427767E+03
    0.516263414388840189E+02    0.136781553023522684E+01    0.218739536479450036E+01    0.695449322780037165E+09    0.141784001493638766E+04   -0.708920007468193830E+03
    0.305792167047826631E+02    0.136734487527699455E+01    0.151908184396435653E+01    0.766059596402698398E+09    0.141782434952340759E+04   -0.708912174761703795E+03
    0.422077422352851741E+02    0.136988239566079062E+01    0.144636451470702254E+01    0.790453050898331046E+09    0.141782118716785226E+04   -0.708910593583926129E+03
    0.389054855932702068E+02    0.136714632907345046E+01    0.134603754512601914E+01    0.679391134039561391E+09    0.141782085661407905E+04   -0.708910428307039524E+03
    0.375127323831253747E+02    0.136505867817753312E+01    0.166348687649005322E+01    0.766730766236323118E+09    0.141779899857901228E+04   -0.708899499289506139E+03
    0.496585203707578131E+02    0.136763764045696079E+01    0.374252543945630844E+00    0.816260343168430328E+09    0.141778476809807376E+04   -0.708892384049036878E+03
    0.393822493860569338E+02    0.136495937489498709E+01    0.420175065203204856E+00    0.684106318427803636E+09    0.141777517723155097E+04   -0.708887588615775485E+03
    0.579514493780922848E+02    0.136595405653167634E+01    0.110869660054571773E+01    0.729510835002284050E+09    0.141776471984648538E+04   -0.708882359923242689E+03
    0.371652120939918262E+02    0.136580344578688084E+01    0.186103962046365945E+01    0.697343481601502657E+09    0.141775876424266517E+04   -0.708879382121332583E+03
    0.543181813002849054E+02    0.136906502104776995E+01    0.509614038700398897E+00    0.737425950624008179E+09    0.141775002637864600E+04   -0.708875013189322999E+03
    0.521144483873267319E+02    0.136837497164308175E+01    0.999921176135284639E+00    0.696034466307246208E+09    0.141774254281478920E+04   -0.708871271407394602E+03
    0.582266083494613582E+02    0.136625347065675395E+01    0.101419142252578376E+01    0.731194104794201016E+09    0.141769790396954477E+04   -0.708848951984772384E+03
    0.570650693809828766E+02    0.136508391248871752E+01    0.128802206105646605E+00    0.715801860384405494E+09    0.141768810538236175E+04   -0.708844052691180877E+03
    0.448668319565693494E+02    0.136503554183591147E+01    0.244089613621220769E+01    0.750011462519168377E+09    0.141766559317468045E+04   -0.708832796587340226E+03
    0.469018166335192319E+02    0.136751548688275526E+01    0.294148752419016368E+01    0.789055555051378131E+09    0.141765665911840642E+04   -0.708828329559203212E+03
    0.432283197408787174E+02    0.136491737591976103E+01    0.229546327089834046E+01    0.712361452521415353E+09    0.141763989323946180E+04   -0.708819946619730899E+03
    0.440207908285836069E+02    0.136688487714340323E+01    0.336798184240252674E+01    0.781794732095400691E+09    0.141763760871820978E+04   -0.708818804359104888E+03
    0.517004269923666087E+02    0.136768426299648094E+01    0.123835125725416395E+01    0.796457139285655022E+09    0.141760795516051007E+04   -0.708803977580255037E+03
    0.557811611177891393E+02    0.136726309538723023E+01    0.203562248566523429E+01    0.731280623856838107E+09    0.141759951030821253E+04   -0.708799755154106265E+03
    0.414856506255834745E+02    0.136846588764885135E+01    0.242413299458454334E+01    0.711499908758314252E+09    0.141758017302467215E+04   -0.708790086512336075E+03
    0.440183019098047410E+02    0.136990803858046206E+01    0.141897059694977279E+01    0.750048543747732043E+09    0.141756479870827866E+04   -0.708782399354139329E+03
    0.523215028462537646E+02    0.136847501379021153E+01    0.196173340170277410E+01    0.730266654843152165E+09    0.141755922931583200E+04   -0.708779614657915999E+03
    0.350142596386181850E+02    0.136769970366058269E+01    0.224360092312681703E+01    0.718993623307590008E+09    0.141753485333874551E+04   -0.708767426669372753E+03
    0.486965639703467588E+02    0.136792193904216619E+01    0.237797473030190609E+01    0.786082063100177169E+09    0.141753463356912289E+04   -0.708767316784561444E+03
    0.455137944002269847E+02    0.136455729499233969E+01    0.103039528864157215E+01    0.700271381233980417E+09    0.141752563787106919E+04   -0.708762818935534597E+03
    0.489087142593507878E+02    0.136671087465521590E+01    0.547527844841969924E+00    0.714442117769770384E+09    0.141612759632369375E+04   -0.708063798161846876E+03
    0.565575781496996868E+02    0.136603885158517202E+01    0.489691756218100904E+00    0.741272420267030835E+09    0.141729621569608162E+04   -0.708648107848040809E+03
    0.550957703358413369E+02    0.136826304348739480E+01    0.935842686517161848E+00    0.729686323681562066E+09    0.141743610840497013E+04   -0.708718054202485064E+03
    0.327889629334641270E+02    0.136674371113937010E+01    0.425031867709259159E+00    0.709047216728017807E+09    0.141733596336039773E+04   -0.708667981680198864E+03
    0.489105162720254896E+02    0.136538876788019348E+01    0.124674972577479992E+01    0.772223458879819751E+09    0.141734029122652851E+04   -0.708670145613264253E+03
    0.475909353298440649E+02    0.136560991256226871E+01    0.132546918516815826E+00    0.778222639269909382E+09    0.141677610818176890E+04   -0.708388054090884452E+03
    0.501891146079811179E+02    0.136533680007168767E+01    0.120123652251598867E+01    0.769841698020201564E+09    0.141744029807746983E+04   -0.708720149038734917E+03
    0.490726650904720785E+02    0.136622760105597152E+01    0.909950772870258273E+00    0.786230924338411808E+09    0.141700636062869216E+04   -0.708503180314346082E+03
    0.427617912296716440E+02    0.136744209403992856E+01    0.143816706694494933E+01    0.784681798080138803E+09    0.141667859226527980E+04   -0.708339296132639902E+03
    0.431472845053705996E+02    0.136728902027349553E+01    0.120800726221365018E+01    0.745677778137673020E+09    0.141615475757138734E+04   -0.708077378785693668E+03
    0.431472845053705996E+02    0.136728902027349553E+01    0.120800726221365018E+01    0.745677778137673020E+09    0.141615475757138734E+04   -0.708077378785693668E+03
    0.349617478536454200E+02    0.136590710270400373E+01    0.941747598244229378E+00    0.752111695190017343E+09    0.141702511561207575E+04   -0.708512557806037876E+03
    0.348497032312047779E+02    0.136656168804583489E+01    0.479958744608235455E+00    0.766134416859170675E+09    0.141670531490065014E+04   -0.708352657450325069E+03
    0.398614923907329413E+02    0.136587573703513621E+01    0.314859480286151905E+00    0.796864777258492708E+09    0.141702971995998064E+04   -0.708514859979990320E+03
    0.456200075172708566E+02    0.136640223980024333E+01    0.273675629321626923E+00    0.797203399081193686E+09    0.141675114335256194E+04   -0.708375571676280970E+03
    0.411163468795155751E+02    0.136829021064197587E+01    0.136155292587514043E+01    0.801662057789637089E+09    0.141727299952952126E+04   -0.708636499764760629E+03
    0.323235266065051903E+02    0.136735022133395656E+01    0.752715837049729108E+00    0.772516610466350675E+09    0.141721797110919510E+04   -0.708608985554597552E+03
    0.461447425345508506E+02    0.136506185988755058E+01    0.267675604319770721E+00    0.784288369062657595E+09    0.141733877143691689E+04   -0.708669385718458443E+03
    0.412675451629998378E+02    0.136595424938000964E+01    0.179822977670065304E+00    0.745446919946105003E+09    0.141605940927276060E+04   -0.708029704636380302E+03
    0.433781753289317038E+02    0.136682003930259377E+01    0.247499366599404302E+00    0.787448396677807093E+09    0.141631872456329234E+04   -0.708159362281646168E+03
    0.362306408502520796E+02    0.136759284569018713E+01    0.707485686882644793E+00    0.748431786014609218E+09    0.141652771242323251E+04   -0.708263856211616257E+03
    0.371858022726395703E+02    0.136842421906346190E+01    0.147335426418954341E+01    0.759048162862332225E+09    0.141708338417912455E+04   -0.708541692089562275E+03
    0.498637923435701751E+02    0.136858632331571961E+01    0.578322353119825383E+00    0.783140167780826211E+09    0.141720440226459050E+04   -0.708602201132295249E+03
    0.360353042498997098E+02    0.136851301611934395E+01    0.126317587892552030E+01    0.743729627722876072E+09    0.141720687953214428E+04   -0.708603439766072142E+03
    0.463040443259694712E+02    0.136761952139232879E+01    0.171068499887948144E+00    0.780361995828703284E+09    0.141627476609578525E+04   -0.708137383047892627E+03
    0.362485483086630609E+02    0.136909001512732131E+01    0.124938763625276686E+00    0.792377689724230170E+09    0.141739463405336755E+04   -0.708697317026683777E+03
    0.459197535935318584E+02    0.136951551095270085E+01    0.821809751268702704E+00    0.747689391434743524E+09    0.141719740969268651E+04   -0.708598704846343253E+03
    0.494170988572994574E+02    0.136891208912408224E+01    0.466078766383526855E+00    0.775041651062300444E+09    0.141719042998418217E+04   -0.708595214992091087E+03
    0.406574124239099675E+02    0.136798015865665357E+01    0.120986370439835678E+00    0.724149422571458697E+09    0.141615713077522332E+04   -0.708078565387611661E+03
    0.429529180751615627E+02    0.136896065775997733E+01    0.606724648446177739E-01    0.738727532544062376E+09    0.141662319208868712E+04   -0.708311596044343560E+03
    0.425634164356371443E+02    0.136779701142128185E+01    0.197040058314885885E+00    0.757155664055824637E+09    0.141598577030998354E+04   -0.707992885154991768E+03
    0.426036311277822080E+02    0.136920541190987644E+01    0.763421373213978183E+00    0.781307866115353703E+09    0.141715463357862882E+04   -0.708577316789314409E+03
    0.449097309734895447E+02    0.136813094011264114E+01    0.311995640543245045E+01    0.730761306693199635E+09    0.141737266742404768E+04   -0.708686333712023838E+03
    0.518346486122562382E+02    0.136785569097763715E+01    0.188657616995852973E+01    0.743563505904496312E+09    0.141710935771351569E+04   -0.708554678856757846E+03
    0.473219608530268729E+02    0.136804886859760777E+01    0.936672227555500503E+00    0.693572731905028939E+09    0.141719043772562532E+04   -0.708595218862812658E+03
    0.471219116221410843E+02    0.136692668365108383E+01    0.341433966812682987E+01    0.750456380290408969E+09    0.141736061280336889E+04   -0.708680306401684447E+03
    0.464364335882625952E+02    0.136688307673307263E+01    0.349105671537121420E+01    0.742144462612192392E+09    0.141733045784865203E+04   -0.708665228924326016E+03
    0.511676512659024780E+02    0.136658912669429067E+01    0.115746230479460332E+01    0.720555094588729024E+09    0.141646737257918403E+04   -0.708233686289592015E+03
    0.494917240986744318E+02    0.136765748025865497E+01    0.226431886675335425E+01    0.737070848715814352E+09    0.141693320698934349E+04   -0.708466603494671745E+03
    0.497080909875979842E+02    0.136556536845871146E+01    0.117753660337531385E+01    0.734142305271319032E+09    0.141674488398914218E+04   -0.708372441994571091E+03
    0.513533184158331011E+02    0.136782195116382388E+01    0.169618738588973517E+01    0.760248943812887549E+09    0.141707505941409477E+04   -0.708537529707047383E+03
    0.461588482026972358E+02    0.136715284849324070E+01    0.164236589596760552E+01    0.760482554238550305E+09    0.141646569181825839E+04   -0.708232845909129196E+03
    0.541159844153258902E+02    0.136575249775681384E+01    0.177777542433959912E+01    0.720412884185333014E+09    0.141738254712972912E+04   -0.708691273564864559E+03
    0.502867392030785894E+02    0.136634337648203408E+01    0.169651994434123043E+01    0.729657846728064537E+09    0.141665599081163236E+04   -0.708327995405816182E+03
    0.519791453705479043E+02    0.136737333628352475E+01    0.235860655341057912E+01    0.726423402211592317E+09    0.141716579636603160E+04   -0.708582898183015800E+03
    0.541295649683097295E+02    0.136747049449065528E+01    0.187821867629945638E+01    0.708164757477121949E+09    0.141751607953116627E+04   -0.708758039765583135E+03
    0.473082035420507054E+02    0.136792062641761358E+01    0.926468148955307380E+00    0.683678325052901268E+09    0.141746844849642002E+04   -0.708734224248210012E+03
    0.505788649062270963E+02    0.136758673936697250E+01    0.265555803286625780E+01    0.711093636739319682E+09    0.141741798955282820E+04   -0.708708994776414102E+03
    0.477196984859020574E+02    0.136627550351150329E+01    0.258989238632448604E+01    0.702170176425183296E+09    0.141731852667197609E+04   -0.708659263335988044E+03
    0.421293317430227461E+02    0.136458940257685279E+01    0.108706513213396083E+01    0.710892482627811432E+09    0.141738138174331789E+04   -0.708690690871658944E+03
    0.387666826422404540E+02    0.136647109881032591E+01    0.154586752509794612E+01    0.719521598403263211E+09    0.141659614115786781E+04   -0.708298070578933903E+03
    0.436199090446415880E+02    0.136505532128815887E+01    0.193491004545247525E+01    0.746147185662209034E+09    0.141733795259444241E+04   -0.708668976297221207E+03
    0.454341986709112788E+02    0.136559168277808984E+01    0.209696191260337317E+01    0.715477513062149167E+09    0.141697449405699308E+04   -0.708487247028496540E+03
    0.416957898373248668E+02    0.136620932737040524E+01    0.213710897822002721E+01    0.690412194265232086E+09    0.141751797944167993E+04   -0.708758989720839963E+03
    0.405098221760279387E+02    0.136556811007093026E+01    0.134431211334062439E+01    0.734483050132622600E+09    0.141672447866987613E+04   -0.708362239334938067E+03
    0.395516474933320055E+02    0.136785063905237503E+01    0.211099957729453536E+01    0.710918285239548445E+09    0.141720221080030547E+04   -0.708601105400152733E+03
    0.461077046337239764E+02    0.136599455480068666E+01    0.255376829258561111E+01    0.722560585876333475E+09    0.141694824342463335E+04   -0.708474121712316673E+03
    0.349674881700358995E+02    0.136637057171514953E+01    0.250111518985833214E+01    0.743894083782081127E+09    0.141751552741949877E+04   -0.708757763709749383E+03
    0.424497392870758787E+02    0.136697384304142888E+01    0.229399604643699151E+01    0.774391996362005234E+09    0.141689719746346373E+04   -0.708448598731731863E+03
    0.357013407700941983E+02    0.136598720744172653E+01    0.173594245281322279E+01    0.762358403974004388E+09    0.141728813287359958E+04   -0.708644066436799790E+03
    0.367268402348265397E+02    0.136659569457801888E+01    0.237070582519791095E+01    0.726345930012646079E+09    0.141717340024286932E+04   -0.708586700121434660E+03
    0.403824086900630590E+02    0.136752240614441067E+01    0.324414224368208215E+01    0.755304697971721053E+09    0.141733100919876483E+04   -0.708665504599382416E+03
    0.423262843646263462E+02    0.136744828454326384E+01    0.225260791883439682E+01    0.749909876737580895E+09    0.141667605761490177E+04   -0.708338028807450883E+03
    0.465013681884160874E+02    0.136873316027537650E+01    0.207808953390615736E+01    0.750550071948081970E+09    0.141726471213760851E+04   -0.708632356068804256E+03
    0.365756915609341675E+02    0.136667482720963185E+01    0.342186512249904595E+00    0.692814708108381271E+09    0.141718281932302125E+04   -0.708591409661510625E+03
    0.425819223364837143E+02    0.136851508730378457E+01    0.107919601140572174E+01    0.772303826742587209E+09    0.141676076707167795E+04   -0.708380383535838973E+03
    0.471953825640131868E+02    0.136823589030573101E+01    0.122941407420378535E+01    0.795558537597951889E+09    0.141723514399100645E+04   -0.708617571995503226E+03
    0.514780992637866319E+02    0.136715586564022251E+01    0.101359530067947134E+01    0.747363463745433688E+09    0.141654466179444967E+04   -0.708272330897224833E+03
    0.483723241954903003E+02    0.136818828553860583E+01    0.296270735297366139E+01    0.737172596582832694E+09    0.141745169601142993E+04   -0.708725848005714965E+03
    0.390669719924837082E+02    0.136548699453215927E+01    0.130641054360187536E+01    0.717671146191431403E+09    0.141690909923499021E+04   -0.708454549617495104E+03
    0.432141223917928698E+02    0.136577967312964765E+01    0.136754892044008081E+01    0.783480099390037060E+09    0.141708341288587962E+04   -0.708541706442939812E+03
    0.465950145887625951E+02    0.136821853017938255E+01    0.279789376730933792E+00    0.731276180718126059E+09    0.141623470006266757E+04   -0.708117350031333785E+03
    0.482392235928995134E+02    0.136726421809862675E+01    0.171355566848147212E+01    0.779454883055741191E+09    0.141692088619564902E+04   -0.708460443097824509E+03
    0.326288382245983186E+02    0.136606478959260236E+01    0.799641686933517892E+00    0.753570641763525963E+09    0.141729650298628644E+04   -0.708648251493143221E+03
    0.362001995792878333E+02    0.136583138020566008E+01    0.155444191956353617E+01    0.719364961148053527E+09    0.141714334680547563E+04   -0.708571673402737815E+03
    0.452848756233054459E+02    0.136575345557652472E+01    0.378681598801014874E+00    0.735529285773074985E+09    0.141611333310054306E+04   -0.708056666550271530E+03
    0.452848756233054459E+02    0.136575345557652472E+01    0.378681598801014874E+00    0.735529285773074985E+09    0.141611333310054306E+04   -0.708056666550271530E+03
    0.485241492892738648E+02    0.136572062463118749E+01    0.170196286868077795E+01    0.734237151254599333E+09    0.141679286245107892E+04   -0.708396431225539459E+03
    0.494993477866382534E+02    0.136623929113781473E+01    0.470327059965180483E+00    0.778841767758628368E+09    0.141670768995342496E+04   -0.708353844976712480E+03
    0.499432777071283667E+02    0.136711586180832012E+01    0.139386624066832376E+01    0.706886964769394279E+09    0.141674540124186410E+04   -0.708372700620932051E+03
    0.370140584475207675E+02    0.136731071619908540E+01    0.141855974463828738E+01    0.707630323752937078E+09    0.141709325607657820E+04   -0.708546628038289100E+03
    0.388689232451657745E+02    0.136573028743108926E+01    0.924249807423020209E+00    0.723493753932248712E+09    0.141659001594167103E+04   -0.708295007970835513E+03
    0.512636109811083287E+02    0.136577665220673472E+01    0.737846184854786591E+00    0.744505877780482769E+09    0.141668472963335034E+04   -0.708342364816675172E+03
    0.426081875258368115E+02    0.136776569588762853E+01    0.234401011664941583E+01    0.781670815576570392E+09    0.141709631712229407E+04   -0.708548158561147034E+03
    0.506436580683470439E+02    0.136769865235875332E+01    0.122098402105165316E+01    0.777029539964322567E+09    0.141699328527756916E+04   -0.708496642638784579E+03
    0.425506924033582337E+02    0.136588295127322490E+01    0.263748224108894247E+01    0.770354910482047439E+09    0.141739586781354137E+04   -0.708697933906770686E+03
