    0.750604244361510808E+02    0.135366386911734082E+01    0.125859902788618783E+02    0.121923390399351358E+10    0.949637752126497844E+03   -0.474818876063248922E+03
    0.669263313795581070E+02    0.135950652262773364E+01    0.485501960747412387E+01    0.156211149445992589E+10    0.947782235293505437E+03   -0.473891117646752718E+03
    0.286349347607163693E+02    0.135949800527478692E+01    0.144648621742199035E+01    0.131815649888550448E+10    0.945522080987822164E+03   -0.472761040493911082E+03
    0.672441394856536618E+02    0.136128560345666583E+01    0.140567888261223963E+02    0.138018251289380598E+10    0.944339322152504565E+03   -0.472169661076252282E+03
    0.839559033277960367E+02    0.135779586251233231E+01    0.714733400544773101E+01    0.135092491397817516E+10    0.943643315961602866E+03   -0.471821657980801433E+03
    0.720713239400885897E+02    0.135521503525364895E+01    0.134805551232522607E+02    0.150100101293890119E+10    0.943245224848479552E+03   -0.471622612424239776E+03
    0.613184793901437288E+02    0.135269564924067409E+01    0.133213523251483279E+00    0.137883940155632424E+10    0.943124116285101763E+03   -0.471562058142550882E+03
    0.600075274228415196E+02    0.135710289327162870E+01    0.166710072304331938E+02    0.153041768462466526E+10    0.942368583955725853E+03   -0.471184291977862927E+03
    0.385423048962726043E+02    0.136149699436415972E+01    0.106410219602877838E+02    0.130042597958133316E+10    0.942239819873771467E+03   -0.471119909936885733E+03
    0.488289737322166104E+02    0.136111021351405226E+01    0.162336731952061157E+02    0.132770989577885461E+10    0.941938070246096800E+03   -0.470969035123048400E+03
    0.462055541741136864E+02    0.135323682565133163E+01    0.150764522314893483E+02    0.143922175748688388E+10    0.941817964349097679E+03   -0.470908982174548839E+03
    0.594664956694784834E+02    0.135782076733626278E+01    0.167466335671782107E+01    0.123157216887561083E+10    0.941795911927299130E+03   -0.470897955963649565E+03
    0.612722483927577741E+02    0.135852321909941920E+01    0.253131177192380630E+01    0.123853266944836330E+10    0.941460655068888286E+03   -0.470730327534444143E+03
    0.342165994190535940E+02    0.135546246113585456E+01    0.827922334617052114E+00    0.136937633222662711E+10    0.941432856094327690E+03   -0.470716428047163845E+03
    0.478834765793902051E+02    0.135173861289179764E+01    0.901632042928729938E+01    0.133017329782305050E+10    0.941216467378800189E+03   -0.470608233689400095E+03
    0.367349311703629482E+02    0.135513882201756686E+01    0.599255178106902697E+01    0.148786952048796368E+10    0.941207444738044387E+03   -0.470603722369022194E+03
    0.783576429537554020E+02    0.135625265809150641E+01    0.163562061549547586E+02    0.127901266029354787E+10    0.941139581426447307E+03   -0.470569790713223654E+03
    0.677955315232394753E+02    0.135616534406118583E+01    0.194962550631901728E+02    0.137544263243183494E+10    0.941138007348857514E+03   -0.470569003674428757E+03
    0.515088327481643091E+02    0.135434949970199492E+01    0.192995879703030049E+02    0.128804851467219067E+10    0.940884871312043970E+03   -0.470442435656021985E+03
    0.580465916385350909E+02    0.135947554336180221E+01    0.151166515462192539E+02    0.147379128227253795E+10    0.940867110767075928E+03   -0.470433555383537964E+03
    0.646060698181885869E+02    0.135487589161366184E+01    0.138402792683917166E+02    0.148984418404584980E+10    0.940620525563021715E+03   -0.470310262781510858E+03
    0.707802878400538305E+02    0.135901766101571231E+01    0.635782885229349670E+01    0.125861380465938234E+10    0.940517273959142926E+03   -0.470258636979571463E+03
    0.650923410191195018E+02    0.136075769203989805E+01    0.112646673863027402E+02    0.133424892272583270E+10    0.940477903693896337E+03   -0.470238951846948169E+03
    0.614088054671647967E+02    0.135785418605195751E+01    0.691092069440527013E+01    0.154266316805109596E+10    0.940262822978540385E+03   -0.470131411489270192E+03
    0.458380414337120712E+02    0.135858178609052982E+01    0.150464801900182668E+02    0.124659578842551708E+10    0.940262218591076021E+03   -0.470131109295538010E+03
    0.390696401428353255E+02    0.135310473837637368E+01    0.662649939061718829E+01    0.129954439298920536E+10    0.940190604189730720E+03   -0.470095302094865360E+03
    0.460886326637309196E+02    0.135844526635106244E+01    0.472815106402986962E+00    0.146673764969501042E+10    0.940141568355398931E+03   -0.470070784177699466E+03
    0.694048340886523505E+02    0.135574490328829844E+01    0.586428237354272519E+00    0.141293735439299417E+10    0.940075310685138675E+03   -0.470037655342569337E+03
    0.650392362046451780E+02    0.135942803397471179E+01    0.150682218275286601E+02    0.126603407990410709E+10    0.940018636720421796E+03   -0.470009318360210898E+03
    0.439581755492467039E+02    0.135332454362893317E+01    0.780524698697018415E+01    0.144320839528621674E+10    0.939947432373450283E+03   -0.469973716186725142E+03
    0.395300726295700855E+02    0.135434896834573171E+01    0.149273725950803513E+02    0.130429115864640570E+10    0.939905810090528576E+03   -0.469952905045264288E+03
    0.547784817365809289E+02    0.135703215896284424E+01    0.198727773799582841E+01    0.151704274742162871E+10    0.939885214582625963E+03   -0.469942607291312981E+03
    0.540310872164506009E+02    0.135342560603827122E+01    0.150737213774481713E+02    0.142030053102470565E+10    0.939860987052597238E+03   -0.469930493526298619E+03
    0.510258027340833920E+02    0.135322595028050707E+01    0.120281893651498120E+02    0.145383045654534912E+10    0.939855854541807730E+03   -0.469927927270903865E+03
    0.594641895680202097E+02    0.135277480132569528E+01    0.749843617001634843E+01    0.144252149223913741E+10    0.939805896505450391E+03   -0.469902948252725196E+03
    0.544448425101487032E+02    0.136134065785547298E+01    0.860610320358349057E+01    0.135807333066609263E+10    0.939760526791940720E+03   -0.469880263395970360E+03
    0.693173649575091559E+02    0.135981846582745458E+01    0.106452654315126427E+02    0.135290055616548443E+10    0.939684592614059625E+03   -0.469842296307029812E+03
    0.400003145135928975E+02    0.135916723173804810E+01    0.845174651403418586E+01    0.148091340719962573E+10    0.939596089522526427E+03   -0.469798044761263213E+03
    0.767045523978866441E+02    0.135864325275685416E+01    0.946840803908465212E+01    0.133056939715987897E+10    0.939570818075815396E+03   -0.469785409037907698E+03
    0.700154579527662264E+02    0.135982067472694146E+01    0.600767217260816278E+01    0.128491798166138601E+10    0.939551204054624918E+03   -0.469775602027312459E+03
    0.394401000415256320E+02    0.135881238825343953E+01    0.298018876619433382E+01    0.144818112580011678E+10    0.939476337602309741E+03   -0.469738168801154870E+03
    0.671994652505614738E+02    0.135686696515727578E+01    0.190683688495890742E+02    0.132614582298922157E+10    0.939446714813254857E+03   -0.469723357406627429E+03
    0.624973582669590826E+02    0.136045117018626560E+01    0.489320249178740152E+01    0.130956127360886955E+10    0.939441989001144748E+03   -0.469720994500572374E+03
    0.639695585542399598E+02    0.135980428508440498E+01    0.138492791167438352E+02    0.138571038409867835E+10    0.939375646198215236E+03   -0.469687823099107618E+03
    0.442590632512352116E+02    0.135400091583958448E+01    0.146013555608083543E+02    0.137666100829388237E+10    0.939365388053455831E+03   -0.469682694026727916E+03
    0.433668854819606935E+02    0.135807305637410525E+01    0.181423215647641172E+02    0.139206493805835080E+10    0.939359623127551231E+03   -0.469679811563775615E+03
    0.740996556984060675E+02    0.135834778581794446E+01    0.152547891896119641E+02    0.129894713998633313E+10    0.939294411447846642E+03   -0.469647205723923321E+03
    0.493425541486514305E+02    0.136110012727084650E+01    0.122047471900727977E+02    0.130850365464252090E+10    0.939291614458466597E+03   -0.469645807229233299E+03
    0.358860464554080849E+02    0.135765252774306777E+01    0.267221829856402104E+01    0.143002719594234490E+10    0.939117914398555740E+03   -0.469558957199277870E+03
    0.569492434376453502E+02    0.135305080549356682E+01    0.483672712695489526E+01    0.141687207071717739E+10    0.939015561506886229E+03   -0.469507780753443114E+03
    0.651643931398476468E+02    0.135489040553206985E+01    0.174950061230838614E+02    0.133707200164158797E+10    0.938965651265801966E+03   -0.469482825632900983E+03
    0.695417963883111554E+02    0.135414354902882628E+01    0.940037410504538684E+01    0.142221564386528516E+10    0.938964677559138977E+03   -0.469482338779569488E+03
    0.499059550168042492E+02    0.135436855153121716E+01    0.406534044462042043E+01    0.125326678489390445E+10    0.938927826304201062E+03   -0.469463913152100531E+03
    0.618085168131520462E+02    0.135568986390549506E+01    0.167865013405958630E+01    0.125065572325207686E+10    0.938926400412984776E+03   -0.469463200206492388E+03
    0.494667168169649756E+02    0.135745990876723166E+01    0.390605840823004957E+01    0.151900595192853022E+10    0.938816163773090921E+03   -0.469408081886545460E+03
    0.488065452880046138E+02    0.135270997935938975E+01    0.817786543095401086E+01    0.138107546843548131E+10    0.938741303299257083E+03   -0.469370651649628542E+03
    0.670809779327071709E+02    0.135504405937288297E+01    0.577621989712764905E+00    0.134733757767201114E+10    0.938658697264328566E+03   -0.469329348632164283E+03
    0.361574557168497535E+02    0.135491425100854168E+01    0.805330483045193013E+01    0.140333844023202300E+10    0.938657315514738912E+03   -0.469328657757369456E+03
    0.459184829685447582E+02    0.135301494157838986E+01    0.569802973396999768E+01    0.127443261199311781E+10    0.938593204386582784E+03   -0.469296602193291392E+03
    0.543980079584952207E+02    0.135483200534048098E+01    0.116650148045632007E+01    0.144114732839424658E+10    0.938580916515312879E+03   -0.469290458257656439E+03
    0.472310281663353209E+02    0.135944424200229830E+01    0.289779076763788668E+01    0.143233607325091910E+10    0.938548761144094669E+03   -0.469274380572047335E+03
    0.703781580730994989E+02    0.135696053409757567E+01    0.192478701315827205E+01    0.139285988399135423E+10    0.938485962324847151E+03   -0.469242981162423575E+03
    0.324595695276009053E+02    0.135801054410104793E+01    0.699452931672677014E+01    0.138621303855981541E+10    0.938468733260266049E+03   -0.469234366630133025E+03
    0.417046776510742276E+02    0.135901180953248746E+01    0.112864461019663498E+02    0.146719719827156425E+10    0.938461905879750248E+03   -0.469230952939875124E+03
    0.601283190527390730E+02    0.135463291207061531E+01    0.282834507741637120E+01    0.144709842349451184E+10    0.938438845697986721E+03   -0.469219422848993361E+03
    0.451071709356706521E+02    0.135732919137256136E+01    0.145247646254482241E+02    0.125004261157731581E+10    0.938407490214186623E+03   -0.469203745107093312E+03
    0.374012638463324976E+02    0.135635579649505189E+01    0.527246771378500068E+01    0.146052545166665840E+10    0.938380541326969023E+03   -0.469190270663484512E+03
    0.558245354003026648E+02    0.135423703949384722E+01    0.982560418241612687E+01    0.147738914010895705E+10    0.938367307654615843E+03   -0.469183653827307921E+03
    0.461052032051194303E+02    0.135563037539698916E+01    0.628609048417473648E+01    0.150945587058456445E+10    0.938333730815513036E+03   -0.469166865407756518E+03
    0.634959802559051241E+02    0.135265348013715458E+01    0.913153328514062324E+01    0.132914335956336927E+10    0.938240720026741542E+03   -0.469120360013370771E+03
    0.484277561717658429E+02    0.135572338461560027E+01    0.134703626746543073E+02    0.149264221814820862E+10    0.938134269350907516E+03   -0.469067134675453758E+03
    0.464865311865185404E+02    0.136018144010417474E+01    0.112792389821525365E+02    0.140016817088005066E+10    0.938133411761085881E+03   -0.469066705880542941E+03
    0.541852098224703127E+02    0.135608290766095396E+01    0.733635139869400099E+01    0.123168252003773165E+10    0.938123132164305616E+03   -0.469061566082152808E+03
    0.506825486123828739E+02    0.135711328774539308E+01    0.153582766674172664E+02    0.124941763856826639E+10    0.938080626052706521E+03   -0.469040313026353260E+03
    0.715728271648305707E+02    0.135561703591274019E+01    0.894386593361588034E+01    0.125746245777989864E+10    0.938033756185677248E+03   -0.469016878092838624E+03
    0.613420755577504835E+02    0.135944104564180845E+01    0.146324611155507718E+02    0.137894383352932930E+10    0.937996354711100480E+03   -0.468998177355550240E+03
    0.624643329702677761E+02    0.135269556900230237E+01    0.659309318525446031E+01    0.130863648563902092E+10    0.937959606495535127E+03   -0.468979803247767563E+03
    0.587900473981337583E+02    0.135327779642716983E+01    0.117602845956654107E+02    0.139928274086534071E+10    0.937929809658989029E+03   -0.468964904829494515E+03
    0.473085319665955524E+02    0.135562257069278980E+01    0.181762890360046079E+02    0.130476732312744260E+10    0.937913429800107679E+03   -0.468956714900053839E+03
    0.335243106988161230E+02    0.135606749609690658E+01    0.889829506948636073E+01    0.137676312964837074E+10    0.937836834217865317E+03   -0.468918417108932658E+03
    0.622519017261635526E+02    0.135648006603714522E+01    0.170018539237295947E+02    0.142664519744212818E+10    0.937832114551681002E+03   -0.468916057275840501E+03
    0.567147761036360691E+02    0.135800339129259373E+01    0.522336135646451005E+01    0.149984542434890842E+10    0.937602147530476941E+03   -0.468801073765238471E+03
    0.537922305700931673E+02    0.136060936497566631E+01    0.692640822995886118E+01    0.129601296752899981E+10    0.937596757327828300E+03   -0.468798378663914150E+03
    0.471120875986379275E+02    0.136016772006887776E+01    0.101169654376333149E+02    0.138793113962335205E+10    0.937585745623216553E+03   -0.468792872811608277E+03
    0.695286341203000546E+02    0.135630607874617470E+01    0.996759107653871013E+01    0.145702060055562639E+10    0.937555970513617467E+03   -0.468777985256808734E+03
    0.395252023889534598E+02    0.135898416499421493E+01    0.290110566132328973E+01    0.130006146895048261E+10    0.937510426390932025E+03   -0.468755213195466013E+03
    0.694591636816418259E+02    0.135689646464003433E+01    0.108803249362052892E+02    0.125472276881273532E+10    0.937470224689772067E+03   -0.468735112344886033E+03
    0.363514956474272992E+02    0.135872104303457997E+01    0.843332320628849530E+01    0.140472526348596430E+10    0.937456909610400885E+03   -0.468728454805200442E+03
    0.654172014242794262E+02    0.135429433726887161E+01    0.148474656081988172E+02    0.130647526721684599E+10    0.937420765366374326E+03   -0.468710382683187163E+03
    0.526340839953414203E+02    0.136056093621190954E+01    0.875067343770485806E+01    0.132484745902853990E+10    0.937417939566288396E+03   -0.468708969783144198E+03
    0.610123520439103757E+02    0.136024373551584565E+01    0.106512604244061926E+02    0.128669278228735614E+10    0.937385336070277049E+03   -0.468692668035138524E+03
    0.549512630629671577E+02    0.135780041285174891E+01    0.168309758883867104E+02    0.143976793643716359E+10    0.937363883823516971E+03   -0.468681941911758486E+03
    0.680447870942111592E+02    0.135790820396099599E+01    0.162358598380801311E+02    0.133710386878553462E+10    0.937343874273916526E+03   -0.468671937136958263E+03
    0.706466291987491388E+02    0.135664939935937312E+01    0.255045882075517483E+01    0.135594526365551376E+10    0.937274008658744719E+03   -0.468637004329372360E+03
    0.354197743442988724E+02    0.135857692300637223E+01    0.107333056876390298E+02    0.134519423454666805E+10    0.937256572698179980E+03   -0.468628286349089990E+03
    0.634664073401267217E+02    0.135422661742788253E+01    0.631211657508811985E+01    0.142129039741845083E+10    0.937239680317038619E+03   -0.468619840158519310E+03
    0.647680326674997673E+02    0.135895454051040887E+01    0.136573981115718333E+02    0.138999158923864174E+10    0.937197294174855415E+03   -0.468598647087427707E+03
    0.442318340666608876E+02    0.135528470685338687E+01    0.791597541994076703E+01    0.147320183823180580E+10    0.937187564089642251E+03   -0.468593782044821126E+03
    0.627379074017016620E+02    0.135372791987963281E+01    0.136945627998227319E+02    0.131063262023547363E+10    0.937167557800873283E+03   -0.468583778900436641E+03
    0.522643959191285603E+02    0.135877451136815974E+01    0.899101969582136995E+01    0.148823701438264251E+10    0.937162951828703740E+03   -0.468581475914351870E+03
    0.494600810897808358E+02    0.135354689021990571E+01    0.351397699383953066E+01    0.127985538893027997E+10    0.937145291993742603E+03   -0.468572645996871302E+03
    0.513532716213404541E+02    0.135472344622415153E+01    0.104403394577806576E+02    0.146771547779982042E+10    0.937078466323293810E+03   -0.468539233161646905E+03
    0.460142501288762844E+02    0.135958475650874422E+01    0.134796157017679850E+02    0.135846284197130156E+10    0.937075681986266090E+03   -0.468537840993133045E+03
    0.629728498522790261E+02    0.135825574172560670E+01    0.165630861439986994E+02    0.136677795431397557E+10    0.937046158185821696E+03   -0.468523079092910848E+03
    0.629728498522790261E+02    0.135825574172560670E+01    0.165630861439986994E+02    0.136677795431397557E+10    0.937046158185821696E+03   -0.468523079092910848E+03
    0.714051027321890359E+02    0.135775992487622488E+01    0.919037520589142609E+01    0.141786407176738262E+10    0.937031969993280654E+03   -0.468515984996640327E+03
    0.419322993230401337E+02    0.135967971378113206E+01    0.101007059326221320E+02    0.135478340548188877E+10    0.937028459067137305E+03   -0.468514229533568653E+03
    0.403644466249509364E+02    0.135803089962583745E+01    0.125879421531224036E+02    0.144560135218719029E+10    0.937021283680842657E+03   -0.468510641840421329E+03
    0.615679504288947896E+02    0.135429235516933733E+01    0.924090206314532381E+01    0.125947842160337210E+10    0.937011998447772498E+03   -0.468505999223886249E+03
    0.384336511027061221E+02    0.135822513734432304E+01    0.469109969308135444E+01    0.126888879456051612E+10    0.937011190095949814E+03   -0.468505595047974907E+03
    0.591984123305443717E+02    0.135971413271252439E+01    0.101849682160602981E+02    0.140455907156013536E+10    0.937010323180297064E+03   -0.468505161590148532E+03
    0.643316866663770810E+02    0.135569433592214295E+01    0.165504933756792312E+02    0.136285248024907422E+10    0.936996242982241824E+03   -0.468498121491120912E+03
    0.485315376330913466E+02    0.135425897170262521E+01    0.575511063138930190E+01    0.126420552279301906E+10    0.936989599013670386E+03   -0.468494799506835193E+03
    0.334174093238977932E+02    0.135699769915127799E+01    0.922894857826516102E+01    0.131021277933742547E+10    0.936921810962879249E+03   -0.468460905481439625E+03
    0.657346191590151676E+02    0.135619066034101166E+01    0.175644851330558645E+02    0.127804841434156656E+10    0.936898427489845858E+03   -0.468449213744922929E+03
    0.525238529323822121E+02    0.135897477816369339E+01    0.167552826711688283E+02    0.131661078317553854E+10    0.936891157876034981E+03   -0.468445578938017491E+03
    0.502905588192211681E+02    0.135952581267362116E+01    0.132516144509396341E+02    0.140171344334052134E+10    0.936881387540430751E+03   -0.468440693770215375E+03
    0.470540814705926067E+02    0.135992947505810879E+01    0.101133001550981394E+02    0.137971575816717219E+10    0.936874246084442802E+03   -0.468437123042221401E+03
    0.480919670872574798E+02    0.135773958785482463E+01    0.325396787592857839E+01    0.146917750591472888E+10    0.936872180741383545E+03   -0.468436090370691772E+03
    0.473202352805865232E+02    0.135399286661299523E+01    0.991959621674748959E+01    0.140097769815608644E+10    0.936858145684171973E+03   -0.468429072842085986E+03
    0.332204442518481784E+02    0.135737201602036772E+01    0.752244996363118634E+01    0.128332690592995071E+10    0.936857121153536582E+03   -0.468428560576768291E+03
    0.603823092818356741E+02    0.135308162109770480E+01    0.112200678330903081E+02    0.129774524428875113E+10    0.936764734081985125E+03   -0.468382367040992563E+03
    0.612206002123247401E+02    0.135486704803846436E+01    0.149284754502582633E+02    0.138634839096458173E+10    0.936751125490720483E+03   -0.468375562745360241E+03
    0.563003146441863436E+02    0.135345128073951404E+01    0.128087813673083808E+02    0.131957240506214261E+10    0.936720719329356598E+03   -0.468360359664678299E+03
    0.416134999577332252E+02    0.135770494313789047E+01    0.124943231215920427E+02    0.145333967628335428E+10    0.936716597311891064E+03   -0.468358298655945532E+03
    0.518989034910810147E+02    0.135760553196729128E+01    0.108367620944618341E+02    0.150140116493253589E+10    0.936700013515872911E+03   -0.468350006757936455E+03
    0.690515225023264918E+02    0.135838368360516881E+01    0.143127211591326375E+02    0.131665705389582443E+10    0.936659136631737056E+03   -0.468329568315868528E+03
    0.482040953524019571E+02    0.135777562427355947E+01    0.681534086700903430E+00    0.139689858076459670E+10    0.936537250778565181E+03   -0.468268625389282590E+03
    0.604165948584493009E+02    0.135857458489401606E+01    0.161759988639122376E+02    0.135372680160292506E+10    0.936500791800296611E+03   -0.468250395900148305E+03
    0.494047651356316706E+02    0.135943877019679205E+01    0.491990343790927120E+01    0.140021425535899949E+10    0.936472283567025215E+03   -0.468236141783512608E+03
    0.574949330417582587E+02    0.135930529572425285E+01    0.640761818492581359E+01    0.143101744693791246E+10    0.936458355854174215E+03   -0.468229177927087107E+03
    0.663053169889759459E+02    0.135874503706456151E+01    0.290219038304412225E+01    0.127961759305602837E+10    0.936391725602642623E+03   -0.468195862801321312E+03
    0.645076096461229298E+02    0.135762870076943742E+01    0.143681126562819372E+02    0.142845722673218393E+10    0.936359526214340804E+03   -0.468179763107170402E+03
    0.454956082782838678E+02    0.135908211888149255E+01    0.280555461677884521E+01    0.132982180818776631E+10    0.936348072212891793E+03   -0.468174036106445897E+03
    0.517855348097936670E+02    0.135607984111023283E+01    0.314633742035307709E-01    0.136867194863236165E+10    0.936240889711197951E+03   -0.468120444855598976E+03
    0.407284768946877591E+02    0.135872142469821711E+01    0.133317707420579996E+02    0.133238730764956379E+10    0.936228843972432060E+03   -0.468114421986216030E+03
    0.599880332110932741E+02    0.135980461094098892E+01    0.104860215290692924E+02    0.132002331007849479E+10    0.936197889174944748E+03   -0.468098944587472374E+03
    0.577627712936245672E+02    0.135321234741633445E+01    0.751111919084408441E+01    0.131631254794533587E+10    0.936189808124219439E+03   -0.468094904062109720E+03
    0.577627712936245672E+02    0.135321234741633445E+01    0.751111919084408441E+01    0.131631254794533587E+10    0.936189808124219439E+03   -0.468094904062109720E+03
    0.495970982806598357E+02    0.135623068145405634E+01    0.132178211055881825E+02    0.146720505951143360E+10    0.936158370051275938E+03   -0.468079185025637969E+03
    0.495970982806598357E+02    0.135623068145405634E+01    0.132178211055881825E+02    0.146720505951143360E+10    0.936158370051275938E+03   -0.468079185025637969E+03
    0.634871862380384400E+02    0.135520026486565759E+01    0.699359912818617335E+01    0.144682979745954466E+10    0.936124933860505280E+03   -0.468062466930252640E+03
    0.637735426681766668E+02    0.135554664055488017E+01    0.447201790816981237E+01    0.143684722907204747E+10    0.936121474274517141E+03   -0.468060737137258570E+03
    0.614243263735786513E+02    0.135798939056891066E+01    0.162040820833604435E+02    0.136302129849253511E+10    0.936006940493670527E+03   -0.468003470246835263E+03
    0.614243263735786513E+02    0.135798939056891066E+01    0.162040820833604435E+02    0.136302129849253511E+10    0.936006940493670527E+03   -0.468003470246835263E+03
    0.356853679914067357E+02    0.135756290479979547E+01    0.105260641336349163E+02    0.131742592626559424E+10    0.936000856526098687E+03   -0.468000428263049344E+03
    0.385627755006992032E+02    0.135593375807300287E+01    0.405341512158702333E+01    0.133156040732531881E+10    0.935994256459005783E+03   -0.467997128229502891E+03
    0.516553572648071437E+02    0.135634556386977079E+01    0.163385464662009809E+02    0.126879681665973711E+10    0.935946947801080682E+03   -0.467973473900540341E+03
    0.647061914973008783E+02    0.135886743175239011E+01    0.128865031559126404E+02    0.135062690945223165E+10    0.935886346405981385E+03   -0.467943173202990693E+03
    0.647061914973008783E+02    0.135886743175239011E+01    0.128865031559126404E+02    0.135062690945223165E+10    0.935886346405981385E+03   -0.467943173202990693E+03
    0.594580769507628730E+02    0.135561923903637460E+01    0.279591663305353988E+01    0.142860496868096042E+10    0.935878213504364567E+03   -0.467939106752182283E+03
    0.594580769507628730E+02    0.135561923903637460E+01    0.279591663305353988E+01    0.142860496868096042E+10    0.935878213504364567E+03   -0.467939106752182283E+03
    0.561816847122590488E+02    0.135680415556222922E+01    0.293422547494597241E+01    0.145148203774155378E+10    0.935820992533915842E+03   -0.467910496266957921E+03
    0.592156770289595116E+02    0.135924694896867826E+01    0.395350182079053525E+01    0.132572720794252610E+10    0.935801242876782908E+03   -0.467900621438391454E+03
    0.592156770289595116E+02    0.135924694896867826E+01    0.395350182079053525E+01    0.132572720794252610E+10    0.935801242876782908E+03   -0.467900621438391454E+03
    0.640396181360054157E+02    0.135666751372260497E+01    0.145636260247536509E+02    0.126584510054293036E+10    0.935714942592634088E+03   -0.467857471296317044E+03
    0.595557772910083827E+02    0.135407880129120795E+01    0.826692310600577862E+01    0.138135349725538039E+10    0.935636859156479886E+03   -0.467818429578239943E+03
    0.644397668017382870E+02    0.135880255399713223E+01    0.121234233504482187E+02    0.136871771550562239E+10    0.935624203466056088E+03   -0.467812101733028044E+03
    0.644397668017382870E+02    0.135880255399713223E+01    0.121234233504482187E+02    0.136871771550562239E+10    0.935624203466056088E+03   -0.467812101733028044E+03
    0.603476977995493797E+02    0.135371190386153195E+01    0.786487883537217058E+01    0.132911825056534576E+10    0.935586118525287247E+03   -0.467793059262643624E+03
    0.688964108986059927E+02    0.135565749786832623E+01    0.779440747180698956E+01    0.139801814769545913E+10    0.935580081479276942E+03   -0.467790040739638471E+03
    0.688964108986059927E+02    0.135565749786832623E+01    0.779440747180698956E+01    0.139801814769545913E+10    0.935580081479276942E+03   -0.467790040739638471E+03
    0.551139097252235644E+02    0.135733288941869645E+01    0.128684215815909297E+02    0.125406028028582501E+10    0.935537586299861459E+03   -0.467768793149930730E+03
    0.643183828658447112E+02    0.135423886890293388E+01    0.109573393583585066E+02    0.132463005157830954E+10    0.935522508322098474E+03   -0.467761254161049237E+03
    0.519378681658147912E+02    0.135804409824558103E+01    0.220214602483939537E+01    0.141421340751386905E+10    0.935517537243005791E+03   -0.467758768621502895E+03
    0.506739911906329397E+02    0.135554705402709419E+01    0.174701020502321747E+01    0.138099739998249245E+10    0.935462024866132197E+03   -0.467731012433066098E+03
    0.506739911906329397E+02    0.135554705402709419E+01    0.174701020502321747E+01    0.138099739998249245E+10    0.935462024866132197E+03   -0.467731012433066098E+03
    0.633125309073981697E+02    0.135517523402266815E+01    0.694339357102930066E+01    0.126143683170913434E+10    0.935454829129347672E+03   -0.467727414564673836E+03
    0.633125309073981697E+02    0.135517523402266815E+01    0.694339357102930066E+01    0.126143683170913434E+10    0.935454829129347672E+03   -0.467727414564673836E+03
    0.557014451331862475E+02    0.135864679766759711E+01    0.975322075180181614E+01    0.145566548384197879E+10    0.935445741669383096E+03   -0.467722870834691548E+03
    0.670319123582956848E+02    0.135713777795969115E+01    0.145400708277611894E+02    0.134832044182015228E+10    0.935426336366989290E+03   -0.467713168183494645E+03
    0.374124449166926212E+02    0.135700469427790482E+01    0.965413528828518963E+01    0.136509489135225224E+10    0.935417301705519662E+03   -0.467708650852759831E+03
    0.374124449166926212E+02    0.135700469427790482E+01    0.965413528828518963E+01    0.136509489135225224E+10    0.935417301705519662E+03   -0.467708650852759831E+03
    0.684919939525197492E+02    0.135509870718858627E+01    0.896210815843792652E+01    0.136339743600676227E+10    0.935415036857922132E+03   -0.467707518428961066E+03
    0.469039408422767252E+02    0.135431476721668997E+01    0.480878648283328580E+01    0.127862554826784945E+10    0.935401782989954881E+03   -0.467700891494977441E+03
    0.463526235114491456E+02    0.135941693809725961E+01    0.940121448926774050E+01    0.136750488180190420E+10    0.935395704274623085E+03   -0.467697852137311543E+03
    0.449587779098710314E+02    0.135602630719603945E+01    0.323595426411648068E+01    0.140990383469829822E+10    0.935391243715421979E+03   -0.467695621857710989E+03
    0.575468933299698975E+02    0.135475807620273936E+01    0.147147415768466985E+02    0.127612555427187085E+10    0.935314741357015578E+03   -0.467657370678507789E+03
    0.575468933299698975E+02    0.135475807620273936E+01    0.147147415768466985E+02    0.127612555427187085E+10    0.935314741357015578E+03   -0.467657370678507789E+03
    0.638733945601363970E+02    0.135643562360894454E+01    0.104982823538960535E+02    0.125699444896136761E+10    0.935267468115248676E+03   -0.467633734057624338E+03
    0.694574137064216615E+02    0.135566953273682334E+01    0.611429806512935770E+01    0.135617406892408180E+10    0.935259784299924149E+03   -0.467629892149962075E+03
    0.694574137064216615E+02    0.135566953273682334E+01    0.611429806512935770E+01    0.135617406892408180E+10    0.935259784299924149E+03   -0.467629892149962075E+03
    0.572617594539523864E+02    0.135672976365398501E+01    0.169335844359602596E+02    0.132531939231549430E+10    0.935256185746001051E+03   -0.467628092873000526E+03
    0.590988860380353884E+02    0.135718083521567068E+01    0.406353690260258205E+01    0.144607552170232797E+10    0.935213702790454590E+03   -0.467606851395227295E+03
    0.590988860380353884E+02    0.135718083521567068E+01    0.406353690260258205E+01    0.144607552170232797E+10    0.935213702790454590E+03   -0.467606851395227295E+03
    0.513891301821209154E+02    0.135627323522242205E+01    0.161087607815233902E+02    0.136262198046006489E+10    0.935206261638871069E+03   -0.467603130819435535E+03
    0.392109324283357239E+02    0.135810787741530525E+01    0.450044689617620630E+01    0.128377727855394506E+10    0.935194103899965512E+03   -0.467597051949982756E+03
    0.538431116324125014E+02    0.135969756151232768E+01    0.102961516406844087E+02    0.131875705410810876E+10    0.935182764101383555E+03   -0.467591382050691777E+03
    0.675622410697780111E+02    0.135730203900162594E+01    0.408732756185613333E+01    0.135923456520183444E+10    0.935180740338906389E+03   -0.467590370169453195E+03
    0.675622410697780111E+02    0.135730203900162594E+01    0.408732756185613333E+01    0.135923456520183444E+10    0.935180740338906389E+03   -0.467590370169453195E+03
    0.641512530299373793E+02    0.135407346385909189E+01    0.733747257622018889E+01    0.128885869907510614E+10    0.935110547913951564E+03   -0.467555273956975782E+03
    0.586209265781186843E+02    0.135645340268956205E+01    0.170256995339192088E+02    0.128619142543441844E+10    0.935098026945367565E+03   -0.467549013472683782E+03
    0.554305005299367224E+02    0.135572740692982063E+01    0.139545826447960764E+02    0.143117965350231242E+10    0.935097822338422588E+03   -0.467548911169211294E+03
    0.554305005299367224E+02    0.135572740692982063E+01    0.139545826447960764E+02    0.143117965350231242E+10    0.935097822338422588E+03   -0.467548911169211294E+03
    0.595057500503061263E+02    0.135489291074802631E+01    0.201224512289061375E+01    0.128458924923090100E+10    0.935095622210568308E+03   -0.467547811105284154E+03
    0.419876376350395120E+02    0.135644629694817076E+01    0.137360195647356029E+02    0.133620364949163342E+10    0.935054204034582767E+03   -0.467527102017291384E+03
    0.419876376350395120E+02    0.135644629694817076E+01    0.137360195647356029E+02    0.133620364949163342E+10    0.935054204034582767E+03   -0.467527102017291384E+03
    0.559901928370645905E+02    0.135481094163149884E+01    0.625892365344387880E+01    0.142191021741868854E+10    0.935037818622226382E+03   -0.467518909311113191E+03
    0.666813147194356759E+02    0.135879289342455101E+01    0.672212792967831607E+01    0.130154165850394940E+10    0.935028709758857872E+03   -0.467514354879428936E+03
    0.486277911273545058E+02    0.135686311745963839E+01    0.155939007542152872E+02    0.136689436835860109E+10    0.934999317110647553E+03   -0.467499658555323776E+03
    0.486277911273545058E+02    0.135686311745963839E+01    0.155939007542152872E+02    0.136689436835860109E+10    0.934999317110647553E+03   -0.467499658555323776E+03
    0.576566915418526236E+02    0.135570070036845181E+01    0.159441162034174932E+01    0.135847355432443523E+10    0.934993904331944918E+03   -0.467496952165972459E+03
    0.576566915418526236E+02    0.135570070036845181E+01    0.159441162034174932E+01    0.135847355432443523E+10    0.934993904331944918E+03   -0.467496952165972459E+03
    0.645493259180585994E+02    0.135844689152876330E+01    0.726370379672583333E+01    0.139500697717049026E+10    0.934973642722584145E+03   -0.467486821361292073E+03
    0.476316518560828399E+02    0.135691605926613468E+01    0.185235326821333346E+01    0.137657464199424791E+10    0.934969734380049204E+03   -0.467484867190024602E+03
    0.509812150140765539E+02    0.135698135287765198E+01    0.198433920649867801E+01    0.126768645433914948E+10    0.934944952280308826E+03   -0.467472476140154413E+03
    0.624683341525247826E+02    0.135464338859646105E+01    0.734091330901943540E+01    0.126980753593116307E+10    0.934874523516882391E+03   -0.467437261758441196E+03
    0.565930067240037005E+02    0.135787075358529896E+01    0.941062689309976541E+01    0.146424631180921197E+10    0.934840899172410673E+03   -0.467420449586205336E+03
    0.566309338296593552E+02    0.135775067927991588E+01    0.144293376360577259E+02    0.141735718683977747E+10    0.934807224969026947E+03   -0.467403612484513474E+03
    0.566309338296593552E+02    0.135775067927991588E+01    0.144293376360577259E+02    0.141735718683977747E+10    0.934807224969026947E+03   -0.467403612484513474E+03
    0.651331457149763509E+02    0.135548537280063575E+01    0.146178051636053237E+02    0.128404609100852394E+10    0.934777059555047231E+03   -0.467388529777523615E+03
    0.571819651329884451E+02    0.135896046657933067E+01    0.103779666878691952E+02    0.140903050197158074E+10    0.934772330189477998E+03   -0.467386165094738999E+03
    0.435882578181048927E+02    0.135866257051991779E+01    0.779330706119361238E+01    0.139674685947788811E+10    0.934749428786084763E+03   -0.467374714393042382E+03
    0.512155182333968639E+02    0.135825514977224659E+01    0.150928996390938988E+02    0.135720278592074656E+10    0.934744188901798907E+03   -0.467372094450899453E+03
    0.512155182333968639E+02    0.135825514977224659E+01    0.150928996390938988E+02    0.135720278592074656E+10    0.934744188901798907E+03   -0.467372094450899453E+03
    0.427080714984438146E+02    0.135627776700954383E+01    0.105515204566219722E+02    0.142146255719558430E+10    0.934697695213011002E+03   -0.467348847606505501E+03
    0.427080714984438146E+02    0.135627776700954383E+01    0.105515204566219722E+02    0.142146255719558430E+10    0.934697695213011002E+03   -0.467348847606505501E+03
    0.670031764443996707E+02    0.135778581008879540E+01    0.598842098542021262E+01    0.137203331169735074E+10    0.934693329185127482E+03   -0.467346664592563741E+03
    0.438715014340058360E+02    0.135618149399638699E+01    0.144848776121404210E+02    0.128544979136065197E+10    0.934688890202955918E+03   -0.467344445101477959E+03
    0.555414144043554714E+02    0.135677135479026822E+01    0.144141069410209770E+02    0.142133461033781052E+10    0.934657517933394047E+03   -0.467328758966697023E+03
    0.555414144043554714E+02    0.135677135479026822E+01    0.144141069410209770E+02    0.142133461033781052E+10    0.934657517933394047E+03   -0.467328758966697023E+03
    0.434796408247710460E+02    0.135831774112109960E+01    0.439508996001400920E+01    0.134833517155474281E+10    0.934608339184805004E+03   -0.467304169592402502E+03
    0.558493421558139218E+02    0.135521599872285714E+01    0.447378451081388118E+01    0.140659854755724669E+10    0.934580117953887338E+03   -0.467290058976943669E+03
    0.683947140119079364E+02    0.135763069541201342E+01    0.463141860546983608E+01    0.130722926241815972E+10    0.934550323595850614E+03   -0.467275161797925307E+03
    0.490397268858689515E+02    0.135567037066825336E+01    0.149720422741572232E+02    0.131954732946602941E+10    0.934533329390317476E+03   -0.467266664695158738E+03
    0.490397268858689515E+02    0.135567037066825336E+01    0.149720422741572232E+02    0.131954732946602941E+10    0.934533329390317476E+03   -0.467266664695158738E+03
    0.574134226008117707E+02    0.135708224098505181E+01    0.513772283636038996E+00    0.128322586486873889E+10    0.934525020453026741E+03   -0.467262510226513371E+03
    0.613246922129412795E+02    0.135419783908704372E+01    0.729206067410480685E+01    0.130279858794614673E+10    0.934524235899310270E+03   -0.467262117949655135E+03
    0.613246922129412795E+02    0.135419783908704372E+01    0.729206067410480685E+01    0.130279858794614673E+10    0.934524235899310270E+03   -0.467262117949655135E+03
    0.582930372176661891E+02    0.135448077626762431E+01    0.857700250180690560E+01    0.137162069781644988E+10    0.934518870029397931E+03   -0.467259435014698965E+03
    0.528200522296689030E+02    0.135821743808786599E+01    0.984834817345927505E+01    0.125916860651943254E+10    0.934515795521802261E+03   -0.467257897760901130E+03
    0.541582877645959826E+02    0.135493100706351788E+01    0.129451620244729817E+02    0.136294119103653455E+10    0.934489631259172484E+03   -0.467244815629586242E+03
    0.633925357094757800E+02    0.135737615063338035E+01    0.715780485205995287E+01    0.143517850874352455E+10    0.934468038980317260E+03   -0.467234019490158630E+03
    0.582881508411586822E+02    0.135640761424569356E+01    0.786566482089918528E+00    0.129337195031516099E+10    0.934458045657751882E+03   -0.467229022828875941E+03
    0.535061336259857327E+02    0.135715522544176581E+01    0.158282172080109387E+02    0.134826024684098840E+10    0.934447865192607992E+03   -0.467223932596303996E+03
    0.461185642071926338E+02    0.135469634316075438E+01    0.104920785436708464E+02    0.129420972887963009E+10    0.934410247571083346E+03   -0.467205123785541673E+03
    0.576322592495514954E+02    0.135623927281942991E+01    0.157656580303151603E+02    0.133148475057790613E+10    0.934409961148575803E+03   -0.467204980574287902E+03
    0.571769048496247194E+02    0.135865394957542640E+01    0.784502016428065119E+01    0.142454250918450904E+10    0.934369545394009378E+03   -0.467184772697004689E+03
    0.602421428929815335E+02    0.135476230439845313E+01    0.126188758981495397E+02    0.131906760164130116E+10    0.934336320066188136E+03   -0.467168160033094068E+03
    0.602421428929815335E+02    0.135476230439845313E+01    0.126188758981495397E+02    0.131906760164130116E+10    0.934336320066188136E+03   -0.467168160033094068E+03
    0.570534041492412953E+02    0.135676952454083577E+01    0.136229606021858842E+02    0.142475513310964704E+10    0.934316228676943183E+03   -0.467158114338471592E+03
    0.570534041492412953E+02    0.135676952454083577E+01    0.136229606021858842E+02    0.142475513310964704E+10    0.934316228676943183E+03   -0.467158114338471592E+03
    0.437374889808064182E+02    0.135670481829672118E+01    0.100546760463909859E+02    0.142850587971882820E+10    0.934282498919558975E+03   -0.467141249459779488E+03
    0.579698871132834341E+02    0.135645139943939563E+01    0.333959758368247916E+01    0.140570428104369760E+10    0.934254073245099107E+03   -0.467127036622549554E+03
    0.634155930524397107E+02    0.135782867666700424E+01    0.119679879035886430E+02    0.139541288568908906E+10    0.934221302951760208E+03   -0.467110651475880104E+03
    0.617371202084118238E+02    0.135505172809427132E+01    0.465650310662589373E+01    0.133964733863731527E+10    0.934194667385932576E+03   -0.467097333692966288E+03
    0.420490798952370852E+02    0.135565017900530593E+01    0.103511820091813664E+02    0.133725118417286873E+10    0.934175469030268687E+03   -0.467087734515134343E+03
    0.420490798952370852E+02    0.135565017900530593E+01    0.103511820091813664E+02    0.133725118417286873E+10    0.934175469030268687E+03   -0.467087734515134343E+03
    0.528314513875713061E+02    0.135599587851978876E+01    0.142324474016747970E+01    0.130951484542308521E+10    0.934088003906825179E+03   -0.467044001953412590E+03
    0.528314513875713061E+02    0.135599587851978876E+01    0.142324474016747970E+01    0.130951484542308521E+10    0.934088003906825179E+03   -0.467044001953412590E+03
    0.583803080926282760E+02    0.135683969557381046E+01    0.153025697185706888E+01    0.127543409217728400E+10    0.934067705236414668E+03   -0.467033852618207334E+03
    0.583803080926282760E+02    0.135683969557381046E+01    0.153025697185706888E+01    0.127543409217728400E+10    0.934067705236414668E+03   -0.467033852618207334E+03
    0.534319264169687429E+02    0.135900680002034813E+01    0.431350436184672770E+01    0.128107040015515852E+10    0.934013487597469179E+03   -0.467006743798734590E+03
    0.494282178293615218E+02    0.135460675278519682E+01    0.587374060574449341E+01    0.129606733029307222E+10    0.934006064302961249E+03   -0.467003032151480625E+03
    0.528543599504222001E+02    0.135604122566260510E+01    0.147280381163034324E+02    0.135647993372396398E+10    0.934002476095613929E+03   -0.467001238047806964E+03
    0.530104535387376785E+02    0.135649662020654538E+01    0.365676741776769143E+01    0.141434096783519149E+10    0.933998506365382696E+03   -0.466999253182691348E+03
    0.530104535387376785E+02    0.135649662020654538E+01    0.365676741776769143E+01    0.141434096783519149E+10    0.933998506365382696E+03   -0.466999253182691348E+03
    0.605164185320044652E+02    0.135501089780780637E+01    0.495322421300313298E+01    0.134343270953705859E+10    0.933995318705926024E+03   -0.466997659352963012E+03
    0.459042140218513595E+02    0.135501340244121393E+01    0.696901769745762500E+01    0.133587300149681497E+10    0.933993544821089245E+03   -0.466996772410544622E+03
    0.448855742639737159E+02    0.135811993078034110E+01    0.523252135432680276E+01    0.137505835841266608E+10    0.933987410373808643E+03   -0.466993705186904322E+03
    0.448855742639737159E+02    0.135811993078034110E+01    0.523252135432680276E+01    0.137505835841266608E+10    0.933987410373808643E+03   -0.466993705186904322E+03
    0.502043200408223029E+02    0.135823759287129930E+01    0.405604454116673541E+01    0.138145669116314411E+10    0.933977238932202454E+03   -0.466988619466101227E+03
    0.512766361182085433E+02    0.135529951490643041E+01    0.578261918486704030E+01    0.126715618315473247E+10    0.933965135676843943E+03   -0.466982567838421971E+03
    0.512766361182085433E+02    0.135529951490643041E+01    0.578261918486704030E+01    0.126715618315473247E+10    0.933965135676843943E+03   -0.466982567838421971E+03
    0.574420835958824298E+02    0.135669031524528649E+01    0.299075083089906446E+01    0.138418872566470766E+10    0.933944893251740382E+03   -0.466972446625870191E+03
    0.574420835958824298E+02    0.135669031524528649E+01    0.299075083089906446E+01    0.138418872566470766E+10    0.933944893251740382E+03   -0.466972446625870191E+03
    0.557154294139170148E+02    0.135446696707189562E+01    0.116572876777141321E+02    0.128469309272842932E+10    0.933927766573522149E+03   -0.466963883286761074E+03
    0.557154294139170148E+02    0.135446696707189562E+01    0.116572876777141321E+02    0.128469309272842932E+10    0.933927766573522149E+03   -0.466963883286761074E+03
    0.614507720018004875E+02    0.135579667552105954E+01    0.102640047331699371E+02    0.142107201466185164E+10    0.933922636841032954E+03   -0.466961318420516477E+03
    0.614507720018004875E+02    0.135579667552105954E+01    0.102640047331699371E+02    0.142107201466185164E+10    0.933922636841032954E+03   -0.466961318420516477E+03
    0.505534359053532754E+02    0.135441623312118731E+01    0.794531403036728712E+01    0.129847921585042858E+10    0.933917330306947065E+03   -0.466958665153473532E+03
    0.644718301518741157E+02    0.135633745588684573E+01    0.105778442309957459E+02    0.139935419361506128E+10    0.933891161516910074E+03   -0.466945580758455037E+03
    0.667978332360303853E+02    0.135737668969900782E+01    0.996351659620339092E+01    0.136759706260462856E+10    0.933853507296041926E+03   -0.466926753648020963E+03
    0.667978332360303853E+02    0.135737668969900782E+01    0.996351659620339092E+01    0.136759706260462856E+10    0.933853507296041926E+03   -0.466926753648020963E+03
    0.655540545793154479E+02    0.135717725745563533E+01    0.482441446877409241E+01    0.134333005191575074E+10    0.933806349622084781E+03   -0.466903174811042391E+03
    0.655540545793154479E+02    0.135717725745563533E+01    0.482441446877409241E+01    0.134333005191575074E+10    0.933806349622084781E+03   -0.466903174811042391E+03
    0.684316936495869612E+02    0.135659260176926555E+01    0.523485346252345085E+01    0.129302801089071059E+10    0.933804240155417574E+03   -0.466902120077708787E+03
    0.564775434499595974E+02    0.135766369461625924E+01    0.171262204461593992E+01    0.129778734794006419E+10    0.933781646131426896E+03   -0.466890823065713448E+03
    0.533249186230265195E+02    0.135867050238887543E+01    0.638719822054066277E+01    0.139165312165000296E+10    0.933779785022750275E+03   -0.466889892511375137E+03
    0.452744932871269370E+02    0.135606905002850309E+01    0.136311162564940158E+02    0.128010427598400116E+10    0.933740134356683484E+03   -0.466870067178341742E+03
    0.628919316033252684E+02    0.135657284202031181E+01    0.131336890229034768E+02    0.127112261802026844E+10    0.933737043022521789E+03   -0.466868521511260894E+03
    0.540823805437720111E+02    0.135486208245941819E+01    0.914212013486092800E+01    0.137558793495193529E+10    0.933679645487012976E+03   -0.466839822743506488E+03
    0.540823805437720111E+02    0.135486208245941819E+01    0.914212013486092800E+01    0.137558793495193529E+10    0.933679645487012976E+03   -0.466839822743506488E+03
    0.481843792073342669E+02    0.135627904432516488E+01    0.922308957738988333E+01    0.143802393580803561E+10    0.933666980837721667E+03   -0.466833490418860833E+03
    0.525099657885263795E+02    0.135860587964066259E+01    0.136515607099033023E+02    0.130263986300889635E+10    0.933648601910889170E+03   -0.466824300955444585E+03
    0.430329158140490193E+02    0.135594533462036404E+01    0.112468982900248751E+02    0.132252506725072265E+10    0.933646094054488913E+03   -0.466823047027244456E+03
    0.430329158140490193E+02    0.135594533462036404E+01    0.112468982900248751E+02    0.132252506725072265E+10    0.933646094054488913E+03   -0.466823047027244456E+03
    0.518389772416695678E+02    0.135613613930434673E+01    0.264033573179663339E+01    0.134723322675505686E+10    0.933604789296377476E+03   -0.466802394648188738E+03
    0.501583899313529002E+02    0.135464034540599965E+01    0.103893838258723790E+02    0.128374667842971110E+10    0.933600206795770873E+03   -0.466800103397885437E+03
    0.501583899313529002E+02    0.135464034540599965E+01    0.103893838258723790E+02    0.128374667842971110E+10    0.933600206795770873E+03   -0.466800103397885437E+03
    0.475731936351397096E+02    0.135625905588822926E+01    0.125440022305118521E+02    0.138396025117539406E+10    0.933585989195010370E+03   -0.466792994597505185E+03
    0.475731936351397096E+02    0.135625905588822926E+01    0.125440022305118521E+02    0.138396025117539406E+10    0.933585989195010370E+03   -0.466792994597505185E+03
    0.672605957685768203E+02    0.135665696158588855E+01    0.527197048033768745E+01    0.127595550188546205E+10    0.933568024446251570E+03   -0.466784012223125785E+03
    0.509633407496719286E+02    0.135530274189606192E+01    0.577593777121160379E+01    0.138179392796027231E+10    0.933532441117330109E+03   -0.466766220558665054E+03
    0.509633407496719286E+02    0.135530274189606192E+01    0.577593777121160379E+01    0.138179392796027231E+10    0.933532441117330109E+03   -0.466766220558665054E+03
    0.471629423282482279E+02    0.135883772374972800E+01    0.111622650557658165E+02    0.129542296424941945E+10    0.933530902703167158E+03   -0.466765451351583579E+03
    0.598404179228182471E+02    0.135718190952891682E+01    0.770019679045796934E+01    0.126238904661899281E+10    0.933497501352513382E+03   -0.466748750676256691E+03
    0.671542580601668675E+02    0.135635560298110525E+01    0.102300168372072502E+02    0.133996036553863406E+10    0.933494610299009082E+03   -0.466747305149504541E+03
    0.582381834357486952E+02    0.135687114341032844E+01    0.397883458561270054E+01    0.138711821515124631E+10    0.933465930873455591E+03   -0.466732965436727795E+03
    0.485759785500394372E+02    0.135578381564031836E+01    0.855214222203640162E+01    0.142084590300266767E+10    0.933465494871464898E+03   -0.466732747435732449E+03
    0.580333518939279287E+02    0.135858568814283420E+01    0.891138803625930365E+01    0.138398478538992953E+10    0.933455106921425681E+03   -0.466727553460712841E+03
    0.553946982170103723E+02    0.135760581230759603E+01    0.134362259221693865E+02    0.126991205331731462E+10    0.933438172202629971E+03   -0.466719086101314986E+03
    0.609580427979803190E+02    0.135520472380562818E+01    0.742835563724618630E+01    0.136813553261396408E+10    0.933427829939312346E+03   -0.466713914969656173E+03
    0.642067015984472249E+02    0.135646665208471240E+01    0.710848144780037838E+01    0.126844132590921044E+10    0.933414598929345175E+03   -0.466707299464672587E+03
    0.642067015984472249E+02    0.135646665208471240E+01    0.710848144780037838E+01    0.126844132590921044E+10    0.933414598929345175E+03   -0.466707299464672587E+03
    0.451373565761982078E+02    0.135580018587790185E+01    0.100780660818637493E+02    0.137053132754075575E+10    0.933412245065682782E+03   -0.466706122532841391E+03
    0.471984808351874889E+02    0.135658553118690461E+01    0.293977100707094197E+01    0.130912651049345899E+10    0.933400288396207088E+03   -0.466700144198103544E+03
    0.448011101712755959E+02    0.135719005599884412E+01    0.616184543716287614E+01    0.138792979562700129E+10    0.933382774922469480E+03   -0.466691387461234740E+03
    0.472513358958795138E+02    0.135773346766255387E+01    0.415203253401616301E+01    0.135457328339414978E+10    0.933372939337930234E+03   -0.466686469668965117E+03
    0.586938537813341910E+02    0.135481504278321996E+01    0.590795980534093523E+01    0.130818382722606730E+10    0.933326035316439970E+03   -0.466663017658219985E+03
    0.587731876820140471E+02    0.135566373171731236E+01    0.447974463644611021E+01    0.136314609871330333E+10    0.933307493670367080E+03   -0.466653746835183540E+03
    0.541971748050056874E+02    0.135756995246639378E+01    0.883300584123567489E+01    0.126199145783182859E+10    0.933297444509767615E+03   -0.466648722254883808E+03
    0.541971748050056874E+02    0.135756995246639378E+01    0.883300584123567489E+01    0.126199145783182859E+10    0.933297444509767615E+03   -0.466648722254883808E+03
    0.437663860551081711E+02    0.135729108624917827E+01    0.714706462594526570E+01    0.137846004088300586E+10    0.933288911145857014E+03   -0.466644455572928507E+03
    0.516935063380688860E+02    0.135802534739451697E+01    0.122834918928822088E+02    0.139010511298576903E+10    0.933271069463130516E+03   -0.466635534731565258E+03
    0.492901203013164633E+02    0.135517093078857642E+01    0.111486168476806995E+02    0.132761372211278868E+10    0.933243336623091068E+03   -0.466621668311545534E+03
    0.492901203013164633E+02    0.135517093078857642E+01    0.111486168476806995E+02    0.132761372211278868E+10    0.933243336623091068E+03   -0.466621668311545534E+03
    0.454200957966355645E+02    0.135817849391710177E+01    0.471327214938067307E+01    0.128793426973943615E+10    0.933240630735061131E+03   -0.466620315367530566E+03
    0.674985595170451091E+02    0.135622890254626283E+01    0.873792597863668874E+01    0.127485118937725854E+10    0.933215310409514359E+03   -0.466607655204757179E+03
    0.674985595170451091E+02    0.135622890254626283E+01    0.873792597863668874E+01    0.127485118937725854E+10    0.933215310409514359E+03   -0.466607655204757179E+03
    0.579877448307717458E+02    0.135617337414150940E+01    0.146239041393803806E+02    0.129792695958770895E+10    0.933188785910648221E+03   -0.466594392955324111E+03
    0.579877448307717458E+02    0.135617337414150940E+01    0.146239041393803806E+02    0.129792695958770895E+10    0.933188785910648221E+03   -0.466594392955324111E+03
    0.570221595776998242E+02    0.135523588972384967E+01    0.452230321188748974E+01    0.132703373325963187E+10    0.933185673539463096E+03   -0.466592836769731548E+03
    0.519539234512545463E+02    0.135464309660408211E+01    0.741212644325250647E+01    0.128249919646569324E+10    0.933161765282007536E+03   -0.466580882641003768E+03
    0.519539234512545463E+02    0.135464309660408211E+01    0.741212644325250647E+01    0.128249919646569324E+10    0.933161765282007536E+03   -0.466580882641003768E+03
    0.558708386245825608E+02    0.135592844986352956E+01    0.775993646932308945E+01    0.126376434509926820E+10    0.933160330297340579E+03   -0.466580165148670289E+03
    0.515515665038699282E+02    0.135877634519471879E+01    0.117389039029317974E+02    0.130373750137983608E+10    0.933124209922535101E+03   -0.466562104961267551E+03
    0.515515665038699282E+02    0.135877634519471879E+01    0.117389039029317974E+02    0.130373750137983608E+10    0.933124209922535101E+03   -0.466562104961267551E+03
    0.495149714385954596E+02    0.135516371975145788E+01    0.775403230811291433E+01    0.135273273133748698E+10    0.933104553205505908E+03   -0.466552276602752954E+03
    0.553543832486249414E+02    0.135841632045543070E+01    0.112817780652944997E+02    0.137212513421222067E+10    0.933093977115815278E+03   -0.466546988557907639E+03
    0.553543832486249414E+02    0.135841632045543070E+01    0.112817780652944997E+02    0.137212513421222067E+10    0.933093977115815278E+03   -0.466546988557907639E+03
    0.460891064566247621E+02    0.135701479360791910E+01    0.107385969504293115E+02    0.138815944904310274E+10    0.933070522584633864E+03   -0.466535261292316932E+03
    0.460891064566247621E+02    0.135701479360791910E+01    0.107385969504293115E+02    0.138815944904310274E+10    0.933070522584633864E+03   -0.466535261292316932E+03
    0.555149614114050962E+02    0.135660509210755675E+01    0.576718130364165571E+01    0.126547021823286510E+10    0.933047217987420936E+03   -0.466523608993710468E+03
    0.555149614114050962E+02    0.135660509210755675E+01    0.576718130364165571E+01    0.126547021823286510E+10    0.933047217987420936E+03   -0.466523608993710468E+03
    0.576311879030900513E+02    0.135597164488878019E+01    0.133559062614801967E+02    0.134605168235631990E+10    0.933034564311117720E+03   -0.466517282155558860E+03
    0.471466932851661440E+02    0.135795179169566982E+01    0.108778530715872783E+02    0.137717206082465315E+10    0.933032948049238485E+03   -0.466516474024619242E+03
    0.471466932851661440E+02    0.135795179169566982E+01    0.108778530715872783E+02    0.137717206082465315E+10    0.933032948049238485E+03   -0.466516474024619242E+03
    0.566310493031177344E+02    0.135684024089478883E+01    0.217080849558957345E+01    0.128401623886745691E+10    0.933023413362849169E+03   -0.466511706681424585E+03
    0.441677500259401228E+02    0.135578073463510029E+01    0.592049753468166351E+01    0.128787699723819757E+10    0.933007312459589343E+03   -0.466503656229794672E+03
    0.670763271016251679E+02    0.135628538159466139E+01    0.106790540975834070E+02    0.129913884805422068E+10    0.933007120398035340E+03   -0.466503560199017670E+03
    0.602591715403421020E+02    0.135588176582090836E+01    0.670512963619471059E+01    0.138856119785706186E+10    0.932987413912230295E+03   -0.466493706956115147E+03
    0.602591715403421020E+02    0.135588176582090836E+01    0.670512963619471059E+01    0.138856119785706186E+10    0.932987413912230295E+03   -0.466493706956115147E+03
    0.665346241653616914E+02    0.135696660882912146E+01    0.569550359848671928E+01    0.129200112984751034E+10    0.932981421750278969E+03   -0.466490710875139484E+03
    0.665346241653616914E+02    0.135696660882912146E+01    0.569550359848671928E+01    0.129200112984751034E+10    0.932981421750278969E+03   -0.466490710875139484E+03
    0.459423168858340674E+02    0.135808339964417146E+01    0.860840978471696339E+01    0.136984109736189008E+10    0.932969218274448053E+03   -0.466484609137224027E+03
    0.490647998624210615E+02    0.135739088368079264E+01    0.593925363869465439E+01    0.140211427984949589E+10    0.932957377449070009E+03   -0.466478688724535004E+03
    0.471949391577543338E+02    0.135560899902443444E+01    0.865511345108187413E+01    0.136695326132992983E+10    0.932956180727098854E+03   -0.466478090363549427E+03
    0.471949391577543338E+02    0.135560899902443444E+01    0.865511345108187413E+01    0.136695326132992983E+10    0.932956180727098854E+03   -0.466478090363549427E+03
    0.468171742882596362E+02    0.135572112521574439E+01    0.119506883137098097E+02    0.130370166410264492E+10    0.932946359325404273E+03   -0.466473179662702137E+03
    0.468501196425021860E+02    0.135860491505176673E+01    0.106296837947608385E+02    0.128439768769281387E+10    0.932937720376637344E+03   -0.466468860188318672E+03
    0.637504186290163446E+02    0.135637779092917787E+01    0.130845543290310502E+02    0.129233990991799521E+10    0.932934513096781302E+03   -0.466467256548390651E+03
    0.637504186290163446E+02    0.135637779092917787E+01    0.130845543290310502E+02    0.129233990991799521E+10    0.932934513096781302E+03   -0.466467256548390651E+03
    0.503056307569545993E+02    0.135543635167671450E+01    0.127021676171207165E+02    0.128819959100707841E+10    0.932923593776268035E+03   -0.466461796888134018E+03
    0.590354436930673359E+02    0.135723621304727882E+01    0.262310413640616780E+01    0.128098945093064380E+10    0.932921451742718546E+03   -0.466460725871359273E+03
    0.590354436930673359E+02    0.135723621304727882E+01    0.262310413640616780E+01    0.128098945093064380E+10    0.932921451742718546E+03   -0.466460725871359273E+03
    0.420961331454250498E+02    0.135720010367143940E+01    0.893665488996281177E+01    0.130518672534309053E+10    0.932902892839312926E+03   -0.466451446419656463E+03
    0.639588101226875949E+02    0.135709191181322053E+01    0.470378156706235817E+01    0.130771270119412708E+10    0.932874749359893485E+03   -0.466437374679946743E+03
    0.639588101226875949E+02    0.135709191181322053E+01    0.470378156706235817E+01    0.130771270119412708E+10    0.932874749359893485E+03   -0.466437374679946743E+03
    0.551641263971884186E+02    0.135888433836261857E+01    0.929869287453407090E+01    0.131231866346400928E+10    0.932873776029788701E+03   -0.466436888014894350E+03
    0.568007587626905917E+02    0.135718170690311091E+01    0.501653584098700378E+01    0.138911869311554766E+10    0.932860176525161137E+03   -0.466430088262580568E+03
    0.658344979745109811E+02    0.135681296036385679E+01    0.624413785136415989E+01    0.131381415069277525E+10    0.932858477441585819E+03   -0.466429238720792910E+03
    0.460732462982073443E+02    0.135638773659762202E+01    0.537647693713891783E+01    0.127404380632928896E+10    0.932854926891146079E+03   -0.466427463445573039E+03
    0.453360117425388580E+02    0.135634703185061101E+01    0.730477621591481530E+01    0.136793144545982385E+10    0.932849600644864950E+03   -0.466424800322432475E+03
    0.472629559166406281E+02    0.135634201488457951E+01    0.411462931877296434E+01    0.131736541212798238E+10    0.932844500936844497E+03   -0.466422250468422249E+03
    0.467004467348217958E+02    0.135657130154190053E+01    0.125684159710309160E+02    0.131786541215338612E+10    0.932835195269053770E+03   -0.466417597634526885E+03
    0.467004467348217958E+02    0.135657130154190053E+01    0.125684159710309160E+02    0.131786541215338612E+10    0.932835195269053770E+03   -0.466417597634526885E+03
    0.578016183037399287E+02    0.135548581826029602E+01    0.404780258952220695E+01    0.130556174309420729E+10    0.932820119737593359E+03   -0.466410059868796679E+03
    0.547426739101199757E+02    0.135644888353898252E+01    0.393161535511323290E+01    0.136074281107072687E+10    0.932817968640375284E+03   -0.466408984320187642E+03
    0.541619026388671543E+02    0.135695120493688726E+01    0.388554317989753972E+01    0.136146992159988213E+10    0.932801599992990987E+03   -0.466400799996495493E+03
    0.481332185391960508E+02    0.135539394551979608E+01    0.110141179373654801E+02    0.130621418185262704E+10    0.932800417897084003E+03   -0.466400208948542002E+03
    0.591505022640047429E+02    0.135877184237768311E+01    0.886049734799047783E+01    0.129414381417512155E+10    0.932793368576513785E+03   -0.466396684288256893E+03
    0.612762828758792182E+02    0.135728480627948378E+01    0.118447077472138496E+02    0.136168004817345333E+10    0.932774598085164484E+03   -0.466387299042582242E+03
    0.569437692743347625E+02    0.135854171859515627E+01    0.608605084502537252E+01    0.132195341195586228E+10    0.932773454358856270E+03   -0.466386727179428135E+03
    0.642860926005238582E+02    0.135560743784428217E+01    0.669424215148665791E+01    0.130972239446622491E+10    0.932765203305563773E+03   -0.466382601652781887E+03
    0.582548091326920527E+02    0.135629407183576012E+01    0.141890520024665463E+02    0.128838841977206898E+10    0.932763785327501296E+03   -0.466381892663750648E+03
    0.535697618685109234E+02    0.135568029452916772E+01    0.131337821523698519E+02    0.131564001921601892E+10    0.932758699521326889E+03   -0.466379349760663445E+03
    0.601803312376513659E+02    0.135783005382495969E+01    0.103477851839427348E+02    0.137837902190457225E+10    0.932750077229695762E+03   -0.466375038614847881E+03
    0.490201676961281123E+02    0.135795219558003422E+01    0.643382712989809935E+01    0.137842011969788957E+10    0.932740876947799165E+03   -0.466370438473899583E+03
    0.526536009668404219E+02    0.135721949369707318E+01    0.475666951188338238E+01    0.138191546898409414E+10    0.932739973143143516E+03   -0.466369986571571758E+03
    0.574959978717340761E+02    0.135613708612665818E+01    0.944906715272488817E+01    0.140936989518474293E+10    0.932738823804168646E+03   -0.466369411902084323E+03
    0.543077658835513191E+02    0.135830337304011972E+01    0.551593921779682095E+01    0.134623973080414057E+10    0.932727329699889424E+03   -0.466363664849944712E+03
    0.522305737994341683E+02    0.135826801362854943E+01    0.906398756998693322E+01    0.138721547833104777E+10    0.932718710372493774E+03   -0.466359355186246887E+03
    0.506067773291621208E+02    0.135873516300987385E+01    0.101652852836854937E+02    0.130760137804829431E+10    0.932716739839602951E+03   -0.466358369919801476E+03
    0.482833291393977717E+02    0.135629291790801010E+01    0.509980952871143778E+01    0.135659868041928744E+10    0.932708907958457871E+03   -0.466354453979228936E+03
    0.436678870085502098E+02    0.135680313368799155E+01    0.102221989950421985E+02    0.131371940680454278E+10    0.932690924916164931E+03   -0.466345462458082466E+03
    0.487753120944524525E+02    0.135629727253694754E+01    0.127778138658605407E+02    0.132365036106098986E+10    0.932690646087831283E+03   -0.466345323043915641E+03
    0.525136858651962442E+02    0.135501713262375412E+01    0.678692100770767048E+01    0.130975020326329756E+10    0.932670394872279417E+03   -0.466335197436139708E+03
    0.499136554623892721E+02    0.135819478194647636E+01    0.123363914258201088E+02    0.131502844151161790E+10    0.932669837097507866E+03   -0.466334918548753933E+03
    0.447253290711051648E+02    0.135628226447330436E+01    0.870462786318944381E+01    0.134456882306987476E+10    0.932660507500979520E+03   -0.466330253750489760E+03
    0.517485185067173106E+02    0.135815989370788825E+01    0.418169309802983147E+01    0.129839272743790865E+10    0.932638351238485598E+03   -0.466319175619242799E+03
    0.550626843102614671E+02    0.135786930193850242E+01    0.424002567592815449E+01    0.133599704460549879E+10    0.932638260076967185E+03   -0.466319130038483593E+03
    0.620535717580800821E+02    0.135654868208279500E+01    0.109989109222012562E+02    0.136128442689793205E+10    0.932635100833906108E+03   -0.466317550416953054E+03
    0.547847027700378604E+02    0.135794286726518809E+01    0.122888467546106135E+02    0.135687851339701033E+10    0.932614653380843038E+03   -0.466307326690421519E+03
    0.600443705355536252E+02    0.135704362419496460E+01    0.593183370312110636E+01    0.137481193568968153E+10    0.932613220574072443E+03   -0.466306610287036222E+03
    0.576528850422357380E+02    0.135713966934072583E+01    0.388138854048073600E+01    0.133651806370209098E+10    0.932609892107616474E+03   -0.466304946053808237E+03
    0.444942136800143331E+02    0.135819113976143879E+01    0.831983036422628963E+01    0.128194663073428297E+10    0.932597413848767133E+03   -0.466298706924383566E+03
    0.660681924755009504E+02    0.135692765883313826E+01    0.851233139876225131E+01    0.131322377817383766E+10    0.932571780413218903E+03   -0.466285890206609452E+03
    0.439899605491247598E+02    0.135728261599728794E+01    0.881938304578065413E+01    0.133384463616318488E+10    0.932570560849127673E+03   -0.466285280424563837E+03
    0.552179162480174597E+02    0.135496452542059709E+01    0.674798467381615819E+01    0.129967130067543364E+10    0.932570270196675665E+03   -0.466285135098337832E+03
    0.628381315563841056E+02    0.135676189571859385E+01    0.111696396621805256E+02    0.134348826381925082E+10    0.932536648567797329E+03   -0.466268324283898664E+03
    0.454520218407925469E+02    0.135813845139175582E+01    0.917494481968242503E+01    0.131084144995610976E+10    0.932518851085312463E+03   -0.466259425542656231E+03
    0.516073869853291427E+02    0.135878958015999052E+01    0.750164813230535632E+01    0.128195383722444224E+10    0.932508296563483555E+03   -0.466254148281741777E+03
    0.638117977968713390E+02    0.135815447636362641E+01    0.744391522160632313E+01    0.127854776649077320E+10    0.932497973566321207E+03   -0.466248986783160603E+03
    0.527980148157544491E+02    0.135744205091129500E+01    0.941302812393216470E+01    0.141154227104705095E+10    0.932495438225234921E+03   -0.466247719112617460E+03
    0.595175172707911528E+02    0.135671730457860762E+01    0.859872236067728224E+01    0.139461707441336966E+10    0.932472204054046188E+03   -0.466236102027023094E+03
    0.617081912399368235E+02    0.135632037681090245E+01    0.666281856691196950E+01    0.135698994439925051E+10    0.932444745529734291E+03   -0.466222372764867146E+03
    0.537517582951434392E+02    0.135853069895544443E+01    0.115649383494464306E+02    0.129463193313359404E+10    0.932443039791630781E+03   -0.466221519895815391E+03
    0.473007859864945459E+02    0.135733312045296639E+01    0.102343331554715427E+02    0.136971193443780208E+10    0.932433048554274251E+03   -0.466216524277137125E+03
    0.521241406830704221E+02    0.135792194834567881E+01    0.439710489588348885E+01    0.131784696991634655E+10    0.932416258727442028E+03   -0.466208129363721014E+03
    0.560144122853890565E+02    0.135792322298668511E+01    0.127029503446328125E+02    0.132471852187433553E+10    0.932411840206836814E+03   -0.466205920103418407E+03
    0.457395805047637580E+02    0.135600559310333613E+01    0.734278573636429499E+01    0.132333739184580231E+10    0.932393669685769055E+03   -0.466196834842884527E+03
    0.517213619522164052E+02    0.135575768404360697E+01    0.839112209842100398E+01    0.138176099718601537E+10    0.932393078293198187E+03   -0.466196539146599093E+03
    0.659762990690966262E+02    0.135704218323372316E+01    0.779438137262017783E+01    0.129601143899663234E+10    0.932382858582211611E+03   -0.466191429291105806E+03
    0.564543067359317803E+02    0.135553551818857132E+01    0.108399170561178124E+02    0.134846544956847072E+10    0.932377822908544772E+03   -0.466188911454272386E+03
    0.494139512572495505E+02    0.135824879624605033E+01    0.103010948387704246E+02    0.133833021326146865E+10    0.932372339572307510E+03   -0.466186169786153755E+03
    0.557345483927416794E+02    0.135654431944207499E+01    0.954198174253131981E+01    0.140339835825172186E+10    0.932366348300293112E+03   -0.466183174150146556E+03
    0.527668309298481617E+02    0.135532316619403703E+01    0.109657242450756076E+02    0.131361920193867064E+10    0.932361046895417985E+03   -0.466180523447708993E+03
    0.651699160023450332E+02    0.135584428691523406E+01    0.857755650746249820E+01    0.129378415852976418E+10    0.932358882772474090E+03   -0.466179441386237045E+03
    0.486316116867681671E+02    0.135822017374912307E+01    0.102364315434401565E+02    0.133099706533661366E+10    0.932347691213416624E+03   -0.466173845606708312E+03
    0.563899437334635749E+02    0.135773534199949353E+01    0.400364835138261466E+01    0.127650666669475579E+10    0.932336900071133869E+03   -0.466168450035566934E+03
    0.571752401510852195E+02    0.135775332733917731E+01    0.761892910051053285E+01    0.138456642871876693E+10    0.932322910041415525E+03   -0.466161455020707763E+03
    0.612381710134842194E+02    0.135831577315969887E+01    0.806086867988945066E+01    0.129635906438935399E+10    0.932292697660763565E+03   -0.466146348830381783E+03
    0.594447188849514205E+02    0.135835129978269342E+01    0.670101703932771375E+01    0.129807363227692699E+10    0.932289328183153202E+03   -0.466144664091576601E+03
    0.598326794696919961E+02    0.135717224023195104E+01    0.109471859348282301E+02    0.136547780208703804E+10    0.932288075543202012E+03   -0.466144037771601006E+03
    0.594445079037547046E+02    0.135722593412538428E+01    0.108887898835378660E+02    0.136914134138408852E+10    0.932287486099292437E+03   -0.466143743049646218E+03
    0.605534388563886878E+02    0.135711992432659856E+01    0.457074784036404047E+01    0.131189325300423527E+10    0.932285916128678650E+03   -0.466142958064339325E+03
    0.595976473886065889E+02    0.135676659460184679E+01    0.106378053321739738E+02    0.137051490534952736E+10    0.932257023627213130E+03   -0.466128511813606565E+03
    0.594218427176140409E+02    0.135521655012893305E+01    0.852263167534716537E+01    0.130965219764908528E+10    0.932253842276489877E+03   -0.466126921138244938E+03
    0.477137340300280997E+02    0.135583025572284654E+01    0.875714719803226238E+01    0.133710016203091311E+10    0.932211568585968280E+03   -0.466105784292984140E+03
    0.528807065812250912E+02    0.135755754104504223E+01    0.565264593889020883E+01    0.136540411650068235E+10    0.932198138025652042E+03   -0.466099069012826021E+03
    0.475542556588626724E+02    0.135724645747178130E+01    0.110221252434853181E+02    0.133995167144769001E+10    0.932193908856559574E+03   -0.466096954428279787E+03
    0.509760207640607135E+02    0.135847354246261198E+01    0.777114678620429533E+01    0.131313482184896016E+10    0.932167405812358766E+03   -0.466083702906179383E+03
    0.597574493124726445E+02    0.135548230001909897E+01    0.109237713908974854E+02    0.130315807809666824E+10    0.932155429071027811E+03   -0.466077714535513906E+03
    0.591817831781051282E+02    0.135849456350917919E+01    0.904175253664315015E+01    0.128475187113577819E+10    0.932147416938325932E+03   -0.466073708469162966E+03
    0.627049880183922355E+02    0.135674525027191306E+01    0.122075906290095695E+02    0.128292606403156590E+10    0.932139263155104118E+03   -0.466069631577552059E+03
    0.566528957415505658E+02    0.135569052897362918E+01    0.855525704853819491E+01    0.136466494328680754E+10    0.932127671558442444E+03   -0.466063835779221222E+03
    0.628359349674290613E+02    0.135670963932714117E+01    0.119775934133684903E+02    0.128772684409104013E+10    0.932119962049880087E+03   -0.466059981024940043E+03
    0.539826727022415156E+02    0.135817843712446629E+01    0.787793760800695786E+01    0.135574288414806652E+10    0.932113828091823507E+03   -0.466056914045911753E+03
    0.532705341464518867E+02    0.135762109486195914E+01    0.942258794842748770E+01    0.138791479134517503E+10    0.932110349712608127E+03   -0.466055174856304063E+03
    0.512205692966350625E+02    0.135750401318138025E+01    0.130096825497775370E+02    0.128875782842326546E+10    0.932091685465760861E+03   -0.466045842732880431E+03
    0.605683493653680571E+02    0.135697032299379328E+01    0.120089473539412754E+02    0.131986469993729997E+10    0.932080115371336205E+03   -0.466040057685668103E+03
    0.473663627632532354E+02    0.135819260699958821E+01    0.742816191951496840E+01    0.129042501826517248E+10    0.932079060430994332E+03   -0.466039530215497166E+03
    0.548575607731187631E+02    0.135523395363053689E+01    0.882621135090673015E+01    0.131518975588553762E+10    0.932071728535257876E+03   -0.466035864267628938E+03
    0.586881562543037916E+02    0.135577956761957563E+01    0.748933895215445489E+01    0.135164922035826802E+10    0.932057995098489982E+03   -0.466028997549244991E+03
    0.621979049589798336E+02    0.135596439173703875E+01    0.113465854655762204E+02    0.129302109986328387E+10    0.932056268409268569E+03   -0.466028134204634284E+03
    0.502491589267684873E+02    0.135761448387973527E+01    0.110127651933480006E+02    0.135237475836347246E+10    0.932052777395985686E+03   -0.466026388697992843E+03
    0.638432530635986382E+02    0.135752430649584843E+01    0.906078208355854109E+01    0.130395553084016991E+10    0.932020974877223125E+03   -0.466010487438611563E+03
    0.635889081588191445E+02    0.135699283728493425E+01    0.799680743272197070E+01    0.131888181398557281E+10    0.932006205088506476E+03   -0.466003102544253238E+03
    0.563413746013690968E+02    0.135564645245640336E+01    0.115608335945011724E+02    0.131105106229291916E+10    0.931994923164115335E+03   -0.465997461582057667E+03
    0.561985892334009947E+02    0.135790761203038279E+01    0.123666692793959268E+02    0.129916546572692490E+10    0.931988029631363815E+03   -0.465994014815681908E+03
    0.545891589206224026E+02    0.135702949601107870E+01    0.532224198271863091E+01    0.135283461528028870E+10    0.931983741580415654E+03   -0.465991870790207827E+03
    0.554466912644245653E+02    0.135843370178911127E+01    0.706263779757051502E+01    0.129731252395464754E+10    0.931976272590029112E+03   -0.465988136295014556E+03
    0.557543329511720458E+02    0.135618981921702253E+01    0.620346604323622763E+01    0.136063896785262918E+10    0.931974451706775653E+03   -0.465987225853387827E+03
    0.598473226988691422E+02    0.135571213911631294E+01    0.961370199499123146E+01    0.133049129590572929E+10    0.931952503387999286E+03   -0.465976251693999643E+03
    0.577984989140098691E+02    0.135821374237860670E+01    0.100911214025411748E+02    0.127591802183491111E+10    0.931946470475367050E+03   -0.465973235237683525E+03
    0.535071727529520587E+02    0.135604450812732913E+01    0.119849762982932813E+02    0.131205194580347490E+10    0.931836176397419194E+03   -0.465918088198709597E+03
    0.482851444089390043E+02    0.135737019849432294E+01    0.113114064345859848E+02    0.129892868212146235E+10    0.931783666001273446E+03   -0.465891833000636723E+03
    0.536727362091570441E+02    0.135654206089366980E+01    0.537989403306378744E+01    0.130171578375198936E+10    0.931358089619145517E+03   -0.465679044809572758E+03
    0.490751949130821288E+02    0.135773512440559752E+01    0.993014633388001045E+01    0.132818309740343881E+10    0.931733694474606182E+03   -0.465866847237303091E+03
    0.568569526537504828E+02    0.135608827475115890E+01    0.988897194317103434E+01    0.136376602015906072E+10    0.931908336181890263E+03   -0.465954168090945132E+03
    0.514629585581152682E+02    0.135692834455355316E+01    0.999405568730867166E+01    0.127323391362508917E+10    0.931606728869985318E+03   -0.465803364434992659E+03
    0.590407416753904855E+02    0.135829788159620213E+01    0.766435658500565076E+01    0.129468727689760280E+10    0.931935712305517654E+03   -0.465967856152758827E+03
    0.534674153025272290E+02    0.135644206826320235E+01    0.607883178558881898E+01    0.129228571808333802E+10    0.931065475614261231E+03   -0.465532737807130616E+03
    0.566188240298850971E+02    0.135619847535604610E+01    0.110844764794634205E+02    0.128866218634424043E+10    0.931186866408892911E+03   -0.465593433204446455E+03
    0.515870150236789158E+02    0.135644749186492652E+01    0.106597990137859053E+02    0.129394841404701591E+10    0.931162436347209564E+03   -0.465581218173604782E+03
    0.577187897304566562E+02    0.135702632237338316E+01    0.526390033557530312E+01    0.128730880081042075E+10    0.931348140340540454E+03   -0.465674070170270227E+03
    0.551310045847725121E+02    0.135653400260181667E+01    0.109742514546670815E+02    0.133384603111845160E+10    0.931496856348537449E+03   -0.465748428174268724E+03
    0.511153975095226301E+02    0.135777692770948644E+01    0.102494062011088047E+02    0.134118373952345657E+10    0.931741601909579913E+03   -0.465870800954789956E+03
    0.579864327472505394E+02    0.135563706281908747E+01    0.841278494599958826E+01    0.130606213639953113E+10    0.931470859876377403E+03   -0.465735429938188702E+03
    0.523004481455960217E+02    0.135690705595184880E+01    0.396400364402980498E+01    0.128036305083914208E+10    0.931838616245970229E+03   -0.465919308122985115E+03
    0.537356225774404308E+02    0.135691668038253965E+01    0.672190464880988614E+01    0.130414176086968040E+10    0.930954135943279198E+03   -0.465477067971639599E+03
    0.549287544518998416E+02    0.135656518778433144E+01    0.880178616281772719E+01    0.135067475089112353E+10    0.931364361940490653E+03   -0.465682180970245327E+03
    0.546689980209861019E+02    0.135658041000773455E+01    0.108334626816394763E+02    0.129465380103001618E+10    0.931023689298378940E+03   -0.465511844649189470E+03
    0.602441183247001462E+02    0.135602517822225477E+01    0.792214768657984614E+01    0.127856839412380815E+10    0.931113862748378892E+03   -0.465556931374189446E+03
    0.591225118254088642E+02    0.135575481993944313E+01    0.917895365388772788E+01    0.133283157259110832E+10    0.931809688292776400E+03   -0.465904844146388200E+03
    0.490912150023314311E+02    0.135578255265585024E+01    0.830053644141163893E+01    0.130152225077854824E+10    0.931646476878870317E+03   -0.465823238439435158E+03
    0.567616015624928991E+02    0.135667080034417920E+01    0.963443865775492014E+01    0.131371923280172467E+10    0.930998544112187801E+03   -0.465499272056093901E+03
    0.563321940454848260E+02    0.135616897461259267E+01    0.100706568085018926E+02    0.130576406375827336E+10    0.931103165001453249E+03   -0.465551582500726624E+03
    0.563321940454848260E+02    0.135616897461259267E+01    0.100706568085018926E+02    0.130576406375827336E+10    0.931103165001453249E+03   -0.465551582500726624E+03
    0.520885235053492579E+02    0.135709964212943102E+01    0.103027699886054656E+02    0.131784271734943366E+10    0.931178791333286881E+03   -0.465589395666643441E+03
    0.533726805164709930E+02    0.135662746441524495E+01    0.730910442200213240E+01    0.131653666182224894E+10    0.931016276836449038E+03   -0.465508138418224519E+03
    0.551137082878659257E+02    0.135706051670607120E+01    0.100134484376674440E+02    0.132428105578300667E+10    0.931106359209458333E+03   -0.465553179604729166E+03
    0.636117940402380029E+02    0.135724306900684355E+01    0.777039131633442359E+01    0.128674077923439789E+10    0.931691793613630580E+03   -0.465845896806815290E+03
    0.516793010887747428E+02    0.135582724754077621E+01    0.118116596193905092E+02    0.128952941570055294E+10    0.931865495855831455E+03   -0.465932747927915727E+03
    0.564323358265408999E+02    0.135745054674710319E+01    0.678302181770148138E+01    0.136601130357104540E+10    0.931903013600460326E+03   -0.465951506800230163E+03
    0.514528549920703497E+02    0.135648739778358984E+01    0.847210518861401773E+01    0.127511169654766417E+10    0.931221910583937643E+03   -0.465610955291968821E+03
    0.533284041010239847E+02    0.135596258174971962E+01    0.821603754602486447E+01    0.127161945702247143E+10    0.931886409819730488E+03   -0.465943204909865244E+03
    0.499811588715916102E+02    0.135659031047980294E+01    0.792902565164914819E+01    0.134200720515551281E+10    0.931524523207656216E+03   -0.465762261603828108E+03
    0.494814530299056727E+02    0.135792917203363461E+01    0.535262533295438914E+01    0.127942773056273651E+10    0.931900113176025116E+03   -0.465950056588012558E+03
    0.523597339866066278E+02    0.135690915645609800E+01    0.494592985423576614E+01    0.129197161394027972E+10    0.931461543273751545E+03   -0.465730771636875772E+03
    0.540019554139968605E+02    0.135732716993585023E+01    0.557976497449539899E+01    0.128827955241155481E+10    0.931170388246553784E+03   -0.465585194123276892E+03
    0.568269644610865470E+02    0.135680839867719460E+01    0.110806680840956311E+02    0.131023081212180042E+10    0.931264097739151111E+03   -0.465632048869575556E+03
    0.530090589573041484E+02    0.135787337002605835E+01    0.890909900486914630E+01    0.129491762785565639E+10    0.931070932641918148E+03   -0.465535466320959074E+03
    0.537251083890315968E+02    0.135830570551679530E+01    0.766813895832720860E+01    0.130611320751508880E+10    0.931729487919856638E+03   -0.465864743959928319E+03
    0.498029795407750839E+02    0.135698230326546421E+01    0.103363020916363713E+02    0.129392984584494185E+10    0.931203100147186888E+03   -0.465601550073593444E+03
    0.580343956641758183E+02    0.135654168986318724E+01    0.629172681088486652E+01    0.135240910338296509E+10    0.931874148474553635E+03   -0.465937074237276818E+03
    0.573154141565949544E+02    0.135690242680221229E+01    0.702097079599057583E+01    0.129924195324210739E+10    0.930926442963151544E+03   -0.465463221481575772E+03
    0.476868473022903814E+02    0.135774699993074099E+01    0.974851855230595099E+01    0.130233677198982430E+10    0.931698886762909979E+03   -0.465849443381454989E+03
    0.597487120712813393E+02    0.135663067255643854E+01    0.946152279934021401E+01    0.128608225530167294E+10    0.930960364089061613E+03   -0.465480182044530807E+03
    0.546828899617804467E+02    0.135679722159928207E+01    0.936004543291790370E+01    0.127802622831308913E+10    0.930583159391675963E+03   -0.465291579695837981E+03
    0.558657682618160720E+02    0.135578941738546876E+01    0.813798065923872294E+01    0.130587107361661530E+10    0.931211669545591803E+03   -0.465605834772795902E+03
    0.479349921173087381E+02    0.135694730128423346E+01    0.102191555880692224E+02    0.128812434021556568E+10    0.931438704342560982E+03   -0.465719352171280491E+03
    0.539808075521162465E+02    0.135649166840630597E+01    0.102318585666031421E+02    0.136551765719342136E+10    0.931773134280948739E+03   -0.465886567140474369E+03
    0.557868952854353424E+02    0.135539087495270327E+01    0.856927022529952254E+01    0.130416535920802927E+10    0.931686248802928048E+03   -0.465843124401464024E+03
    0.526742002408545531E+02    0.135799255530121088E+01    0.108658585240237660E+02    0.127678505134581280E+10    0.931602020233179246E+03   -0.465801010116589623E+03
    0.462007377722696191E+02    0.135682413578490069E+01    0.807496885722522784E+01    0.127860750928291750E+10    0.931558315114557786E+03   -0.465779157557278893E+03
    0.551813835974851656E+02    0.135786091962999378E+01    0.643383155212583802E+01    0.131490803514648056E+10    0.931511295253902858E+03   -0.465755647626951429E+03
    0.621517977812429336E+02    0.135668508992614556E+01    0.958611599408082249E+01    0.133345935254094982E+10    0.931922585031987410E+03   -0.465961292515993705E+03
    0.482712828736797803E+02    0.135783269842837995E+01    0.926217526557683080E+01    0.128741644515939784E+10    0.931491199705947110E+03   -0.465745599852973555E+03
    0.542324913180870496E+02    0.135684406815987302E+01    0.702855970478526260E+01    0.131846497128675365E+10    0.931042489797556755E+03   -0.465521244898778377E+03
    0.487259892068424492E+02    0.135748397516988861E+01    0.566201549840680940E+01    0.128286284704424214E+10    0.931605333623625143E+03   -0.465802666811812571E+03
    0.504349522540662107E+02    0.135621788438805968E+01    0.785866079311381593E+01    0.128786953862316442E+10    0.931038754311911362E+03   -0.465519377155955681E+03
    0.487667237473316035E+02    0.135738768631700801E+01    0.928299034898564379E+01    0.130690840374294186E+10    0.931329235446098892E+03   -0.465664617723049446E+03
    0.556782048974573058E+02    0.135662967149696589E+01    0.699507220058243906E+01    0.128967575347154164E+10    0.930778924495011779E+03   -0.465389462247505890E+03
    0.521165230598492855E+02    0.135798246932075384E+01    0.105130392835180118E+02    0.130453313727877331E+10    0.931524327483443130E+03   -0.465762163741721565E+03
    0.636136892450820852E+02    0.135668956771703875E+01    0.731467930099669861E+01    0.130030169452824092E+10    0.931853714865712845E+03   -0.465926857432856423E+03
    0.555963516265540107E+02    0.135666320572470145E+01    0.121553492520163289E+02    0.130641050139263344E+10    0.931596241127752705E+03   -0.465798120563876353E+03
    0.539766935160633423E+02    0.135699811888470134E+01    0.924832797087290359E+01    0.132459792113623166E+10    0.931010868354379909E+03   -0.465505434177189954E+03
    0.508583123899315055E+02    0.135697379435520094E+01    0.107966714124581404E+02    0.129765071168796778E+10    0.931220938512360590E+03   -0.465610469256180295E+03
    0.538481904366318247E+02    0.135647484781157024E+01    0.948403299753914020E+01    0.130138525505483675E+10    0.930854244902114033E+03   -0.465427122451057016E+03
    0.542428957571379442E+02    0.135694545332978800E+01    0.526976305629940178E+01    0.130894009532755160E+10    0.931433897512559497E+03   -0.465716948756279749E+03
    0.574914163276699384E+02    0.135769727293461973E+01    0.910618205993838181E+01    0.129907604850944328E+10    0.931058991104220809E+03   -0.465529495552110404E+03
    0.536731477283419878E+02    0.135734998166672627E+01    0.879316300515537996E+01    0.135231169973041081E+10    0.931388681640232562E+03   -0.465694340820116281E+03
    0.574039986064416752E+02    0.135703396143359800E+01    0.854458085998458827E+01    0.135673470148037672E+10    0.931536010333397826E+03   -0.465768005166698913E+03
    0.575832641823761691E+02    0.135656267452932200E+01    0.891029947843596482E+01    0.134240587855708361E+10    0.931372649070146963E+03   -0.465686324535073481E+03
    0.516062788232770515E+02    0.135635236739021536E+01    0.862354088828520915E+01    0.127911780562474298E+10    0.930776243391542948E+03   -0.465388121695771474E+03
    0.547623583469518351E+02    0.135628388224943364E+01    0.685362468962382998E+01    0.128365256074451017E+10    0.930824284399094836E+03   -0.465412142199547418E+03
    0.596634655919521038E+02    0.135657456117246644E+01    0.774099212078844090E+01    0.131384858638314033E+10    0.931247990710278373E+03   -0.465623995355139186E+03
    0.595466439920478336E+02    0.135559831781776752E+01    0.103250924541191420E+02    0.128456046558550096E+10    0.931642039278414813E+03   -0.465821019639207407E+03
    0.617333250532700291E+02    0.135735721969682888E+01    0.117404415810319502E+02    0.128949947217854309E+10    0.931894880660060949E+03   -0.465947440330030474E+03
    0.496752393463887643E+02    0.135754929705964744E+01    0.489980297518718633E+01    0.129694383018045187E+10    0.931905333722004798E+03   -0.465952666861002399E+03
    0.565756448297318073E+02    0.135775345686755999E+01    0.873787986497699620E+01    0.135404715843787098E+10    0.931698076349610119E+03   -0.465849038174805059E+03
    0.562723990340414204E+02    0.135697902553326033E+01    0.517967668689153893E+01    0.131310952148596430E+10    0.931559434377936896E+03   -0.465779717188968448E+03
    0.580156063982905650E+02    0.135740231695797853E+01    0.928338486805195906E+01    0.130184940970779347E+10    0.930977779508982167E+03   -0.465488889754491083E+03
    0.580156063982905650E+02    0.135740231695797853E+01    0.928338486805195906E+01    0.130184940970779347E+10    0.930977779508982167E+03   -0.465488889754491083E+03
    0.528039605772145038E+02    0.135638812563659861E+01    0.105705662931754958E+02    0.135747906291283560E+10    0.931792810742220581E+03   -0.465896405371110291E+03
    0.566798284307479037E+02    0.135742305066237368E+01    0.103643114610612521E+02    0.129186447746321464E+10    0.930957258661201422E+03   -0.465478629330600711E+03
    0.622456331962133689E+02    0.135770152234599317E+01    0.754318527143861850E+01    0.128860290840966487E+10    0.931688401337549976E+03   -0.465844200668774988E+03
    0.474242733008387845E+02    0.135716828766366215E+01    0.934037151463134663E+01    0.129104195175381565E+10    0.931411907240854703E+03   -0.465705953620427351E+03
    0.524128792226043174E+02    0.135686651191854057E+01    0.107899070500951151E+02    0.129729573037282491E+10    0.931085427557078219E+03   -0.465542713778539110E+03
    0.497236260616279253E+02    0.135709619611246102E+01    0.980572820848237292E+01    0.134924052296441746E+10    0.931682992940864096E+03   -0.465841496470432048E+03
