    0.452893306536477311E+02    0.184287520092220447E+01    0.532157999357121057E+02    0.262891229135140441E+08    0.706245561304554712E+03   -0.353122780652277356E+03
    0.402004965610775713E+02    0.186286911431719870E+01    0.795433766113863072E+02    0.213008081055542901E+08    0.705169058793789645E+03   -0.352584529396894823E+03
    0.350255853168171143E+02    0.189921445265179933E+01    0.769731714071855464E+02    0.163589050623465013E+08    0.704494014787859669E+03   -0.352247007393929835E+03
    0.517812598532685087E+02    0.182076624904754825E+01    0.257285015735531744E+02    0.239305950174879059E+08    0.703768006920075322E+03   -0.351884003460037661E+03
    0.638407696343530233E+02    0.183446715018516415E+01    0.132022249165780039E+02    0.128916472437820844E+08    0.701031820894929410E+03   -0.350515910447464705E+03
    0.446561143294968943E+02    0.180902359767206899E+01    0.223621946736286255E+02    0.103699883162998427E+08    0.699545058158158213E+03   -0.349772529079079106E+03
    0.282616436537588989E+02    0.183537118417723333E+01    0.298512574227900949E+02    0.100079211403947622E+08    0.698820644078543069E+03   -0.349410322039271534E+03
    0.399290195909795784E+02    0.183398914520405687E+01    0.228933233080869876E+02    0.226987064203090668E+08    0.697958760638278022E+03   -0.348979380319139011E+03
    0.741839330727677861E+02    0.185575635978880271E+01    0.125018680782779228E+02    0.151767569650327098E+08    0.697765943480090755E+03   -0.348882971740045377E+03
    0.253268028677883521E+02    0.181759535213471923E+01    0.519505337681995094E+01    0.153100426584429219E+08    0.697575395029359242E+03   -0.348787697514679621E+03
    0.799129540051798415E+02    0.183617953069427386E+01    0.214031446809351209E+02    0.166836473832969312E+08    0.697571682498436189E+03   -0.348785841249218095E+03
    0.505457668004838396E+02    0.182175031457956260E+01    0.101314049243077324E+02    0.237610183879209943E+08    0.697570428899702392E+03   -0.348785214449851196E+03
    0.557251837574563638E+02    0.181534365712038870E+01    0.186360504409050733E+02    0.152716242259467226E+08    0.697285968978691926E+03   -0.348642984489345963E+03
    0.400066309980490971E+02    0.186255402356143218E+01    0.701099561338938315E+02    0.175889201428886317E+08    0.697010047628701386E+03   -0.348505023814350693E+03
    0.386603989108391772E+02    0.185202864350869145E+01    0.574438124281272735E+02    0.219687590144778602E+08    0.696759839723567325E+03   -0.348379919861783662E+03
    0.849042155154212352E+01    0.187308585682487339E+01    0.257702747049288980E+02    0.174893097329530716E+08    0.696635030480656951E+03   -0.348317515240328476E+03
    0.349179340211594038E+02    0.180939751307790542E+01    0.120534201905264626E+01    0.193447521776505373E+08    0.695892296597418522E+03   -0.347946148298709261E+03
    0.701094322034619495E+02    0.182559780813560502E+01    0.723372008492851570E+01    0.111569388920514975E+08    0.695682409758275412E+03   -0.347841204879137706E+03
    0.529057000570274738E+02    0.180723549955231655E+01    0.403625158064021505E+01    0.107016147045148760E+08    0.695639398954846229E+03   -0.347819699477423114E+03
    0.258059162061944214E+02    0.186665590255138114E+01    0.426167562548985899E+02    0.190598608431228921E+08    0.695570646155889904E+03   -0.347785323077944952E+03
    0.324522516041358315E+02    0.181435888476303964E+01    0.547125388806705715E+01    0.190883355790837295E+08    0.695555699630102708E+03   -0.347777849815051354E+03
    0.663773865893810040E+02    0.184779342745650466E+01    0.342134476686281053E+01    0.233000471259441711E+08    0.695537149837881998E+03   -0.347768574918940999E+03
    0.519337887321145786E+02    0.184547950050899656E+01    0.248691288397374208E+02    0.119309621840509679E+08    0.695424510526952076E+03   -0.347712255263476038E+03
    0.579109479564796743E+02    0.184994101029886782E+01    0.350081696739842982E+02    0.137674360725329388E+08    0.695403235574072141E+03   -0.347701617787036071E+03
    0.605403230913993369E+02    0.180897427687060719E+01    0.181466870722080054E+01    0.161609471416411959E+08    0.695192701263132449E+03   -0.347596350631566224E+03
    0.559309926214553528E+02    0.182270564698175885E+01    0.640248531889435757E+01    0.140887568250847124E+08    0.695109480201096176E+03   -0.347554740100548088E+03
    0.313898452017335998E+02    0.185814960649096461E+01    0.528304806113147478E+02    0.193423521892622933E+08    0.694985403366976698E+03   -0.347492701683488349E+03
    0.703759185209237188E+02    0.185024925168084442E+01    0.928186912000165343E+01    0.220448308385251053E+08    0.694783250614887265E+03   -0.347391625307443633E+03
    0.423792031915293705E+02    0.186135759781798305E+01    0.540263059227517743E+02    0.165313936091758125E+08    0.694746563647371659E+03   -0.347373281823685829E+03
    0.322811943198409423E+02    0.186106476861279679E+01    0.429618447607932055E+02    0.160153782399867885E+08    0.694607437660036453E+03   -0.347303718830018227E+03
    0.615402644735531155E+02    0.181611848535336673E+01    0.131220043804880611E+02    0.178028067785475031E+08    0.694572299241272617E+03   -0.347286149620636309E+03
    0.386289986239926648E+02    0.183824573445083828E+01    0.345530180298193059E+02    0.160966010943173282E+08    0.694498257442954582E+03   -0.347249128721477291E+03
    0.256668246311160519E+01    0.188625509718969631E+01    0.364864417551159761E+02    0.194570175228753835E+08    0.694195763817173997E+03   -0.347097881908586999E+03
    0.620155833307372575E+02    0.181336803754774079E+01    0.424356146153456315E+01    0.169901643042947240E+08    0.694136724372923709E+03   -0.347068362186461854E+03
    0.711270596375155577E+02    0.185405646453531237E+01    0.333812120238156069E+02    0.201047108470040224E+08    0.694131733932287489E+03   -0.347065866966143744E+03
    0.590510157226280441E+02    0.181933507780363879E+01    0.122361816277910691E+02    0.101887563114444558E+08    0.694118984136942913E+03   -0.347059492068471457E+03
    0.376683973057284121E+02    0.186214959130214219E+01    0.309843119217724663E+02    0.193488285974449515E+08    0.693892582691154985E+03   -0.346946291345577492E+03
    0.468375509053336714E+02    0.184002143632601789E+01    0.147432712073624934E+02    0.234879424323970601E+08    0.693860272640572816E+03   -0.346930136320286408E+03
    0.398093232680678497E+02    0.185728928422007478E+01    0.412317241949903561E+02    0.109179976890379265E+08    0.693725137173535700E+03   -0.346862568586767850E+03
    0.418736855083910697E+02    0.185197537626903697E+01    0.531948869671969078E+02    0.206668352323442996E+08    0.693609740601891190E+03   -0.346804870300945595E+03
    0.522497751542740190E+02    0.184574195666422569E+01    0.411381609261916239E+02    0.223104908823309317E+08    0.693608407809863593E+03   -0.346804203904931796E+03
    0.618578036858264380E+01    0.189415629938625774E+01    0.666285970926051050E+02    0.184049127797859013E+08    0.693604094184337100E+03   -0.346802047092168550E+03
    0.433171171650387663E+02    0.181554667944778947E+01    0.964177056069204852E+01    0.166669478047068361E+08    0.693510585539308295E+03   -0.346755292769654147E+03
    0.332847726506389847E+02    0.185040414565506084E+01    0.314033088223138890E+01    0.146458893177515343E+08    0.693441140880402486E+03   -0.346720570440201243E+03
    0.295570343881033288E+02    0.185370447613255607E+01    0.358062653059993963E+02    0.153503786170299985E+08    0.693355454758408200E+03   -0.346677727379204100E+03
    0.213419034923195241E+02    0.182962742651255583E+01    0.156366015993735963E+01    0.158683813095676452E+08    0.693333751407482396E+03   -0.346666875703741198E+03
    0.707340433517824323E+02    0.184780976749886094E+01    0.334849667485208258E+02    0.109693802827844806E+08    0.693238354554214538E+03   -0.346619177277107269E+03
    0.379348675768301646E+02    0.184705070090623225E+01    0.601644398438888928E+02    0.187441373743349873E+08    0.693221261337439387E+03   -0.346610630668719693E+03
    0.466590103329442272E+02    0.181269506849818418E+01    0.446511200669374819E+01    0.168577698350253217E+08    0.693196785808300774E+03   -0.346598392904150387E+03
    0.588675754624801186E+02    0.183896130741202990E+01    0.207250094848404736E+02    0.110482639790551104E+08    0.693101863286152707E+03   -0.346550931643076353E+03
    0.509044925103223989E+02    0.183293599764037363E+01    0.172090234541969203E+02    0.148299041263455506E+08    0.693098514937555365E+03   -0.346549257468777682E+03
    0.620169610183461799E+02    0.184182079495887319E+01    0.440156819627323941E+02    0.103107051060851198E+08    0.693085852652771564E+03   -0.346542926326385782E+03
    0.529166459791747030E+02    0.185891737257948342E+01    0.248367884407945354E+02    0.196753939642309658E+08    0.693084467117541180E+03   -0.346542233558770590E+03
    0.599218370125846036E+02    0.183331310339181464E+01    0.106026719684547555E+02    0.112384498603326771E+08    0.693058090950970154E+03   -0.346529045475485077E+03
    0.783285142769477005E+02    0.184834427637422838E+01    0.218636644908403177E+02    0.193283628782846890E+08    0.692977407095000899E+03   -0.346488703547500450E+03
    0.761640644307941450E+01    0.190584955197266148E+01    0.631876104070869502E+02    0.178069615996591859E+08    0.692880467008592177E+03   -0.346440233504296089E+03
    0.530917260300593483E+02    0.184613346241643717E+01    0.608012554974905228E+02    0.163064041364667565E+08    0.692845193034352747E+03   -0.346422596517176373E+03
    0.548778280422291189E+02    0.183722885120517287E+01    0.764359287195073112E+01    0.230832251717905477E+08    0.692815893445466372E+03   -0.346407946722733186E+03
    0.766962285938553521E+02    0.184617006692256735E+01    0.416451258512497233E+02    0.187158280900549032E+08    0.692776038419274641E+03   -0.346388019209637321E+03
    0.329096505453330224E+02    0.185843095178591011E+01    0.374281801931612321E+02    0.103524383433296103E+08    0.692712229383980684E+03   -0.346356114691990342E+03
    0.373439912666545411E+02    0.184271907411646163E+01    0.863089749496942815E+01    0.221850419927691929E+08    0.692684106617846396E+03   -0.346342053308923198E+03
    0.560442486694361506E+02    0.181601288325778398E+01    0.893840643182929773E+00    0.103531119746831916E+08    0.692633010393061113E+03   -0.346316505196530557E+03
    0.678431932075645534E+02    0.185221456012579400E+01    0.612268074555354715E+02    0.185913811037909836E+08    0.692613093482473687E+03   -0.346306546741236843E+03
    0.296898111696474878E+02    0.185311233171949086E+01    0.331989292461086052E+02    0.155173832206218801E+08    0.692602192245645824E+03   -0.346301096122822912E+03
    0.521597261717550822E+02    0.183986090669220315E+01    0.210187223373876009E+02    0.111968807390803639E+08    0.692551319138205713E+03   -0.346275659569102856E+03
    0.520095601297181531E+02    0.185276676821331199E+01    0.368723344017702956E+02    0.220583576646727510E+08    0.692531553708652154E+03   -0.346265776854326077E+03
    0.638226936874488757E+02    0.184021424915912801E+01    0.319111286784536086E+01    0.145653098959707208E+08    0.692466834731871359E+03   -0.346233417365935679E+03
    0.411275228001358357E+02    0.184528549616024318E+01    0.461466733341427116E+02    0.197736105998492204E+08    0.692458663959492242E+03   -0.346229331979746121E+03
    0.691114872010060992E+02    0.184812960403286208E+01    0.209888186543433619E+02    0.109958415210177042E+08    0.692401569445092036E+03   -0.346200784722546018E+03
    0.317202898242293791E+02    0.184237305769540805E+01    0.217741483636329974E+00    0.147943090390302241E+08    0.692391770252023662E+03   -0.346195885126011831E+03
    0.294790534779947571E+02    0.185756951850336383E+01    0.334537439973397994E+02    0.166011393575171176E+08    0.692375995664463289E+03   -0.346187997832231645E+03
    0.399389361712572821E+02    0.185537093146771936E+01    0.504142412617642037E+02    0.195575616924963631E+08    0.692345754738058304E+03   -0.346172877369029152E+03
    0.422056805312529377E+02    0.185624143895815830E+01    0.339323978617120900E+02    0.109365116196175553E+08    0.692301741776626955E+03   -0.346150870888313477E+03
    0.602146633583724693E+02    0.185048840626982281E+01    0.152362771093381451E+02    0.222444711071927771E+08    0.692219291061834610E+03   -0.346109645530917305E+03
    0.657557521846498645E+02    0.184544231620159538E+01    0.317865369292919588E+02    0.109403359544892050E+08    0.692050926836563576E+03   -0.346025463418281788E+03
    0.381980865287347768E+02    0.185383201361914596E+01    0.371246253169760934E+02    0.150693381609308980E+08    0.692022230657635873E+03   -0.346011115328817937E+03
    0.466063767744554553E+02    0.184895417927464134E+01    0.525449168440764751E+02    0.198609404738093615E+08    0.691995568935241522E+03   -0.345997784467620761E+03
    0.369544937691924389E+02    0.182605031920057881E+01    0.123118717012381005E+02    0.173005606724556312E+08    0.691969340197073620E+03   -0.345984670098536810E+03
    0.309103784224846017E+02    0.184286616345844934E+01    0.291192244140212182E+02    0.101147698462446108E+08    0.691951568408454023E+03   -0.345975784204227011E+03
    0.599392357020039839E+02    0.184973721207140884E+01    0.673115196961253162E+02    0.180504619245054759E+08    0.691939526553436622E+03   -0.345969763276718311E+03
    0.596125342627578050E+02    0.183731433194565885E+01    0.283381003597087613E+02    0.184875112900307290E+08    0.691900245660643009E+03   -0.345950122830321504E+03
    0.392414811193889861E+02    0.184426667925022558E+01    0.137389284455165459E+02    0.112428211774799731E+08    0.691886596389772080E+03   -0.345943298194886040E+03
    0.712498829171796757E+02    0.185370278727696536E+01    0.226008097572920441E+02    0.163955023897676598E+08    0.691853169824933047E+03   -0.345926584912466524E+03
    0.502445101963802330E+02    0.183553728729808285E+01    0.816503096728206756E+01    0.221189216901595369E+08    0.691738575219675795E+03   -0.345869287609837897E+03
    0.473786554541860170E+02    0.184110493326573588E+01    0.127081868077407627E+02    0.113453898511622567E+08    0.691732022085684321E+03   -0.345866011042842160E+03
    0.682126788831326678E+02    0.182527380947864715E+01    0.415392085957043822E+01    0.192451575289643221E+08    0.691574364933581933E+03   -0.345787182466790966E+03
    0.520201238746337609E+02    0.185476417064636423E+01    0.512694526779270063E+02    0.158647548936428875E+08    0.691574063194150426E+03   -0.345787031597075213E+03
    0.623222618382531621E+02    0.184011003942606166E+01    0.218521633141794140E+02    0.106645241629782077E+08    0.691552578915236268E+03   -0.345776289457618134E+03
    0.623222618382531621E+02    0.184011003942606166E+01    0.218521633141794140E+02    0.106645241629782077E+08    0.691552578915236268E+03   -0.345776289457618134E+03
    0.498275831060061023E+02    0.184874334244684646E+01    0.378044696754507115E+02    0.216355735016304255E+08    0.691535833599104876E+03   -0.345767916799552438E+03
    0.404713802293581750E+02    0.185021829290643458E+01    0.487372897801503342E+02    0.107770000517532844E+08    0.691473635946060540E+03   -0.345736817973030270E+03
    0.357989736419881126E+02    0.184212101529022876E+01    0.396852344420805991E+01    0.207133882703088671E+08    0.691439230862128284E+03   -0.345719615431064142E+03
    0.351052495722653930E+02    0.185700740901695349E+01    0.369500282713709893E+02    0.103587912574694920E+08    0.691434721438715087E+03   -0.345717360719357544E+03
    0.655290718056010064E+02    0.185466252965108125E+01    0.280447537131190181E+02    0.105293490097400788E+08    0.691421896705416998E+03   -0.345710948352708499E+03
    0.653406724147285871E+02    0.182327844238160086E+01    0.660048771592286787E+01    0.175123055452730991E+08    0.691414298449602711E+03   -0.345707149224801356E+03
    0.453086257130675136E+02    0.183311045380159787E+01    0.182963311527265127E+02    0.162299444896753542E+08    0.691412620777314942E+03   -0.345706310388657471E+03
    0.589312006686038998E+02    0.183481318376515001E+01    0.205719860176767924E+02    0.173635833918537945E+08    0.691386453874717063E+03   -0.345693226937358531E+03
    0.784246174020707656E+02    0.184651425211373810E+01    0.275953009178557807E+02    0.179621194180431142E+08    0.691351267228186657E+03   -0.345675633614093329E+03
    0.753904817926402444E+02    0.184234424888994108E+01    0.119845790828421137E+02    0.179257183329715468E+08    0.691331124040038389E+03   -0.345665562020019195E+03
    0.438787092592370414E+02    0.182248109181948226E+01    0.393318831920402490E+01    0.100758486508419793E+08    0.691316588266357144E+03   -0.345658294133178572E+03
    0.438787092592370414E+02    0.182248109181948226E+01    0.393318831920402490E+01    0.100758486508419793E+08    0.691316588266357144E+03   -0.345658294133178572E+03
    0.697142430027861479E+02    0.185266490407080942E+01    0.939372803986212190E+01    0.166051252241053022E+08    0.691274154738693824E+03   -0.345637077369346912E+03
    0.353340158928970212E+02    0.183079183490576525E+01    0.117274413843184941E+02    0.165033588404120896E+08    0.691255139570802044E+03   -0.345627569785401022E+03
    0.353340158928970212E+02    0.183079183490576525E+01    0.117274413843184941E+02    0.165033588404120896E+08    0.691255139570802044E+03   -0.345627569785401022E+03
    0.434499180040254700E+02    0.185630861208103148E+01    0.565798838676447176E+02    0.185685236189929843E+08    0.691182914782717944E+03   -0.345591457391358972E+03
    0.434499180040254700E+02    0.185630861208103148E+01    0.565798838676447176E+02    0.185685236189929843E+08    0.691182914782717944E+03   -0.345591457391358972E+03
    0.438597093350291871E+02    0.183205541572886377E+01    0.117509325585018143E+02    0.149766425042036846E+08    0.691150642168466447E+03   -0.345575321084233224E+03
    0.607886610527296369E+02    0.183803063892199980E+01    0.230031112588063813E+02    0.167474826435476337E+08    0.690993286390178810E+03   -0.345496643195089405E+03
    0.357325890372560124E+02    0.185227241410036814E+01    0.557511645966444789E+02    0.177901080476758927E+08    0.690977033317848168E+03   -0.345488516658924084E+03
    0.553056759170416967E+02    0.185603602949965008E+01    0.375125594356068692E+01    0.168539105183219425E+08    0.690917887820377587E+03   -0.345458943910188793E+03
    0.553056759170416967E+02    0.185603602949965008E+01    0.375125594356068692E+01    0.168539105183219425E+08    0.690917887820377587E+03   -0.345458943910188793E+03
    0.429732873498675403E+02    0.182653121499503168E+01    0.105713754396359216E+01    0.142562854162777718E+08    0.690899185190904518E+03   -0.345449592595452259E+03
    0.623015821817108986E+02    0.184867955667781647E+01    0.386298229238188497E+02    0.108758434207271785E+08    0.690845944885341396E+03   -0.345422972442670698E+03
    0.597376960769180556E+02    0.184573251615734235E+01    0.555044491803512585E+01    0.209156903284068517E+08    0.690828839255025173E+03   -0.345414419627512586E+03
    0.347244358385416092E+02    0.185903097924110550E+01    0.284106039798374859E+02    0.185681197858921513E+08    0.690810131450360586E+03   -0.345405065725180293E+03
    0.582673588836866827E+02    0.184319630035003135E+01    0.167120424284834357E+02    0.207671558752134927E+08    0.690781647495124048E+03   -0.345390823747562024E+03
    0.404801791385232121E+02    0.185738199521027236E+01    0.226793306735793578E+02    0.103171568102815617E+08    0.690765724005082689E+03   -0.345382862002541344E+03
    0.395407264295837990E+02    0.182349988450659373E+01    0.284851703868277006E+01    0.152194019767199457E+08    0.690763760327281943E+03   -0.345381880163640972E+03
    0.604453283051438390E+02    0.184579084175241426E+01    0.137036230253391569E+02    0.148227751594636664E+08    0.690740365451560479E+03   -0.345370182725780239E+03
    0.536450073571423687E+02    0.182703600472856653E+01    0.894003777116562048E+01    0.153503364251714163E+08    0.690736500290881054E+03   -0.345368250145440527E+03
    0.555160641670227051E+02    0.183520265278984773E+01    0.214381396770477295E+02    0.181686767810631767E+08    0.690641335844132300E+03   -0.345320667922066150E+03
    0.555160641670227051E+02    0.183520265278984773E+01    0.214381396770477295E+02    0.181686767810631767E+08    0.690641335844132300E+03   -0.345320667922066150E+03
    0.561568750592697725E+02    0.182567850493699013E+01    0.191115264820319086E+01    0.146050971343679707E+08    0.690636315278243728E+03   -0.345318157639121864E+03
    0.570736116991293727E+02    0.183336606316544914E+01    0.917486399230133642E+01    0.108233455681252386E+08    0.690628470497636386E+03   -0.345314235248818193E+03
    0.570736116991293727E+02    0.183336606316544914E+01    0.917486399230133642E+01    0.108233455681252386E+08    0.690628470497636386E+03   -0.345314235248818193E+03
    0.448288946296277899E+02    0.182580101468110434E+01    0.127528755519728012E+02    0.179532833847663961E+08    0.690617717361650648E+03   -0.345308858680825324E+03
    0.705678280154250217E+02    0.182779919717562311E+01    0.389294683315913481E+01    0.171118678210595399E+08    0.690584384468720373E+03   -0.345292192234360186E+03
    0.737277250591950803E+02    0.184766843398442404E+01    0.387905476904322839E+02    0.173377607180752046E+08    0.690535970994234731E+03   -0.345267985497117365E+03
    0.581846918833410101E+02    0.182457313463827964E+01    0.890377048743004096E+01    0.165874539532796722E+08    0.690531902974645959E+03   -0.345265951487322980E+03
    0.387454286465559292E+02    0.184375934408795827E+01    0.580804125012409944E+01    0.150099267280085888E+08    0.690480098935990554E+03   -0.345240049467995277E+03
    0.443286985673566747E+02    0.183000306320346651E+01    0.908369889499479832E+01    0.150902918814912904E+08    0.690437820230506532E+03   -0.345218910115253266E+03
    0.742977529706014792E+02    0.184903466614181200E+01    0.278093778172444637E+02    0.168955343970609717E+08    0.690432110747132015E+03   -0.345216055373566007E+03
    0.528774068000252910E+02    0.184900863886951683E+01    0.621375012248786760E+02    0.177585499655325599E+08    0.690404592742892646E+03   -0.345202296371446323E+03
    0.410078267209450260E+02    0.184746284039565278E+01    0.495213208155994877E+02    0.103782643455289751E+08    0.690400368545089350E+03   -0.345200184272544675E+03
    0.303355041818041968E+02    0.185401760741823818E+01    0.223719458640899234E+02    0.171364165047239251E+08    0.690368133583556073E+03   -0.345184066791778037E+03
    0.654208273709255366E+02    0.184754547028715832E+01    0.204687031408614750E+01    0.195265867907874994E+08    0.690363758846204973E+03   -0.345181879423102487E+03
    0.308735008822260717E+02    0.184810879315496357E+01    0.323011871537693054E+02    0.101678404598731846E+08    0.690314932198891370E+03   -0.345157466099445685E+03
    0.381670238117055547E+02    0.184166445757168651E+01    0.815627058606221667E+01    0.150394361887454372E+08    0.690174764567587772E+03   -0.345087382283793886E+03
    0.381670238117055547E+02    0.184166445757168651E+01    0.815627058606221667E+01    0.150394361887454372E+08    0.690174764567587772E+03   -0.345087382283793886E+03
    0.512170808780772902E+02    0.184866009304746926E+01    0.897934851890149655E+00    0.203160396840180084E+08    0.690173196841852018E+03   -0.345086598420926009E+03
    0.512170808780772902E+02    0.184866009304746926E+01    0.897934851890149655E+00    0.203160396840180084E+08    0.690173196841852018E+03   -0.345086598420926009E+03
    0.529799386135153156E+02    0.183221076880905920E+01    0.134456510583298972E+02    0.160055046236299556E+08    0.690099728081946182E+03   -0.345049864040973091E+03
    0.529799386135153156E+02    0.183221076880905920E+01    0.134456510583298972E+02    0.160055046236299556E+08    0.690099728081946182E+03   -0.345049864040973091E+03
    0.688063751370460182E+02    0.185360983651797340E+01    0.948114466125467459E+01    0.182748408772680871E+08    0.690018756072904466E+03   -0.345009378036452233E+03
    0.688063751370460182E+02    0.185360983651797340E+01    0.948114466125467459E+01    0.182748408772680871E+08    0.690018756072904466E+03   -0.345009378036452233E+03
    0.483602766768308996E+02    0.183842759941351575E+01    0.183863357506878486E+02    0.103667151323354319E+08    0.690001666511713324E+03   -0.345000833255856662E+03
    0.483602766768308996E+02    0.183842759941351575E+01    0.183863357506878486E+02    0.103667151323354319E+08    0.690001666511713324E+03   -0.345000833255856662E+03
    0.450662000278310160E+02    0.185763856986111597E+01    0.464855866914620748E+02    0.177943779240087271E+08    0.689984805601866469E+03   -0.344992402800933235E+03
    0.450662000278310160E+02    0.185763856986111597E+01    0.464855866914620748E+02    0.177943779240087271E+08    0.689984805601866469E+03   -0.344992402800933235E+03
    0.418115812851881756E+02    0.185617086722610214E+01    0.492735017822262336E+02    0.185535983001852781E+08    0.689927049955890084E+03   -0.344963524977945042E+03
    0.418115812851881756E+02    0.185617086722610214E+01    0.492735017822262336E+02    0.185535983001852781E+08    0.689927049955890084E+03   -0.344963524977945042E+03
    0.362664108627447348E+02    0.185271665036446676E+01    0.305107051467360222E+02    0.158665299048512317E+08    0.689878582182795299E+03   -0.344939291091397649E+03
    0.362664108627447348E+02    0.185271665036446676E+01    0.305107051467360222E+02    0.158665299048512317E+08    0.689878582182795299E+03   -0.344939291091397649E+03
    0.741084909564392262E+02    0.184721122696139695E+01    0.241158799361105345E+02    0.174506258862167262E+08    0.689863747811465487E+03   -0.344931873905732743E+03
    0.741084909564392262E+02    0.184721122696139695E+01    0.241158799361105345E+02    0.174506258862167262E+08    0.689863747811465487E+03   -0.344931873905732743E+03
    0.431824546455078107E+02    0.185361511050751138E+01    0.435679081560682757E+01    0.101428239572528228E+08    0.689812493393945488E+03   -0.344906246696972744E+03
    0.307695082619142646E+02    0.184230857520362767E+01    0.437340642651873512E+01    0.185987170710979439E+08    0.689788851000722161E+03   -0.344894425500361081E+03
    0.307695082619142646E+02    0.184230857520362767E+01    0.437340642651873512E+01    0.185987170710979439E+08    0.689788851000722161E+03   -0.344894425500361081E+03
    0.399119456485228667E+02    0.184471006550390437E+01    0.444137805900149942E+02    0.176377078348011561E+08    0.689763839016614838E+03   -0.344881919508307419E+03
    0.399119456485228667E+02    0.184471006550390437E+01    0.444137805900149942E+02    0.176377078348011561E+08    0.689763839016614838E+03   -0.344881919508307419E+03
    0.417296384064034100E+02    0.184973671987457355E+01    0.159397072985638157E+02    0.108985984987682197E+08    0.689760177005369883E+03   -0.344880088502684941E+03
    0.417296384064034100E+02    0.184973671987457355E+01    0.159397072985638157E+02    0.108985984987682197E+08    0.689760177005369883E+03   -0.344880088502684941E+03
    0.364313407818121036E+02    0.184322063900465150E+01    0.139846700652462292E+02    0.104284508102194723E+08    0.689737216979364803E+03   -0.344868608489682401E+03
    0.364313407818121036E+02    0.184322063900465150E+01    0.139846700652462292E+02    0.104284508102194723E+08    0.689737216979364803E+03   -0.344868608489682401E+03
    0.393227006544383286E+02    0.183467816734237110E+01    0.687239124915221655E+01    0.102109907617601436E+08    0.689732845114086444E+03   -0.344866422557043222E+03
    0.393227006544383286E+02    0.183467816734237110E+01    0.687239124915221655E+01    0.102109907617601436E+08    0.689732845114086444E+03   -0.344866422557043222E+03
    0.541781240387045102E+02    0.185283810526472648E+01    0.297024269765271782E+02    0.199918375953155309E+08    0.689675838105276284E+03   -0.344837919052638142E+03
    0.541781240387045102E+02    0.185283810526472648E+01    0.297024269765271782E+02    0.199918375953155309E+08    0.689675838105276284E+03   -0.344837919052638142E+03
    0.337916848022990521E+02    0.184810003138129231E+01    0.131027678314819287E+02    0.103044717378949467E+08    0.689671857277331242E+03   -0.344835928638665621E+03
    0.337916848022990521E+02    0.184810003138129231E+01    0.131027678314819287E+02    0.103044717378949467E+08    0.689671857277331242E+03   -0.344835928638665621E+03
    0.598365135145799769E+02    0.182773443343661923E+01    0.886413231572258375E+01    0.169783338384842128E+08    0.689621717801520845E+03   -0.344810858900760422E+03
    0.598365135145799769E+02    0.182773443343661923E+01    0.886413231572258375E+01    0.169783338384842128E+08    0.689621717801520845E+03   -0.344810858900760422E+03
    0.534172691975761609E+02    0.185195810554787887E+01    0.570227649382209734E+02    0.186090810226969458E+08    0.689612479254364416E+03   -0.344806239627182208E+03
    0.534172691975761609E+02    0.185195810554787887E+01    0.570227649382209734E+02    0.186090810226969458E+08    0.689612479254364416E+03   -0.344806239627182208E+03
    0.322657848107253287E+02    0.184683262455855735E+01    0.211792674687324265E+02    0.163846307728271708E+08    0.689589807844895290E+03   -0.344794903922447645E+03
    0.322657848107253287E+02    0.184683262455855735E+01    0.211792674687324265E+02    0.163846307728271708E+08    0.689589807844895290E+03   -0.344794903922447645E+03
    0.645167673239592148E+02    0.185563664933521166E+01    0.369884883476074009E+02    0.177959608008234166E+08    0.689570492109482757E+03   -0.344785246054741378E+03
    0.645167673239592148E+02    0.185563664933521166E+01    0.369884883476074009E+02    0.177959608008234166E+08    0.689570492109482757E+03   -0.344785246054741378E+03
    0.405350722466128559E+02    0.183531136717617849E+01    0.672989801174617952E+01    0.100353963069240376E+08    0.689539715428623936E+03   -0.344769857714311968E+03
    0.405350722466128559E+02    0.183531136717617849E+01    0.672989801174617952E+01    0.100353963069240376E+08    0.689539715428623936E+03   -0.344769857714311968E+03
    0.490284304809343610E+02    0.184603854756160790E+01    0.959377512304759733E-01    0.198867577474454343E+08    0.689534834731911587E+03   -0.344767417365955794E+03
    0.490284304809343610E+02    0.184603854756160790E+01    0.959377512304759733E-01    0.198867577474454343E+08    0.689534834731911587E+03   -0.344767417365955794E+03
    0.518829023067736657E+02    0.182847180630342243E+01    0.123802443723956035E+02    0.184478243369738609E+08    0.689497301910476494E+03   -0.344748650955238247E+03
    0.518829023067736657E+02    0.182847180630342243E+01    0.123802443723956035E+02    0.184478243369738609E+08    0.689497301910476494E+03   -0.344748650955238247E+03
    0.368886097829739938E+02    0.184569783870973736E+01    0.404144889792631545E+02    0.171565101929158233E+08    0.689496979577442403E+03   -0.344748489788721201E+03
    0.460565246655271991E+02    0.184271263588455203E+01    0.328778845109044582E+02    0.102415094053145964E+08    0.689496382165424052E+03   -0.344748191082712026E+03
    0.460565246655271991E+02    0.184271263588455203E+01    0.328778845109044582E+02    0.102415094053145964E+08    0.689496382165424052E+03   -0.344748191082712026E+03
    0.408928100090395148E+02    0.184496724858139283E+01    0.393864065574521263E+02    0.102023797460602168E+08    0.689491233438074573E+03   -0.344745616719037287E+03
    0.416790205453120919E+02    0.183603472910482157E+01    0.104645325279394470E+02    0.194619231937960349E+08    0.689458842291389146E+03   -0.344729421145694573E+03
    0.416790205453120919E+02    0.183603472910482157E+01    0.104645325279394470E+02    0.194619231937960349E+08    0.689458842291389146E+03   -0.344729421145694573E+03
    0.633409866681642200E+02    0.184463805901485722E+01    0.886515242315526564E+01    0.158793101849242244E+08    0.689448954430885351E+03   -0.344724477215442676E+03
    0.633409866681642200E+02    0.184463805901485722E+01    0.886515242315526564E+01    0.158793101849242244E+08    0.689448954430885351E+03   -0.344724477215442676E+03
    0.430320941447282692E+02    0.185573203724403824E+01    0.138857284727383430E+02    0.100710183720069975E+08    0.689443153582419995E+03   -0.344721576791209998E+03
    0.639130838238781678E+02    0.184488745698371348E+01    0.375555184436884844E+02    0.101430744641748443E+08    0.689433459762003395E+03   -0.344716729881001697E+03
    0.639130838238781678E+02    0.184488745698371348E+01    0.375555184436884844E+02    0.101430744641748443E+08    0.689433459762003395E+03   -0.344716729881001697E+03
    0.478197942331842754E+02    0.184297346025930309E+01    0.373178834804781729E+02    0.168209311767044328E+08    0.689414987199774259E+03   -0.344707493599887130E+03
    0.478197942331842754E+02    0.184297346025930309E+01    0.373178834804781729E+02    0.168209311767044328E+08    0.689414987199774259E+03   -0.344707493599887130E+03
    0.581627295234661403E+02    0.184827779532430325E+01    0.193834005843506638E+02    0.203299653927687816E+08    0.689411257931657246E+03   -0.344705628965828623E+03
    0.436193369060677369E+02    0.185016178200755044E+01    0.529625024518368548E+02    0.170166326746330112E+08    0.689387502496235129E+03   -0.344693751248117565E+03
    0.482391594928634149E+02    0.183792410477381951E+01    0.210806244953751261E+02    0.172104029490704015E+08    0.689369249554787757E+03   -0.344684624777393879E+03
    0.482391594928634149E+02    0.183792410477381951E+01    0.210806244953751261E+02    0.172104029490704015E+08    0.689369249554787757E+03   -0.344684624777393879E+03
    0.451871495795651938E+02    0.184493567546252435E+01    0.176926391644618555E+02    0.201377122473896146E+08    0.689355769719476712E+03   -0.344677884859738356E+03
    0.451871495795651938E+02    0.184493567546252435E+01    0.176926391644618555E+02    0.201377122473896146E+08    0.689355769719476712E+03   -0.344677884859738356E+03
    0.503146047961383616E+02    0.185653145781607720E+01    0.315933097371981049E+02    0.191548031847438999E+08    0.689344277213845544E+03   -0.344672138606922772E+03
    0.503146047961383616E+02    0.185653145781607720E+01    0.315933097371981049E+02    0.191548031847438999E+08    0.689344277213845544E+03   -0.344672138606922772E+03
    0.334809676726523122E+02    0.182675936821583296E+01    0.272068350807492854E+01    0.178692022236489952E+08    0.689342499465279161E+03   -0.344671249732639581E+03
    0.679095212497988001E+02    0.184581449382757112E+01    0.169783880849715203E+02    0.163982448131785523E+08    0.689337577149592448E+03   -0.344668788574796224E+03
    0.691281364198806045E+02    0.184571603704916054E+01    0.232655669058064412E+02    0.166869632062603012E+08    0.689333421432756609E+03   -0.344666710716378304E+03
    0.718591432585306507E+02    0.184656555735243488E+01    0.148338466347698681E+02    0.175115112620596774E+08    0.689308546547511014E+03   -0.344654273273755507E+03
    0.519628310548351351E+02    0.183324963452175549E+01    0.558458322372789340E+01    0.108372992849044297E+08    0.689300380573937332E+03   -0.344650190286968666E+03
    0.409818814418602599E+02    0.183135582441638256E+01    0.116082571528122092E+02    0.181732685087118559E+08    0.689284114270014243E+03   -0.344642057135007121E+03
    0.409818814418602599E+02    0.183135582441638256E+01    0.116082571528122092E+02    0.181732685087118559E+08    0.689284114270014243E+03   -0.344642057135007121E+03
    0.686529443858521375E+02    0.184527278937228467E+01    0.357921492448598642E+02    0.175554786603020392E+08    0.689273646174493138E+03   -0.344636823087246569E+03
    0.375416825450155827E+02    0.184520613739528372E+01    0.241263573927414470E+02    0.158121511144233216E+08    0.689261654710001039E+03   -0.344630827355000520E+03
    0.375416825450155827E+02    0.184520613739528372E+01    0.241263573927414470E+02    0.158121511144233216E+08    0.689261654710001039E+03   -0.344630827355000520E+03
    0.517213264965440018E+02    0.183902080027623849E+01    0.191951793110995261E+02    0.164363475626474023E+08    0.689235774342555601E+03   -0.344617887171277800E+03
    0.517213264965440018E+02    0.183902080027623849E+01    0.191951793110995261E+02    0.164363475626474023E+08    0.689235774342555601E+03   -0.344617887171277800E+03
    0.623690099551714781E+02    0.184408127034014102E+01    0.115143567887422815E+02    0.104265791754487921E+08    0.689235402391831485E+03   -0.344617701195915743E+03
    0.623690099551714781E+02    0.184408127034014102E+01    0.115143567887422815E+02    0.104265791754487921E+08    0.689235402391831485E+03   -0.344617701195915743E+03
    0.570796538689873501E+02    0.183183954944273863E+01    0.107423283941903307E+02    0.165439533350999337E+08    0.689218797667305694E+03   -0.344609398833652847E+03
    0.570796538689873501E+02    0.183183954944273863E+01    0.107423283941903307E+02    0.165439533350999337E+08    0.689218797667305694E+03   -0.344609398833652847E+03
    0.572725948596811349E+02    0.183916178770914307E+01    0.104858960837895552E+02    0.100486722322294991E+08    0.689183440557555514E+03   -0.344591720278777757E+03
    0.678792346643634943E+02    0.185078350587759877E+01    0.202734011536517649E+02    0.102702607136395369E+08    0.689175858920556493E+03   -0.344587929460278247E+03
    0.427913907895017900E+02    0.184313103585933247E+01    0.273072029780834278E+02    0.103547262645576838E+08    0.689175822518721702E+03   -0.344587911259360851E+03
    0.473551996829381565E+02    0.185338257986026744E+01    0.436886029534356908E+02    0.104169134483958073E+08    0.689163816975214672E+03   -0.344581908487607336E+03
    0.638379911919499108E+02    0.185058648665421543E+01    0.233175163692157739E+02    0.196195269382672235E+08    0.689156813334641129E+03   -0.344578406667320564E+03
    0.397709950768569271E+02    0.184703047887162630E+01    0.370374615052909490E+02    0.161042948855972216E+08    0.689145313524840503E+03   -0.344572656762420252E+03
    0.576632764178078574E+02    0.185167434885051230E+01    0.548556002257458175E+02    0.173056921167911366E+08    0.689142658386821836E+03   -0.344571329193410918E+03
    0.342419461681508679E+02    0.184971009975585132E+01    0.384741749005839324E+02    0.171487724085722938E+08    0.689090789554962612E+03   -0.344545394777481306E+03
    0.342419461681508679E+02    0.184971009975585132E+01    0.384741749005839324E+02    0.171487724085722938E+08    0.689090789554962612E+03   -0.344545394777481306E+03
    0.477112184408851689E+02    0.185106182107818684E+01    0.841744358837186013E+01    0.198277777105540521E+08    0.689076086669748406E+03   -0.344538043334874203E+03
    0.477112184408851689E+02    0.185106182107818684E+01    0.841744358837186013E+01    0.198277777105540521E+08    0.689076086669748406E+03   -0.344538043334874203E+03
    0.300062025120287963E+02    0.182978915882466686E+01    0.114327476881980750E+01    0.180669235861081630E+08    0.689070477659753692E+03   -0.344535238829876846E+03
    0.300062025120287963E+02    0.182978915882466686E+01    0.114327476881980750E+01    0.180669235861081630E+08    0.689070477659753692E+03   -0.344535238829876846E+03
    0.414115692440036156E+02    0.184391456072319393E+01    0.364522706863478732E+02    0.186226448235914297E+08    0.689066046876061364E+03   -0.344533023438030682E+03
    0.308664054481761632E+02    0.185143484933954428E+01    0.300858220247354424E+02    0.177848800318827145E+08    0.689050061250160866E+03   -0.344525030625080433E+03
    0.308664054481761632E+02    0.185143484933954428E+01    0.300858220247354424E+02    0.177848800318827145E+08    0.689050061250160866E+03   -0.344525030625080433E+03
    0.633283113968025759E+02    0.183781268622455363E+01    0.103945824387826384E+02    0.187084406117400937E+08    0.689034813523005596E+03   -0.344517406761502798E+03
    0.421124571161543031E+02    0.183386878820460364E+01    0.471647091537759189E+00    0.147415769667653088E+08    0.688996866970270389E+03   -0.344498433485135195E+03
    0.421124571161543031E+02    0.183386878820460364E+01    0.471647091537759189E+00    0.147415769667653088E+08    0.688996866970270389E+03   -0.344498433485135195E+03
    0.537328466573081940E+02    0.185290516215562984E+01    0.271992896400078905E+02    0.106735967597422618E+08    0.688996611327649134E+03   -0.344498305663824567E+03
    0.537328466573081940E+02    0.185290516215562984E+01    0.271992896400078905E+02    0.106735967597422618E+08    0.688996611327649134E+03   -0.344498305663824567E+03
    0.395545344920078108E+02    0.184658726712742949E+01    0.457823873731515150E+02    0.179184633757909834E+08    0.688976787200714398E+03   -0.344488393600357199E+03
    0.395545344920078108E+02    0.184658726712742949E+01    0.457823873731515150E+02    0.179184633757909834E+08    0.688976787200714398E+03   -0.344488393600357199E+03
    0.604576782274660189E+02    0.183650903147828082E+01    0.846608302901529086E+01    0.160618337433090303E+08    0.688969314194963545E+03   -0.344484657097481772E+03
    0.378583439789615497E+02    0.185098129672517397E+01    0.176662735402095166E+02    0.104793948061339241E+08    0.688967865617377015E+03   -0.344483932808688508E+03
    0.378583439789615497E+02    0.185098129672517397E+01    0.176662735402095166E+02    0.104793948061339241E+08    0.688967865617377015E+03   -0.344483932808688508E+03
    0.356301563248168520E+02    0.183222774635634611E+01    0.626428841048279317E+01    0.167819670566147491E+08    0.688935211635468477E+03   -0.344467605817734238E+03
    0.638306698634354674E+02    0.184542346447837025E+01    0.175935537602847347E+02    0.194192642273168564E+08    0.688921225036402348E+03   -0.344460612518201174E+03
    0.349784052111222721E+02    0.183242472553862323E+01    0.478469491747628251E+01    0.162593011817840375E+08    0.688903493228036041E+03   -0.344451746614018020E+03
    0.349784052111222721E+02    0.183242472553862323E+01    0.478469491747628251E+01    0.162593011817840375E+08    0.688903493228036041E+03   -0.344451746614018020E+03
    0.531933516631719101E+02    0.184244947155404870E+01    0.349864529504658739E+01    0.197382501681307591E+08    0.688893704292888401E+03   -0.344446852146444201E+03
    0.531933516631719101E+02    0.184244947155404870E+01    0.349864529504658739E+01    0.197382501681307591E+08    0.688893704292888401E+03   -0.344446852146444201E+03
    0.466711610914019701E+02    0.182960076605752020E+01    0.162965197898963576E+00    0.144949714519551862E+08    0.688874301836501786E+03   -0.344437150918250893E+03
    0.481870000722492478E+02    0.184171871937118570E+01    0.195737249056903337E+02    0.104955951931284647E+08    0.688816769760438206E+03   -0.344408384880219103E+03
    0.481870000722492478E+02    0.184171871937118570E+01    0.195737249056903337E+02    0.104955951931284647E+08    0.688816769760438206E+03   -0.344408384880219103E+03
    0.502326007296711197E+02    0.185407839343640046E+01    0.103427065070812336E+02    0.100743752710076626E+08    0.688812284464324534E+03   -0.344406142232162267E+03
    0.594110128041588510E+02    0.185372227379933086E+01    0.123605127640426105E+02    0.168983067237890810E+08    0.688807033227904640E+03   -0.344403516613952320E+03
    0.594110128041588510E+02    0.185372227379933086E+01    0.123605127640426105E+02    0.168983067237890810E+08    0.688807033227904640E+03   -0.344403516613952320E+03
    0.359529268270122344E+02    0.184411496594172775E+01    0.260559815978561318E+02    0.172855978410799839E+08    0.688777375691307952E+03   -0.344388687845653976E+03
    0.506966610100509882E+02    0.183523876990075419E+01    0.705085607521806068E+01    0.104059799280866832E+08    0.688762309986418586E+03   -0.344381154993209293E+03
    0.551729369789915438E+02    0.182950755405703869E+01    0.463746433850828232E+01    0.100351074948754422E+08    0.688756215229549525E+03   -0.344378107614774763E+03
    0.551729369789915438E+02    0.182950755405703869E+01    0.463746433850828232E+01    0.100351074948754422E+08    0.688756215229549525E+03   -0.344378107614774763E+03
    0.492249431188033881E+02    0.185349264272036240E+01    0.526635736975859743E+02    0.179466809235129878E+08    0.688755065723360872E+03   -0.344377532861680436E+03
    0.590990725724229762E+02    0.184275873605565743E+01    0.111767642353433079E+02    0.194225693484176323E+08    0.688751899040026501E+03   -0.344375949520013251E+03
    0.590990725724229762E+02    0.184275873605565743E+01    0.111767642353433079E+02    0.194225693484176323E+08    0.688751899040026501E+03   -0.344375949520013251E+03
    0.393434490459978718E+02    0.183539354698498958E+01    0.925694951484014084E+01    0.188021102699707448E+08    0.688710672926245593E+03   -0.344355336463122796E+03
    0.470629812605371924E+02    0.185287700977909364E+01    0.762879963362457936E+01    0.163306614737920202E+08    0.688708129100713450E+03   -0.344354064550356725E+03
    0.470629812605371924E+02    0.185287700977909364E+01    0.762879963362457936E+01    0.163306614737920202E+08    0.688708129100713450E+03   -0.344354064550356725E+03
    0.540150552184427539E+02    0.185071926284738142E+01    0.263776921091971133E+02    0.198982831266077831E+08    0.688685011207282287E+03   -0.344342505603641143E+03
    0.513913836835410436E+02    0.185610789992338709E+01    0.352742372880125359E+02    0.169851831900228560E+08    0.688684496796530766E+03   -0.344342248398265383E+03
    0.513913836835410436E+02    0.185610789992338709E+01    0.352742372880125359E+02    0.169851831900228560E+08    0.688684496796530766E+03   -0.344342248398265383E+03
    0.504040855175048392E+02    0.184596851249358829E+01    0.424442687048831289E+02    0.103067555053109806E+08    0.688681412749856804E+03   -0.344340706374928402E+03
    0.432419715799080464E+02    0.185092958453614642E+01    0.880385659955854827E+01    0.158912489157015160E+08    0.688665561827226838E+03   -0.344332780913613419E+03
    0.527113569479075323E+02    0.182394444990193039E+01    0.244641536400997905E+01    0.164147847505222037E+08    0.688647569369703206E+03   -0.344323784684851603E+03
    0.561840055001064655E+02    0.182628360032826653E+01    0.221679211271278931E+00    0.105659870141600203E+08    0.688641475758255865E+03   -0.344320737879127933E+03
    0.561840055001064655E+02    0.182628360032826653E+01    0.221679211271278931E+00    0.105659870141600203E+08    0.688641475758255865E+03   -0.344320737879127933E+03
    0.468566261906727277E+02    0.182409936307467579E+01    0.411715917200179859E+01    0.173533826713316180E+08    0.688627372231053641E+03   -0.344313686115526821E+03
    0.468566261906727277E+02    0.182409936307467579E+01    0.411715917200179859E+01    0.173533826713316180E+08    0.688627372231053641E+03   -0.344313686115526821E+03
    0.521636195629233725E+02    0.184125312546044406E+01    0.933506712330875388E+01    0.154806621016972158E+08    0.688586943329547466E+03   -0.344293471664773733E+03
    0.491518498367387977E+02    0.183360904208236319E+01    0.110633955071982495E+02    0.170162917738408856E+08    0.688536455107340430E+03   -0.344268227553670215E+03
    0.423935600105293773E+02    0.184673339646784851E+01    0.277496860487966970E+02    0.105804929756555352E+08    0.688536094562706467E+03   -0.344268047281353233E+03
    0.403695705134921852E+02    0.185403965537558935E+01    0.976579929201888675E+01    0.175119717924589552E+08    0.688531383279239435E+03   -0.344265691639619718E+03
    0.614204788350286464E+02    0.184948611788668815E+01    0.440628989857610254E+01    0.167475553592262939E+08    0.688507406225490627E+03   -0.344253703112745313E+03
    0.473488705355803816E+02    0.183813890416049697E+01    0.459116394851744936E+01    0.104328270453874227E+08    0.688496539550614102E+03   -0.344248269775307051E+03
    0.473488705355803816E+02    0.183813890416049697E+01    0.459116394851744936E+01    0.104328270453874227E+08    0.688496539550614102E+03   -0.344248269775307051E+03
    0.631441405185906035E+02    0.184310130490741697E+01    0.200281807485678272E+02    0.169844154097240157E+08    0.688495257375007100E+03   -0.344247628687503550E+03
    0.631441405185906035E+02    0.184310130490741697E+01    0.200281807485678272E+02    0.169844154097240157E+08    0.688495257375007100E+03   -0.344247628687503550E+03
    0.646139321499105534E+02    0.184394444126975476E+01    0.121394861675813406E+02    0.170020799637359008E+08    0.688489285622085276E+03   -0.344244642811042638E+03
    0.646139321499105534E+02    0.184394444126975476E+01    0.121394861675813406E+02    0.170020799637359008E+08    0.688489285622085276E+03   -0.344244642811042638E+03
    0.583049978455847082E+02    0.183569052498454099E+01    0.928157309219455939E+01    0.166553841366577800E+08    0.688473890788221524E+03   -0.344236945394110762E+03
    0.554340383046158038E+02    0.183974962800349440E+01    0.204984230934499969E+02    0.173997380605938733E+08    0.688466193406860384E+03   -0.344233096703430192E+03
    0.554340383046158038E+02    0.183974962800349440E+01    0.204984230934499969E+02    0.173997380605938733E+08    0.688466193406860384E+03   -0.344233096703430192E+03
    0.398609050978725676E+02    0.183526837757891093E+01    0.302253841244908150E+01    0.155873902754951790E+08    0.688432211381629372E+03   -0.344216105690814686E+03
    0.401735321213997096E+02    0.184469788046668182E+01    0.317722510641088860E+02    0.187885566906585656E+08    0.688412504385943862E+03   -0.344206252192971931E+03
    0.401735321213997096E+02    0.184469788046668182E+01    0.317722510641088860E+02    0.187885566906585656E+08    0.688412504385943862E+03   -0.344206252192971931E+03
    0.547819892385964238E+02    0.183447764453273576E+01    0.964820851685110092E+01    0.169562109565128610E+08    0.688405163868863838E+03   -0.344202581934431919E+03
    0.435841922334162604E+02    0.182982993223468338E+01    0.520338939268038869E+00    0.148077183547525164E+08    0.688395418246667987E+03   -0.344197709123333993E+03
    0.347050350014396614E+02    0.182828126173320893E+01    0.596914920978381058E+00    0.161991768907283042E+08    0.688376178958189371E+03   -0.344188089479094685E+03
    0.651929872012405838E+02    0.185390493295205117E+01    0.196520840915802495E+02    0.180870009968118668E+08    0.688370058263657938E+03   -0.344185029131828969E+03
    0.651929872012405838E+02    0.185390493295205117E+01    0.196520840915802495E+02    0.180870009968118668E+08    0.688370058263657938E+03   -0.344185029131828969E+03
    0.550134848697975443E+02    0.185115179843338740E+01    0.218723981955977251E+02    0.156059853849281408E+08    0.688365356523643868E+03   -0.344182678261821934E+03
    0.550134848697975443E+02    0.185115179843338740E+01    0.218723981955977251E+02    0.156059853849281408E+08    0.688365356523643868E+03   -0.344182678261821934E+03
    0.664402760850122434E+02    0.184566662234617729E+01    0.329752310018085453E+02    0.185170038051549755E+08    0.688364137311645663E+03   -0.344182068655822832E+03
    0.664402760850122434E+02    0.184566662234617729E+01    0.329752310018085453E+02    0.185170038051549755E+08    0.688364137311645663E+03   -0.344182068655822832E+03
    0.479411282318463918E+02    0.184188249114812685E+01    0.355419662960638594E+00    0.103031658780205529E+08    0.688350711809830955E+03   -0.344175355904915477E+03
    0.479411282318463918E+02    0.184188249114812685E+01    0.355419662960638594E+00    0.103031658780205529E+08    0.688350711809830955E+03   -0.344175355904915477E+03
    0.426216732564500589E+02    0.185500119503506111E+01    0.300850198416559174E+02    0.167959498056568615E+08    0.688349778125795979E+03   -0.344174889062897989E+03
    0.572936371908327331E+02    0.184344342220655300E+01    0.339334501544028413E+02    0.174070666480350345E+08    0.688326230137954894E+03   -0.344163115068977447E+03
    0.643938280098805222E+02    0.185370546472949238E+01    0.234697013993682440E+02    0.185529370199518576E+08    0.688311038599232575E+03   -0.344155519299616287E+03
    0.470680527299034566E+02    0.183202034165488814E+01    0.772527247545178053E+01    0.159864950204273537E+08    0.688309031113637502E+03   -0.344154515556818751E+03
    0.592956962285172295E+02    0.182880122973174286E+01    0.761930566250944974E+01    0.179121291393950880E+08    0.688308924249927145E+03   -0.344154462124963572E+03
    0.655789680749132913E+02    0.184657044539753357E+01    0.318227691541043924E+02    0.188097391700692438E+08    0.688308564350563188E+03   -0.344154282175281594E+03
    0.638573445631782235E+02    0.183693125235941634E+01    0.290900066488143239E+01    0.168155605604007728E+08    0.688306733096014113E+03   -0.344153366548007057E+03
    0.638573445631782235E+02    0.183693125235941634E+01    0.290900066488143239E+01    0.168155605604007728E+08    0.688306733096014113E+03   -0.344153366548007057E+03
    0.371653990206213365E+02    0.184581838282467925E+01    0.944757746366500761E+01    0.167569255256362110E+08    0.688305040988946757E+03   -0.344152520494473379E+03
    0.659442396565748794E+02    0.184365115928244938E+01    0.116142741281529052E+02    0.184894686762115210E+08    0.688301742535211361E+03   -0.344150871267605680E+03
    0.597780547608036699E+02    0.185142273642917821E+01    0.245051838116851144E+02    0.105024237618698813E+08    0.688298081234047231E+03   -0.344149040617023616E+03
    0.558135864810759301E+02    0.185538150361411436E+01    0.291130259667307669E+02    0.170741303036321215E+08    0.688291762242293998E+03   -0.344145881121146999E+03
    0.477570825890688582E+02    0.185517070268765827E+01    0.275985828568657894E+02    0.166060624936627187E+08    0.688285347496871395E+03   -0.344142673748435698E+03
    0.469759778968790442E+02    0.184185512845848143E+01    0.307795802599409818E+02    0.178442625404840559E+08    0.688274500390821458E+03   -0.344137250195410729E+03
    0.452003782412022659E+02    0.184776917752105918E+01    0.637875022660840951E+01    0.159400441168709826E+08    0.688239047989057781E+03   -0.344119523994528890E+03
    0.432940941468191482E+02    0.184585384539605935E+01    0.331305449737896751E+02    0.162709666615829226E+08    0.688235271656986242E+03   -0.344117635828493121E+03
    0.590999234315471966E+02    0.182835751861425799E+01    0.268449795996536844E+01    0.158772320598260891E+08    0.688213945185081002E+03   -0.344106972592540501E+03
    0.590999234315471966E+02    0.182835751861425799E+01    0.268449795996536844E+01    0.158772320598260891E+08    0.688213945185081002E+03   -0.344106972592540501E+03
    0.601030584282038376E+02    0.183965660772937278E+01    0.148517254457081442E+02    0.177344645455345511E+08    0.688211558074826144E+03   -0.344105779037413072E+03
    0.616318830490948955E+02    0.183629111272334811E+01    0.107577880784769651E+02    0.182330176469837613E+08    0.688209294034327968E+03   -0.344104647017163984E+03
    0.616318830490948955E+02    0.183629111272334811E+01    0.107577880784769651E+02    0.182330176469837613E+08    0.688209294034327968E+03   -0.344104647017163984E+03
    0.455775150344304691E+02    0.185507427391792135E+01    0.239436812004509889E+02    0.100549323283839896E+08    0.688206372962724686E+03   -0.344103186481362343E+03
    0.416594923393910719E+02    0.184852433422665086E+01    0.129512597498824231E+02    0.159292295283288900E+08    0.688202575702672334E+03   -0.344101287851336167E+03
    0.345421119300165529E+02    0.185165841755893590E+01    0.195919969234973017E+02    0.174442374030139260E+08    0.688192915471179163E+03   -0.344096457735589581E+03
    0.446827495513787554E+02    0.184341729783207819E+01    0.154402218166258489E+02    0.159578673432158884E+08    0.688188883483869404E+03   -0.344094441741934702E+03
    0.504176873098181773E+02    0.183881922815844723E+01    0.127626971736458117E+02    0.166903908677209895E+08    0.688170569241133762E+03   -0.344085284620566881E+03
    0.456461205962080925E+02    0.184248588999962637E+01    0.907266369511527593E+01    0.102352777102314867E+08    0.688159281152192307E+03   -0.344079640576096153E+03
    0.476399597527267389E+02    0.185201675310641223E+01    0.522714284307255284E+02    0.181256313557792678E+08    0.688148108150328540E+03   -0.344074054075164270E+03
    0.539276876686761639E+02    0.182826121662463259E+01    0.642782437923354166E+01    0.166970453459617123E+08    0.688140511926555064E+03   -0.344070255963277532E+03
    0.667454437892636747E+02    0.184478804502716387E+01    0.230485623116841438E+02    0.175730982576268986E+08    0.688134824449868120E+03   -0.344067412224934060E+03
    0.635547354730334462E+02    0.184786055477234523E+01    0.297676061493740036E+02    0.164905789498220738E+08    0.688122075317249482E+03   -0.344061037658624741E+03
    0.609472481705614513E+02    0.183349750482905538E+01    0.669311333902645345E+01    0.175551733444213048E+08    0.688113121501160322E+03   -0.344056560750580161E+03
    0.427001944578038248E+02    0.184846087015880101E+01    0.156130820763342317E+02    0.105003067721401807E+08    0.688111418828703677E+03   -0.344055709414351838E+03
    0.398440971202406899E+02    0.184492858063681009E+01    0.315788280319444716E+02    0.171670541777256615E+08    0.688101414095971791E+03   -0.344050707047985895E+03
    0.577822415296951490E+02    0.184629673155693474E+01    0.420524444714827155E+02    0.186667406800813191E+08    0.688097911542825386E+03   -0.344048955771412693E+03
    0.577822415296951490E+02    0.184629673155693474E+01    0.420524444714827155E+02    0.186667406800813191E+08    0.688097911542825386E+03   -0.344048955771412693E+03
    0.668192163030838486E+02    0.184947723820538901E+01    0.180844446777679551E+02    0.170546029782669470E+08    0.688087566082848411E+03   -0.344043783041424206E+03
    0.609256548232314543E+02    0.184075583021494005E+01    0.336755949321151160E+01    0.168110550137061812E+08    0.688077608284636995E+03   -0.344038804142318497E+03
    0.548744959834918973E+02    0.185151150388824859E+01    0.205404289087184777E+01    0.172541430504546687E+08    0.688063252879803940E+03   -0.344031626439901970E+03
    0.548744959834918973E+02    0.185151150388824859E+01    0.205404289087184777E+01    0.172541430504546687E+08    0.688063252879803940E+03   -0.344031626439901970E+03
    0.431454579234689746E+02    0.185211451430965135E+01    0.486983985677098588E+02    0.180610693126908727E+08    0.688041840184020316E+03   -0.344020920092010158E+03
    0.570603576469890541E+02    0.185344134939781124E+01    0.645304769960215197E+01    0.184774004676730447E+08    0.688036372894402575E+03   -0.344018186447201288E+03
    0.473111233429266420E+02    0.185179341854366442E+01    0.244842687620572264E+02    0.105746529792823214E+08    0.688029036559400765E+03   -0.344014518279700383E+03
    0.389218931273835054E+02    0.184805828250185566E+01    0.933743041848477340E+01    0.167563289414600153E+08    0.688027457956270382E+03   -0.344013728978135191E+03
    0.497681085224695465E+02    0.183112568138293219E+01    0.631761137046290155E+01    0.160977310333715975E+08    0.688014326876702626E+03   -0.344007163438351313E+03
    0.482095759424371622E+02    0.185531254399537793E+01    0.317054569058835831E+02    0.169727603813653961E+08    0.688012650491214117E+03   -0.344006325245607059E+03
    0.506676976840325111E+02    0.184569141161361672E+01    0.127635665480637908E+02    0.196241244866297841E+08    0.688011371945949122E+03   -0.344005685972974561E+03
    0.426953037030023879E+02    0.184804067329038046E+01    0.253185930465517686E+02    0.194345271715560816E+08    0.688006676552172053E+03   -0.344003338276086026E+03
    0.574728417387735391E+02    0.184372264288248466E+01    0.297042915340248292E+02    0.170454611239190176E+08    0.688004329743766675E+03   -0.344002164871883338E+03
    0.513236878894415085E+02    0.184453502776158151E+01    0.194018125319229142E+02    0.104838481413813736E+08    0.687997574501866325E+03   -0.343998787250933162E+03
    0.536740414787905138E+02    0.184856697853029983E+01    0.507414541647649742E+01    0.102105058947574608E+08    0.687979194283303286E+03   -0.343989597141651643E+03
    0.365830755115099819E+02    0.185188937670800158E+01    0.155276159264629001E+02    0.174098142373556644E+08    0.687975948336088322E+03   -0.343987974168044161E+03
    0.486003135662067649E+02    0.185189243880225796E+01    0.441443317273761267E+02    0.189197025012668446E+08    0.687973224320576605E+03   -0.343986612160288303E+03
    0.528105861362996336E+02    0.185183851217662143E+01    0.938834871309078345E+01    0.193085388701672368E+08    0.687966944920008473E+03   -0.343983472460004236E+03
    0.602481123128041247E+02    0.184910405573911452E+01    0.299390606671167419E+02    0.161412478138940614E+08    0.687956751662403008E+03   -0.343978375831201504E+03
    0.400966040941131538E+02    0.184157973030537625E+01    0.174426753349098504E+02    0.186631712146585584E+08    0.687956036428775406E+03   -0.343978018214387703E+03
    0.590127534929486970E+02    0.185142601489101510E+01    0.132086855019579392E+02    0.102245637392566875E+08    0.687954385685795160E+03   -0.343977192842897580E+03
    0.541189949257644827E+02    0.184766469812922418E+01    0.148807249531909580E+02    0.195878955533039905E+08    0.687855335044072262E+03   -0.343927667522036131E+03
    0.492064576241448393E+02    0.184769188443141252E+01    0.354642880735806472E+02    0.161224237597851492E+08    0.687853474859391554E+03   -0.343926737429695777E+03
    0.369683827882742122E+02    0.183576804378046221E+01    0.547910240412476846E+01    0.183091436431309469E+08    0.687845792265818432E+03   -0.343922896132909216E+03
    0.472976050265235415E+02    0.184930716572055487E+01    0.370095533699428572E+02    0.104450836509588622E+08    0.687827525260750008E+03   -0.343913762630375004E+03
    0.494896006907590404E+02    0.184379456218665561E+01    0.984795053540441145E+01    0.101775945761760771E+08    0.687824204332813224E+03   -0.343912102166406612E+03
    0.417616355867177447E+02    0.184385702721131017E+01    0.180673586157557118E+02    0.189849258508006036E+08    0.687802344418944926E+03   -0.343901172209472463E+03
    0.611772079093522976E+02    0.184685858045608620E+01    0.426999842951786164E+02    0.178244966701995283E+08    0.687787006185277733E+03   -0.343893503092638866E+03
    0.383432719431781308E+02    0.184779919242763979E+01    0.164009220119284187E+02    0.167021587273895778E+08    0.687765483170369748E+03   -0.343882741585184874E+03
    0.502310165798682249E+02    0.185252201664299521E+01    0.140012941844334904E+02    0.164209709666325264E+08    0.687758753866902907E+03   -0.343879376933451454E+03
    0.619192354533082892E+02    0.184770426250056485E+01    0.108966541086497379E+02    0.167975366404316276E+08    0.687732731604541527E+03   -0.343866365802270764E+03
    0.598217914130512369E+02    0.185216225282808788E+01    0.231314277052764830E+02    0.102131066701381169E+08    0.687693787680679861E+03   -0.343846893840339931E+03
    0.456668187540190615E+02    0.184805423447027350E+01    0.212067105290160356E+02    0.158452064024039116E+08    0.687679343971076833E+03   -0.343839671985538416E+03
    0.409432183260929534E+02    0.183391099270554570E+01    0.558680001144200133E+01    0.175370919358919226E+08    0.687678611916974091E+03   -0.343839305958487046E+03
    0.591670249671515194E+02    0.184654977689968680E+01    0.109120919309264099E+02    0.100319660193367265E+08    0.687671507417794032E+03   -0.343835753708897016E+03
    0.588759279013161532E+02    0.185148078687592910E+01    0.228058956758065925E+02    0.163334911220474988E+08    0.687664952694097565E+03   -0.343832476347048782E+03
    0.487627202080350557E+02    0.184241541838898182E+01    0.186043742170452404E+02    0.190097608564223759E+08    0.687634950042881314E+03   -0.343817475021440657E+03
    0.473822230307624110E+02    0.185011061811130872E+01    0.130442497709554406E+01    0.174865331438416243E+08    0.687624108883458348E+03   -0.343812054441729174E+03
    0.592416534720633763E+02    0.184913646812693488E+01    0.100862427460464517E+02    0.166229095710431654E+08    0.687593480364542302E+03   -0.343796740182271151E+03
    0.434309518627539859E+02    0.184805808994370002E+01    0.308943179486271262E+02    0.191465201586390249E+08    0.687590163007223282E+03   -0.343795081503611641E+03
    0.585441803782220234E+02    0.184856755147236074E+01    0.234178367246731689E+02    0.161398072222599946E+08    0.687579718062397660E+03   -0.343789859031198830E+03
    0.558666159244154343E+02    0.185039493106750119E+01    0.100719336267204476E+02    0.165098519606253970E+08    0.687553109375026338E+03   -0.343776554687513169E+03
    0.491666965240900709E+02    0.183027774815318889E+01    0.566440241504815134E+01    0.168396157508304045E+08    0.687540725698322376E+03   -0.343770362849161188E+03
    0.441912144283473509E+02    0.184270498680746675E+01    0.166909864242688855E+02    0.167828894155144580E+08    0.687540214935378799E+03   -0.343770107467689400E+03
    0.473979669229345859E+02    0.183299523743254644E+01    0.770766012434066905E+01    0.173140519555025846E+08    0.687539135152654012E+03   -0.343769567576327006E+03
    0.452124952115033594E+02    0.184873048956586028E+01    0.846617606959044444E+01    0.164455761623814330E+08    0.687533615299079656E+03   -0.343766807649539828E+03
    0.442894897233119167E+02    0.185500927252014103E+01    0.223929743316392020E+02    0.186441042791292258E+08    0.687504809159735487E+03   -0.343752404579867743E+03
    0.653909033630394845E+02    0.184461734252634013E+01    0.202411528482372134E+02    0.181163744808968902E+08    0.687497952134881075E+03   -0.343748976067440537E+03
    0.550648282766324471E+02    0.184498557563218357E+01    0.119653292732433814E+01    0.171943069711750410E+08    0.687475003402044422E+03   -0.343737501701022211E+03
    0.564125321621176923E+02    0.184701809533257233E+01    0.418574509612103611E+02    0.173066432227746546E+08    0.687464718588732694E+03   -0.343732359294366347E+03
    0.556941666466539402E+02    0.183700225199846301E+01    0.944435326023493715E+01    0.173915788567420170E+08    0.687461234516933814E+03   -0.343730617258466907E+03
    0.404787059185285614E+02    0.183681415933377434E+01    0.561445837369752265E+01    0.171116743547130898E+08    0.687456984623246626E+03   -0.343728492311623313E+03
    0.565600915390384031E+02    0.182948820927962807E+01    0.378419314485518488E+01    0.165838568632073738E+08    0.687443047689002924E+03   -0.343721523844501462E+03
    0.404212932796497668E+02    0.183282551150630946E+01    0.368878032180651250E+01    0.166210556561228726E+08    0.687429090418425403E+03   -0.343714545209212702E+03
    0.582326648090362724E+02    0.184079380849570406E+01    0.166826212505943445E+02    0.177779524259002134E+08    0.687415433995838953E+03   -0.343707716997919476E+03
    0.514344068925822882E+02    0.184147160622007999E+01    0.990424163851896111E+01    0.164091926551971063E+08    0.687394567377588828E+03   -0.343697283688794414E+03
    0.518918880210968041E+02    0.184130279473436476E+01    0.800556509067897792E+01    0.163899820421615001E+08    0.687393530291296202E+03   -0.343696765145648101E+03
    0.469674533789311823E+02    0.185131910339847883E+01    0.512241843884421844E+01    0.188193884798255637E+08    0.687381600852516726E+03   -0.343690800426258363E+03
    0.612933276437048917E+02    0.184934313574894715E+01    0.372779777878294993E+02    0.187687597791186273E+08    0.687377822958714319E+03   -0.343688911479357159E+03
    0.438629586585775186E+02    0.184219996331731539E+01    0.184449293468204658E+02    0.186275639806881212E+08    0.687377170708674271E+03   -0.343688585354337135E+03
    0.457443165787498103E+02    0.184155392635757287E+01    0.129200943986591508E+02    0.166759571710095294E+08    0.687369264669908262E+03   -0.343684632334954131E+03
    0.371985463853637555E+02    0.184603050333547136E+01    0.126521528726412864E+02    0.179505201590298489E+08    0.687360284502606874E+03   -0.343680142251303437E+03
    0.418842947329566044E+02    0.184943126417304060E+01    0.428170427494674897E+02    0.179749467557254732E+08    0.687354008748280194E+03   -0.343677004374140097E+03
    0.468171387815861522E+02    0.185317634319080371E+01    0.391851244285249507E+02    0.186039573456079364E+08    0.687349821725142306E+03   -0.343674910862571153E+03
    0.452157759302073217E+02    0.182951396985466319E+01    0.600663457734357564E+01    0.183782417655419782E+08    0.687343194921597387E+03   -0.343671597460798694E+03
    0.411313761560086135E+02    0.182988112156101446E+01    0.304440386991188516E+01    0.169685394209201336E+08    0.687339070793565156E+03   -0.343669535396782578E+03
    0.516355073416496921E+02    0.185066118281731473E+01    0.107930991090950386E+02    0.100983954352094457E+08    0.687338159380959041E+03   -0.343669079690479521E+03
    0.451879677230984811E+02    0.183330874437438096E+01    0.152199325809691244E+01    0.156085971144846175E+08    0.687337116476776600E+03   -0.343668558238388300E+03
    0.480265248210410576E+02    0.184359526119934780E+01    0.241832039186437271E+02    0.187573895323799290E+08    0.687288907928942876E+03   -0.343644453964471438E+03
    0.469332289262149587E+02    0.185167763744906200E+01    0.694017273436794735E+01    0.173462382466879934E+08    0.687282206762751230E+03   -0.343641103381375615E+03
    0.484745396111562314E+02    0.184072682652789288E+01    0.537967383812790079E+01    0.164833185713352673E+08    0.687279023821896658E+03   -0.343639511910948329E+03
    0.552023299785625028E+02    0.185148889821239115E+01    0.336908709774633195E+02    0.191063639117445759E+08    0.687264695988002700E+03   -0.343632347994001350E+03
    0.512410140564945777E+02    0.184903785473471216E+01    0.609303945086862342E+01    0.168113970174995959E+08    0.687236399291879366E+03   -0.343618199645939683E+03
    0.413008739645501990E+02    0.184581131669112497E+01    0.302165778541486461E+02    0.173760965811959542E+08    0.687233198694915473E+03   -0.343616599347457736E+03
    0.612374919765879895E+02    0.183276426258038216E+01    0.279350126804730081E+01    0.174489767835436091E+08    0.687202299128369532E+03   -0.343601149564184766E+03
    0.625135602227825657E+02    0.184684475079619759E+01    0.607576596982907979E+01    0.180294534541581236E+08    0.687186417411324328E+03   -0.343593208705662164E+03
    0.554340399885918487E+02    0.185275904659139123E+01    0.348871844850281221E+02    0.187897990978905521E+08    0.687176092614388494E+03   -0.343588046307194247E+03
    0.473716265819506575E+02    0.185411893321163990E+01    0.321464123245177902E+02    0.174307344090464674E+08    0.687168750620947208E+03   -0.343584375310473604E+03
    0.422017351698027525E+02    0.184773993041747597E+01    0.160434625039090193E+02    0.190414260293603614E+08    0.687164912449665962E+03   -0.343582456224832981E+03
    0.527374318586147339E+02    0.185237115042673639E+01    0.902224437965636206E+01    0.174658135360866748E+08    0.687158753326085275E+03   -0.343579376663042638E+03
    0.368309643159790596E+02    0.184689191440887979E+01    0.212910079235926339E+02    0.180719495475485213E+08    0.687151049463158643E+03   -0.343575524731579321E+03
    0.466748258693795037E+02    0.183685660525896188E+01    0.800025710812414381E+01    0.171825044345812090E+08    0.687146874632689332E+03   -0.343573437316344666E+03
    0.401742770590923115E+02    0.184940740739490983E+01    0.145265021079811127E+02    0.172034382970082276E+08    0.687146852246762819E+03   -0.343573426123381410E+03
    0.621318158116287407E+02    0.185149071225014827E+01    0.408427896209711960E+02    0.182523040034030825E+08    0.687129859666726929E+03   -0.343564929833363465E+03
    0.558670779462317171E+02    0.184764733676820980E+01    0.402955519350709537E+02    0.172871965219671465E+08    0.687094037385408910E+03   -0.343547018692704455E+03
    0.579547868343779840E+02    0.183280178476269184E+01    0.263827394535287363E+01    0.166159318916615359E+08    0.687092650800684055E+03   -0.343546325400342027E+03
    0.445403837692428795E+02    0.184882261245505952E+01    0.405833038048959907E+02    0.184888355097834095E+08    0.687079784639758600E+03   -0.343539892319879300E+03
    0.519908509128776899E+02    0.184042555112161521E+01    0.164602234908694953E+02    0.178463610434343331E+08    0.687078702969191681E+03   -0.343539351484595841E+03
    0.388467391343923012E+02    0.184769098099355378E+01    0.903605639255709647E+01    0.182142635426386856E+08    0.687076741542132140E+03   -0.343538370771066070E+03
    0.438945758364467906E+02    0.184611285685328674E+01    0.114493100227438021E+02    0.167976014323797002E+08    0.687058975048188813E+03   -0.343529487524094407E+03
    0.491642781505798965E+02    0.184830154804224778E+01    0.163593871618441575E+02    0.103050819240559898E+08    0.687050717171868314E+03   -0.343525358585934157E+03
    0.578470752470386671E+02    0.184107360695699929E+01    0.131817887105161873E+02    0.183961557053581364E+08    0.687036934132460829E+03   -0.343518467066230414E+03
    0.665230303753798466E+02    0.184997826304707291E+01    0.289023735047414227E+02    0.181194676380088851E+08    0.687025997233639146E+03   -0.343512998616819573E+03
    0.518142367583873380E+02    0.183648946107679611E+01    0.566875178715253281E+01    0.166996639881999418E+08    0.687012186747923352E+03   -0.343506093373961676E+03
    0.562822342471612771E+02    0.184834615562076432E+01    0.164356105495270270E+02    0.164620779795263913E+08    0.687008083270152156E+03   -0.343504041635076078E+03
    0.532984844664614599E+02    0.185091560845985348E+01    0.257598771160049260E+02    0.163393177417085432E+08    0.687007537289336938E+03   -0.343503768644668469E+03
    0.593240831995077684E+02    0.184698303917327289E+01    0.260314249457494036E+02    0.167849951640603915E+08    0.687002465415092843E+03   -0.343501232707546421E+03
    0.564983097197128146E+02    0.184723005315829458E+01    0.309285029142580399E+02    0.182761301350503266E+08    0.685891044867931214E+03   -0.342945522433965607E+03
    0.629307965571306553E+02    0.184681962821954015E+01    0.249834988120231820E+02    0.181380613539807647E+08    0.686452600919945780E+03   -0.343226300459972890E+03
    0.537013322755505556E+02    0.184889484094221768E+01    0.300020118886417180E+02    0.175284686075983159E+08    0.685737635039188945E+03   -0.342868817519594472E+03
    0.576880613370607236E+02    0.184742095791606897E+01    0.157315158150785290E+02    0.189139921314941868E+08    0.686662046439786536E+03   -0.343331023219893268E+03
    0.513010949593433168E+02    0.185016717054776225E+01    0.195273914126343939E+02    0.180639978274413310E+08    0.685325757862648516E+03   -0.342662878931324258E+03
    0.547145356268253380E+02    0.185228835866773833E+01    0.146102617437002369E+02    0.178013175023549348E+08    0.686376120620820188E+03   -0.343188060310410094E+03
    0.585201975180301162E+02    0.184994401597587177E+01    0.135517595364192331E+02    0.180817781682624444E+08    0.686000255213172068E+03   -0.343000127606586034E+03
    0.589006349026780498E+02    0.184500577971823021E+01    0.232305469721749631E+02    0.181106429254326373E+08    0.686285299722174841E+03   -0.343142649861087421E+03
    0.563438394122914161E+02    0.184417262446142782E+01    0.265913914665505686E+02    0.180463733028101549E+08    0.686665624071962270E+03   -0.343332812035981135E+03
    0.613379707008764399E+02    0.185005144343063721E+01    0.401098981985779659E+02    0.181815371931451634E+08    0.686751530959253842E+03   -0.343375765479626921E+03
    0.629346513275107640E+02    0.184782864570445660E+01    0.160570851286913587E+02    0.186220672824380994E+08    0.686927640612538880E+03   -0.343463820306269440E+03
    0.512775889244652845E+02    0.184862157823573403E+01    0.207201404730144354E+02    0.166187875026519261E+08    0.686445061942562006E+03   -0.343222530971281003E+03
    0.584631213569424517E+02    0.185049790658136759E+01    0.240602363248686686E+02    0.174340351134455390E+08    0.686120283471997254E+03   -0.343060141735998627E+03
    0.579985968185735885E+02    0.184935708946970445E+01    0.346106245182883612E+02    0.179853526663450338E+08    0.685945527432611243E+03   -0.342972763716305622E+03
    0.537998638066943329E+02    0.184550959539832848E+01    0.200349498020774845E+02    0.166277249686132781E+08    0.686767098951290109E+03   -0.343383549475645054E+03
    0.618047337373816958E+02    0.184712954582368050E+01    0.213761535170191515E+02    0.177753159452148229E+08    0.686379252073094904E+03   -0.343189626036547452E+03
    0.566646068025901926E+02    0.184852447073672810E+01    0.130440287233840628E+02    0.176626742579071596E+08    0.686068465694932229E+03   -0.343034232847466114E+03
    0.499135974527048205E+02    0.185079049190440492E+01    0.213069558485817332E+02    0.167461220835677423E+08    0.686460831551739716E+03   -0.343230415775869858E+03
    0.483463213247862242E+02    0.184696750245255847E+01    0.242442159586562340E+02    0.175761958296889365E+08    0.685791293295158312E+03   -0.342895646647579156E+03
    0.463270297072713859E+02    0.185015258286044904E+01    0.396353908266336958E+02    0.178054263919053227E+08    0.686446030775826102E+03   -0.343223015387913051E+03
    0.447025941728753082E+02    0.184948713748707760E+01    0.263204527155125838E+02    0.188356805863501243E+08    0.686438495150119593E+03   -0.343219247575059796E+03
    0.494230324709619211E+02    0.185003043217188634E+01    0.431306051946690303E+02    0.182164951837584786E+08    0.686521595848154220E+03   -0.343260797924077110E+03
    0.484062806200204818E+02    0.184887632780128830E+01    0.165068848357798572E+02    0.172939107729532011E+08    0.686015735869181640E+03   -0.343007867934590820E+03
    0.454385351885474051E+02    0.185085530043257229E+01    0.378453578227367160E+02    0.180437072525712773E+08    0.686223287079204511E+03   -0.343111643539602255E+03
    0.466004760615501539E+02    0.185246913162451698E+01    0.297519239684065084E+02    0.185200842199054249E+08    0.686296917015728241E+03   -0.343148458507864120E+03
    0.433492016831455871E+02    0.184883943705066511E+01    0.139559017000299459E+02    0.180762601460296251E+08    0.686026821968239801E+03   -0.343013410984119901E+03
    0.376618667360927262E+02    0.185195733671310037E+01    0.222120243846572762E+02    0.180946867149663009E+08    0.686994763593185439E+03   -0.343497381796592720E+03
    0.496360261163994849E+02    0.184288831796462782E+01    0.241849450893432554E+02    0.181583998714454211E+08    0.686828358206459143E+03   -0.343414179103229571E+03
    0.433778815984351880E+02    0.184572266413393971E+01    0.243534381267883191E+02    0.170470416882007569E+08    0.686867610509245992E+03   -0.343433805254622996E+03
    0.469847961977514714E+02    0.184988386765826918E+01    0.163883902611562000E+02    0.170426158215173855E+08    0.686381021006195510E+03   -0.343190510503097755E+03
    0.433549573554259453E+02    0.184977692139012095E+01    0.295415432240144007E+02    0.182942116898394600E+08    0.685957147129202667E+03   -0.342978573564601334E+03
    0.489292361086459380E+02    0.185024181043640157E+01    0.360230951768932357E+02    0.169537605429267772E+08    0.686665430061207417E+03   -0.343332715030603708E+03
    0.386916411682401673E+02    0.184944645876197411E+01    0.320033033080674230E+02    0.181524311262097284E+08    0.686832827377637955E+03   -0.343416413688818977E+03
    0.501668615376776188E+02    0.185158525495466941E+01    0.320363083775177486E+02    0.168289383486876823E+08    0.686643938959786851E+03   -0.343321969479893426E+03
    0.393496712198510039E+02    0.185236241849059069E+01    0.220130518333724225E+02    0.183149746025279611E+08    0.686852945779541642E+03   -0.343426472889770821E+03
    0.496290250750155622E+02    0.184876952413322471E+01    0.275934541443288772E+02    0.165903343183781821E+08    0.686546163609426344E+03   -0.343273081804713172E+03
    0.413926120485184299E+02    0.185022908971536792E+01    0.284951126517998858E+02    0.178573000117696598E+08    0.686285627835332662E+03   -0.343142813917666331E+03
    0.506885040635911963E+02    0.184334428562597274E+01    0.147571268707081948E+02    0.176147487182582840E+08    0.686506740007947656E+03   -0.343253370003973828E+03
    0.553419346532133432E+02    0.183998587181220352E+01    0.148560015778112331E+01    0.179520125384312086E+08    0.686744674850461934E+03   -0.343372337425230967E+03
    0.565762060912109987E+02    0.183085114936361193E+01    0.128398319659197968E+01    0.176244842497181259E+08    0.686232187273527302E+03   -0.343116093636763651E+03
    0.527125610503108462E+02    0.184522041289945604E+01    0.103682033657550861E+02    0.179385621390218548E+08    0.685969571433883857E+03   -0.342984785716941929E+03
    0.533870323468778309E+02    0.184283191323118833E+01    0.218909300165772563E+00    0.179304656909561045E+08    0.686882920657242948E+03   -0.343441460328621474E+03
    0.585169032238548112E+02    0.184078586440192749E+01    0.333985913017277714E+01    0.180175127427825369E+08    0.686869843403980099E+03   -0.343434921701990049E+03
    0.538007253037715429E+02    0.184606776164856146E+01    0.111669260971465203E+02    0.181720204485052191E+08    0.685758933107874100E+03   -0.342879466553937050E+03
    0.472083366508730151E+02    0.183207077118953743E+01    0.227804531268116905E+01    0.176171188661056496E+08    0.685993129377027572E+03   -0.342996564688513786E+03
    0.422928367024160536E+02    0.184180279028421179E+01    0.141099100058529245E+02    0.182847027329524122E+08    0.686968920084456954E+03   -0.343484460042228477E+03
    0.528505765687360949E+02    0.183000029490495542E+01    0.791119598030894822E+00    0.168870300781314336E+08    0.686204854933149136E+03   -0.343102427466574568E+03
    0.539022002852975604E+02    0.183080430944600026E+01    0.160562406106985223E+01    0.186916159492574595E+08    0.686209683665871466E+03   -0.343104841832935733E+03
    0.581224564671834045E+02    0.183076462973183984E+01    0.330157432559336961E+01    0.178618197069806345E+08    0.686801303054756886E+03   -0.343400651527378443E+03
    0.483370809871392382E+02    0.184278678731327306E+01    0.121851225793046787E+02    0.177029174794791378E+08    0.686532164444167847E+03   -0.343266082222083924E+03
    0.520410471589645809E+02    0.184252961268314075E+01    0.130770533704623606E+02    0.176338756180549189E+08    0.686580819783343259E+03   -0.343290409891671629E+03
    0.460606555189853211E+02    0.184144271145414318E+01    0.145282363732347508E+01    0.181707684184552394E+08    0.686441529716759305E+03   -0.343220764858379653E+03
    0.469544463901345921E+02    0.183404690052716512E+01    0.314570223525925258E-01    0.177579191282334737E+08    0.685922734398314901E+03   -0.342961367199157451E+03
    0.366709933270228490E+02    0.183263836926571422E+01    0.898431574648320463E+00    0.179919863400143981E+08    0.686939555958481151E+03   -0.343469777979240575E+03
    0.495208135496308444E+02    0.184108402553343686E+01    0.168937944277411916E+02    0.179105262268424220E+08    0.686781284559443520E+03   -0.343390642279721760E+03
    0.403839951433447339E+02    0.184616450568083890E+01    0.121574094200359752E+02    0.179002875808607303E+08    0.686748215895943417E+03   -0.343374107947971709E+03
    0.533123357499384767E+02    0.184780390631468006E+01    0.777583915578280749E+01    0.181779600321743041E+08    0.685962572849723642E+03   -0.342981286424861821E+03
    0.519170206785966357E+02    0.183476095697179464E+01    0.390687262509199495E+01    0.184013359241357706E+08    0.686543893464662460E+03   -0.343271946732331230E+03
    0.485380899852797967E+02    0.184516668993277189E+01    0.846719443251658532E+01    0.174172611763767488E+08    0.686505788786681251E+03   -0.343252894393340625E+03
    0.480799357034433967E+02    0.185236726645026883E+01    0.104496753507718676E+02    0.181848397128192224E+08    0.686431107233059151E+03   -0.343215553616529576E+03
    0.523755498478955914E+02    0.184471139616262736E+01    0.308512352266698109E+02    0.185461920855413936E+08    0.686913384072232475E+03   -0.343456692036116237E+03
    0.411996837360087014E+02    0.184600007037982383E+01    0.669576762262994762E+01    0.178571827028892301E+08    0.686987403014078723E+03   -0.343493701507039361E+03
    0.553411079454324195E+02    0.182805357139746061E+01    0.111430758509225369E+01    0.178227010049289912E+08    0.686224522630645993E+03   -0.343112261315322996E+03
    0.570096119157941885E+02    0.184805426681080154E+01    0.160378882084617835E+02    0.169657835959715582E+08    0.686570706376910380E+03   -0.343285353188455190E+03
    0.486240266851936909E+02    0.185248666774201887E+01    0.137949707578246237E+02    0.187958590982242487E+08    0.686862189620011577E+03   -0.343431094810005789E+03
    0.511740024043561874E+02    0.184491680710352157E+01    0.286524440720016216E+02    0.171039353300647549E+08    0.686848033370956500E+03   -0.343424016685478250E+03
    0.498148058574079116E+02    0.185108463988169469E+01    0.239565658047825565E+02    0.183254635924803764E+08    0.685409441632520043E+03   -0.342704720816260021E+03
    0.498148058574079116E+02    0.185108463988169469E+01    0.239565658047825565E+02    0.183254635924803764E+08    0.685409441632520043E+03   -0.342704720816260021E+03
    0.429250942986915902E+02    0.185028461458834315E+01    0.186698730373411053E+02    0.189455865184270963E+08    0.686862416681562195E+03   -0.343431208340781097E+03
    0.439046987503998452E+02    0.184514008449328726E+01    0.320449825837346793E+02    0.182318784184850194E+08    0.686889781811318244E+03   -0.343444890905659122E+03
    0.523300882401026044E+02    0.184636198662035800E+01    0.357006096892596014E+01    0.182753845331280455E+08    0.686391272773451533E+03   -0.343195636386725766E+03
    0.565007185527768243E+02    0.184975909694560636E+01    0.375984654999233356E+02    0.172097488291381449E+08    0.686637544846264746E+03   -0.343318772423132373E+03
    0.461691977106389899E+02    0.184395416558158010E+01    0.857859657014558863E+01    0.181867151652881578E+08    0.686359251751028978E+03   -0.343179625875514489E+03
    0.510901140362040138E+02    0.184513776871151314E+01    0.193579716900163064E+02    0.180170494741013609E+08    0.685733025763410751E+03   -0.342866512881705376E+03
    0.515915264175938404E+02    0.184932074099413435E+01    0.233487009146311060E+02    0.100324078637554534E+08    0.686301625726868110E+03   -0.343150812863434055E+03
