    0.290892169765123043E+02    0.136709131220556346E+01    0.234611484016340732E+02    0.870376129393998504E+09    0.114602849595944690E+04   -0.573014247979723450E+03
    0.267562550204197507E+02    0.136323055339762522E+01    0.111964116545553445E+02    0.620552474703062534E+09    0.114521739532010997E+04   -0.572608697660054986E+03
    0.472563687415244829E+02    0.136238946240851422E+01    0.164979219720659387E+02    0.806786964035196900E+09    0.114455077126026799E+04   -0.572275385630133997E+03
    0.174969803841722680E+02    0.136096060914201500E+01    0.362849387889279740E+01    0.789462139168308496E+09    0.114178335228584638E+04   -0.570891676142923188E+03
    0.275054529428541414E+02    0.136616951410719301E+01    0.235855632484547577E+02    0.854928223016114354E+09    0.114033315901604828E+04   -0.570166579508024142E+03
    0.114568145329241684E+02    0.136385635113195569E+01    0.863319805623575220E+01    0.900133396943400741E+09    0.113943850628949167E+04   -0.569719253144745835E+03
    0.222068280655259720E+02    0.136360110500277609E+01    0.151702094618976790E+02    0.642794410828834534E+09    0.113942133660244895E+04   -0.569710668301224473E+03
    0.346593626574416973E+02    0.136331809333598564E+01    0.973321129007331010E+01    0.836657475034919262E+09    0.113869353964990296E+04   -0.569346769824951480E+03
    0.354550347126523917E+02    0.136263643612280250E+01    0.183781302366325399E+02    0.923648445206654549E+09    0.113784614630789611E+04   -0.568923073153948053E+03
    0.401543727799814487E+01    0.136076002332920609E+01    0.960440733065731322E+01    0.916671357633598804E+09    0.113780685418323765E+04   -0.568903427091618823E+03
    0.288614181975221058E+02    0.136506798424006393E+01    0.246580053953078604E+02    0.790080688464530706E+09    0.113778254918680318E+04   -0.568891274593401590E+03
    0.138799294268997073E+02    0.136387729393693347E+01    0.174859962776593214E+02    0.672425924256111741E+09    0.113712917649871201E+04   -0.568564588249356007E+03
    0.210540840358451398E+02    0.136056942128990643E+01    0.228857167423656627E+02    0.817980221169585228E+09    0.113712345896388160E+04   -0.568561729481940802E+03
    0.654914751837432263E+01    0.135948938358845961E+01    0.922487104861520812E+01    0.858808458636395097E+09    0.113680090398551101E+04   -0.568400451992755507E+03
    0.134814261206474910E+02    0.136311793540905257E+01    0.149418991472102256E+02    0.968551491010693908E+09    0.113678559823860724E+04   -0.568392799119303618E+03
    0.181711339063863093E+02    0.136510134855241039E+01    0.130333297575343696E+02    0.873347566749060869E+09    0.113633543889860266E+04   -0.568167719449301330E+03
    0.882515814352194283E+01    0.136273325783741250E+01    0.182937366120086864E+02    0.681336711686089396E+09    0.113626291193861357E+04   -0.568131455969306785E+03
    0.371857168381628043E+02    0.136342792786126132E+01    0.135166029284519791E+02    0.847917300837382197E+09    0.113617408597482017E+04   -0.568087042987410086E+03
    0.160954889991454131E+02    0.136044235395474855E+01    0.210415660544166840E+02    0.878473347148951292E+09    0.113608029435427397E+04   -0.568040147177136987E+03
    0.188817181298834349E+02    0.136156847903029665E+01    0.842025881245530883E+01    0.723800000078092098E+09    0.113606715767687024E+04   -0.568033578838435119E+03
    0.253372403877599837E+02    0.136071415832627696E+01    0.121686557418712766E+02    0.940846288290389895E+09    0.113575830801797429E+04   -0.567879154008987143E+03
    0.354543363982076727E+02    0.136408088836379937E+01    0.211622449590833384E+02    0.841063335615926147E+09    0.113558236607372987E+04   -0.567791183036864936E+03
    0.263836040768684512E+02    0.136439218025204223E+01    0.248407085910785952E+02    0.775208322242431998E+09    0.113534230915716375E+04   -0.567671154578581877E+03
    0.250746117532937030E+01    0.136394425424129517E+01    0.170346991096036469E+02    0.816177176281707525E+09    0.113530847130289521E+04   -0.567654235651447607E+03
    0.267365530348710649E+02    0.136351123874530522E+01    0.114912890737366915E+02    0.734057566206104875E+09    0.113522251156269022E+04   -0.567611255781345108E+03
    0.955144630923647853E+01    0.136172975389407580E+01    0.136410681920671593E+02    0.699061894797963738E+09    0.113496035627368497E+04   -0.567480178136842483E+03
    0.126466942781823750E+02    0.136304270072056721E+01    0.192549925057538083E+02    0.680023374618993640E+09    0.113490065733769870E+04   -0.567450328668849352E+03
    0.280416233080075585E+02    0.136495845145958605E+01    0.163927396726380223E+02    0.799724359217414379E+09    0.113443346518441740E+04   -0.567216732592208700E+03
    0.171570997784240120E+02    0.136217723455653150E+01    0.233634880497492077E+02    0.727651385211240530E+09    0.113443336587779095E+04   -0.567216682938895474E+03
    0.304217429864809503E+02    0.136481218314556174E+01    0.199502655660202457E+02    0.807246134499126434E+09    0.113426729653201437E+04   -0.567133648266007185E+03
    0.249710363074604089E+02    0.136074896749368013E+01    0.174492255711711977E+02    0.918908336510722280E+09    0.113424947803607756E+04   -0.567124739018038781E+03
    0.149514424005138320E+02    0.136358794480187195E+01    0.135214196184350346E+02    0.719088058655186176E+09    0.113413580242862508E+04   -0.567067901214312542E+03
    0.302791810755186965E+02    0.136469024551481022E+01    0.160614676009054662E+02    0.832480032928427458E+09    0.113413454790725791E+04   -0.567067273953628955E+03
    0.213005525375951201E+02    0.136525293344669585E+01    0.222346592890255295E+02    0.846521703255585432E+09    0.113409163069838564E+04   -0.567045815349192821E+03
    0.262966750742576316E+02    0.136110669916383120E+01    0.182617529966417322E+02    0.694935335993851423E+09    0.113390476396896429E+04   -0.566952381984482145E+03
    0.117370039653275100E+02    0.136187648808531803E+01    0.222906560452669140E+02    0.750528992425317645E+09    0.113386951101908926E+04   -0.566934755509544630E+03
    0.297902561327893434E+01    0.136109760421227666E+01    0.140774144389941895E+02    0.871442791985624552E+09    0.113376291671857189E+04   -0.566881458359285944E+03
    0.233955331502142130E+02    0.136453208133635440E+01    0.177154029288149211E+02    0.730544788760856032E+09    0.113362076814444322E+04   -0.566810384072221609E+03
    0.195780670917399853E+02    0.136420116577942574E+01    0.156641154832265403E+02    0.725263009093959570E+09    0.113347377521474573E+04   -0.566736887607372864E+03
    0.112407630941129231E+02    0.136232207582792708E+01    0.139131031465481456E+02    0.943781869465517402E+09    0.113333243038826731E+04   -0.566666215194133656E+03
    0.855799907290961670E+01    0.136449841941675931E+01    0.202591960548775347E+02    0.831169487892145753E+09    0.113321440119393947E+04   -0.566607200596969733E+03
    0.223220318638548392E+02    0.136020801567227778E+01    0.994133115037021042E+01    0.744775759332774758E+09    0.113314558338865163E+04   -0.566572791694325815E+03
    0.167361972880271885E+02    0.136390490932623609E+01    0.245647986333688273E+02    0.838106481440867782E+09    0.113306777725587040E+04   -0.566533888627935198E+03
    0.148836189852801422E+02    0.136296663592427070E+01    0.978719545069516350E+01    0.778705250240385175E+09    0.113302834917605378E+04   -0.566514174588026890E+03
    0.222587568220521987E+02    0.136410040872949212E+01    0.187446486992352384E+02    0.711947856647951245E+09    0.113298251519553673E+04   -0.566491257597768367E+03
    0.103293393592154192E+02    0.136404601102028078E+01    0.179066591961935409E+02    0.745459027798487544E+09    0.113297717508084634E+04   -0.566488587540423168E+03
    0.247302341659240703E+02    0.136165426343156248E+01    0.808649964235538832E+01    0.833366323980955005E+09    0.113295673415897591E+04   -0.566478367079487953E+03
    0.174427277947919031E+02    0.135954718350108905E+01    0.142281188640550589E+02    0.875993312230797052E+09    0.113292956279813484E+04   -0.566464781399067419E+03
    0.259570362231371980E+02    0.136468488692871537E+01    0.163384094892559517E+02    0.774359942763482332E+09    0.113286029402799568E+04   -0.566430147013997839E+03
    0.228249431595816716E+02    0.136264504046221613E+01    0.195231030243901813E+02    0.933522332466486096E+09    0.113282720623050818E+04   -0.566413603115254091E+03
    0.257422631004392706E+02    0.136066468429996257E+01    0.841283748057264091E+01    0.846363836831408501E+09    0.113276305575285687E+04   -0.566381527876428436E+03
    0.272548311998993498E+02    0.136313257171119084E+01    0.226617359628980495E+02    0.729912289038272500E+09    0.113273501644444718E+04   -0.566367508222223591E+03
    0.311627656267763236E+02    0.136164533091715301E+01    0.119924070761350308E+02    0.888124931311797142E+09    0.113266503532572369E+04   -0.566332517662861846E+03
    0.261550429109216793E+02    0.136266064068326620E+01    0.953878383830996412E+01    0.863736727330451131E+09    0.113265350724943937E+04   -0.566326753624719686E+03
    0.303311430578032279E+02    0.136293846732331780E+01    0.199718317520893613E+02    0.899996093785377979E+09    0.113260281864589365E+04   -0.566301409322946824E+03
    0.899914984683674923E+01    0.136049181089404447E+01    0.115023420347985965E+02    0.892264805038609385E+09    0.113258510760331637E+04   -0.566292553801658187E+03
    0.154623475688643683E+02    0.136335794042131897E+01    0.205468953207318314E+02    0.709754215084329605E+09    0.113243032241272249E+04   -0.566215161206361245E+03
    0.156724251518454807E+02    0.136465069719624377E+01    0.214505615092716013E+02    0.873883898759910822E+09    0.113241408787728415E+04   -0.566207043938642073E+03
    0.180923985665920384E+02    0.135985373444585944E+01    0.889986350396059755E+01    0.843060624882982731E+09    0.113240942419399266E+04   -0.566204712096996332E+03
    0.176091214727044445E+02    0.136178641252392807E+01    0.105714023698887267E+02    0.731923460486197352E+09    0.113240622023001879E+04   -0.566203110115009395E+03
    0.910337036403354638E+01    0.136028790719026804E+01    0.140131562239178660E+02    0.883961672036224365E+09    0.113239398461931137E+04   -0.566196992309655684E+03
    0.165699937433177418E+02    0.136310857202080582E+01    0.212238040024537682E+02    0.709187890670282483E+09    0.113238183789836216E+04   -0.566190918949181082E+03
    0.791986624622035862E+01    0.136062474346163209E+01    0.151113780634896528E+02    0.774256418809185624E+09    0.113225743503613921E+04   -0.566128717518069607E+03
    0.146288999786816305E+02    0.136446800978294935E+01    0.148109499892368550E+02    0.802239362408447266E+09    0.113221262796361952E+04   -0.566106313981809762E+03
    0.246802580784583299E+02    0.136347008033854067E+01    0.133967434269763075E+02    0.913693040323096156E+09    0.113213104857337771E+04   -0.566065524286688856E+03
    0.177297997327043504E+02    0.136244036566823734E+01    0.229875414835736578E+02    0.744103410303142309E+09    0.113212208989707005E+04   -0.566061044948535027E+03
    0.177297997327043504E+02    0.136244036566823734E+01    0.229875414835736578E+02    0.744103410303142309E+09    0.113212208989707005E+04   -0.566061044948535027E+03
    0.319638927450720693E+02    0.136070143294173684E+01    0.129970454586416508E+02    0.812218735243792415E+09    0.113205770164607702E+04   -0.566028850823038510E+03
    0.100973418537109527E+02    0.136423952803462400E+01    0.185863766595874971E+02    0.888982070648295045E+09    0.113204017459825741E+04   -0.566020087299128704E+03
    0.170310514422888168E+02    0.135994649088848885E+01    0.933123594797737432E+01    0.822303044897525787E+09    0.113200799853278954E+04   -0.566003999266394771E+03
    0.169938978254524464E+02    0.136003705806780539E+01    0.169091316446707332E+02    0.864097026049465775E+09    0.113197119184770509E+04   -0.565985595923852543E+03
    0.169938978254524464E+02    0.136003705806780539E+01    0.169091316446707332E+02    0.864097026049465775E+09    0.113197119184770509E+04   -0.565985595923852543E+03
    0.141737393497931805E+02    0.136189721213245152E+01    0.169320400252629888E+02    0.701690392662515759E+09    0.113192402236926046E+04   -0.565962011184630228E+03
    0.327250129286292832E+02    0.136326245968265392E+01    0.202726369034845604E+02    0.754595870648220301E+09    0.113181318472283965E+04   -0.565906592361419825E+03
    0.284589017336176973E+02    0.136270632544748094E+01    0.127106985620876962E+02    0.737627814501604319E+09    0.113176128113452751E+04   -0.565880640567263754E+03
    0.284589017336176973E+02    0.136270632544748094E+01    0.127106985620876962E+02    0.737627814501604319E+09    0.113176128113452751E+04   -0.565880640567263754E+03
    0.263751849337739870E+02    0.136302088869762184E+01    0.188230180235115085E+02    0.698523637180562615E+09    0.113175339119033788E+04   -0.565876695595168940E+03
    0.221291524144254232E+02    0.136108767564986977E+01    0.201696786185507548E+02    0.747163748157913208E+09    0.113172927512581373E+04   -0.565864637562906864E+03
    0.283431638823700318E+02    0.136430851567818601E+01    0.161713730585583413E+02    0.809355201207847238E+09    0.113170860828250215E+04   -0.565854304141251077E+03
    0.283431638823700318E+02    0.136430851567818601E+01    0.161713730585583413E+02    0.809355201207847238E+09    0.113170860828250215E+04   -0.565854304141251077E+03
    0.216649808403029809E+02    0.136087350094586190E+01    0.204337544173709915E+02    0.815718964778307080E+09    0.113169084908199284E+04   -0.565845424540996419E+03
    0.299061994711729078E+02    0.136042557458176039E+01    0.151319191377743714E+02    0.840061171877159953E+09    0.113163303666153115E+04   -0.565816518330765575E+03
    0.254354499934576097E+02    0.136164926676238252E+01    0.161144744551286543E+02    0.921320124840706348E+09    0.113163138948477877E+04   -0.565815694742389383E+03
    0.254354499934576097E+02    0.136164926676238252E+01    0.161144744551286543E+02    0.921320124840706348E+09    0.113163138948477877E+04   -0.565815694742389383E+03
    0.222625983639642975E+02    0.136118287086061018E+01    0.166769184033272069E+02    0.705550922107046843E+09    0.113160249164964443E+04   -0.565801245824822217E+03
    0.105828252174829789E+02    0.136100242546169214E+01    0.154825353366115301E+02    0.907294243925147772E+09    0.113155462180578070E+04   -0.565777310902890349E+03
    0.188006790890489377E+02    0.136348084817961568E+01    0.149139670201924233E+02    0.928534430097683668E+09    0.113154619530183868E+04   -0.565773097650919340E+03
    0.554213154311728573E+01    0.136133054465627690E+01    0.158783368424251723E+02    0.860809037442194819E+09    0.113146397241791351E+04   -0.565731986208956755E+03
    0.166045783498084560E+02    0.136355702227974884E+01    0.213627801777050337E+02    0.731937922883548498E+09    0.113144476418013846E+04   -0.565722382090069232E+03
    0.166045783498084560E+02    0.136355702227974884E+01    0.213627801777050337E+02    0.731937922883548498E+09    0.113144476418013846E+04   -0.565722382090069232E+03
    0.294275092900210424E+02    0.136425466966975462E+01    0.169251194897807160E+02    0.834540197678911090E+09    0.113143776563627671E+04   -0.565718882818138354E+03
    0.983337702714072392E+01    0.136233826916424561E+01    0.217914071023203384E+02    0.831840641492304444E+09    0.113143237564000196E+04   -0.565716187820000982E+03
    0.983337702714072392E+01    0.136233826916424561E+01    0.217914071023203384E+02    0.831840641492304444E+09    0.113143237564000196E+04   -0.565716187820000982E+03
    0.327510623395917548E+02    0.136369893628357763E+01    0.181996030431824423E+02    0.840148771133019209E+09    0.113142459822721480E+04   -0.565712299113607401E+03
    0.109887158607896893E+02    0.136428800090571545E+01    0.164575475877373805E+02    0.875663910069582343E+09    0.113141606799776559E+04   -0.565708033998882797E+03
    0.573789434320035951E+01    0.136321885300376922E+01    0.164754386126617298E+02    0.787831271635748029E+09    0.113140661735671802E+04   -0.565703308678359008E+03
    0.958841119843324918E+01    0.136387147184928859E+01    0.151359133718017258E+02    0.793988150268876314E+09    0.113140606265692122E+04   -0.565703031328460611E+03
    0.187340388641718967E+02    0.136276258588603327E+01    0.950190844229417486E+01    0.832102816787226200E+09    0.113137472826233511E+04   -0.565687364131167556E+03
    0.166790361667618612E+02    0.136370148966948190E+01    0.115949991012875984E+02    0.831781373386462688E+09    0.113133929658552620E+04   -0.565669648292763100E+03
    0.223153488222167837E+02    0.136273681301056770E+01    0.968091700251077114E+01    0.833339764207438469E+09    0.113129433664742419E+04   -0.565647168323712094E+03
    0.109308804398497941E+02    0.136151790241870785E+01    0.101835364156131938E+02    0.883357336727968693E+09    0.113126714406890187E+04   -0.565633572034450935E+03
    0.240180862858980397E+02    0.136072895947112338E+01    0.917195285238089930E+01    0.834949598813327551E+09    0.113120663340190822E+04   -0.565603316700954110E+03
    0.240180862858980397E+02    0.136072895947112338E+01    0.917195285238089930E+01    0.834949598813327551E+09    0.113120663340190822E+04   -0.565603316700954110E+03
    0.270868494457305111E+02    0.136163054053009547E+01    0.147252989181974687E+02    0.911245068685103178E+09    0.113116728204633318E+04   -0.565583641023166592E+03
    0.258699210173053089E+02    0.136438195319360478E+01    0.162910971869172521E+02    0.806895499535911918E+09    0.113111379509025733E+04   -0.565556897545128663E+03
    0.868437300851623206E+01    0.136408049346630289E+01    0.179800371564688639E+02    0.841503750158056021E+09    0.113103365391044917E+04   -0.565516826955224587E+03
    0.269090657816260794E+02    0.136439843913706582E+01    0.192954020333617393E+02    0.806249640225789070E+09    0.113103267119957036E+04   -0.565516335599785180E+03
    0.254927980711746507E+02    0.136037669681560214E+01    0.106707645636188548E+02    0.795390711257558942E+09    0.113102798556656126E+04   -0.565513992783280628E+03
    0.143628508349276451E+02    0.136464122282837685E+01    0.187220515307066613E+02    0.826585472423868537E+09    0.113102783325894529E+04   -0.565513916629472646E+03
    0.245617291345360549E+02    0.136169869442044944E+01    0.939169809655349042E+01    0.824850135647516847E+09    0.113099378577072412E+04   -0.565496892885362058E+03
    0.249771568376924940E+02    0.136301492582855399E+01    0.232710594053936362E+02    0.839474311527807117E+09    0.113097427084897186E+04   -0.565487135424485928E+03
    0.249771568376924940E+02    0.136301492582855399E+01    0.232710594053936362E+02    0.839474311527807117E+09    0.113097427084897186E+04   -0.565487135424485928E+03
    0.800595991501063864E+01    0.136270298604870743E+01    0.151776758782769026E+02    0.756171975290845871E+09    0.113096333226978959E+04   -0.565481666134894795E+03
    0.800595991501063864E+01    0.136270298604870743E+01    0.151776758782769026E+02    0.756171975290845871E+09    0.113096333226978959E+04   -0.565481666134894795E+03
    0.302119606767587427E+02    0.136329093519706945E+01    0.142071965355677925E+02    0.873574904032784104E+09    0.113093586623709643E+04   -0.565467933118548217E+03
    0.628241112645850741E+01    0.136118642184087557E+01    0.139840523143510662E+02    0.837895953531404376E+09    0.113092851959752443E+04   -0.565464259798762214E+03
    0.628241112645850741E+01    0.136118642184087557E+01    0.139840523143510662E+02    0.837895953531404376E+09    0.113092851959752443E+04   -0.565464259798762214E+03
    0.166377461774730229E+02    0.136435951550208689E+01    0.216739120285269493E+02    0.816079141881936312E+09    0.113092430794149891E+04   -0.565462153970749455E+03
    0.139814188954713892E+02    0.136025614902837200E+01    0.166866429284699400E+02    0.821704114985464454E+09    0.113092319052029256E+04   -0.565461595260146282E+03
    0.139814188954713892E+02    0.136025614902837200E+01    0.166866429284699400E+02    0.821704114985464454E+09    0.113092319052029256E+04   -0.565461595260146282E+03
    0.236686498978719975E+02    0.136111406121590806E+01    0.966154632418494153E+01    0.872549492967816353E+09    0.113088429305165482E+04   -0.565442146525827411E+03
    0.236686498978719975E+02    0.136111406121590806E+01    0.966154632418494153E+01    0.872549492967816353E+09    0.113088429305165482E+04   -0.565442146525827411E+03
    0.228823934886193641E+02    0.136180861272730414E+01    0.934870207621183802E+01    0.863061821190416217E+09    0.113086936918292645E+04   -0.565434684591463224E+03
    0.169002160585899190E+02    0.136036125446423184E+01    0.150803039593942625E+02    0.891540384386946082E+09    0.113077275039134747E+04   -0.565386375195673736E+03
    0.169002160585899190E+02    0.136036125446423184E+01    0.150803039593942625E+02    0.891540384386946082E+09    0.113077275039134747E+04   -0.565386375195673736E+03
    0.293861064078627763E+02    0.136186255953538837E+01    0.111933482596425264E+02    0.821279731823862433E+09    0.113076688666800123E+04   -0.565383443334000617E+03
    0.163792760880354002E+02    0.136097367062541896E+01    0.108791105214363188E+02    0.902382826110067129E+09    0.113075661704729350E+04   -0.565378308523646751E+03
    0.105577881063810466E+02    0.136401219256107553E+01    0.159400581045400926E+02    0.812283223928089857E+09    0.113075060829984227E+04   -0.565375304149921135E+03
    0.702474291587335031E+01    0.136300479214395587E+01    0.151063263812258146E+02    0.891568609973465919E+09    0.113074910303441970E+04   -0.565374551517209852E+03
    0.199997471602500454E+02    0.136314736439857120E+01    0.107742655662013735E+02    0.870957649816752672E+09    0.113072141646450336E+04   -0.565360708232251682E+03
    0.138048285820207610E+02    0.136405556244747017E+01    0.141130403155165869E+02    0.868127017729537129E+09    0.113070501329256444E+04   -0.565352506646282222E+03
    0.115255781220256264E+02    0.136114915777900136E+01    0.178937816173218174E+02    0.882549870545902729E+09    0.113069036748801932E+04   -0.565345183744009660E+03
    0.115255781220256264E+02    0.136114915777900136E+01    0.178937816173218174E+02    0.882549870545902729E+09    0.113069036748801932E+04   -0.565345183744009660E+03
    0.294670725934512703E+02    0.136220988062183634E+01    0.196086732294612247E+02    0.873182555019306540E+09    0.113067766343335302E+04   -0.565338831716676509E+03
    0.192033895811505708E+02    0.136191116611157614E+01    0.129204362495940526E+02    0.924298817405691028E+09    0.113063055470465542E+04   -0.565315277352327712E+03
    0.126206313744668499E+02    0.136353562616149859E+01    0.223945547985033855E+02    0.841094533766300678E+09    0.113062014565243408E+04   -0.565310072826217038E+03
    0.320819822739707945E+02    0.136158717409474561E+01    0.150618304062798387E+02    0.764094392019297361E+09    0.113057504778260750E+04   -0.565287523891303749E+03
    0.145228896146039919E+02    0.136054929985377315E+01    0.176209257310931946E+02    0.808980729209716678E+09    0.113053256429861062E+04   -0.565266282149305312E+03
    0.145228896146039919E+02    0.136054929985377315E+01    0.176209257310931946E+02    0.808980729209716678E+09    0.113053256429861062E+04   -0.565266282149305312E+03
    0.132199597993804741E+02    0.136361340683373289E+01    0.126307580657302907E+02    0.864494655797042489E+09    0.113046315488918799E+04   -0.565231577444593995E+03
    0.243704853593120703E+02    0.136265215071628587E+01    0.124081118974950435E+02    0.903503755924391389E+09    0.113042218770561203E+04   -0.565211093852806016E+03
    0.243704853593120703E+02    0.136265215071628587E+01    0.124081118974950435E+02    0.903503755924391389E+09    0.113042218770561203E+04   -0.565211093852806016E+03
    0.191302104417241949E+02    0.136023622018746204E+01    0.109004213016896827E+02    0.869992656220647812E+09    0.113040750862511686E+04   -0.565203754312558431E+03
    0.141161487825997156E+02    0.136325550098234438E+01    0.227151514172906133E+02    0.815318632993227720E+09    0.113034568883915063E+04   -0.565172844419575313E+03
    0.141161487825997156E+02    0.136325550098234438E+01    0.227151514172906133E+02    0.815318632993227720E+09    0.113034568883915063E+04   -0.565172844419575313E+03
    0.161089342099385924E+02    0.136214670090497991E+01    0.131934481437921498E+02    0.923029215798948526E+09    0.113033303617122601E+04   -0.565166518085613006E+03
    0.161089342099385924E+02    0.136214670090497991E+01    0.131934481437921498E+02    0.923029215798948526E+09    0.113033303617122601E+04   -0.565166518085613006E+03
    0.301877254384526523E+02    0.136178837470385128E+01    0.184369746071400371E+02    0.859181839406748056E+09    0.113033038847191347E+04   -0.565165194235956733E+03
    0.301877254384526523E+02    0.136178837470385128E+01    0.184369746071400371E+02    0.859181839406748056E+09    0.113033038847191347E+04   -0.565165194235956733E+03
    0.121943412017419544E+02    0.136155316546145544E+01    0.199597796873049624E+02    0.798290083206626296E+09    0.113029801205568924E+04   -0.565149006027844621E+03
    0.115066245321449401E+02    0.136246051988605044E+01    0.199114432062937539E+02    0.751149666952581882E+09    0.113025234616044918E+04   -0.565126173080224589E+03
    0.115066245321449401E+02    0.136246051988605044E+01    0.199114432062937539E+02    0.751149666952581882E+09    0.113025234616044918E+04   -0.565126173080224589E+03
    0.187114561130999526E+02    0.136154786288943597E+01    0.192723603082455384E+02    0.736288118680871248E+09    0.113024613771049917E+04   -0.565123068855249585E+03
    0.110582646864265310E+02    0.136333763247591744E+01    0.185817032652245722E+02    0.903370413749990463E+09    0.113023946314119189E+04   -0.565119731570595945E+03
    0.112976664871120658E+02    0.136058718403690859E+01    0.148361258974321704E+02    0.786592448083433986E+09    0.113023513697509861E+04   -0.565117568487549306E+03
    0.168615450552147053E+02    0.136076351436652865E+01    0.187127741315649097E+02    0.793668884054365754E+09    0.113021665196503000E+04   -0.565108325982514998E+03
    0.255712055325055907E+02    0.136299771194408881E+01    0.199932577755949410E+02    0.726758127149675131E+09    0.113020688806839712E+04   -0.565103444034198560E+03
    0.151330241512600878E+02    0.136407445277850070E+01    0.157096016225114106E+02    0.777624431055551291E+09    0.113020536580570615E+04   -0.565102682902853076E+03
    0.151330241512600878E+02    0.136407445277850070E+01    0.157096016225114106E+02    0.777624431055551291E+09    0.113020536580570615E+04   -0.565102682902853076E+03
    0.186307000443919861E+02    0.136119615900602375E+01    0.102548910835188636E+02    0.888520322525445580E+09    0.113019922603661826E+04   -0.565099613018309128E+03
    0.119901986048878051E+02    0.136326886186469221E+01    0.128140660822805117E+02    0.884835336494778514E+09    0.113015156361366576E+04   -0.565075781806832879E+03
    0.119901986048878051E+02    0.136326886186469221E+01    0.128140660822805117E+02    0.884835336494778514E+09    0.113015156361366576E+04   -0.565075781806832879E+03
    0.183063040644626582E+02    0.136154029817250666E+01    0.193722410925940629E+02    0.740527158158569336E+09    0.113011383650063772E+04   -0.565056918250318859E+03
    0.115423473403009602E+02    0.136129809580489902E+01    0.112439180810424002E+02    0.881424685475896001E+09    0.113010405689764593E+04   -0.565052028448822966E+03
    0.143403355974795730E+02    0.136169939189265654E+01    0.189844865112903847E+02    0.743898895862993240E+09    0.113010125725323905E+04   -0.565050628626619527E+03
    0.143403355974795730E+02    0.136169939189265654E+01    0.189844865112903847E+02    0.743898895862993240E+09    0.113010125725323905E+04   -0.565050628626619527E+03
    0.283963452222268877E+02    0.136296405554632694E+01    0.204868571939575013E+02    0.745766376215364814E+09    0.113009670474746099E+04   -0.565048352373730495E+03
    0.135746662989294578E+02    0.136173619006727531E+01    0.189631512118843801E+02    0.893696228898880601E+09    0.113008586514652575E+04   -0.565042932573262874E+03
    0.217674960793371746E+02    0.136220249322389475E+01    0.152589470717624653E+02    0.923095586916822314E+09    0.113006808630518572E+04   -0.565034043152592858E+03
    0.217674960793371746E+02    0.136220249322389475E+01    0.152589470717624653E+02    0.923095586916822314E+09    0.113006808630518572E+04   -0.565034043152592858E+03
    0.216392355695727723E+02    0.136001211668692634E+01    0.134651512919834992E+02    0.829255807995225549E+09    0.113006001710316582E+04   -0.565030008551582910E+03
    0.216392355695727723E+02    0.136001211668692634E+01    0.134651512919834992E+02    0.829255807995225549E+09    0.113006001710316582E+04   -0.565030008551582910E+03
    0.856596924268442805E+01    0.136149146499426665E+01    0.147566230380552419E+02    0.885957861727386475E+09    0.113005309714948044E+04   -0.565026548574740218E+03
    0.316189756945515761E+02    0.136337321840422732E+01    0.162200378963289680E+02    0.821262659985008121E+09    0.113003516135798668E+04   -0.565017580678993340E+03
    0.129699293540861706E+02    0.136378809093544251E+01    0.210241384456969520E+02    0.863341790771142960E+09    0.112998372447874362E+04   -0.564991862239371812E+03
    0.234931693544514815E+02    0.136323978968769177E+01    0.119459549611969145E+02    0.808979037857395530E+09    0.112995444830600900E+04   -0.564977224153004499E+03
    0.234931693544514815E+02    0.136323978968769177E+01    0.119459549611969145E+02    0.808979037857395530E+09    0.112995444830600900E+04   -0.564977224153004499E+03
    0.234059008066152749E+02    0.136032785870895623E+01    0.120908335189164493E+02    0.859190670517878413E+09    0.112989862607955229E+04   -0.564949313039776143E+03
    0.234059008066152749E+02    0.136032785870895623E+01    0.120908335189164493E+02    0.859190670517878413E+09    0.112989862607955229E+04   -0.564949313039776143E+03
    0.316055909250607385E+02    0.136164858274376988E+01    0.150697864247018636E+02    0.812964619351221323E+09    0.112988475638754471E+04   -0.564942378193772356E+03
    0.713095411039490301E+01    0.136237510232336034E+01    0.174760186419476753E+02    0.806343979583466768E+09    0.112984351387742163E+04   -0.564921756938710814E+03
    0.713095411039490301E+01    0.136237510232336034E+01    0.174760186419476753E+02    0.806343979583466768E+09    0.112984351387742163E+04   -0.564921756938710814E+03
    0.216983532965197945E+02    0.136015726906063805E+01    0.144639754323373477E+02    0.810063959164263129E+09    0.112984303440993835E+04   -0.564921517204969177E+03
    0.272621807178809199E+02    0.136302750843982712E+01    0.161480413150023345E+02    0.900310356492212415E+09    0.112983869248824021E+04   -0.564919346244120106E+03
    0.103549459585273222E+02    0.136210226180329541E+01    0.178460082648843681E+02    0.754135891501900434E+09    0.112983336309900483E+04   -0.564916681549502414E+03
    0.196168446346900183E+02    0.136382064007080550E+01    0.192643533960037985E+02    0.743755335087298989E+09    0.112975535301661944E+04   -0.564877676508309719E+03
    0.193318443164615026E+02    0.136285327797771738E+01    0.228523065776289904E+02    0.787692127615664840E+09    0.112975135589621868E+04   -0.564875677948109342E+03
    0.162649485103413234E+02    0.136043707125882518E+01    0.142125603471058870E+02    0.765990682441159725E+09    0.112971166269921423E+04   -0.564855831349607115E+03
    0.162649485103413234E+02    0.136043707125882518E+01    0.142125603471058870E+02    0.765990682441159725E+09    0.112971166269921423E+04   -0.564855831349607115E+03
    0.155847690097840932E+02    0.136325560702573778E+01    0.121661862662458127E+02    0.878180725171445727E+09    0.112967288882917751E+04   -0.564836444414588755E+03
    0.175097729502410218E+02    0.136066668502529109E+01    0.171658437380097730E+02    0.866329453109128833E+09    0.112965837668090307E+04   -0.564829188340451537E+03
    0.175097729502410218E+02    0.136066668502529109E+01    0.171658437380097730E+02    0.866329453109128833E+09    0.112965837668090307E+04   -0.564829188340451537E+03
    0.294952582486764854E+02    0.136172591242492613E+01    0.143376637513567697E+02    0.755715592159264088E+09    0.112963775777496176E+04   -0.564818878887480878E+03
    0.223544081925503306E+02    0.136246669516199437E+01    0.132458745768429971E+02    0.909981240409572363E+09    0.112962363497714045E+04   -0.564811817488570227E+03
    0.223544081925503306E+02    0.136246669516199437E+01    0.132458745768429971E+02    0.909981240409572363E+09    0.112962363497714045E+04   -0.564811817488570227E+03
    0.147557851862953662E+02    0.136218038943543518E+01    0.214831574525999969E+02    0.839841831178721786E+09    0.112960178087674490E+04   -0.564800890438372448E+03
    0.147557851862953662E+02    0.136218038943543518E+01    0.214831574525999969E+02    0.839841831178721786E+09    0.112960178087674490E+04   -0.564800890438372448E+03
    0.305472772991284103E+02    0.136197251302557576E+01    0.135950850685298796E+02    0.812219206219753623E+09    0.112955995349161731E+04   -0.564779976745808654E+03
    0.305472772991284103E+02    0.136197251302557576E+01    0.135950850685298796E+02    0.812219206219753623E+09    0.112955995349161731E+04   -0.564779976745808654E+03
    0.683622411253251716E+01    0.136260628749439805E+01    0.147108435758687985E+02    0.839312143365908861E+09    0.112954334960890537E+04   -0.564771674804452687E+03
    0.145692897591906654E+02    0.136394971009672084E+01    0.190119176490779012E+02    0.771592486859323621E+09    0.112950714685073126E+04   -0.564753573425365630E+03
    0.145692897591906654E+02    0.136394971009672084E+01    0.190119176490779012E+02    0.771592486859323621E+09    0.112950714685073126E+04   -0.564753573425365630E+03
    0.175250386906560465E+02    0.136283742334036839E+01    0.115772017053046881E+02    0.885460427020846605E+09    0.112948835461339149E+04   -0.564744177306695747E+03
    0.175250386906560465E+02    0.136283742334036839E+01    0.115772017053046881E+02    0.885460427020846605E+09    0.112948835461339149E+04   -0.564744177306695747E+03
    0.148547501780660927E+02    0.136132107694385929E+01    0.166081111210324188E+02    0.898881162870456100E+09    0.112947727075830744E+04   -0.564738635379153720E+03
    0.148547501780660927E+02    0.136132107694385929E+01    0.166081111210324188E+02    0.898881162870456100E+09    0.112947727075830744E+04   -0.564738635379153720E+03
    0.239239781153058928E+02    0.136132904793795362E+01    0.108508473465392559E+02    0.866191424566223979E+09    0.112943981270278255E+04   -0.564719906351391273E+03
    0.239239781153058928E+02    0.136132904793795362E+01    0.108508473465392559E+02    0.866191424566223979E+09    0.112943981270278255E+04   -0.564719906351391273E+03
    0.282228701035934328E+02    0.136379648220780370E+01    0.193003434820291595E+02    0.797598453497739553E+09    0.112943921521185280E+04   -0.564719607605926399E+03
    0.126810818965581031E+02    0.136204795323291794E+01    0.108289951731783045E+02    0.838207412884356856E+09    0.112943521380234620E+04   -0.564717606901173099E+03
    0.258655113245769890E+02    0.136169886675915497E+01    0.198355618478146170E+02    0.767760757823573828E+09    0.112940547683896762E+04   -0.564702738419483808E+03
    0.234501289756687186E+02    0.136164364504632807E+01    0.198324739195117630E+02    0.862257957990126848E+09    0.112940393999195135E+04   -0.564701969995975674E+03
    0.271665279363358323E+02    0.136347526283483744E+01    0.148352412067916557E+02    0.770692524603891611E+09    0.112938271896754986E+04   -0.564691359483774932E+03
    0.116076789318122398E+02    0.136211252799109506E+01    0.113720721132711979E+02    0.828149764461802483E+09    0.112937405712195414E+04   -0.564687028560977069E+03
    0.116076789318122398E+02    0.136211252799109506E+01    0.113720721132711979E+02    0.828149764461802483E+09    0.112937405712195414E+04   -0.564687028560977069E+03
    0.161160972846282817E+02    0.136335893824239363E+01    0.167939261487334477E+02    0.738460866577544689E+09    0.112933141620655579E+04   -0.564665708103277893E+03
    0.161160972846282817E+02    0.136335893824239363E+01    0.167939261487334477E+02    0.738460866577544689E+09    0.112933141620655579E+04   -0.564665708103277893E+03
    0.212604381978378534E+02    0.136027219317257164E+01    0.123586486999588736E+02    0.842296201250449538E+09    0.112932060122185203E+04   -0.564660300610926015E+03
    0.212604381978378534E+02    0.136027219317257164E+01    0.123586486999588736E+02    0.842296201250449538E+09    0.112932060122185203E+04   -0.564660300610926015E+03
    0.109421396304038900E+02    0.136261027621942632E+01    0.198621741568373551E+02    0.773978103396928787E+09    0.112930144932271514E+04   -0.564650724661357572E+03
    0.178920176494692065E+02    0.136412085076611289E+01    0.172683485938119397E+02    0.777310906454141140E+09    0.112925963785597969E+04   -0.564629818927989845E+03
    0.227073218523683877E+02    0.136283415394082308E+01    0.206229986583869085E+02    0.886628220982921362E+09    0.112925106572599088E+04   -0.564625532862995442E+03
    0.195024720729155234E+02    0.136435396842019308E+01    0.188477515084089333E+02    0.829945844321053505E+09    0.112922122619786114E+04   -0.564610613098930571E+03
    0.160294110794836300E+02    0.136066593861702345E+01    0.114220204373036101E+02    0.866017952034136057E+09    0.112920893203346350E+04   -0.564604466016731749E+03
    0.160294110794836300E+02    0.136066593861702345E+01    0.114220204373036101E+02    0.866017952034136057E+09    0.112920893203346350E+04   -0.564604466016731749E+03
    0.268686378896876761E+02    0.136256719488169487E+01    0.212750241909355964E+02    0.790231192538411736E+09    0.112920103847953692E+04   -0.564600519239768460E+03
    0.268686378896876761E+02    0.136256719488169487E+01    0.212750241909355964E+02    0.790231192538411736E+09    0.112920103847953692E+04   -0.564600519239768460E+03
    0.184347379763623991E+02    0.136301354321474388E+01    0.150070895978391015E+02    0.734789737641999841E+09    0.112919601313924977E+04   -0.564598006569624886E+03
    0.184347379763623991E+02    0.136301354321474388E+01    0.150070895978391015E+02    0.734789737641999841E+09    0.112919601313924977E+04   -0.564598006569624886E+03
    0.117482960621766637E+02    0.136308956383030200E+01    0.170150435424895434E+02    0.754206480214131713E+09    0.112914825372407472E+04   -0.564574126862037360E+03
    0.778653391018522090E+01    0.136255693726013694E+01    0.179350743151052079E+02    0.856640940972357035E+09    0.112914533408257603E+04   -0.564572667041288014E+03
    0.778653391018522090E+01    0.136255693726013694E+01    0.179350743151052079E+02    0.856640940972357035E+09    0.112914533408257603E+04   -0.564572667041288014E+03
    0.138199141251271165E+02    0.136280451446789974E+01    0.118164517983685879E+02    0.869540619440945029E+09    0.112912843156347094E+04   -0.564564215781735470E+03
    0.138199141251271165E+02    0.136280451446789974E+01    0.118164517983685879E+02    0.869540619440945029E+09    0.112912843156347094E+04   -0.564564215781735470E+03
    0.163203170406074527E+02    0.136158144558356642E+01    0.128281263151465090E+02    0.750001922929109335E+09    0.112910868297600177E+04   -0.564554341488000887E+03
    0.110049316384287632E+02    0.136210572291806797E+01    0.186513055069270024E+02    0.877874608288778543E+09    0.112908557680712488E+04   -0.564542788403562440E+03
    0.201536966960708774E+02    0.136212954032937850E+01    0.214892567212811798E+02    0.794146977612934828E+09    0.112907081599656613E+04   -0.564535407998283063E+03
    0.133736587630145198E+02    0.136149938687012217E+01    0.181051439699377603E+02    0.875728310259168386E+09    0.112903142261730591E+04   -0.564515711308652953E+03
    0.279455050363286333E+02    0.136290809771709021E+01    0.134069156681293151E+02    0.810429065258440137E+09    0.112902334941856066E+04   -0.564511674709280328E+03
    0.961030424345794643E+01    0.136126400376740420E+01    0.144775749058615233E+02    0.824230550210178971E+09    0.112902268338444719E+04   -0.564511341692223596E+03
    0.961030424345794643E+01    0.136126400376740420E+01    0.144775749058615233E+02    0.824230550210178971E+09    0.112902268338444719E+04   -0.564511341692223596E+03
    0.242516905057829923E+02    0.136318347395725947E+01    0.207935366128626384E+02    0.873592264144282103E+09    0.112902253661064151E+04   -0.564511268305320755E+03
    0.124674005547776439E+02    0.136389138152213096E+01    0.166231063256892746E+02    0.824270482230657816E+09    0.112901856218386865E+04   -0.564509281091934326E+03
    0.245224028984753666E+02    0.136108566106389639E+01    0.180945975413117992E+02    0.811217672480194330E+09    0.112901595524520644E+04   -0.564507977622603221E+03
    0.245224028984753666E+02    0.136108566106389639E+01    0.180945975413117992E+02    0.811217672480194330E+09    0.112901595524520644E+04   -0.564507977622603221E+03
    0.157376375073922681E+02    0.136284102747962543E+01    0.215852375075140266E+02    0.775046997646074295E+09    0.112899065802795440E+04   -0.564495329013977198E+03
    0.157376375073922681E+02    0.136284102747962543E+01    0.215852375075140266E+02    0.775046997646074295E+09    0.112899065802795440E+04   -0.564495329013977198E+03
    0.183636373770310577E+02    0.136031955839838981E+01    0.131833521817156871E+02    0.820186632239177585E+09    0.112898171129049479E+04   -0.564490855645247393E+03
    0.154701132202783587E+02    0.136274269484031585E+01    0.216965516335338933E+02    0.789656702913546920E+09    0.112896751519674626E+04   -0.564483757598373131E+03
    0.175761064271804379E+02    0.136394394717556100E+01    0.153394818532955579E+02    0.871115905200357318E+09    0.112894148308159879E+04   -0.564470741540799395E+03
    0.175761064271804379E+02    0.136394394717556100E+01    0.153394818532955579E+02    0.871115905200357318E+09    0.112894148308159879E+04   -0.564470741540799395E+03
    0.171550891115680066E+02    0.136417911729232877E+01    0.187228906282025598E+02    0.859395849888733506E+09    0.112893819184370113E+04   -0.564469095921850567E+03
    0.858852041943860911E+01    0.136275883120896779E+01    0.178934053209214277E+02    0.809678240994287729E+09    0.112893164808630218E+04   -0.564465824043151088E+03
    0.858852041943860911E+01    0.136275883120896779E+01    0.178934053209214277E+02    0.809678240994287729E+09    0.112893164808630218E+04   -0.564465824043151088E+03
    0.152550252803251407E+02    0.136205069091239706E+01    0.204208339419430551E+02    0.776043369892763972E+09    0.112889268805663687E+04   -0.564446344028318435E+03
    0.217088947667475267E+02    0.136199516724745173E+01    0.185167821093469378E+02    0.894439106344441414E+09    0.112886320546270053E+04   -0.564431602731350267E+03
    0.117813340267660127E+02    0.136105819753634560E+01    0.143961448186810088E+02    0.791068485072582960E+09    0.112886224810529166E+04   -0.564431124052645828E+03
    0.180044648015334801E+02    0.136398549031877314E+01    0.159311468318187792E+02    0.794234775273932099E+09    0.112884394272750774E+04   -0.564421971363753869E+03
    0.180044648015334801E+02    0.136398549031877314E+01    0.159311468318187792E+02    0.794234775273932099E+09    0.112884394272750774E+04   -0.564421971363753869E+03
    0.296678702301286243E+02    0.136340056469074189E+01    0.170683651477008063E+02    0.831701827889236093E+09    0.112883977717357334E+04   -0.564419888586786669E+03
    0.203830876860796550E+02    0.136389809176096555E+01    0.144944080221972698E+02    0.839408488256681919E+09    0.112883861435558515E+04   -0.564419307177792575E+03
    0.131478805608930909E+02    0.136258307143538704E+01    0.133862314865609395E+02    0.767335909709932327E+09    0.112881847651648013E+04   -0.564409238258240066E+03
    0.153543306541444018E+02    0.136380636061937133E+01    0.207298218657355484E+02    0.827888056906027317E+09    0.112880095350442548E+04   -0.564400476752212739E+03
    0.153543306541444018E+02    0.136380636061937133E+01    0.207298218657355484E+02    0.827888056906027317E+09    0.112880095350442548E+04   -0.564400476752212739E+03
    0.237926900758532263E+02    0.136169962054112226E+01    0.199848426293478667E+02    0.797604784509884953E+09    0.112877956369233425E+04   -0.564389781846167125E+03
    0.237926900758532263E+02    0.136169962054112226E+01    0.199848426293478667E+02    0.797604784509884953E+09    0.112877956369233425E+04   -0.564389781846167125E+03
    0.282855563744316640E+02    0.136156345242813370E+01    0.133189489694946648E+02    0.795073332540475488E+09    0.112876612438327356E+04   -0.564383062191636782E+03
    0.227720865493769686E+02    0.136126633164286481E+01    0.151336634781354196E+02    0.743470091249702692E+09    0.112876042484021264E+04   -0.564380212420106318E+03
    0.183229299296724903E+02    0.136048968676269966E+01    0.134191113249670479E+02    0.786762484473853707E+09    0.112875289816496183E+04   -0.564376449082480917E+03
    0.288366221867658155E+02    0.136200747966656732E+01    0.157330088562119776E+02    0.868465391148324013E+09    0.112874423238335999E+04   -0.564372116191679993E+03
    0.175134782529157071E+02    0.136085621785755029E+01    0.111040736556492465E+02    0.853712810731328249E+09    0.112872700984121002E+04   -0.564363504920605010E+03
    0.175134782529157071E+02    0.136085621785755029E+01    0.111040736556492465E+02    0.853712810731328249E+09    0.112872700984121002E+04   -0.564363504920605010E+03
    0.156310522601639406E+02    0.136207301794663072E+01    0.205157942205345982E+02    0.784973120220344543E+09    0.112867297392375463E+04   -0.564336486961877313E+03
    0.142625418098387637E+02    0.136084570643903824E+01    0.118840184359828438E+02    0.834294435850616097E+09    0.112866927144783540E+04   -0.564334635723917700E+03
    0.257443637954084465E+02    0.136093362380587446E+01    0.128814535557701504E+02    0.819291904051697850E+09    0.112866036114251824E+04   -0.564330180571259120E+03
    0.257443637954084465E+02    0.136093362380587446E+01    0.128814535557701504E+02    0.819291904051697850E+09    0.112866036114251824E+04   -0.564330180571259120E+03
    0.224711062208094141E+02    0.136135869352551353E+01    0.189407095314742016E+02    0.844200724798716187E+09    0.112863175166360816E+04   -0.564315875831804078E+03
    0.224711062208094141E+02    0.136135869352551353E+01    0.189407095314742016E+02    0.844200724798716187E+09    0.112863175166360816E+04   -0.564315875831804078E+03
    0.163078276239715869E+02    0.136073138762080181E+01    0.120223995295442148E+02    0.860408077336545467E+09    0.112862183405239512E+04   -0.564310917026197558E+03
    0.175997152334424634E+02    0.136346960762525904E+01    0.204181246992087253E+02    0.878470283521468639E+09    0.112860674993521798E+04   -0.564303374967608988E+03
    0.113846010621189127E+02    0.136126646856894795E+01    0.148276780681758531E+02    0.797445080359749317E+09    0.112858398003653156E+04   -0.564291990018265778E+03
    0.113846010621189127E+02    0.136126646856894795E+01    0.148276780681758531E+02    0.797445080359749317E+09    0.112858398003653156E+04   -0.564291990018265778E+03
    0.164361115207677599E+02    0.136127225487379344E+01    0.187374022512551370E+02    0.837180448592419624E+09    0.112858206027060623E+04   -0.564291030135303117E+03
    0.118313851663304987E+02    0.136099016976258369E+01    0.143833609325787180E+02    0.854523731022145033E+09    0.112858038531961574E+04   -0.564290192659807872E+03
    0.209623861368472930E+02    0.136375068872357197E+01    0.208192168610880692E+02    0.854384846937644005E+09    0.112857819059377925E+04   -0.564289095296889627E+03
    0.220913423099999022E+02    0.136403528911399485E+01    0.190527859023119319E+02    0.793394616805985093E+09    0.112856916805137917E+04   -0.564284584025689583E+03
    0.220913423099999022E+02    0.136403528911399485E+01    0.190527859023119319E+02    0.793394616805985093E+09    0.112856916805137917E+04   -0.564284584025689583E+03
    0.257573032602254059E+02    0.136365029827248807E+01    0.199020139988547911E+02    0.805463094851777911E+09    0.112855782422221046E+04   -0.564278912111105228E+03
    0.162170010404495315E+02    0.136108734784044016E+01    0.110602552082977699E+02    0.845713774407863498E+09    0.112855558919722262E+04   -0.564277794598611308E+03
    0.162170010404495315E+02    0.136108734784044016E+01    0.110602552082977699E+02    0.845713774407863498E+09    0.112855558919722262E+04   -0.564277794598611308E+03
    0.139777692461559973E+02    0.136266348364318701E+01    0.199873033316572979E+02    0.878263989309323430E+09    0.112855406694397470E+04   -0.564277033471987352E+03
    0.254399083819927192E+02    0.136134509030664486E+01    0.128201016542552146E+02    0.772498980571410060E+09    0.112854326866167344E+04   -0.564271634330836719E+03
    0.237168773395637267E+02    0.136372425583173795E+01    0.178991730015871369E+02    0.877548933066712976E+09    0.112852372521147572E+04   -0.564261862605737861E+03
    0.248176209920210127E+02    0.136306661705706622E+01    0.133182783208582123E+02    0.866471706341881156E+09    0.112848290101559110E+04   -0.564241450507795548E+03
    0.206533503105775225E+02    0.136074113597397739E+01    0.116701543206242846E+02    0.838437966402419448E+09    0.112845504396645492E+04   -0.564227521983227462E+03
    0.206533503105775225E+02    0.136074113597397739E+01    0.116701543206242846E+02    0.838437966402419448E+09    0.112845504396645492E+04   -0.564227521983227462E+03
    0.146244158686018721E+02    0.136303234460419054E+01    0.202779887574672664E+02    0.876250099051308632E+09    0.112845363719076181E+04   -0.564226818595380905E+03
    0.173679290466742877E+02    0.136289970371324798E+01    0.214737838780139860E+02    0.854256638663921595E+09    0.112844485944376947E+04   -0.564222429721884737E+03
    0.184653349934228928E+02    0.136218547321052030E+01    0.206334584050913108E+02    0.857985810905775428E+09    0.112842855370049574E+04   -0.564214276850247870E+03
    0.150285959579829651E+02    0.136176585168970044E+01    0.148374345550498798E+02    0.900805629461541295E+09    0.112841919197558809E+04   -0.564209595987794046E+03
    0.150285959579829651E+02    0.136176585168970044E+01    0.148374345550498798E+02    0.900805629461541295E+09    0.112841919197558809E+04   -0.564209595987794046E+03
    0.142011362287299150E+02    0.136094172513397593E+01    0.150016582124826883E+02    0.868456632497612238E+09    0.112839417333597839E+04   -0.564197086667989197E+03
    0.233058132582193416E+02    0.136143755162749525E+01    0.144361748543213100E+02    0.749079278305712581E+09    0.112836572969090162E+04   -0.564182864845450808E+03
    0.211563664040684500E+02    0.136279255612809114E+01    0.123998687192565011E+02    0.876075405108894110E+09    0.112835111020159411E+04   -0.564175555100797055E+03
    0.211563664040684500E+02    0.136279255612809114E+01    0.123998687192565011E+02    0.876075405108894110E+09    0.112835111020159411E+04   -0.564175555100797055E+03
    0.110323219230931961E+02    0.136297732100300961E+01    0.187567092714695072E+02    0.784742553502007365E+09    0.112834670979632483E+04   -0.564173354898162415E+03
    0.182161561043326117E+02    0.136265969299958689E+01    0.118200131563651976E+02    0.813566402016016006E+09    0.112833463493017211E+04   -0.564167317465086057E+03
    0.241740361269148245E+02    0.136178140897351163E+01    0.180031049698403898E+02    0.876052948988587022E+09    0.112833393274848777E+04   -0.564166966374243884E+03
    0.193256789813180561E+02    0.136400122759082754E+01    0.193615614492256327E+02    0.814654340142973185E+09    0.112831995903472261E+04   -0.564159979517361307E+03
    0.193256789813180561E+02    0.136400122759082754E+01    0.193615614492256327E+02    0.814654340142973185E+09    0.112831995903472261E+04   -0.564159979517361307E+03
    0.226439598091345964E+02    0.136195981785920806E+01    0.203170274174757779E+02    0.826669760944280744E+09    0.112831828499466087E+04   -0.564159142497330436E+03
    0.262967832887324775E+02    0.136267610190392974E+01    0.199287343178299601E+02    0.856032940927538753E+09    0.112829548814711643E+04   -0.564147744073558215E+03
    0.223131243656394957E+02    0.136208585173276409E+01    0.205709347498883837E+02    0.794169038868832946E+09    0.112825779510071743E+04   -0.564128897550358715E+03
    0.889820240617109270E+01    0.136211563058701968E+01    0.155814925693871480E+02    0.837589011437840343E+09    0.112823108457634339E+04   -0.564115542288171696E+03
    0.171112226077976892E+02    0.136367753131764857E+01    0.152588789119395880E+02    0.790982432166999936E+09    0.112822614190436525E+04   -0.564113070952182625E+03
    0.171112226077976892E+02    0.136367753131764857E+01    0.152588789119395880E+02    0.790982432166999936E+09    0.112822614190436525E+04   -0.564113070952182625E+03
    0.238164146733108559E+02    0.136302267986441850E+01    0.205778733222458285E+02    0.762403414444449782E+09    0.112819532769386524E+04   -0.564097663846932619E+03
    0.974651117665158218E+01    0.136213250140031672E+01    0.163743355489269931E+02    0.811805227836283922E+09    0.112818852782474346E+04   -0.564094263912371730E+03
    0.144285415052029347E+02    0.136292320614409390E+01    0.201043782824279269E+02    0.771099491071417570E+09    0.112817007259036723E+04   -0.564085036295183613E+03
    0.118471067498809042E+02    0.136151754684769521E+01    0.137128442753436026E+02    0.869444166707424760E+09    0.112815343540868344E+04   -0.564076717704341718E+03
    0.118471067498809042E+02    0.136151754684769521E+01    0.137128442753436026E+02    0.869444166707424760E+09    0.112815343540868344E+04   -0.564076717704341718E+03
    0.222585236467986114E+02    0.136267152714600126E+01    0.210915288595449368E+02    0.847507175247796893E+09    0.112814599179052220E+04   -0.564072995895261101E+03
    0.256571053503509745E+02    0.136306462661587058E+01    0.206532541861013925E+02    0.815122657592689514E+09    0.112814350802685567E+04   -0.564071754013427835E+03
    0.256571053503509745E+02    0.136306462661587058E+01    0.206532541861013925E+02    0.815122657592689514E+09    0.112814350802685567E+04   -0.564071754013427835E+03
    0.219215581925419869E+02    0.136256816366153011E+01    0.208079109704546070E+02    0.856456519896190166E+09    0.112814118246922885E+04   -0.564070591234614426E+03
    0.219215581925419869E+02    0.136256816366153011E+01    0.208079109704546070E+02    0.856456519896190166E+09    0.112814118246922885E+04   -0.564070591234614426E+03
    0.111568643001850916E+02    0.136167456053311553E+01    0.152257237196976085E+02    0.792633190689898729E+09    0.112814065348838744E+04   -0.564070326744193721E+03
    0.244956392756899888E+02    0.136292816778889159E+01    0.133610336276122954E+02    0.782657978548818231E+09    0.112813410849874845E+04   -0.564067054249374223E+03
    0.233940460094319214E+02    0.136150949403574328E+01    0.152603227265403714E+02    0.749904034682433724E+09    0.112810094169316653E+04   -0.564050470846583266E+03
    0.272208825382805344E+02    0.136176479033996523E+01    0.178034739992676769E+02    0.838661205521987319E+09    0.112809795781111825E+04   -0.564048978905559125E+03
    0.174230195792629523E+02    0.136305150197577873E+01    0.191093937142186547E+02    0.892018602901021719E+09    0.112808827454549873E+04   -0.564044137272749367E+03
    0.204733875351950161E+02    0.136233257813869479E+01    0.194661703779420172E+02    0.881246788309478998E+09    0.112808668487561704E+04   -0.564043342437808519E+03
    0.268389345653373361E+02    0.136328854505371333E+01    0.150479769779452646E+02    0.823084864286110163E+09    0.112801313181048681E+04   -0.564006565905243406E+03
    0.176733854096849541E+02    0.136362685692829988E+01    0.190571820564085961E+02    0.876487879125705600E+09    0.112800218760405437E+04   -0.564001093802027185E+03
    0.176733854096849541E+02    0.136362685692829988E+01    0.190571820564085961E+02    0.876487879125705600E+09    0.112800218760405437E+04   -0.564001093802027185E+03
    0.254419554652883129E+02    0.136212629794095874E+01    0.172667629792807205E+02    0.748404949531485677E+09    0.112799331834048849E+04   -0.563996659170244243E+03
    0.254419554652883129E+02    0.136212629794095874E+01    0.172667629792807205E+02    0.748404949531485677E+09    0.112799331834048849E+04   -0.563996659170244243E+03
    0.253501558987399456E+02    0.136134477511554364E+01    0.173117859018072409E+02    0.826078984410379052E+09    0.112798752482825194E+04   -0.563993762414125968E+03
    0.200595500014706793E+02    0.136131300276578759E+01    0.141463658347414061E+02    0.886442389647379637E+09    0.112798245097952326E+04   -0.563991225489761632E+03
    0.253713051319633784E+02    0.136207692546699133E+01    0.127182380651339582E+02    0.810915997145751715E+09    0.112795790948280614E+04   -0.563978954741403072E+03
    0.182554664959196131E+02    0.136155244230990347E+01    0.180573637624951289E+02    0.871561685614470840E+09    0.112795436884018136E+04   -0.563977184420090680E+03
    0.254673473192547632E+02    0.136280635037329101E+01    0.186615540081248596E+02    0.751264311802078366E+09    0.112794402693239681E+04   -0.563972013466198405E+03
    0.146531805261712531E+02    0.136145523533072232E+01    0.126925336604579932E+02    0.796954559234479904E+09    0.112793728366172104E+04   -0.563968641830860520E+03
    0.210027962215605477E+02    0.136369143497584266E+01    0.199597964185309387E+02    0.783078478249523520E+09    0.112792988560198614E+04   -0.563964942800993072E+03
    0.156020053984843123E+02    0.136138588346800526E+01    0.181594292801221791E+02    0.830336941859170556E+09    0.112792899980543302E+04   -0.563964499902716511E+03
    0.160912571926513692E+02    0.136289717838224256E+01    0.142496774577380272E+02    0.764747594599855185E+09    0.112791700387031278E+04   -0.563958501935156391E+03
    0.156540244315498374E+02    0.136141908586903004E+01    0.130717194396605176E+02    0.777316727818261147E+09    0.112790347162098374E+04   -0.563951735810491869E+03
    0.207127023450096850E+02    0.136089344733510642E+01    0.137936459280821246E+02    0.864407976025973439E+09    0.112788844226496894E+04   -0.563944221132484472E+03
    0.286793393514905510E+02    0.136277764278502334E+01    0.179917850430780497E+02    0.808645230750764966E+09    0.112788207593402740E+04   -0.563941037967013699E+03
    0.260012391279878230E+02    0.136192231635795657E+01    0.188297001803836217E+02    0.785026220136671662E+09    0.112788109676678255E+04   -0.563940548383391274E+03
    0.248281514233017546E+02    0.136241690083943712E+01    0.202593368250232544E+02    0.785897318551111460E+09    0.112788051151484933E+04   -0.563940255757424666E+03
    0.261965426305743705E+02    0.136349176843318576E+01    0.190568751544900117E+02    0.834556218233357191E+09    0.112785183500220569E+04   -0.563925917501102845E+03
    0.149466781645895583E+02    0.136370695618557569E+01    0.171966595077811881E+02    0.811488590857503533E+09    0.112784752034060648E+04   -0.563923760170303240E+03
    0.200268502214944419E+02    0.136325777056669351E+01    0.212423968000322354E+02    0.828118899181343317E+09    0.112784750894207309E+04   -0.563923754471036546E+03
    0.254945683454100234E+02    0.136338387931819671E+01    0.153621748395348341E+02    0.794044797948740721E+09    0.112783685088751781E+04   -0.563918425443758906E+03
    0.254945683454100234E+02    0.136338387931819671E+01    0.153621748395348341E+02    0.794044797948740721E+09    0.112783685088751781E+04   -0.563918425443758906E+03
    0.222911291971911183E+02    0.136109918012046660E+01    0.122615221499499967E+02    0.828943628054389238E+09    0.112781946672827189E+04   -0.563909733364135946E+03
    0.267368052814206614E+02    0.136228743034393962E+01    0.136486706812034839E+02    0.799612062600756288E+09    0.112781825291825180E+04   -0.563909126459125901E+03
    0.243059326234183217E+02    0.136182878142377661E+01    0.191009379265740975E+02    0.822650173176306367E+09    0.112781770456296886E+04   -0.563908852281484428E+03
    0.274116653899302385E+02    0.136207584523551928E+01    0.142476929338359284E+02    0.852734570207991600E+09    0.112781501242007880E+04   -0.563907506210039401E+03
    0.259780038184453446E+02    0.136314477224255093E+01    0.142882447637296437E+02    0.830879858965811253E+09    0.112781096878387689E+04   -0.563905484391938444E+03
    0.171631701250730657E+02    0.136355685000686644E+01    0.200800740051512321E+02    0.791992747957365394E+09    0.112779781504601397E+04   -0.563898907523006983E+03
    0.207721593502071329E+02    0.136325246012876744E+01    0.137536237853531524E+02    0.803225362480493784E+09    0.112779707101122199E+04   -0.563898535505610994E+03
    0.156521646807657255E+02    0.136115355154525597E+01    0.135596766515275160E+02    0.870077204121224642E+09    0.112775961324470268E+04   -0.563879806622351339E+03
    0.207844707720557018E+02    0.136161867072497444E+01    0.150816827079323144E+02    0.889252644955048561E+09    0.112773369158616697E+04   -0.563866845793083485E+03
    0.148361688730495942E+02    0.136230648567370505E+01    0.193602741896022792E+02    0.866105773312207580E+09    0.112773217923395191E+04   -0.563866089616975955E+03
    0.263482948539551280E+02    0.136230501282195560E+01    0.132548153046373542E+02    0.838064685147693753E+09    0.112772587220641799E+04   -0.563862936103208995E+03
    0.185282425552149732E+02    0.136385378536385704E+01    0.187456789143975868E+02    0.852260839364644647E+09    0.112770458711434503E+04   -0.563852293557172516E+03
    0.189142239559805958E+02    0.136309453387851121E+01    0.191967065609607737E+02    0.753829832940613031E+09    0.112767886567553842E+04   -0.563839432837769209E+03
    0.240720123368621586E+02    0.136186803917829780E+01    0.190549941419743725E+02    0.784594926348016977E+09    0.112767071777391993E+04   -0.563835358886959966E+03
    0.190254090378848844E+02    0.136313179004127538E+01    0.151059837912598134E+02    0.760232988568402410E+09    0.112765335152525950E+04   -0.563826675762629748E+03
    0.230113300752596963E+02    0.136158013864321581E+01    0.183655467808400772E+02    0.797972889053899527E+09    0.112759761378078178E+04   -0.563798806890390892E+03
    0.219855985780623655E+02    0.136189008231486741E+01    0.191066253468432521E+02    0.852401965165052295E+09    0.112758840994264961E+04   -0.563794204971324803E+03
    0.267228196524736745E+02    0.136267290921387030E+01    0.145159667933560250E+02    0.805394723190349102E+09    0.112757535872064568E+04   -0.563787679360322841E+03
    0.270044590620698060E+02    0.136250957164461473E+01    0.162821371176467373E+02    0.762911744007684708E+09    0.112756984846404316E+04   -0.563784924232021581E+03
    0.235143205336114711E+02    0.136235935830052446E+01    0.124384675902975310E+02    0.835085754325238466E+09    0.112755324656644439E+04   -0.563776623283222193E+03
    0.165096888586369950E+02    0.136123308090701300E+01    0.166991083588110385E+02    0.789412422748494506E+09    0.112755251780844765E+04   -0.563776258904223823E+03
    0.172605104077114824E+02    0.136145574415604065E+01    0.119057465015821187E+02    0.833619887966043830E+09    0.112753960144500002E+04   -0.563769800722500008E+03
    0.144650244540748236E+02    0.136274957478312486E+01    0.160437373785080339E+02    0.761345273650185704E+09    0.112752958866432027E+04   -0.563764794332160136E+03
    0.190644839692454866E+02    0.136305449599043604E+01    0.129580821929664243E+02    0.845477277740904212E+09    0.112751391765529161E+04   -0.563756958827645803E+03
    0.159795018010383370E+02    0.136293752559184878E+01    0.189771753241571624E+02    0.762414208911006212E+09    0.112750124041807658E+04   -0.563750620209038289E+03
    0.232233601384907296E+02    0.136358195755023925E+01    0.192616601686871434E+02    0.847804453258740187E+09    0.112749096515836118E+04   -0.563745482579180589E+03
    0.147091897449736884E+02    0.136156875750832040E+01    0.167362093525376991E+02    0.779370195666372776E+09    0.112748121109862950E+04   -0.563740605549314751E+03
    0.179798396853728768E+02    0.136353851427531136E+01    0.157408380038863616E+02    0.787868972983126044E+09    0.112747843172090393E+04   -0.563739215860451964E+03
    0.134966007675765312E+02    0.136231403204011281E+01    0.129308824502775419E+02    0.855617456544342995E+09    0.112746344298113399E+04   -0.563731721490566997E+03
    0.168000333796265657E+02    0.136326049108539693E+01    0.140609581888515098E+02    0.817857871317908764E+09    0.112745639546757411E+04   -0.563728197733787056E+03
    0.125085178600568696E+02    0.136334449874678132E+01    0.162284170513128920E+02    0.853155809474412441E+09    0.112745172822550603E+04   -0.563725864112753015E+03
    0.168848634939606441E+02    0.136150865387463837E+01    0.138812179740801032E+02    0.880153997374764204E+09    0.112744782231904674E+04   -0.563723911159523368E+03
    0.182985490927858727E+02    0.136374997897359540E+01    0.172616311342346371E+02    0.811901002742733240E+09    0.112744551060483695E+04   -0.563722755302418477E+03
    0.249159787284544123E+02    0.136228906678349859E+01    0.187255307649122393E+02    0.766506904493039250E+09    0.112741474272984578E+04   -0.563707371364922892E+03
    0.141653808768573022E+02    0.136145654569448893E+01    0.143501021606058519E+02    0.803313734104612231E+09    0.112741322356570390E+04   -0.563706611782851951E+03
    0.249258303365000309E+02    0.136186272085617754E+01    0.181559977653232139E+02    0.804720889604833245E+09    0.112740505462305578E+04   -0.563702527311527888E+03
    0.204494603093746363E+02    0.136099041272929022E+01    0.150826414267470206E+02    0.795297596074767590E+09    0.112739536485070698E+04   -0.563697682425353491E+03
    0.133623706623240892E+02    0.136189512677249436E+01    0.137984557452743264E+02    0.809455730235715389E+09    0.112738958771977332E+04   -0.563694793859886659E+03
    0.137438448796932811E+02    0.136165745725887977E+01    0.150378037939962965E+02    0.873423273347110987E+09    0.112738689932724333E+04   -0.563693449663621664E+03
    0.123676222092259191E+02    0.136190138373412317E+01    0.135725273974734417E+02    0.840372790246954799E+09    0.112735151406875730E+04   -0.563675757034378648E+03
    0.226843486390901141E+02    0.136153614099307840E+01    0.157322554808851098E+02    0.872028926966286063E+09    0.112735013086682716E+04   -0.563675065433413579E+03
    0.229060111200508381E+02    0.136216219179025244E+01    0.136369945839813358E+02    0.769858813600113392E+09    0.112730902638020871E+04   -0.563654513190104353E+03
    0.206715526890363215E+02    0.136152331969675222E+01    0.121541622368525140E+02    0.836952813673615575E+09    0.112730446421577199E+04   -0.563652232107885993E+03
    0.134979468013336525E+02    0.136153782491018949E+01    0.140703560656579150E+02    0.820264889956433773E+09    0.112728156509413543E+04   -0.563640782547067715E+03
    0.175826764244855838E+02    0.136121578722848802E+01    0.136231260471798787E+02    0.807264288299968719E+09    0.112728064892813813E+04   -0.563640324464069067E+03
    0.163321855854753935E+02    0.136155288398659402E+01    0.159607781233362811E+02    0.875834900170817375E+09    0.112727846370408497E+04   -0.563639231852042485E+03
    0.244547423205078260E+02    0.136266739531783365E+01    0.155664124321489510E+02    0.759284301879274249E+09    0.112726898825157400E+04   -0.563634494125787000E+03
    0.223997850377188605E+02    0.136335526101573956E+01    0.200179366197225939E+02    0.841376750468758941E+09    0.112726607019355197E+04   -0.563633035096775984E+03
    0.214201939100559784E+02    0.136333154332583373E+01    0.201450208403649924E+02    0.796173803831905007E+09    0.112725913017158905E+04   -0.563629565085794525E+03
    0.132606128151887628E+02    0.136314122670231197E+01    0.168165292092746554E+02    0.792009247976091623E+09    0.112723062506781866E+04   -0.563615312533909332E+03
    0.274571370112008815E+02    0.136283947699225627E+01    0.175765048804391704E+02    0.787693958132486820E+09    0.112722142961215741E+04   -0.563610714806078704E+03
    0.180152877879440432E+02    0.136106407229074255E+01    0.147280236190378115E+02    0.813609692137347579E+09    0.112720453220838067E+04   -0.563602266104190335E+03
    0.121362670752942829E+02    0.136297112574428847E+01    0.151468186146784625E+02    0.851070801516364694E+09    0.112720438359527793E+04   -0.563602191797638966E+03
    0.270346096021358946E+02    0.136247571077454932E+01    0.154968493999562504E+02    0.849898816982275367E+09    0.112718508087144392E+04   -0.563592540435721958E+03
    0.168346825949431462E+02    0.136222247115113593E+01    0.143555725284832008E+02    0.765435659013670444E+09    0.112717247197850702E+04   -0.563586235989253510E+03
    0.263827482504784925E+02    0.136262943003264048E+01    0.185000376080833639E+02    0.841364486870952487E+09    0.112714957585557750E+04   -0.563574787927788748E+03
    0.258015957896492516E+02    0.136321244603736735E+01    0.181841511075992699E+02    0.810482638763470173E+09    0.112714742973280454E+04   -0.563573714866402270E+03
    0.241962409786154176E+02    0.136225825445721460E+01    0.133305191423182752E+02    0.816166318598682284E+09    0.112714422173697085E+04   -0.563572110868485424E+03
    0.157635130128819583E+02    0.136352790116234668E+01    0.158300377667111025E+02    0.845077136921737671E+09    0.112713401058584259E+04   -0.563567005292921294E+03
    0.143691078901595688E+02    0.136324739753251190E+01    0.192463533509101907E+02    0.842103707729432940E+09    0.112712692318667200E+04   -0.563563461593336001E+03
    0.258688344786378650E+02    0.136310838919448085E+01    0.168775430833928581E+02    0.777446170717058897E+09    0.112712033327018980E+04   -0.563560166635094902E+03
    0.148893038327093326E+02    0.136334068638333683E+01    0.172709347249786731E+02    0.789824337612554073E+09    0.112711749901333678E+04   -0.563558749506668391E+03
    0.240089107924759837E+02    0.136319667393232979E+01    0.150992357795516199E+02    0.813078072312172174E+09    0.112709279794893951E+04   -0.563546398974469753E+03
    0.135038988005715836E+02    0.136330852728561025E+01    0.167265396263718991E+02    0.856915611041526794E+09    0.112706728978304545E+04   -0.563533644891522727E+03
    0.134754278044411731E+02    0.136302311476463323E+01    0.146164485066731995E+02    0.846327854358227372E+09    0.112705971291534729E+04   -0.563529856457673645E+03
    0.133238582027160373E+02    0.136213527281470759E+01    0.166601300294610759E+02    0.870614981538543344E+09    0.112705306196332572E+04   -0.563526530981662859E+03
    0.191533366728154313E+02    0.136107228630293342E+01    0.151737703563251038E+02    0.843072998385044456E+09    0.112705114635687596E+04   -0.563525573178437980E+03
    0.116776189910144996E+02    0.136261758276015321E+01    0.173360575185082375E+02    0.824311268815543890E+09    0.112704741232240713E+04   -0.563523706161203563E+03
    0.195263676037135276E+02    0.136227062821633194E+01    0.165078439387517655E+02    0.752583729710171938E+09    0.112702328698759084E+04   -0.563511643493795418E+03
    0.193140672123705990E+02    0.136254751157612275E+01    0.156966436815880925E+02    0.754606278581565142E+09    0.112702281126703633E+04   -0.563511405633518166E+03
    0.213812186812533866E+02    0.136214254167729987E+01    0.190906359400093528E+02    0.777081078892754555E+09    0.112701950918942316E+04   -0.563509754594711580E+03
    0.148168579111941536E+02    0.136277684447279634E+01    0.193403028210899279E+02    0.853710152732722163E+09    0.112701457830276968E+04   -0.563507289151384839E+03
    0.255295649254613792E+02    0.136316377998726423E+01    0.182275739503358558E+02    0.784965429149945617E+09    0.112701225702318493E+04   -0.563506128511592465E+03
    0.226191157714962827E+02    0.136230643460663137E+01    0.146282787653629587E+02    0.763911823741464496E+09    0.112699550399010991E+04   -0.563497751995054955E+03
    0.212958937319960597E+02    0.136144748808983151E+01    0.133490850125301268E+02    0.814890199265916109E+09    0.112694953515876318E+04   -0.563474767579381592E+03
    0.161103403219279890E+02    0.136152550890621749E+01    0.163261814302362787E+02    0.859841877967209458E+09    0.112692561865216089E+04   -0.563462809326080446E+03
    0.174421082044410731E+02    0.136347160856494720E+01    0.169751326208589042E+02    0.806529397148133636E+09    0.112691827827830707E+04   -0.563459139139153535E+03
    0.170412824055314509E+02    0.136143363077208335E+01    0.168995568412473638E+02    0.822827950087077498E+09    0.112690824230163435E+04   -0.563454121150817173E+03
    0.266738326342761773E+02    0.136287295917261186E+01    0.163796040905065681E+02    0.821557298037339449E+09    0.112689391790384047E+04   -0.563446958951920237E+03
    0.246989604070332724E+02    0.136284594297331352E+01    0.179183356557312976E+02    0.767526428994718432E+09    0.112689330850392639E+04   -0.563446654251963196E+03
    0.171332410924427769E+02    0.136194745104998249E+01    0.181619090968846137E+02    0.859421268274242878E+09    0.112688986294530491E+04   -0.563444931472652456E+03
    0.213498487410958262E+02    0.136339866697089263E+01    0.157207374277188503E+02    0.811804634477051258E+09    0.112688710666268094E+04   -0.563443553331340468E+03
    0.244506065262452132E+02    0.136311658535095637E+01    0.167891722288659437E+02    0.862778359077175736E+09    0.112687788774459750E+04   -0.563438943872298751E+03
    0.250005225428874205E+02    0.136177645789635160E+01    0.165070907834260545E+02    0.840064493212860823E+09    0.112686090953496728E+04   -0.563430454767483639E+03
    0.218143096763109021E+02    0.136237542452830374E+01    0.150528726995829647E+02    0.798621334299997568E+09    0.112602839182105822E+04   -0.563014195910529111E+03
    0.209304016505974211E+02    0.136149425336964747E+01    0.158077840569601147E+02    0.799958013245912552E+09    0.112657174893638808E+04   -0.563285874468194038E+03
    0.156616171975004637E+02    0.136226722011578749E+01    0.184710107437470654E+02    0.844666023834736824E+09    0.112654546104581505E+04   -0.563272730522907523E+03
    0.149580564048621412E+02    0.136247005297664314E+01    0.141841778910859500E+02    0.807800770547013640E+09    0.112683503931086375E+04   -0.563417519655431875E+03
    0.229895675170080160E+02    0.136264920152382629E+01    0.178692247295354285E+02    0.793171311864821196E+09    0.112606461754400539E+04   -0.563032308772002693E+03
    0.243105472721592832E+02    0.136185154479539383E+01    0.160731880497534405E+02    0.820395594092766166E+09    0.112648948189360613E+04   -0.563244740946803063E+03
    0.194779263753352723E+02    0.136250751357963296E+01    0.168477876451467132E+02    0.787815194692706585E+09    0.112574445347571123E+04   -0.562872226737855613E+03
    0.194779263753352723E+02    0.136250751357963296E+01    0.168477876451467132E+02    0.787815194692706585E+09    0.112574445347571123E+04   -0.562872226737855613E+03
    0.228827117925381032E+02    0.136304998871467120E+01    0.166652702397384260E+02    0.836421366913662314E+09    0.112599872396260366E+04   -0.562999361981301831E+03
    0.201973832550039312E+02    0.136171873547980060E+01    0.175416838716711325E+02    0.798752700639477253E+09    0.112663658571409678E+04   -0.563318292857048391E+03
    0.221546879453211929E+02    0.136321828436226489E+01    0.181539882391916052E+02    0.788116372606230021E+09    0.112642156879320669E+04   -0.563210784396603344E+03
    0.215049260548088270E+02    0.136289437343246767E+01    0.174758751550641556E+02    0.849962719779798746E+09    0.112584776423293556E+04   -0.562923882116467780E+03
    0.179239084266635302E+02    0.136259212290349607E+01    0.177870496074984494E+02    0.759468441810434580E+09    0.112685575622861370E+04   -0.563427878114306850E+03
    0.181217550594090078E+02    0.136192333230224238E+01    0.141324953640309943E+02    0.873886294005908012E+09    0.112669065646093031E+04   -0.563345328230465157E+03
    0.188291892850559996E+02    0.136281653046490159E+01    0.193893515995915671E+02    0.809656355481318235E+09    0.112650499117550476E+04   -0.563252495587752378E+03
    0.233874474381763200E+02    0.136287079143528733E+01    0.153819603566959415E+02    0.784660918020802617E+09    0.112650361326127177E+04   -0.563251806630635883E+03
    0.250634989745721448E+02    0.136288181716909285E+01    0.180199504537235455E+02    0.788486533371423364E+09    0.112657447714556338E+04   -0.563287238572781689E+03
    0.147295512509626558E+02    0.136259383046638138E+01    0.179553810407226635E+02    0.800558102226477265E+09    0.112653165668843849E+04   -0.563265828344219244E+03
    0.227069877216412230E+02    0.136229562101980539E+01    0.176937063617368437E+02    0.866846326814704657E+09    0.112669951917005733E+04   -0.563349759585028664E+03
    0.158744461830286454E+02    0.136332207178695786E+01    0.185577571229845226E+02    0.844663726706767678E+09    0.112664382596122891E+04   -0.563321912980614457E+03
    0.169192349709711820E+02    0.136243272202508314E+01    0.183665077055197017E+02    0.859180286244385958E+09    0.112641068755518381E+04   -0.563205343777591906E+03
    0.213209061897457630E+02    0.136236692977018281E+01    0.161863626650411554E+02    0.847085432886109591E+09    0.112564114067855826E+04   -0.562820570339279129E+03
    0.241789256511735147E+02    0.136278417322024081E+01    0.159275034950708498E+02    0.776521008629407406E+09    0.112656159386906484E+04   -0.563280796934532418E+03
    0.227323040769722695E+02    0.136331301794358195E+01    0.165626465986932985E+02    0.850134276079087853E+09    0.112652781821858343E+04   -0.563263909109291717E+03
    0.257358045609257857E+02    0.136201580223793917E+01    0.156995466645041191E+02    0.815990176732833505E+09    0.112676430671950516E+04   -0.563382153359752579E+03
    0.252084176987854889E+02    0.136241896535710061E+01    0.170412570209492422E+02    0.808093950886914492E+09    0.112652625852044457E+04   -0.563263129260222286E+03
    0.147099858799417138E+02    0.136259474597570107E+01    0.164970433532193148E+02    0.851759327763132215E+09    0.112603163487594838E+04   -0.563015817437974192E+03
    0.241196580534784673E+02    0.136224054859816435E+01    0.170080357050223547E+02    0.857614528102522969E+09    0.112654375888977211E+04   -0.563271879444886054E+03
    0.189168486026676170E+02    0.136192860763706891E+01    0.153914749862455515E+02    0.822453979962046981E+09    0.112580235808106931E+04   -0.562901179040534657E+03
    0.241349835599756624E+02    0.136208047497590545E+01    0.180628796055840404E+02    0.785606078993319154E+09    0.112676891744599561E+04   -0.563384458722997806E+03
    0.168937920861811257E+02    0.136317485216588996E+01    0.182829071950250928E+02    0.842042641122600555E+09    0.112618747688786516E+04   -0.563093738443932580E+03
    0.144338405899024877E+02    0.136267044283970629E+01    0.186157566299788151E+02    0.855317400945584297E+09    0.112674029948350289E+04   -0.563370149741751447E+03
    0.219881742934055140E+02    0.136258889572196495E+01    0.167663535551657610E+02    0.848442797851524711E+09    0.112572734410884550E+04   -0.562863672054422750E+03
    0.209168185325459532E+02    0.136173878693303330E+01    0.162064232693890915E+02    0.837462615503633142E+09    0.112607583405220203E+04   -0.563037917026101013E+03
    0.144489879647025319E+02    0.136190035613462657E+01    0.152135348325072837E+02    0.821164365909208059E+09    0.112645993930201780E+04   -0.563229969651008901E+03
    0.140005364995455022E+02    0.136252668808076494E+01    0.176752849487364543E+02    0.803899893709664345E+09    0.112668159548965650E+04   -0.563340797744828251E+03
    0.166556164037719405E+02    0.136314298655972799E+01    0.192850856163998721E+02    0.792192807581609845E+09    0.112684277873695419E+04   -0.563421389368477094E+03
    0.195220664271233915E+02    0.136182745300336938E+01    0.168984876780458677E+02    0.821375590450753093E+09    0.112608423687660593E+04   -0.563042118438302964E+03
    0.199248669410351447E+02    0.136235319006110789E+01    0.194072056556370214E+02    0.788182066422065973E+09    0.112675927078202403E+04   -0.563379635391012016E+03
    0.214563129223438445E+02    0.136263904532185576E+01    0.180334300548630324E+02    0.852758007964392543E+09    0.112601727607257953E+04   -0.563008638036289767E+03
    0.202050090506254065E+02    0.136156699597526876E+01    0.164602869229587156E+02    0.818995812946026921E+09    0.112640991220519186E+04   -0.563204956102595929E+03
    0.144220082868767747E+02    0.136300149459188802E+01    0.145179438820800897E+02    0.849968018580403090E+09    0.112685772843374775E+04   -0.563428864216873876E+03
    0.180867752532364001E+02    0.136150623961198147E+01    0.167257718273874438E+02    0.835308612665764689E+09    0.112656406814132129E+04   -0.563282034070660643E+03
    0.174024866763054611E+02    0.136306118671160914E+01    0.149470413737067300E+02    0.833580590704182029E+09    0.112624231924822698E+04   -0.563121159624113488E+03
    0.245523678686966953E+02    0.136308022237721405E+01    0.165851721517158026E+02    0.811967771544787049E+09    0.112656485262662409E+04   -0.563282426313312044E+03
    0.177905659374591423E+02    0.136199595564478493E+01    0.153485268910186488E+02    0.800187384828346252E+09    0.112606026347027432E+04   -0.563030131735137161E+03
    0.148912000753516569E+02    0.136328612598782462E+01    0.177826398138582071E+02    0.837870093650161386E+09    0.112656306695834269E+04   -0.563281533479171344E+03
    0.206642435474247002E+02    0.136311107679501342E+01    0.190115213998448205E+02    0.839091962323788166E+09    0.112626216799128088E+04   -0.563131083995640438E+03
    0.140907565903955927E+02    0.136269427933666232E+01    0.149384991996681258E+02    0.808279424275777936E+09    0.112683274222325099E+04   -0.563416371111625494E+03
    0.209375886715817607E+02    0.136144753933508933E+01    0.156707596768402428E+02    0.850514989280793190E+09    0.112659631652182588E+04   -0.563298158260912942E+03
    0.212929157002342322E+02    0.136203885841441208E+01    0.140294849981079803E+02    0.808173699065222859E+09    0.112642668039856494E+04   -0.563213340199282470E+03
    0.217686820262427787E+02    0.136237235681664481E+01    0.167056806950605718E+02    0.779848271418755174E+09    0.112596954173628637E+04   -0.562984770868143187E+03
    0.132886512659631641E+02    0.136262437630612521E+01    0.178555236845862275E+02    0.818453819925783873E+09    0.112669745334012487E+04   -0.563348726670062433E+03
    0.250790895583002929E+02    0.136272451763152702E+01    0.188542529153234533E+02    0.788905921611710310E+09    0.112681961626463567E+04   -0.563409808132317835E+03
    0.209691578237906668E+02    0.136247592081131175E+01    0.173889544828441132E+02    0.797956196529533625E+09    0.112579514687240089E+04   -0.562897573436200446E+03
    0.186370871199012846E+02    0.136241403765627522E+01    0.157810320467828085E+02    0.834591674738732457E+09    0.112546245787897487E+04   -0.562731228939487437E+03
    0.186370871199012846E+02    0.136241403765627522E+01    0.157810320467828085E+02    0.834591674738732457E+09    0.112546245787897487E+04   -0.562731228939487437E+03
    0.167545911243156986E+02    0.136176358657416774E+01    0.153832390576241504E+02    0.832897173229176760E+09    0.112605464008626950E+04   -0.563027320043134750E+03
    0.221643042678315858E+02    0.136203795204503653E+01    0.153459719644519819E+02    0.765760311736918569E+09    0.112669375244406820E+04   -0.563346876222034098E+03
    0.238466471286115436E+02    0.136311369280887340E+01    0.179884842537990615E+02    0.858111307264171124E+09    0.112671013392549730E+04   -0.563355066962748651E+03
    0.240021431736723017E+02    0.136198095962342114E+01    0.139825452372996981E+02    0.846476902303207278E+09    0.112669746203860791E+04   -0.563348731019303955E+03
    0.195865691867074219E+02    0.136290911758247013E+01    0.141046346487554768E+02    0.818240213381750941E+09    0.112655770793916304E+04   -0.563278853969581519E+03
    0.256152393277768908E+02    0.136272505688579182E+01    0.164969710720236655E+02    0.832915617036617041E+09    0.112642199168748948E+04   -0.563210995843744740E+03
    0.220386021931666605E+02    0.136182788359535323E+01    0.173565462068140590E+02    0.846421011554977417E+09    0.112650868816922116E+04   -0.563254344084610580E+03
    0.154327464826961460E+02    0.136181519385278382E+01    0.160625938130836730E+02    0.806378034914575934E+09    0.112661866531695887E+04   -0.563309332658479434E+03
    0.206931111564839263E+02    0.136299403847324752E+01    0.176128656477837637E+02    0.835161674233388662E+09    0.112571732175190346E+04   -0.562858660875951728E+03
    0.206931111564839263E+02    0.136299403847324752E+01    0.176128656477837637E+02    0.835161674233388662E+09    0.112571732175190346E+04   -0.562858660875951728E+03
    0.137836831460879221E+02    0.136288567050950782E+01    0.178287620130725202E+02    0.800217862165041685E+09    0.112680578838970769E+04   -0.563402894194853843E+03
    0.166150315388364831E+02    0.136218989236723620E+01    0.147026840955632512E+02    0.830070213682113290E+09    0.112589775332896488E+04   -0.562948876664482441E+03
    0.220049627402619805E+02    0.136307259663397762E+01    0.178344797466464016E+02    0.778182824275547624E+09    0.112634425137168614E+04   -0.563172125685843071E+03
    0.205431163585989580E+02    0.136154347406978227E+01    0.156157473784508483E+02    0.849173020097496033E+09    0.112637551293922888E+04   -0.563187756469614442E+03
    0.253346366913445209E+02    0.136259271441481000E+01    0.163339096506307691E+02    0.806768935302059889E+09    0.112654939575416915E+04   -0.563274697877084577E+03
    0.163879685165740696E+02    0.136224262052845124E+01    0.159613556634908864E+02    0.834349028565545917E+09    0.112569926839651794E+04   -0.562849634198258968E+03
    0.212413153863451072E+02    0.136327418035072156E+01    0.185969643789902932E+02    0.796865734487926722E+09    0.112648810333394567E+04   -0.563244051666972837E+03
    0.147508212099436129E+02    0.136174463928676159E+01    0.170620171721929665E+02    0.831011737171961665E+09    0.112675171363923778E+04   -0.563375856819618889E+03
    0.187421605612440310E+02    0.136240747163843645E+01    0.146127666893867634E+02    0.783826951408196211E+09    0.112626402209032562E+04   -0.563132011045162812E+03
    0.184170780210831602E+02    0.136182164108086878E+01    0.141120805179249267E+02    0.826011053903520346E+09    0.112612745371156529E+04   -0.563063726855782647E+03
    0.199520138739758757E+02    0.136296992183767118E+01    0.136994753668997014E+02    0.829252496278070927E+09    0.112679567190149760E+04   -0.563397835950748799E+03
    0.209207892431813463E+02    0.136316709920562817E+01    0.177196658542479035E+02    0.801365406631695390E+09    0.112617346085774989E+04   -0.563086730428874944E+03
    0.210531750457685511E+02    0.136279420942585650E+01    0.156105784109505290E+02    0.770457654162184834E+09    0.112647055056738827E+04   -0.563235275283694136E+03
    0.188078224791322484E+02    0.136258022733015371E+01    0.169318743246066994E+02    0.839013187703800559E+09    0.112545842136433885E+04   -0.562729210682169423E+03
    0.225752581812408799E+02    0.136296150250209314E+01    0.170342257877905254E+02    0.776690211476020575E+09    0.112629200850036477E+04   -0.563146004250182386E+03
    0.124121650219555963E+02    0.136244810377972003E+01    0.172811612108316623E+02    0.838267699748952508E+09    0.112672489226506923E+04   -0.563362446132534615E+03
    0.221393050594784562E+02    0.136238015425612957E+01    0.160034049841811168E+02    0.825431763857445955E+09    0.112566741817587285E+04   -0.562833709087936427E+03
    0.143516579123849048E+02    0.136283671160743136E+01    0.162064890497533156E+02    0.821125962774978995E+09    0.112626376721088491E+04   -0.563131883605442454E+03
    0.216532213927736734E+02    0.136242787347261540E+01    0.183486945008936253E+02    0.860831372488519073E+09    0.112650538514383197E+04   -0.563252692571915986E+03
