    0.156490943223851620E+02    0.137231096347148607E+01    0.169856073519476105E+02    0.526911376085897505E+09    0.518797498785846301E+03   -0.259398749392923150E+03
    0.101008634173529881E+02    0.136415331993172706E+01    0.568623413285225254E+01    0.130189491153686777E+09    0.516274759583685523E+03   -0.258137379791842761E+03
    0.136644904284780004E+02    0.136458069289779549E+01    0.194094513034202514E+02    0.254553608316118419E+09    0.516181710102225452E+03   -0.258090855051112726E+03
    0.368724328643264201E+02    0.136090139027376900E+01    0.116317314000237424E+02    0.434585019500680447E+09    0.515707878881204238E+03   -0.257853939440602119E+03
    0.695892482633966747E+01    0.136414056187337485E+01    0.149683290147028227E+02    0.133961644907343075E+09    0.515705491447284771E+03   -0.257852745723642386E+03
    0.486737712083712992E+02    0.136356944214649256E+01    0.214348782222200924E+02    0.759410227988354087E+09    0.514707872121222636E+03   -0.257353936060611318E+03
    0.434102800656842813E+01    0.136825242859502239E+01    0.129690978793055915E+02    0.165025601439748466E+09    0.514676373079185737E+03   -0.257338186539592868E+03
    0.311457245946408747E+02    0.137199074285651013E+01    0.213032042755138455E+02    0.793682845939688563E+09    0.513375428445319926E+03   -0.256687714222659963E+03
    0.134410588153815009E+02    0.137039817620856308E+01    0.271156406014668683E+02    0.805989565962988019E+09    0.512788462075267262E+03   -0.256394231037633631E+03
    0.382756208559100699E+02    0.136590407257060353E+01    0.171254014026816215E+02    0.353710881332843900E+09    0.512758577229505477E+03   -0.256379288614752738E+03
    0.143212969226962894E+02    0.136207488770779239E+01    0.163352832460782800E+02    0.398882715092644751E+09    0.512652859738245184E+03   -0.256326429869122592E+03
    0.493760807739069350E+02    0.136523274313853538E+01    0.183862972017756263E+02    0.620893708387113094E+09    0.512452087981069326E+03   -0.256226043990534663E+03
    0.323087232998550817E+02    0.137034563246173957E+01    0.153064882091982266E+02    0.688421899122945547E+09    0.512449490276083338E+03   -0.256224745138041669E+03
    0.214096585914274513E+02    0.136882601451790809E+01    0.113362175187798613E+02    0.201735290760086745E+09    0.512439196410461363E+03   -0.256219598205230682E+03
    0.249239362196891712E+02    0.136612347746693352E+01    0.179371919060874951E+02    0.131639674391443938E+09    0.512370150417814443E+03   -0.256185075208907222E+03
    0.354061143948831614E+02    0.136360515612770294E+01    0.158868407209542593E+02    0.344097597697644413E+09    0.512318051898621434E+03   -0.256159025949310717E+03
    0.326181595770746000E+02    0.137052354919449693E+01    0.126960649212169034E+02    0.132859680417142153E+09    0.512233446724933629E+03   -0.256116723362466814E+03
    0.118012528282402918E+01    0.136362370859460613E+01    0.129785160051586352E+02    0.939020306235586047E+09    0.512188592010456432E+03   -0.256094296005228216E+03
    0.175191954066953670E+02    0.136996039369586753E+01    0.277872734063430826E+02    0.785555039798645377E+09    0.512182584114924680E+03   -0.256091292057462340E+03
    0.132768637628356068E+02    0.136908333450684094E+01    0.132502353485835229E+02    0.592981131477944970E+09    0.512119914228593643E+03   -0.256059957114296822E+03
    0.450634221224696390E+02    0.136444031039030200E+01    0.105328767258468954E+02    0.151050125713921070E+09    0.512061775761220360E+03   -0.256030887880610180E+03
    0.460044773826769742E+02    0.136414547474002190E+01    0.195236266057013310E+02    0.544204201693863630E+09    0.511832388776786388E+03   -0.255916194388393194E+03
    0.271436002390677800E+02    0.136509578469086379E+01    0.127739314285207772E+02    0.342120844072944462E+09    0.511800006649923375E+03   -0.255900003324961688E+03
    0.327422682913144243E+02    0.136659726739018339E+01    0.194416676116807920E+02    0.186612401630077571E+09    0.511673237258941924E+03   -0.255836618629470962E+03
    0.350400068493323058E+01    0.136281539033696220E+01    0.133346966992050930E+02    0.499492589433060408E+09    0.511641053853258143E+03   -0.255820526926629071E+03
    0.310906083872683858E+02    0.136982351773158806E+01    0.136529906693228842E+02    0.181257792359373838E+09    0.511499575206350642E+03   -0.255749787603175321E+03
    0.771588252986185008E+01    0.136523504080674551E+01    0.206550121150590122E+02    0.442995112645165801E+09    0.511459907059340651E+03   -0.255729953529670325E+03
    0.321073593897025162E+02    0.136506950995862986E+01    0.155058101458947792E+02    0.305725690263577282E+09    0.511390841514883164E+03   -0.255695420757441582E+03
    0.642741301718456004E+01    0.136379209337702467E+01    0.158067217833239546E+02    0.431600663926472545E+09    0.511382406836421751E+03   -0.255691203418210875E+03
    0.350071709724496003E+02    0.136179623968530805E+01    0.713872932169271923E+01    0.111663847431070775E+09    0.511374149521019376E+03   -0.255687074760509688E+03
    0.350332485031422394E+02    0.136872408054069572E+01    0.256649595163882296E+02    0.591501969889303565E+09    0.511359890112801963E+03   -0.255679945056400982E+03
    0.224596424563671526E+02    0.136970428744452377E+01    0.260911701380400700E+02    0.616684038859373093E+09    0.511356872972240694E+03   -0.255678436486120347E+03
    0.105847279859263921E+02    0.136412048092811578E+01    0.932783088593831877E+01    0.179280426036962062E+09    0.511303651711661473E+03   -0.255651825855830737E+03
    0.121689957188037141E+02    0.136593530933321827E+01    0.990738706203759634E+01    0.671476097400163412E+09    0.511302860362107936E+03   -0.255651430181053968E+03
    0.394864896165002008E+02    0.136617466657901909E+01    0.154713750634074270E+02    0.226808799862325966E+09    0.511179242222073640E+03   -0.255589621111036820E+03
    0.273394807509578115E+02    0.136841655197038059E+01    0.285661920115498518E+02    0.787442887755607724E+09    0.511136544408394002E+03   -0.255568272204197001E+03
    0.268243966823261637E+02    0.136701124130641527E+01    0.182147414594230099E+02    0.155305907873023212E+09    0.511127885334295343E+03   -0.255563942667147671E+03
    0.117429933148648171E+02    0.136829716128879286E+01    0.128102659701721446E+02    0.148911680349779069E+09    0.511101973424772439E+03   -0.255550986712386219E+03
    0.158916193516194788E+02    0.136977261479624168E+01    0.106363549849707280E+02    0.111361831931180745E+09    0.511032824068782702E+03   -0.255516412034391351E+03
    0.201456087677477420E+02    0.137094138225488393E+01    0.252520150115722259E+02    0.760966399236633778E+09    0.510934978566094060E+03   -0.255467489283047030E+03
    0.125612887207563393E+02    0.136835503696397343E+01    0.141394890539970888E+02    0.507742591352180243E+09    0.510838142160672987E+03   -0.255419071080336494E+03
    0.224315975271823369E+02    0.137167401947747769E+01    0.205226255772269894E+02    0.796553005045188189E+09    0.510562948489587370E+03   -0.255281474244793685E+03
    0.260025866212452073E+02    0.136246015356603745E+01    0.920109407442478755E+01    0.204168416414861679E+09    0.510561166007916029E+03   -0.255280583003958014E+03
    0.304104926471172234E+02    0.137042518206699260E+01    0.114548007129247704E+02    0.112472747759350538E+09    0.510553469029472467E+03   -0.255276734514736233E+03
    0.352086258741370415E+02    0.136650366343697116E+01    0.176136474701169412E+02    0.407049355422397733E+09    0.510326798984146194E+03   -0.255163399492073097E+03
    0.156814790234570918E+02    0.136596704061459406E+01    0.107481338254690186E+02    0.202994761102647513E+09    0.510275973410260804E+03   -0.255137986705130402E+03
    0.173529171898675010E+02    0.136728420257820260E+01    0.111129473160120771E+02    0.654827225501437306E+09    0.510102047854261173E+03   -0.255051023927130586E+03
    0.169060257503140257E+02    0.136823528100716341E+01    0.155567788119516184E+02    0.153298148752693057E+09    0.510024966250497584E+03   -0.255012483125248792E+03
    0.421529180636661565E+02    0.136799028222064800E+01    0.234830885337720190E+02    0.684480006371693492E+09    0.509978364461245121E+03   -0.254989182230622561E+03
    0.160351086038701176E+02    0.136104582591122258E+01    0.162054777650210688E+02    0.872079825989015222E+09    0.509890690351298531E+03   -0.254945345175649265E+03
    0.105474611521604142E+02    0.136461853796436472E+01    0.138324348132546771E+02    0.451658086289317310E+09    0.509751700389055088E+03   -0.254875850194527544E+03
    0.292094286512112440E+02    0.136623220904219367E+01    0.188728413257187135E+02    0.381343583400929987E+09    0.509725312151059029E+03   -0.254862656075529515E+03
    0.262086031287543406E+02    0.136568504604595597E+01    0.807384792687139097E+01    0.142121613247188956E+09    0.509717958400723774E+03   -0.254858979200361887E+03
    0.200117202086699741E+02    0.136875503178992908E+01    0.119950024443155403E+02    0.174130276149913609E+09    0.509715537192386932E+03   -0.254857768596193466E+03
    0.369093503120288773E+02    0.136766896645594671E+01    0.144095350636164632E+02    0.104557523965244353E+09    0.509709575868332649E+03   -0.254854787934166325E+03
    0.412520228959268209E+02    0.136763543049547320E+01    0.140676846496603947E+02    0.127320113628112316E+09    0.509697504205795099E+03   -0.254848752102897549E+03
    0.231917627639958610E+02    0.136540415003633964E+01    0.103880562234471139E+02    0.210173578253668666E+09    0.509691518276289912E+03   -0.254845759138144956E+03
    0.282424846282245312E+02    0.136764819892604983E+01    0.917458397030296524E+01    0.140145422756338060E+09    0.509633129593135891E+03   -0.254816564796567945E+03
    0.382132325184705337E+02    0.136473213980586872E+01    0.160528172205844726E+02    0.462201251150369942E+09    0.509550507975707035E+03   -0.254775253987853517E+03
    0.364488266845063791E+02    0.136864551521666034E+01    0.228318339948152094E+02    0.569678802957101822E+09    0.509496372371811503E+03   -0.254748186185905752E+03
    0.359815588013812189E+02    0.136753453627962407E+01    0.110498630810022735E+02    0.160645365155322701E+09    0.509482469885577757E+03   -0.254741234942788878E+03
    0.251842092880818562E+02    0.136913730354494767E+01    0.138763476822330762E+02    0.146318480664915472E+09    0.509446948442826397E+03   -0.254723474221413198E+03
    0.195271480987592732E+02    0.136803776313242476E+01    0.273538414887853136E+02    0.655522192469093442E+09    0.509340243062386321E+03   -0.254670121531193161E+03
    0.257275372721010669E+02    0.136388606275905722E+01    0.945397913259654032E+01    0.618496829488914967E+09    0.509321647687255449E+03   -0.254660823843627725E+03
    0.259337301922635248E+02    0.136056590958854717E+01    0.152372224824228510E+02    0.711873626189612150E+09    0.509309089029687811E+03   -0.254654544514843906E+03
    0.314273982073306541E+02    0.136765822075477095E+01    0.134071541320325611E+02    0.207793311804085463E+09    0.509282822981921470E+03   -0.254641411490960735E+03
    0.364044749371660217E+02    0.136804137134817427E+01    0.148344109678675284E+02    0.605277790003489375E+09    0.509280688862016063E+03   -0.254640344431008032E+03
    0.257527252912355280E+02    0.136974830906313838E+01    0.256624932959080638E+02    0.759949967510403275E+09    0.509262889893258205E+03   -0.254631444946629102E+03
    0.284815762581269283E+02    0.136142075140383945E+01    0.182856269387872956E+02    0.600680567047299027E+09    0.509251838017074988E+03   -0.254625919008537494E+03
    0.301213440958133383E+02    0.136315478669053181E+01    0.954369498563694840E+01    0.713200258877696753E+09    0.509187765752378368E+03   -0.254593882876189184E+03
    0.291642197303097568E+02    0.136930504267363440E+01    0.203100571693561207E+02    0.527126312645630717E+09    0.509139595601616406E+03   -0.254569797800808203E+03
    0.615716050827624262E+01    0.136549184150904179E+01    0.138607141366778812E+02    0.539457383293720841E+09    0.509091130403566865E+03   -0.254545565201783432E+03
    0.378559102547951909E+02    0.136568291999745073E+01    0.138269136099903385E+02    0.526412865047849953E+09    0.509068430776089315E+03   -0.254534215388044657E+03
    0.171465130662051486E+02    0.136606610352410862E+01    0.128633887426416127E+02    0.212664329571032315E+09    0.509063668817134669E+03   -0.254531834408567335E+03
    0.188230143638846528E+02    0.136586259089372719E+01    0.144048633375673116E+02    0.223716657337290406E+09    0.509035414612979878E+03   -0.254517707306489939E+03
    0.220883512280194658E+02    0.136860481118336819E+01    0.163102420806294113E+02    0.176003601376031339E+09    0.509013647315491369E+03   -0.254506823657745684E+03
    0.395755328435583564E+02    0.136444069986098726E+01    0.128700185844556927E+02    0.115842561741824970E+09    0.508994842628791048E+03   -0.254497421314395524E+03
    0.166357657197288660E+02    0.136824738386315148E+01    0.150029201808158259E+02    0.113596289330665991E+09    0.508943726311713931E+03   -0.254471863155856965E+03
    0.160087082183950500E+02    0.136999317754868022E+01    0.246330252589650129E+02    0.800337798465638399E+09    0.508926536733424598E+03   -0.254463268366712299E+03
    0.311178995935396401E+02    0.136704380627541733E+01    0.192313724742255125E+02    0.428363630125608444E+09    0.508924992644568135E+03   -0.254462496322284068E+03
    0.169760264111505208E+02    0.137018386624461419E+01    0.229661399071661734E+02    0.673682618041699529E+09    0.508905063935742078E+03   -0.254452531967871039E+03
    0.763868963670214285E+01    0.136469143992116804E+01    0.234246450144436871E+02    0.855958268789383292E+09    0.508857621234538840E+03   -0.254428810617269420E+03
    0.409947112311018671E+02    0.136557163593197384E+01    0.174788087710258004E+02    0.851410665879365206E+09    0.508851608501403007E+03   -0.254425804250701503E+03
    0.390477762466774037E+01    0.136487688614308911E+01    0.163782400925315414E+02    0.535453420312167883E+09    0.508809112459013704E+03   -0.254404556229506852E+03
    0.282895712219307960E+02    0.136584012067225391E+01    0.218833883036203183E+02    0.453698716602277398E+09    0.508730772483427700E+03   -0.254365386241713850E+03
    0.317571693740352359E+02    0.136862366150515968E+01    0.187329498652390640E+02    0.928233664729707003E+09    0.508698706874526351E+03   -0.254349353437263176E+03
    0.327113117175019852E+02    0.136356424516196051E+01    0.106836786182998171E+02    0.637919545186911225E+09    0.508614982375341526E+03   -0.254307491187670763E+03
    0.264297509412187424E+02    0.136745635915416752E+01    0.175623640793552980E+02    0.186686825015862435E+09    0.508604927340300264E+03   -0.254302463670150132E+03
    0.263879627909644654E+02    0.136425403748353391E+01    0.106192216270096242E+02    0.102101604929293603E+09    0.508547608774249113E+03   -0.254273804387124557E+03
    0.247604774656700179E+02    0.136643465611181636E+01    0.959983296573026301E+01    0.157069782287312686E+09    0.508512789902965153E+03   -0.254256394951482577E+03
    0.132138583937018286E+02    0.136461553638759603E+01    0.103207560462812094E+02    0.112932119323186204E+09    0.508482860747603070E+03   -0.254241430373801535E+03
    0.133739331730996227E+02    0.136636269600096671E+01    0.153126003385134606E+02    0.971910348822844982E+09    0.508461796556824538E+03   -0.254230898278412269E+03
    0.230230854446255897E+02    0.137055862241340720E+01    0.200995607516862442E+02    0.697874551641564369E+09    0.508453570057874913E+03   -0.254226785028937456E+03
    0.176832736768963628E+02    0.136750541201744280E+01    0.139993653519538359E+02    0.145173554350007296E+09    0.508430615838773917E+03   -0.254215307919386959E+03
    0.329559162000822496E+02    0.136765879653103917E+01    0.142859659004457598E+02    0.195764194412352920E+09    0.508404589059986506E+03   -0.254202294529993253E+03
    0.428577446456871840E+02    0.136670459726307403E+01    0.188775957455183985E+02    0.773574447503553152E+09    0.508402687829190256E+03   -0.254201343914595128E+03
    0.200987462114680469E+02    0.136322678683633192E+01    0.824289198769968934E+01    0.117847971534477517E+09    0.508379941205812884E+03   -0.254189970602906442E+03
    0.365870658634158730E+02    0.136760363823720432E+01    0.173296804585100048E+02    0.896504842677175403E+09    0.508377597927431566E+03   -0.254188798963715783E+03
    0.258477742760829834E+02    0.136774581273087970E+01    0.156327656924519331E+02    0.131009363582883313E+09    0.508374321787649592E+03   -0.254187160893824796E+03
    0.281732798661434742E+02    0.136120323206943872E+01    0.151439942014472919E+02    0.594711967491106391E+09    0.508298327054177378E+03   -0.254149163527088689E+03
    0.172947185779310288E+02    0.136738812749175764E+01    0.134344868584627193E+02    0.526759640104121327E+09    0.508272903893584157E+03   -0.254136451946792079E+03
    0.143432538602021253E+02    0.136717304340896195E+01    0.135737860944054596E+02    0.172598297740030974E+09    0.508253618783335355E+03   -0.254126809391667678E+03
    0.253015599975352430E+02    0.136397886039693694E+01    0.155102461336956381E+02    0.180965849635589361E+09    0.508190849424123542E+03   -0.254095424712061771E+03
    0.182671727756963200E+02    0.136193245441220201E+01    0.141272861121393998E+02    0.496930417562288523E+09    0.508134528301972864E+03   -0.254067264150986432E+03
    0.195324280389683835E+02    0.137032255621425980E+01    0.206896039695611229E+02    0.883159900711155415E+09    0.508095120501284043E+03   -0.254047560250642022E+03
    0.388650047829606251E+02    0.136759497518847861E+01    0.168767677800333580E+02    0.801953070327250957E+09    0.508085938614422275E+03   -0.254042969307211138E+03
    0.160414504163085923E+02    0.136641867056246213E+01    0.131980889125255665E+02    0.139006584524910897E+09    0.508073456091142873E+03   -0.254036728045571436E+03
    0.114180767275668860E+02    0.136206495259001037E+01    0.158258648416454761E+02    0.891186745658297658E+09    0.508066201466584573E+03   -0.254033100733292287E+03
    0.331424894358070574E+02    0.136550363000277941E+01    0.191356823706679400E+02    0.934064515417432547E+09    0.508045435482405196E+03   -0.254022717741202598E+03
    0.180249610374984144E+02    0.136446012355084800E+01    0.141937032412175874E+02    0.958050910428900003E+09    0.508015951646964254E+03   -0.254007975823482127E+03
    0.331881487726960671E+02    0.136920315683468230E+01    0.181463139215127960E+02    0.674982998480520606E+09    0.507916512555202530E+03   -0.253958256277601265E+03
    0.354308680471429014E+02    0.136677390330971171E+01    0.142713889894458550E+02    0.151732652613287807E+09    0.507896394886342762E+03   -0.253948197443171381E+03
    0.189600088453893107E+02    0.136258350777936221E+01    0.162650209636153669E+02    0.467545533912980616E+09    0.507891921377628250E+03   -0.253945960688814125E+03
    0.239358598677489312E+02    0.136974997974456447E+01    0.169389235779018996E+02    0.717173206244834185E+09    0.507883512047794341E+03   -0.253941756023897170E+03
    0.360943196157861337E+02    0.136775411834520688E+01    0.111567310696148994E+02    0.124233262898481876E+09    0.507876840586383651E+03   -0.253938420293191825E+03
    0.299057042198079479E+02    0.136786777525428138E+01    0.148356763105280418E+02    0.161517707613054276E+09    0.507854487931391247E+03   -0.253927243965695624E+03
    0.148249067524241944E+02    0.136670189567349865E+01    0.124146111825263503E+02    0.179120728464999318E+09    0.507853508916794169E+03   -0.253926754458397085E+03
    0.214559673596177056E+02    0.136744706150920359E+01    0.930697216909026004E+01    0.120079932916890383E+09    0.507788267007390800E+03   -0.253894133503695400E+03
    0.192446381104154582E+02    0.136530472470104458E+01    0.139102956687607637E+02    0.160775094341758221E+09    0.507771606595935907E+03   -0.253885803297967954E+03
    0.292009337095839356E+02    0.136503330448115667E+01    0.140249552717270234E+02    0.133779415280017450E+09    0.507729951866257068E+03   -0.253864975933128534E+03
    0.289376477104098164E+02    0.136633756356441172E+01    0.104595494816417443E+02    0.161716313332628727E+09    0.507719410044767017E+03   -0.253859705022383508E+03
    0.170620019162117043E+01    0.136518820858568879E+01    0.180462245546797249E+02    0.805354975187369347E+09    0.507661264434875989E+03   -0.253830632217437994E+03
    0.330803154556663728E+02    0.136580510721476678E+01    0.238084314404240835E+02    0.856866781758492708E+09    0.507650583515322921E+03   -0.253825291757661461E+03
    0.330803154556663728E+02    0.136580510721476678E+01    0.238084314404240835E+02    0.856866781758492708E+09    0.507650583515322921E+03   -0.253825291757661461E+03
    0.284237526419128805E+01    0.136384766728019824E+01    0.159489207619223077E+02    0.705236088097432256E+09    0.507632849872512111E+03   -0.253816424936256055E+03
    0.169909078826363036E+02    0.136427392026472361E+01    0.145799972694860998E+02    0.954103440390970826E+09    0.507612578742865139E+03   -0.253806289371432570E+03
    0.638728182859796334E+01    0.136780384740846950E+01    0.193884927476403526E+02    0.932157993623909831E+09    0.507600648424506517E+03   -0.253800324212253258E+03
    0.393650678599887627E+02    0.136285646049153319E+01    0.163563759570267386E+02    0.693891489792651772E+09    0.507597812556640974E+03   -0.253798906278320487E+03
    0.334839044866767850E+02    0.136267921148684024E+01    0.178307559144209975E+02    0.847772605329931736E+09    0.507596648376140081E+03   -0.253798324188070040E+03
    0.264979207113748636E+02    0.136725676049951472E+01    0.165492654174451239E+02    0.174571690317739874E+09    0.507581712753708928E+03   -0.253790856376854464E+03
    0.193140185292402364E+02    0.136641509685542295E+01    0.164170539154202224E+02    0.179995847446068525E+09    0.507575939538035982E+03   -0.253787969769017991E+03
    0.326775714259974777E+02    0.136731247225842711E+01    0.122614451200913113E+02    0.175698835188432097E+09    0.507528502885895875E+03   -0.253764251442947938E+03
    0.267883105833477408E+02    0.136318280902749867E+01    0.114177804503366396E+02    0.117027275462102234E+09    0.507464531357745443E+03   -0.253732265678872722E+03
    0.235577129859111025E+02    0.136722549630022261E+01    0.157252086957563897E+02    0.193730364540313780E+09    0.507422609886368775E+03   -0.253711304943184388E+03
    0.277433045429229068E+02    0.136775635313086497E+01    0.124814778215044573E+02    0.177332252121674806E+09    0.507316874473534881E+03   -0.253658437236767440E+03
    0.364233631111687970E+02    0.136810578763541679E+01    0.170120565097771568E+02    0.657351399271602035E+09    0.507293328138468382E+03   -0.253646664069234191E+03
    0.376792586652472963E+02    0.136663414510665904E+01    0.157325577608581408E+02    0.797274317143597364E+09    0.507259050878492133E+03   -0.253629525439246066E+03
    0.188744194846175901E+02    0.136507942034984731E+01    0.131327139975330347E+02    0.113119652364164814E+09    0.507248435825206116E+03   -0.253624217912603058E+03
    0.228188050304632739E+02    0.136551052920170957E+01    0.140667495420289832E+02    0.112048285077788442E+09    0.507227755690564322E+03   -0.253613877845282161E+03
    0.203604096891878648E+02    0.136686965953791639E+01    0.148960357688011271E+02    0.193071536579636186E+09    0.507208928105630434E+03   -0.253604464052815217E+03
    0.354087200112605345E+02    0.136510824057656444E+01    0.151730714680546495E+02    0.511775405748639166E+09    0.507165503857040108E+03   -0.253582751928520054E+03
    0.964851069329376188E+01    0.136929429647939438E+01    0.204357153857864446E+02    0.840613066706294775E+09    0.507161173658994699E+03   -0.253580586829497349E+03
    0.964851069329376188E+01    0.136929429647939438E+01    0.204357153857864446E+02    0.840613066706294775E+09    0.507161173658994699E+03   -0.253580586829497349E+03
    0.258778912275794717E+02    0.136157674023258490E+01    0.148596413592061882E+02    0.798307962589119792E+09    0.507146545661361245E+03   -0.253573272830680622E+03
    0.189756121407858345E+02    0.136152104847741273E+01    0.148661989131198151E+02    0.805944872628487110E+09    0.507118544908747936E+03   -0.253559272454373968E+03
    0.127694968274147911E+02    0.136386066834828878E+01    0.121358934488246764E+02    0.573998242157355905E+09    0.507101643448113691E+03   -0.253550821724056846E+03
    0.409537866106150688E+02    0.136563802428078174E+01    0.198986499869037061E+02    0.651265615253785610E+09    0.507091120245744264E+03   -0.253545560122872132E+03
    0.232790225095939185E+02    0.136687165648848241E+01    0.129261329601553960E+02    0.192911855239467919E+09    0.507075437155984105E+03   -0.253537718577992052E+03
    0.412981111129496057E+02    0.136560833344392041E+01    0.192577252543331880E+02    0.682666515072580457E+09    0.506999092717614303E+03   -0.253499546358807152E+03
    0.158150501198265445E+02    0.136524696599738471E+01    0.178718272346582658E+02    0.454702671889362693E+09    0.506991644727219750E+03   -0.253495822363609875E+03
    0.836116551278034947E+01    0.136811860394626117E+01    0.163632541595063294E+02    0.683742335499259591E+09    0.506982610848988656E+03   -0.253491305424494328E+03
    0.331806501209700997E+02    0.136840145964663296E+01    0.119209012737023876E+02    0.115202455172141150E+09    0.506971070727110259E+03   -0.253485535363555130E+03
    0.159680341393424463E+02    0.136437706723968422E+01    0.111349241460461705E+02    0.753981225950351954E+09    0.506946312313929070E+03   -0.253473156156964535E+03
    0.322108656977613492E+02    0.136311214930585933E+01    0.142474060668131592E+02    0.505758312241646886E+09    0.506945556134002743E+03   -0.253472778067001371E+03
    0.291242034063684692E+02    0.136706143793981916E+01    0.157385270642068864E+02    0.175492947218189538E+09    0.506931513336611602E+03   -0.253465756668305801E+03
    0.279032225910252301E+02    0.136155742715040229E+01    0.152326716936443614E+02    0.676720915449088335E+09    0.506812566957981744E+03   -0.253406283478990872E+03
    0.279032225910252301E+02    0.136155742715040229E+01    0.152326716936443614E+02    0.676720915449088335E+09    0.506812566957981744E+03   -0.253406283478990872E+03
    0.332104369448856076E+02    0.136706871413735920E+01    0.143267334901968777E+02    0.653354930576915741E+09    0.506803041527202879E+03   -0.253401520763601440E+03
    0.320362862871854830E+02    0.136655224599680181E+01    0.209007925363036726E+02    0.495459235405428946E+09    0.506796609087988941E+03   -0.253398304543994470E+03
    0.193421769439225599E+02    0.136502586255900438E+01    0.180393945775532636E+02    0.449686855779071808E+09    0.506770391536408340E+03   -0.253385195768204170E+03
    0.251030118663231576E+02    0.136462569959869517E+01    0.116425025171629759E+02    0.168434336264656633E+09    0.506735601295707340E+03   -0.253367800647853670E+03
    0.273176175379028940E+02    0.136468477319889336E+01    0.242067183719187966E+02    0.663847373310194492E+09    0.506725120756039246E+03   -0.253362560378019623E+03
    0.273176175379028940E+02    0.136468477319889336E+01    0.242067183719187966E+02    0.663847373310194492E+09    0.506725120756039246E+03   -0.253362560378019623E+03
    0.472318984620372095E+01    0.136559578222552647E+01    0.165759905166978534E+02    0.656642895925551414E+09    0.506711478490371519E+03   -0.253355739245185760E+03
    0.295275966737291817E+02    0.136873549021656271E+01    0.175484343145087145E+02    0.865423438453115225E+09    0.506710729522706743E+03   -0.253355364761353371E+03
    0.480114126374275685E+01    0.136600523715742672E+01    0.187860929642680397E+02    0.612163683527867675E+09    0.506684889986042435E+03   -0.253342444993021218E+03
    0.480114126374275685E+01    0.136600523715742672E+01    0.187860929642680397E+02    0.612163683527867675E+09    0.506684889986042435E+03   -0.253342444993021218E+03
    0.302638582750218603E+02    0.136733950490330036E+01    0.137809139023921006E+02    0.763796263392106175E+09    0.506659711926488228E+03   -0.253329855963244114E+03
    0.302638582750218603E+02    0.136733950490330036E+01    0.137809139023921006E+02    0.763796263392106175E+09    0.506659711926488228E+03   -0.253329855963244114E+03
    0.251745447695302680E+02    0.136515282537063420E+01    0.185865855316770485E+02    0.453195607107403755E+09    0.506629119794963799E+03   -0.253314559897481899E+03
    0.251745447695302680E+02    0.136515282537063420E+01    0.185865855316770485E+02    0.453195607107403755E+09    0.506629119794963799E+03   -0.253314559897481899E+03
    0.117648040026390088E+02    0.136580478018896589E+01    0.140355832482992611E+02    0.557116772982391834E+09    0.506594851545264305E+03   -0.253297425772632153E+03
    0.242830673832575243E+02    0.136900977396118306E+01    0.180364409742084710E+02    0.592548662899882674E+09    0.506594455648325777E+03   -0.253297227824162889E+03
    0.257199409296427639E+02    0.136576322093245417E+01    0.120225578009154823E+02    0.752757941569845796E+09    0.506535633531283338E+03   -0.253267816765641669E+03
    0.257199409296427639E+02    0.136576322093245417E+01    0.120225578009154823E+02    0.752757941569845796E+09    0.506535633531283338E+03   -0.253267816765641669E+03
    0.202834725055922505E+02    0.136949697434422690E+01    0.179006835321268092E+02    0.805996025717057467E+09    0.506502621765138258E+03   -0.253251310882569129E+03
    0.202834725055922505E+02    0.136949697434422690E+01    0.179006835321268092E+02    0.805996025717057467E+09    0.506502621765138258E+03   -0.253251310882569129E+03
    0.253687946141414784E+02    0.136773041528863981E+01    0.222312924228547608E+02    0.929196725622160077E+09    0.506419929429522995E+03   -0.253209964714761497E+03
    0.278054506677119235E+02    0.136199169860251268E+01    0.135795132502866682E+02    0.778445725592775345E+09    0.506374734497849147E+03   -0.253187367248924573E+03
    0.303530888411134967E+02    0.136606572584731056E+01    0.190467104241223311E+02    0.474909900419772863E+09    0.506371734899802391E+03   -0.253185867449901195E+03
    0.225323348935414884E+02    0.136495264197801869E+01    0.110978306258576271E+02    0.110685051822936401E+09    0.506365242652683719E+03   -0.253182621326341859E+03
    0.143548613583340163E+02    0.136328902507501293E+01    0.202447715592961863E+02    0.572426104317539930E+09    0.506354650574915013E+03   -0.253177325287457506E+03
    0.165671985508663511E+02    0.136653034862135980E+01    0.225890135029652832E+02    0.524248410890292346E+09    0.506340489071895718E+03   -0.253170244535947859E+03
    0.165671985508663511E+02    0.136653034862135980E+01    0.225890135029652832E+02    0.524248410890292346E+09    0.506340489071895718E+03   -0.253170244535947859E+03
    0.164252295608853132E+02    0.136419627365357599E+01    0.123894628572028882E+02    0.563694695850321174E+09    0.506327673317229994E+03   -0.253163836658614997E+03
    0.277104190850690060E+02    0.136517199195649774E+01    0.140710799167646812E+02    0.185117807975996286E+09    0.506325915999359211E+03   -0.253162957999679605E+03
    0.279147202773528917E+02    0.136747624076663721E+01    0.138849903479919092E+02    0.723174328930919051E+09    0.506321637723406752E+03   -0.253160818861703376E+03
    0.947106029819370221E+01    0.136729730007688621E+01    0.149774252395388690E+02    0.699284422093240499E+09    0.506313665844352045E+03   -0.253156832922176022E+03
    0.914128676207002933E+01    0.136715239858325499E+01    0.168999844510048582E+02    0.568108405617269278E+09    0.506304447859337870E+03   -0.253152223929668935E+03
    0.330530722242697763E+02    0.136652380856746891E+01    0.178425566444804140E+02    0.497675229350099921E+09    0.506279407574776656E+03   -0.253139703787388328E+03
    0.330530722242697763E+02    0.136652380856746891E+01    0.178425566444804140E+02    0.497675229350099921E+09    0.506279407574776656E+03   -0.253139703787388328E+03
    0.182845108464407566E+02    0.136926411930294001E+01    0.234433029678936293E+02    0.749177129591948628E+09    0.506274526659584069E+03   -0.253137263329792034E+03
    0.247115936735609480E+02    0.136785432266046914E+01    0.203284606449883931E+02    0.501757160840380132E+09    0.506267353467856879E+03   -0.253133676733928439E+03
    0.293693277376468629E+02    0.136680840661738134E+01    0.246717543080413542E+02    0.830113976593981266E+09    0.506222400539442276E+03   -0.253111200269721138E+03
    0.293693277376468629E+02    0.136680840661738134E+01    0.246717543080413542E+02    0.830113976593981266E+09    0.506222400539442276E+03   -0.253111200269721138E+03
    0.575110206757803244E+01    0.136771453818510702E+01    0.204507232976885831E+02    0.867840172123966336E+09    0.506212097583005118E+03   -0.253106048791502559E+03
    0.575110206757803244E+01    0.136771453818510702E+01    0.204507232976885831E+02    0.867840172123966336E+09    0.506212097583005118E+03   -0.253106048791502559E+03
    0.356917486662176486E+01    0.136634834273117423E+01    0.185149005059681144E+02    0.817158843638476372E+09    0.506211367441150912E+03   -0.253105683720575456E+03
    0.352736754042265233E+02    0.136682936696809554E+01    0.236359086482198109E+02    0.673684440060847402E+09    0.506200524729593383E+03   -0.253100262364796691E+03
    0.144933935973481152E+02    0.136858637568148245E+01    0.164526283201705610E+02    0.680837872554324031E+09    0.506170261602783853E+03   -0.253085130801391927E+03
    0.173079682371569703E+02    0.136294985630383336E+01    0.186704087461580244E+02    0.537280318129258513E+09    0.506099960383363737E+03   -0.253049980191681868E+03
    0.137958576562367785E+02    0.136679844451784960E+01    0.143139774014517211E+02    0.589609547275851130E+09    0.506097120467551974E+03   -0.253048560233775987E+03
    0.188008295466952511E+02    0.136333130177862705E+01    0.215898033687392896E+02    0.624601989514720917E+09    0.506071644252108626E+03   -0.253035822126054313E+03
    0.213253548138357729E+02    0.136602216681666966E+01    0.122463328785926500E+02    0.762359356189410448E+09    0.506070811178491226E+03   -0.253035405589245613E+03
    0.316253041591934725E+02    0.136589898400725551E+01    0.160765303452162485E+02    0.892427180173927307E+09    0.506037007957121887E+03   -0.253018503978560943E+03
    0.316253041591934725E+02    0.136589898400725551E+01    0.160765303452162485E+02    0.892427180173927307E+09    0.506037007957121887E+03   -0.253018503978560943E+03
    0.768225562832377928E+01    0.136714432780081130E+01    0.188593368945156605E+02    0.592156096650027275E+09    0.506034170306018268E+03   -0.253017085153009134E+03
    0.187745656049927732E+02    0.136864113034063983E+01    0.159894824050701203E+02    0.855037505219314218E+09    0.506003887294344338E+03   -0.253001943647172169E+03
    0.261166881220873677E+02    0.136623063079501894E+01    0.103044726925713253E+02    0.109347038702412561E+09    0.505980620402244710E+03   -0.252990310201122355E+03
    0.170416436050087796E+02    0.136611804071571830E+01    0.204337363771321670E+02    0.945844846692720413E+09    0.505978431028218040E+03   -0.252989215514109020E+03
    0.266684542524787425E+02    0.136822870854745449E+01    0.230809522705251666E+02    0.595440510194497228E+09    0.505926605019710792E+03   -0.252963302509855396E+03
    0.717071856125221441E+01    0.136528000221301360E+01    0.195147573288869225E+02    0.625290616186620235E+09    0.505879037228793607E+03   -0.252939518614396803E+03
    0.155995767179271869E+02    0.136574139165764064E+01    0.129679793922883455E+02    0.836831064014139891E+09    0.505862574919697011E+03   -0.252931287459848505E+03
    0.240253618603084433E+02    0.136585086849074333E+01    0.226462756486933330E+02    0.531860308567175865E+09    0.505859373712999172E+03   -0.252929686856499586E+03
    0.240253618603084433E+02    0.136585086849074333E+01    0.226462756486933330E+02    0.531860308567175865E+09    0.505859373712999172E+03   -0.252929686856499586E+03
    0.997967239970335207E+01    0.136319510418983447E+01    0.196276719996386575E+02    0.721701708536378741E+09    0.505858127799199622E+03   -0.252929063899599811E+03
    0.212317991068181975E+02    0.136722194603972413E+01    0.136595737884498192E+02    0.663118633606740952E+09    0.505838903286469019E+03   -0.252919451643234510E+03
    0.117687849399173885E+02    0.136872334469410251E+01    0.182375730277422363E+02    0.725682441827119231E+09    0.505825076975277398E+03   -0.252912538487638699E+03
    0.117687849399173885E+02    0.136872334469410251E+01    0.182375730277422363E+02    0.725682441827119231E+09    0.505825076975277398E+03   -0.252912538487638699E+03
    0.198620449732178521E+02    0.136752072527737245E+01    0.204509514280294340E+02    0.943948466649945617E+09    0.505790307795701153E+03   -0.252895153897850577E+03
    0.198620449732178521E+02    0.136752072527737245E+01    0.204509514280294340E+02    0.943948466649945617E+09    0.505790307795701153E+03   -0.252895153897850577E+03
    0.293961319275358832E+02    0.136243626621493785E+01    0.144621984125426923E+02    0.576606402260883451E+09    0.505780588868912730E+03   -0.252890294434456365E+03
    0.109116891870882604E+02    0.136355901885274977E+01    0.136226610665572601E+02    0.650594145400274038E+09    0.505772137480654465E+03   -0.252886068740327232E+03
    0.281583215852292099E+02    0.136689597915007255E+01    0.137463190963012707E+02    0.116242265802062601E+09    0.505766347382185927E+03   -0.252883173691092964E+03
    0.320756369958905907E+02    0.136644049671293022E+01    0.148016986143038896E+02    0.803744298957219839E+09    0.505758373667818546E+03   -0.252879186833909273E+03
    0.244942979439899950E+02    0.136766094648408054E+01    0.144646329350504725E+02    0.804963306287658572E+09    0.505645431397226105E+03   -0.252822715698613052E+03
    0.244942979439899950E+02    0.136766094648408054E+01    0.144646329350504725E+02    0.804963306287658572E+09    0.505645431397226105E+03   -0.252822715698613052E+03
    0.214662715527771013E+02    0.136880270684822736E+01    0.172501972945672755E+02    0.663189165884878993E+09    0.505644012352351126E+03   -0.252822006176175563E+03
    0.110953490071002232E+02    0.136665683355067702E+01    0.221185246289162656E+02    0.588940770663702965E+09    0.505619672331600668E+03   -0.252809836165800334E+03
    0.251197659647682698E+02    0.136365477539643853E+01    0.213366647696995635E+02    0.585998763156306863E+09    0.505614859339574650E+03   -0.252807429669787325E+03
    0.170717448697751344E+02    0.136762706810429968E+01    0.224384902909253618E+02    0.560835360687204719E+09    0.505597574510589880E+03   -0.252798787255294940E+03
    0.580605724921781619E+01    0.136739110403989295E+01    0.208304073161364052E+02    0.796509602599626899E+09    0.505585407138342021E+03   -0.252792703569171010E+03
    0.340482210614413034E+02    0.136783485650593528E+01    0.213426816703141995E+02    0.799487769360563755E+09    0.505516542103030929E+03   -0.252758271051515464E+03
    0.340482210614413034E+02    0.136783485650593528E+01    0.213426816703141995E+02    0.799487769360563755E+09    0.505516542103030929E+03   -0.252758271051515464E+03
    0.874387904123917359E+01    0.136320004823399876E+01    0.155557228994108510E+02    0.700995593541481853E+09    0.505441168094806017E+03   -0.252720584047403008E+03
    0.144631973771586271E+02    0.136866314246263454E+01    0.170339818201649784E+02    0.785638986516913056E+09    0.505426528448485669E+03   -0.252713264224242835E+03
    0.144631973771586271E+02    0.136866314246263454E+01    0.170339818201649784E+02    0.785638986516913056E+09    0.505426528448485669E+03   -0.252713264224242835E+03
    0.240463078406220134E+02    0.136581316729106428E+01    0.130769802890927096E+02    0.648948174986990452E+09    0.505416451371223502E+03   -0.252708225685611751E+03
    0.659574203999083331E+01    0.136651246364391699E+01    0.183677804883601858E+02    0.656927183076386333E+09    0.505407423114761059E+03   -0.252703711557380529E+03
    0.266455550480381262E+02    0.136802571480015778E+01    0.154870782472788182E+02    0.715343253586570144E+09    0.505363882561488992E+03   -0.252681941280744496E+03
    0.112167523761852781E+02    0.136752569682949021E+01    0.200698423718059864E+02    0.584124169102145195E+09    0.505330709916517321E+03   -0.252665354958258661E+03
    0.167868995957556919E+02    0.136552275873010354E+01    0.156116592772841152E+02    0.918921175097218513E+09    0.505299733146566496E+03   -0.252649866573283248E+03
    0.260241050936257494E+02    0.136764330525118494E+01    0.249959658462873655E+02    0.753221771889474869E+09    0.505261353718699809E+03   -0.252630676859349904E+03
    0.353837916809743760E+02    0.136448898602089042E+01    0.158378964774473108E+02    0.734029735155075788E+09    0.505244686832677075E+03   -0.252622343416338538E+03
    0.353837916809743760E+02    0.136448898602089042E+01    0.158378964774473108E+02    0.734029735155075788E+09    0.505244686832677075E+03   -0.252622343416338538E+03
    0.105435559080138965E+02    0.136717883208868396E+01    0.210065368820571479E+02    0.601846340689139962E+09    0.505224680257552677E+03   -0.252612340128776339E+03
    0.105435559080138965E+02    0.136717883208868396E+01    0.210065368820571479E+02    0.601846340689139962E+09    0.505224680257552677E+03   -0.252612340128776339E+03
    0.140566111907516849E+02    0.136628508331198484E+01    0.138862042212618828E+02    0.696035657322064757E+09    0.505174043690724375E+03   -0.252587021845362187E+03
    0.219506189161412699E+02    0.136626320234141074E+01    0.159268978668162866E+02    0.922151319636227965E+09    0.505169149369880017E+03   -0.252584574684940009E+03
    0.259886283840429968E+02    0.136467428165373228E+01    0.144808762034804577E+02    0.519759320036509752E+09    0.505163070357349000E+03   -0.252581535178674500E+03
    0.353272898521638936E+02    0.136534973058202924E+01    0.165597316307938094E+02    0.769917331746960282E+09    0.505107137234932452E+03   -0.252553568617466226E+03
    0.206324430758678545E+02    0.136870651536267607E+01    0.203422134564334591E+02    0.641495807225354910E+09    0.505002340807118003E+03   -0.252501170403559001E+03
    0.206324430758678545E+02    0.136870651536267607E+01    0.203422134564334591E+02    0.641495807225354910E+09    0.505002340807118003E+03   -0.252501170403559001E+03
    0.100669059591643091E+02    0.136402858414001038E+01    0.145394613801762222E+02    0.747399745211560726E+09    0.504965172943624111E+03   -0.252482586471812056E+03
    0.215834993307124421E+02    0.136634334139900226E+01    0.135959069182468415E+02    0.799505489158003688E+09    0.504922246792071633E+03   -0.252461123396035816E+03
    0.165990501208395393E+02    0.136718482072298086E+01    0.172183557478281166E+02    0.533327040598983288E+09    0.504910597922192665E+03   -0.252455298961096332E+03
    0.262930248564141280E+02    0.136416766919267896E+01    0.143041081395467362E+02    0.534008368032257020E+09    0.504905012550729452E+03   -0.252452506275364726E+03
    0.352102584336141078E+02    0.136685567449106427E+01    0.217093376860419056E+02    0.678942045314392447E+09    0.504876709136284489E+03   -0.252438354568142245E+03
    0.206253172118915451E+02    0.136531764735203387E+01    0.229129739538593853E+02    0.838897539641527414E+09    0.504864713114300173E+03   -0.252432356557150086E+03
    0.206253172118915451E+02    0.136531764735203387E+01    0.229129739538593853E+02    0.838897539641527414E+09    0.504864713114300173E+03   -0.252432356557150086E+03
    0.288124266573391452E+02    0.136853751395012435E+01    0.200371019553896552E+02    0.800832946632346511E+09    0.504855862808699158E+03   -0.252427931404349579E+03
    0.311851316273604695E+02    0.136434489502137901E+01    0.178536754458797127E+02    0.844516288738231778E+09    0.504853958439393807E+03   -0.252426979219696904E+03
    0.168700532928533597E+02    0.136244442597001436E+01    0.173123201134692373E+02    0.676232964495770931E+09    0.504852084954387351E+03   -0.252426042477193675E+03
    0.170257901644692140E+02    0.136367614475170740E+01    0.161025779187431652E+02    0.524931910712722540E+09    0.504823770814073498E+03   -0.252411885407036749E+03
    0.170257901644692140E+02    0.136367614475170740E+01    0.161025779187431652E+02    0.524931910712722540E+09    0.504823770814073498E+03   -0.252411885407036749E+03
    0.231655821991289166E+02    0.136229757853527889E+01    0.172564307048922956E+02    0.680325281826457381E+09    0.504819547955596931E+03   -0.252409773977798466E+03
    0.231655821991289166E+02    0.136229757853527889E+01    0.172564307048922956E+02    0.680325281826457381E+09    0.504819547955596931E+03   -0.252409773977798466E+03
    0.236565410105729796E+02    0.136870554251709131E+01    0.177803781921049016E+02    0.725299593471231699E+09    0.504808041557914976E+03   -0.252404020778957488E+03
    0.236568761728468431E+02    0.136544377410094575E+01    0.147066523828652507E+02    0.530948128258536577E+09    0.504791628938284930E+03   -0.252395814469142465E+03
    0.308777694866685906E+02    0.136574085382204213E+01    0.145214837193654169E+02    0.742986483768301606E+09    0.504775408859358606E+03   -0.252387704429679303E+03
    0.248512180558032512E+02    0.136516434186202784E+01    0.132072856417797428E+02    0.702715461474024653E+09    0.504765597237611303E+03   -0.252382798618805651E+03
    0.105668874166484255E+02    0.136685033749625684E+01    0.212004710798980973E+02    0.884042757597721100E+09    0.504754760393115021E+03   -0.252377380196557510E+03
    0.275955637713153124E+02    0.136751231847042276E+01    0.241680646664104231E+02    0.699483022834955454E+09    0.504750583449283909E+03   -0.252375291724641954E+03
    0.275955637713153124E+02    0.136751231847042276E+01    0.241680646664104231E+02    0.699483022834955454E+09    0.504750583449283909E+03   -0.252375291724641954E+03
    0.240682732231981298E+02    0.136489727583807419E+01    0.137235925283779228E+02    0.816453142302760959E+09    0.504714026534099162E+03   -0.252357013267049581E+03
    0.240682732231981298E+02    0.136489727583807419E+01    0.137235925283779228E+02    0.816453142302760959E+09    0.504714026534099162E+03   -0.252357013267049581E+03
    0.138486615786901037E+02    0.136657705093211868E+01    0.156072482704406053E+02    0.597188463720272779E+09    0.504696023285405261E+03   -0.252348011642702630E+03
    0.130450825903289633E+02    0.136836119800931355E+01    0.184120753023207229E+02    0.838254299406963229E+09    0.504693439979283653E+03   -0.252346719989641826E+03
    0.143900199997914058E+02    0.136832302826467322E+01    0.209635681627190920E+02    0.869829120085883141E+09    0.504667363283547559E+03   -0.252333681641773779E+03
    0.270346021190247328E+02    0.136739213393567360E+01    0.215825553395453404E+02    0.887209499586539149E+09    0.504649233488418531E+03   -0.252324616744209266E+03
    0.270346021190247328E+02    0.136739213393567360E+01    0.215825553395453404E+02    0.887209499586539149E+09    0.504649233488418531E+03   -0.252324616744209266E+03
    0.299662246128556831E+02    0.136402845064386180E+01    0.209529229209211252E+02    0.664823641099030614E+09    0.504634344786382144E+03   -0.252317172393191072E+03
    0.226726025333426655E+02    0.136409229698745116E+01    0.136504315434701873E+02    0.563849038033172965E+09    0.504633155779850426E+03   -0.252316577889925213E+03
    0.258678389503505812E+02    0.136632500106590782E+01    0.156822994421388522E+02    0.531237897327721953E+09    0.504624676603950320E+03   -0.252312338301975160E+03
    0.152926757076895026E+02    0.136354510408705876E+01    0.146393554417242662E+02    0.576379580221823692E+09    0.504619942043900892E+03   -0.252309971021950446E+03
    0.268714232195081486E+02    0.136278139955523026E+01    0.137817068340418984E+02    0.751173005490452290E+09    0.504617621278209583E+03   -0.252308810639104792E+03
    0.276530417818227860E+02    0.136607967929532226E+01    0.144689310729039988E+02    0.613990498648712754E+09    0.504614877869110103E+03   -0.252307438934555051E+03
    0.276530417818227860E+02    0.136607967929532226E+01    0.144689310729039988E+02    0.613990498648712754E+09    0.504614877869110103E+03   -0.252307438934555051E+03
    0.268289918020307390E+02    0.136624136218914183E+01    0.241581562738155782E+02    0.767366797112102389E+09    0.504610754756648703E+03   -0.252305377378324351E+03
    0.255205572111399768E+02    0.136628441666500255E+01    0.143901315532430942E+02    0.607837821780798435E+09    0.504578404730978150E+03   -0.252289202365489075E+03
    0.247661454277973831E+02    0.136347423539761192E+01    0.130235881772881363E+02    0.649163025914085865E+09    0.504571596197062831E+03   -0.252285798098531416E+03
    0.205933318510316496E+02    0.136706218747271846E+01    0.232964322066473990E+02    0.606143986651835918E+09    0.504570474421795097E+03   -0.252285237210897549E+03
    0.200001594113258676E+02    0.136402955403534598E+01    0.169300639589339745E+02    0.514575675870713055E+09    0.504562228685056311E+03   -0.252281114342528156E+03
    0.273094565181914604E+02    0.136827983711128343E+01    0.185409332351913712E+02    0.648137043020877600E+09    0.504541692888707928E+03   -0.252270846444353964E+03
    0.162541042625896459E+02    0.136519442695638027E+01    0.227073091826407065E+02    0.674394915976235032E+09    0.504533824784030969E+03   -0.252266912392015485E+03
    0.193258166999503729E+02    0.136595543455876567E+01    0.141643487819314959E+02    0.613484650594738483E+09    0.504532977506203281E+03   -0.252266488753101640E+03
    0.241377850701433410E+02    0.136853297503329618E+01    0.228823504249160976E+02    0.757851774167765021E+09    0.504496153860775451E+03   -0.252248076930387725E+03
    0.182681684724472682E+02    0.136682280946149604E+01    0.242815897920253043E+02    0.684753814129866362E+09    0.504494541391098153E+03   -0.252247270695549076E+03
    0.153841737764059676E+02    0.136741069491399259E+01    0.155733701047997108E+02    0.716202843156024098E+09    0.504414848755636399E+03   -0.252207424377818199E+03
    0.144621380859314179E+02    0.136683639341980578E+01    0.220836217248936819E+02    0.608492941230657578E+09    0.504400922897172165E+03   -0.252200461448586083E+03
    0.193746852776629552E+02    0.136395045563509187E+01    0.148955371815469721E+02    0.541765739912135124E+09    0.504398135411317696E+03   -0.252199067705658848E+03
    0.193746852776629552E+02    0.136395045563509187E+01    0.148955371815469721E+02    0.541765739912135124E+09    0.504398135411317696E+03   -0.252199067705658848E+03
    0.300006516014519242E+02    0.136330804277569495E+01    0.146710613198282207E+02    0.761057039362416387E+09    0.504395601576591616E+03   -0.252197800788295808E+03
    0.300006516014519242E+02    0.136330804277569495E+01    0.146710613198282207E+02    0.761057039362416387E+09    0.504395601576591616E+03   -0.252197800788295808E+03
    0.102738267553424247E+02    0.136631913481252254E+01    0.203562932114534014E+02    0.871914688533129692E+09    0.504387065356788753E+03   -0.252193532678394376E+03
    0.295050304503724803E+02    0.136785358069564067E+01    0.200835565065633865E+02    0.609286782417509794E+09    0.504370284280968349E+03   -0.252185142140484174E+03
    0.295050304503724803E+02    0.136785358069564067E+01    0.200835565065633865E+02    0.609286782417509794E+09    0.504370284280968349E+03   -0.252185142140484174E+03
    0.122050436875679562E+02    0.136711063187356419E+01    0.160601952516942710E+02    0.706534139321311474E+09    0.504366613766476348E+03   -0.252183306883238174E+03
    0.188055983490284753E+02    0.136293870590892552E+01    0.170941288662860416E+02    0.582838467088250756E+09    0.504352640584309484E+03   -0.252176320292154742E+03
    0.188055983490284753E+02    0.136293870590892552E+01    0.170941288662860416E+02    0.582838467088250756E+09    0.504352640584309484E+03   -0.252176320292154742E+03
    0.211616103586022533E+02    0.136344775848835820E+01    0.208505527533470776E+02    0.726197506084987879E+09    0.504341693549702882E+03   -0.252170846774851441E+03
    0.158866980772689175E+02    0.136370843076880099E+01    0.205336111104537800E+02    0.773315627005800605E+09    0.504321076783007982E+03   -0.252160538391503991E+03
    0.334410160771523550E+02    0.136743572422430248E+01    0.190210652967292617E+02    0.770372025606857657E+09    0.504314989295822670E+03   -0.252157494647911335E+03
    0.196079560302044165E+02    0.136337043467177987E+01    0.205729936126077497E+02    0.701516365986156702E+09    0.504308863812774234E+03   -0.252154431906387117E+03
    0.253032542389719950E+02    0.136794787224107628E+01    0.223549547454168440E+02    0.645423850220770001E+09    0.504269395612330868E+03   -0.252134697806165434E+03
    0.196026151872043677E+02    0.136479496693988778E+01    0.152553740737577570E+02    0.878009587121200442E+09    0.504268798792444841E+03   -0.252134399396222420E+03
    0.239383525825169272E+02    0.136686888685946339E+01    0.175091829966772536E+02    0.906735345420759797E+09    0.504253087797875935E+03   -0.252126543898937967E+03
    0.162595261110618772E+02    0.136634723749543197E+01    0.211424562910264946E+02    0.561012074432125688E+09    0.504236625425293141E+03   -0.252118312712646571E+03
    0.167562370372694360E+02    0.136494842815587525E+01    0.138373570592605777E+02    0.768828343040280223E+09    0.504216977269619292E+03   -0.252108488634809646E+03
    0.167562370372694360E+02    0.136494842815587525E+01    0.138373570592605777E+02    0.768828343040280223E+09    0.504216977269619292E+03   -0.252108488634809646E+03
    0.320747857474103171E+02    0.136717271742880886E+01    0.176332199444546092E+02    0.787237806569354177E+09    0.504182385766606387E+03   -0.252091192883303194E+03
    0.284571707135205969E+02    0.136791928223656245E+01    0.202899392631649818E+02    0.621505985478447199E+09    0.504182271869387023E+03   -0.252091135934693511E+03
    0.102798268537106097E+02    0.136573228889860543E+01    0.176504255438535473E+02    0.853684406027557373E+09    0.504162742322004817E+03   -0.252081371161002409E+03
    0.178289277042308854E+02    0.136382522027157060E+01    0.177955693550372658E+02    0.552030894809576511E+09    0.504161516466732394E+03   -0.252080758233366197E+03
    0.255285101079137640E+02    0.136739645068865556E+01    0.213608253968439357E+02    0.882269358498719811E+09    0.504155234732290751E+03   -0.252077617366145375E+03
    0.255285101079137640E+02    0.136739645068865556E+01    0.213608253968439357E+02    0.882269358498719811E+09    0.504155234732290751E+03   -0.252077617366145375E+03
    0.193443468311969298E+02    0.136839211889307011E+01    0.172848356977220945E+02    0.772617474515733719E+09    0.504148062920885081E+03   -0.252074031460442541E+03
    0.169490172381805557E+02    0.136515464714376789E+01    0.139246984295204719E+02    0.763694275315350771E+09    0.504141802407838156E+03   -0.252070901203919078E+03
    0.169490172381805557E+02    0.136515464714376789E+01    0.139246984295204719E+02    0.763694275315350771E+09    0.504141802407838156E+03   -0.252070901203919078E+03
    0.342430089172018199E+02    0.136517609611476742E+01    0.174551554454662323E+02    0.685176368770796657E+09    0.504118654885010528E+03   -0.252059327442505264E+03
    0.172392278582946261E+02    0.136398102580886627E+01    0.192400515450473186E+02    0.586569793784541368E+09    0.504068017181447146E+03   -0.252034008590723573E+03
    0.896355295737092739E+01    0.136680935556724625E+01    0.187158378249851793E+02    0.703288805499134898E+09    0.504065709621714745E+03   -0.252032854810857373E+03
    0.305854201129776797E+02    0.136610103775411762E+01    0.217067695921176984E+02    0.797460461276125908E+09    0.504045015547771868E+03   -0.252022507773885934E+03
    0.293491002645506711E+02    0.136425737730892216E+01    0.202122182883993524E+02    0.645973049985866785E+09    0.504033220236273166E+03   -0.252016610118136583E+03
    0.129198813937817167E+02    0.136694565777715038E+01    0.191519621877487225E+02    0.596235581476963758E+09    0.504017791809747223E+03   -0.252008895904873611E+03
    0.322158981032765652E+02    0.136564352104014475E+01    0.196251290507585203E+02    0.796505655165242910E+09    0.504016425929476156E+03   -0.252008212964738078E+03
    0.317245868879978410E+02    0.136474248869540093E+01    0.157371127559545130E+02    0.702931600027336240E+09    0.503993468622533896E+03   -0.251996734311266948E+03
    0.114117783481319250E+02    0.136529684520740457E+01    0.207376800498415186E+02    0.781671768573761344E+09    0.503988265095086433E+03   -0.251994132547543217E+03
    0.265468083418191583E+02    0.136343554029632030E+01    0.140623923099498374E+02    0.658496709255344629E+09    0.503946305713977097E+03   -0.251973152856988548E+03
    0.232491526008621214E+02    0.136542036268888922E+01    0.144568982509764492E+02    0.628508904950473905E+09    0.503938170881085682E+03   -0.251969085440542841E+03
    0.108104003648991025E+02    0.136684646687464162E+01    0.206824525579256324E+02    0.669557392107785940E+09    0.503931465308931138E+03   -0.251965732654465569E+03
    0.108104003648991025E+02    0.136684646687464162E+01    0.206824525579256324E+02    0.669557392107785940E+09    0.503931465308931138E+03   -0.251965732654465569E+03
    0.158096943920805764E+02    0.136631488609043639E+01    0.225551195628190655E+02    0.839815877110948205E+09    0.503906476679499121E+03   -0.251953238339749561E+03
    0.305846580858028148E+02    0.136555323610863311E+01    0.216687479297728451E+02    0.665946238444499135E+09    0.503898738959524565E+03   -0.251949369479762282E+03
    0.231779401047110305E+02    0.136376937156176203E+01    0.164095004135496119E+02    0.543597904651715040E+09    0.503897924737123674E+03   -0.251948962368561837E+03
    0.331324537475734999E+02    0.136608979678851172E+01    0.198043229348963798E+02    0.636933266092885852E+09    0.503882427384985306E+03   -0.251941213692492653E+03
    0.331324537475734999E+02    0.136608979678851172E+01    0.198043229348963798E+02    0.636933266092885852E+09    0.503882427384985306E+03   -0.251941213692492653E+03
    0.220355329702495162E+02    0.136537009928945374E+01    0.147978672636284170E+02    0.587266143142696738E+09    0.503865439916678383E+03   -0.251932719958339192E+03
    0.220355329702495162E+02    0.136537009928945374E+01    0.147978672636284170E+02    0.587266143142696738E+09    0.503865439916678383E+03   -0.251932719958339192E+03
    0.180087286703490896E+02    0.136586046009544337E+01    0.143324128987016604E+02    0.760877778911299348E+09    0.503790246688527759E+03   -0.251895123344263880E+03
    0.100705434217594831E+02    0.136576694740415561E+01    0.198141446237160359E+02    0.699049442132869363E+09    0.503789985803285106E+03   -0.251894992901642553E+03
    0.140843277435966279E+02    0.136733704713171211E+01    0.194985637537364411E+02    0.624882254869733810E+09    0.503776131408456763E+03   -0.251888065704228381E+03
    0.140843277435966279E+02    0.136733704713171211E+01    0.194985637537364411E+02    0.624882254869733810E+09    0.503776131408456763E+03   -0.251888065704228381E+03
    0.239808428483179412E+02    0.136374330232347751E+01    0.138576313858381184E+02    0.766695173198637962E+09    0.503774959273700631E+03   -0.251887479636850316E+03
    0.133960067405068948E+02    0.136691459392526271E+01    0.177884771063113583E+02    0.879611397540399671E+09    0.503756440945024394E+03   -0.251878220472512197E+03
    0.107303756728540698E+02    0.136730030343810460E+01    0.198389530507559932E+02    0.711077819293783307E+09    0.503747282975586643E+03   -0.251873641487793321E+03
    0.107303756728540698E+02    0.136730030343810460E+01    0.198389530507559932E+02    0.711077819293783307E+09    0.503747282975586643E+03   -0.251873641487793321E+03
    0.244835465495495868E+02    0.136553477076370400E+01    0.217516568286547418E+02    0.824422120452559948E+09    0.503732774798771970E+03   -0.251866387399385985E+03
    0.244835465495495868E+02    0.136553477076370400E+01    0.217516568286547418E+02    0.824422120452559948E+09    0.503732774798771970E+03   -0.251866387399385985E+03
    0.136631364787995295E+02    0.136584239280321440E+01    0.169953602217972310E+02    0.601114910196333289E+09    0.503726220764142226E+03   -0.251863110382071113E+03
    0.259381053949866320E+02    0.136557565320289065E+01    0.214845377091777685E+02    0.598080841978621244E+09    0.503702417076103586E+03   -0.251851208538051793E+03
    0.245076388057341639E+02    0.136646978178387535E+01    0.178509816873363967E+02    0.891755255850986242E+09    0.503690199064330500E+03   -0.251845099532165250E+03
    0.148218652989593362E+02    0.136695100873646114E+01    0.188536441581684961E+02    0.586745624642416477E+09    0.503686895202742562E+03   -0.251843447601371281E+03
    0.103930780474423301E+02    0.136680372430967201E+01    0.180690629279013741E+02    0.717334212255985022E+09    0.503686043038731043E+03   -0.251843021519365521E+03
    0.249085288239150842E+02    0.136840538301558845E+01    0.191525046364451939E+02    0.767816981186924696E+09    0.503684648780530210E+03   -0.251842324390265105E+03
    0.116192595977757467E+02    0.136567491165689758E+01    0.173392653744793286E+02    0.827445166254354835E+09    0.503662234541542773E+03   -0.251831117270771387E+03
    0.194092924119974306E+02    0.136671940667729697E+01    0.179760992103892399E+02    0.901953513977359772E+09    0.503652285622667705E+03   -0.251826142811333852E+03
    0.192961730722769254E+02    0.136340269860138030E+01    0.195536398093951220E+02    0.722651920994265676E+09    0.503634628230255885E+03   -0.251817314115127942E+03
    0.186329383651419960E+02    0.136621005573563115E+01    0.212581780353035583E+02    0.581092865149089813E+09    0.503570388958342562E+03   -0.251785194479171281E+03
    0.143358017186812798E+02    0.136780026896425877E+01    0.181275503037492385E+02    0.801204536056109309E+09    0.503561364008585372E+03   -0.251780682004292686E+03
    0.175558419293205681E+02    0.136435529746713691E+01    0.176191412337516340E+02    0.571133060214159846E+09    0.503555405199692132E+03   -0.251777702599846066E+03
    0.182316436208723722E+02    0.136398802069164216E+01    0.196692680967211153E+02    0.647757987868786812E+09    0.503552545152881521E+03   -0.251776272576440761E+03
    0.257635882173121047E+02    0.136823037441616813E+01    0.205870342732697438E+02    0.711431111295024037E+09    0.503551088744326876E+03   -0.251775544372163438E+03
    0.325976021153926681E+02    0.136649996145667152E+01    0.190405121459505402E+02    0.653425997953165174E+09    0.503540643870694794E+03   -0.251770321935347397E+03
    0.168073123104130211E+02    0.136589094669368549E+01    0.198821667271727556E+02    0.567345626980471492E+09    0.503530700015104799E+03   -0.251765350007552399E+03
    0.216375212815569711E+02    0.136790772447551867E+01    0.197923704453673253E+02    0.633107700667916179E+09    0.503507586975684319E+03   -0.251753793487842159E+03
    0.292856512843350139E+02    0.136351851093194720E+01    0.162264226194268595E+02    0.707908859875189781E+09    0.503485597387301652E+03   -0.251742798693650826E+03
    0.292856512843350139E+02    0.136351851093194720E+01    0.162264226194268595E+02    0.707908859875189781E+09    0.503485597387301652E+03   -0.251742798693650826E+03
    0.240320404936170675E+02    0.136603214998532341E+01    0.181031601454250897E+02    0.885638231573611856E+09    0.503483809666554578E+03   -0.251741904833277289E+03
    0.275096604897187369E+02    0.136331623550801884E+01    0.178879150250786978E+02    0.716127349670328736E+09    0.503466141620291694E+03   -0.251733070810145847E+03
    0.274660182961922565E+02    0.136637048023206997E+01    0.212817810350470609E+02    0.596437064272054434E+09    0.503452829277813123E+03   -0.251726414638906562E+03
    0.304627211088742875E+02    0.136727007473725171E+01    0.212605471265754318E+02    0.685250959434070110E+09    0.503446664217219791E+03   -0.251723332108609895E+03
    0.262652445226060252E+02    0.136680568580420725E+01    0.162526764333745035E+02    0.645781115659366488E+09    0.503436558883459327E+03   -0.251718279441729663E+03
    0.160009067658407318E+02    0.136405058706605042E+01    0.180164742030866698E+02    0.635042780725499392E+09    0.503415019638951264E+03   -0.251707509819475632E+03
    0.134628467633769695E+02    0.136408437358049084E+01    0.168652674943675471E+02    0.715225094000615358E+09    0.503390580895902474E+03   -0.251695290447951237E+03
    0.317542409514512478E+02    0.136585734495089861E+01    0.200960501732948345E+02    0.763705687809573889E+09    0.503386533236950186E+03   -0.251693266618475093E+03
    0.134618223136280886E+02    0.136635717901607201E+01    0.163003676110133071E+02    0.720250340000290751E+09    0.503376218688756580E+03   -0.251688109344378290E+03
    0.268079541548263762E+02    0.136563682853573320E+01    0.218945156451319995E+02    0.660820812289454699E+09    0.503365468426668883E+03   -0.251682734213334442E+03
    0.280142538510645878E+02    0.136655394211802950E+01    0.208837101191189589E+02    0.832755111112634301E+09    0.503358251398042171E+03   -0.251679125699021085E+03
    0.169773629737149676E+02    0.136719291343958416E+01    0.171727648232258723E+02    0.650025784418799996E+09    0.503353029435584972E+03   -0.251676514717792486E+03
    0.280503508650171050E+02    0.136443111028984343E+01    0.153808646557332125E+02    0.707599098007934690E+09    0.503346541959572050E+03   -0.251673270979786025E+03
    0.276764792923978398E+02    0.136447565244318003E+01    0.164971216681533299E+02    0.593818375472654819E+09    0.503341586014878601E+03   -0.251670793007439300E+03
    0.276588447185547395E+02    0.136583492400110362E+01    0.165849559230245305E+02    0.584001980315608978E+09    0.503340651160415064E+03   -0.251670325580207532E+03
    0.130111847901612556E+02    0.136770643176019968E+01    0.191141480790689613E+02    0.744489643634369254E+09    0.503340600483967648E+03   -0.251670300241983824E+03
    0.162119547177133150E+02    0.136613320294781060E+01    0.154565890641892327E+02    0.713378308321821094E+09    0.503327798185349081E+03   -0.251663899092674541E+03
    0.205081901682998584E+02    0.136659101394165527E+01    0.159818055858981065E+02    0.627084381655329347E+09    0.503316783626798951E+03   -0.251658391813399476E+03
    0.231660079535327448E+02    0.136315730921200617E+01    0.180643776444679709E+02    0.748209569393870473E+09    0.503309504263583847E+03   -0.251654752131791923E+03
    0.233758098207487421E+02    0.136823255260659993E+01    0.195055471634003155E+02    0.725625253049306750E+09    0.503303063147351224E+03   -0.251651531573675612E+03
    0.283291673055903388E+02    0.136423149829575974E+01    0.160102480393149769E+02    0.652550390127890944E+09    0.503280212627337846E+03   -0.251640106313668923E+03
    0.177597120710291136E+02    0.136596579680886920E+01    0.208429761636535247E+02    0.600911092925617456E+09    0.503256477109270350E+03   -0.251628238554635175E+03
    0.223177681628177957E+02    0.136801605509728175E+01    0.221488414828257589E+02    0.745591266371120691E+09    0.503252749697151899E+03   -0.251626374848575949E+03
    0.253658246649392893E+02    0.136318387736968472E+01    0.156257235082063044E+02    0.702765108498107910E+09    0.503249644263833716E+03   -0.251624822131916858E+03
    0.252845613948379722E+02    0.136748890064847539E+01    0.225651815908604156E+02    0.714166346858976722E+09    0.503246407957511167E+03   -0.251623203978755583E+03
    0.222008233059156943E+02    0.136574178202670571E+01    0.172125796155383597E+02    0.871825073374539018E+09    0.503244061668663335E+03   -0.251622030834331667E+03
    0.219831402700742906E+02    0.136436731527987232E+01    0.202128098851269371E+02    0.786235260419471622E+09    0.503235199992997991E+03   -0.251617599996498996E+03
    0.288183447524945322E+02    0.136503724273657379E+01    0.194458091385835736E+02    0.783896054023549318E+09    0.503233223066578660E+03   -0.251616611533289330E+03
    0.209506154347451883E+02    0.136514966759948253E+01    0.202642906658445803E+02    0.835149736090694189E+09    0.503232091958421222E+03   -0.251616045979210611E+03
    0.240291660000181508E+02    0.136325617001371002E+01    0.158902194027485955E+02    0.770631882039004683E+09    0.503216934169307820E+03   -0.251608467084653910E+03
    0.269880668974747984E+02    0.136547360770352655E+01    0.195696229860757853E+02    0.578072299828154683E+09    0.503210256426725493E+03   -0.251605128213362747E+03
    0.180487342329643425E+02    0.136451903754540393E+01    0.162796687723473568E+02    0.607952429467857599E+09    0.503202278275137303E+03   -0.251601139137568651E+03
    0.304114979741520095E+02    0.136613714341067527E+01    0.175769565422175376E+02    0.780994688944226146E+09    0.503186233711620616E+03   -0.251593116855810308E+03
    0.204052397687641403E+02    0.136519653410781627E+01    0.206552733616898365E+02    0.815423837399438143E+09    0.503176593203748780E+03   -0.251588296601874390E+03
    0.269429562308501644E+02    0.136704313827529611E+01    0.176189566634145081E+02    0.816661889804291248E+09    0.503173412173452164E+03   -0.251586706086726082E+03
    0.212633265684942536E+02    0.136654968904288632E+01    0.152947610352605263E+02    0.737146023983886123E+09    0.503160562895328496E+03   -0.251580281447664248E+03
    0.238549478849470020E+02    0.136698581274651443E+01    0.198096753476726768E+02    0.574432474557327628E+09    0.503159875144927014E+03   -0.251579937572463507E+03
    0.232338796370397418E+02    0.136357496956818203E+01    0.191488141424536629E+02    0.742784464140917182E+09    0.503142358046953063E+03   -0.251571179023476532E+03
    0.292477369953630451E+02    0.136480604034680386E+01    0.195614911756229013E+02    0.713581016625369787E+09    0.503109832069930235E+03   -0.251554916034965117E+03
    0.180498741604211048E+02    0.136468074591492972E+01    0.166941655697290017E+02    0.615100557510779619E+09    0.503039326161274857E+03   -0.251519663080637429E+03
    0.192612975609968089E+02    0.136426412590723967E+01    0.181947820550971713E+02    0.617194476987085104E+09    0.502990711882288110E+03   -0.251495355941144055E+03
    0.238096802943522725E+02    0.136486351321045141E+01    0.203689446942683539E+02    0.784003524598932028E+09    0.502973439456376809E+03   -0.251486719728188405E+03
    0.308209667875091604E+02    0.136662603871678789E+01    0.185633418036279991E+02    0.760936843878406405E+09    0.502972565024783307E+03   -0.251486282512391654E+03
    0.198615652223338834E+02    0.136643973929107032E+01    0.203031801833132839E+02    0.871015264006461740E+09    0.502968336340137796E+03   -0.251484168170068898E+03
    0.260496231621286682E+02    0.136524301286567784E+01    0.166336309136220706E+02    0.602147149384229183E+09    0.502963851626872838E+03   -0.251481925813436419E+03
    0.212709324521510474E+02    0.136483747375575848E+01    0.163043525083774732E+02    0.601953926750398993E+09    0.502954093228115710E+03   -0.251477046614057855E+03
    0.190978814187856223E+02    0.136694270701109799E+01    0.174421907318946730E+02    0.627850085016310573E+09    0.502943529887212321E+03   -0.251471764943606161E+03
    0.279385310776283902E+02    0.136497335370536299E+01    0.202260655770210782E+02    0.702193318103157640E+09    0.502943097385440808E+03   -0.251471548692720404E+03
    0.163688091898491557E+02    0.136620322452371812E+01    0.191487075352020852E+02    0.599688241581171036E+09    0.502941113853451611E+03   -0.251470556926725806E+03
    0.272715038827840210E+02    0.136595205636819528E+01    0.183113646063659594E+02    0.825272548089558005E+09    0.502939706873865134E+03   -0.251469853436932567E+03
    0.252714591696730189E+02    0.136774832252834888E+01    0.212398610006691619E+02    0.705570336123622894E+09    0.502938252901272620E+03   -0.251469126450636310E+03
    0.128918249945779735E+02    0.136603524580137314E+01    0.190609815876173023E+02    0.802306558891287088E+09    0.502934752841033173E+03   -0.251467376420516587E+03
    0.192034965817033019E+02    0.136671643670113729E+01    0.164798756355401181E+02    0.656690921461956143E+09    0.502931891051966659E+03   -0.251465945525983329E+03
    0.172495975850764616E+02    0.136764639656597042E+01    0.177721406570970686E+02    0.783370851326765537E+09    0.502924111324435671E+03   -0.251462055662217836E+03
    0.249303711450766876E+02    0.136607947338451896E+01    0.202492694162936608E+02    0.843141527094942808E+09    0.502912605721559203E+03   -0.251456302860779601E+03
    0.250724365138777294E+02    0.136585649415855204E+01    0.170191911577352037E+02    0.827564990622758389E+09    0.502903109571853690E+03   -0.251451554785926845E+03
    0.246467436462915188E+02    0.136682392003144537E+01    0.178358885810643493E+02    0.595761475855172992E+09    0.502899470502623785E+03   -0.251449735251311893E+03
    0.271665239543087047E+02    0.136518649011051929E+01    0.169923916000235202E+02    0.621216917632317185E+09    0.502896458569129493E+03   -0.251448229284564746E+03
    0.130046978180095678E+02    0.136665592400686720E+01    0.197543486973070408E+02    0.685687994932029009E+09    0.502876030987147374E+03   -0.251438015493573687E+03
    0.206339679188852223E+02    0.136743417281646629E+01    0.173854678827208993E+02    0.678800686671379566E+09    0.502869943874922797E+03   -0.251434971937461398E+03
    0.164543554307872490E+02    0.136533863048043624E+01    0.197030267752127344E+02    0.651917729470101357E+09    0.502853878469447466E+03   -0.251426939234723733E+03
    0.291433843541090738E+02    0.136594595860104673E+01    0.209182036821708337E+02    0.684425552137904644E+09    0.502836520804412203E+03   -0.251418260402206101E+03
    0.291341241809548386E+02    0.136587926892845068E+01    0.181529731558971861E+02    0.766448823777591467E+09    0.502624721575370984E+03   -0.251312360787685492E+03
    0.188064632471998863E+02    0.136560694691022566E+01    0.206431162829182995E+02    0.749855321874881625E+09    0.502234492582260259E+03   -0.251117246291130130E+03
    0.229395811961583398E+02    0.136657307636355463E+01    0.216077285676478752E+02    0.757076749129998207E+09    0.502170049920457132E+03   -0.251085024960228566E+03
    0.295181207715550187E+02    0.136645024760289391E+01    0.181466990883228476E+02    0.749258080953537583E+09    0.502622887671993794E+03   -0.251311443835996897E+03
    0.279352852870280906E+02    0.136602985756816553E+01    0.189849374138909468E+02    0.751077819611622572E+09    0.502202158732546991E+03   -0.251101079366273495E+03
    0.232152896206513724E+02    0.136625861929537140E+01    0.188232846216101422E+02    0.823951719138002992E+09    0.502282090040906780E+03   -0.251141045020453390E+03
    0.275638195011016371E+02    0.136752768770221245E+01    0.200903607882060840E+02    0.747321146311081171E+09    0.502721344743831935E+03   -0.251360672371915967E+03
    0.266406482947652918E+02    0.136476744684937068E+01    0.164939830372695759E+02    0.760228491006979942E+09    0.502770913459992812E+03   -0.251385456729996406E+03
    0.196619591850527478E+02    0.136781434791248135E+01    0.205876324853540922E+02    0.735053729437047601E+09    0.502615770071315922E+03   -0.251307885035657961E+03
    0.217754382818870020E+02    0.136624405335132426E+01    0.215320774834127455E+02    0.810896606659120440E+09    0.502768409480274272E+03   -0.251384204740137136E+03
    0.176043120122718726E+02    0.136418251308535332E+01    0.168096882692334475E+02    0.752274294161085963E+09    0.502583010817763125E+03   -0.251291505408881562E+03
    0.155709544415307661E+02    0.136633024080590859E+01    0.195331417777733733E+02    0.667129733862000227E+09    0.502429219262610161E+03   -0.251214609631305080E+03
    0.246377099558938610E+02    0.136427691758985770E+01    0.175776317175362635E+02    0.647507012040198922E+09    0.502667348076662051E+03   -0.251333674038331026E+03
    0.203866340078179142E+02    0.136677227584706440E+01    0.196974108586434831E+02    0.650993284447463512E+09    0.502212960875838348E+03   -0.251106480437919174E+03
    0.252128650693721710E+02    0.136506709003129290E+01    0.172673202898674383E+02    0.683450814505615473E+09    0.502251726491034844E+03   -0.251125863245517422E+03
    0.171502498301294146E+02    0.136603087774351084E+01    0.214598175969449620E+02    0.738580913593971372E+09    0.502495455386849869E+03   -0.251247727693424935E+03
    0.199251136606951746E+02    0.136627932272142116E+01    0.172077822718950131E+02    0.686807404406699181E+09    0.502053179337661106E+03   -0.251026589668830553E+03
    0.200278241595515603E+02    0.136420668518837074E+01    0.171789249699393203E+02    0.717566407321648717E+09    0.502422866717733257E+03   -0.251211433358866628E+03
    0.225903901556216447E+02    0.136651362624348072E+01    0.166372071067755272E+02    0.806805285856334090E+09    0.502756116893397916E+03   -0.251378058446698958E+03
    0.227710311009615118E+02    0.136757073226121362E+01    0.200559781468082114E+02    0.748880017501499653E+09    0.502230878770634774E+03   -0.251115439385317387E+03
    0.176658107997939595E+02    0.136637338413500098E+01    0.165331347428445739E+02    0.777788465532750010E+09    0.502464366231770668E+03   -0.251232183115885334E+03
    0.207189408076508386E+02    0.136381654758892901E+01    0.179988243520834743E+02    0.680735566625096083E+09    0.502591817142325056E+03   -0.251295908571162528E+03
    0.280872558885863910E+02    0.136513889502827523E+01    0.176212846568676582E+02    0.650069821087996840E+09    0.502778102763883794E+03   -0.251389051381941897E+03
    0.237234231902145858E+02    0.136627665795801123E+01    0.190593454978278949E+02    0.643615328501425266E+09    0.502133073784051362E+03   -0.251066536892025681E+03
    0.277886973514661477E+02    0.136607671116731866E+01    0.199235106012133549E+02    0.649482044625631094E+09    0.502560273373756331E+03   -0.251280136686878166E+03
    0.202162852568633760E+02    0.136541684909821037E+01    0.163249725723453487E+02    0.744813659183572531E+09    0.502315150865082160E+03   -0.251157575432541080E+03
    0.192040159994157840E+02    0.136620859237783221E+01    0.172866057018162671E+02    0.761284842464450002E+09    0.501926827467455041E+03   -0.250963413733727521E+03
    0.252313434553966758E+02    0.136590845506943137E+01    0.210575550393201318E+02    0.735563683944348454E+09    0.502295494402960117E+03   -0.251147747201480058E+03
    0.217326626355773129E+02    0.136430134908084044E+01    0.161411396809151384E+02    0.755377934016032338E+09    0.502514283260121829E+03   -0.251257141630060914E+03
    0.229642698477560998E+02    0.136563097224164554E+01    0.188095828277045420E+02    0.830785968914788246E+09    0.502562161116028506E+03   -0.251281080558014253E+03
    0.168094980120927957E+02    0.136492167542973686E+01    0.172582687784893274E+02    0.779803711044652820E+09    0.502570395647523185E+03   -0.251285197823761592E+03
    0.227987946371390855E+02    0.136657704618441134E+01    0.186229861210182470E+02    0.598767817982311368E+09    0.502515418881969026E+03   -0.251257709440984513E+03
    0.168796803927876127E+02    0.136578734502376586E+01    0.181868742371810121E+02    0.765962468540380716E+09    0.502005510283933802E+03   -0.251002755141966901E+03
    0.254495510033780938E+02    0.136599747605354382E+01    0.159909374587758339E+02    0.741838600214619398E+09    0.502701840142931815E+03   -0.251350920071465907E+03
    0.264506392521121647E+02    0.136741550733400108E+01    0.206562563147937723E+02    0.772999227345193148E+09    0.502602760972747319E+03   -0.251301380486373660E+03
    0.251416062544624666E+02    0.136518984262374676E+01    0.200358051438082896E+02    0.647445436610469103E+09    0.502727947426122796E+03   -0.251363973713061398E+03
    0.250788356990140535E+02    0.136606319398112719E+01    0.197487375443839888E+02    0.764996397853018284E+09    0.501900535885208342E+03   -0.250950267942604171E+03
    0.249529314958079773E+02    0.136606625622376021E+01    0.205289430653839950E+02    0.724151657120217919E+09    0.502034179927457217E+03   -0.251017089963728608E+03
    0.223378485199047176E+02    0.136606369503575653E+01    0.203629659699418930E+02    0.721440063243290782E+09    0.501855406191642089E+03   -0.250927703095821045E+03
    0.232030850302445089E+02    0.136717259020239368E+01    0.216324347072695495E+02    0.747974675978989840E+09    0.502318925421328970E+03   -0.251159462710664485E+03
    0.196589942970251030E+02    0.136608264429565507E+01    0.183698721480615070E+02    0.620043072696199417E+09    0.502345418738186936E+03   -0.251172709369093468E+03
    0.242696368792472903E+02    0.136527682511797521E+01    0.191969292023334468E+02    0.684333515407904148E+09    0.502064229597227495E+03   -0.251032114798613748E+03
    0.239353444913479834E+02    0.136542213599994500E+01    0.213459264699979130E+02    0.723411603560369253E+09    0.502717039315989382E+03   -0.251358519657994691E+03
    0.194535281339638289E+02    0.136714950465204677E+01    0.198420574916420165E+02    0.786622053352701068E+09    0.502031899514102236E+03   -0.251015949757051118E+03
    0.186923197856457044E+02    0.136565495067123921E+01    0.162621661184618134E+02    0.728683543132059574E+09    0.502458669401705265E+03   -0.251229334700852633E+03
    0.150796732259881736E+02    0.136577678512278156E+01    0.205550677083878242E+02    0.747600306886737943E+09    0.502557177098428497E+03   -0.251278588549214248E+03
    0.205962841107982015E+02    0.136646960715317967E+01    0.188612287398905139E+02    0.745267900153493643E+09    0.501571370051969666E+03   -0.250785685025984833E+03
    0.259806808361578234E+02    0.136554890183518851E+01    0.168840540137474946E+02    0.651913925719307542E+09    0.502577440519740264E+03   -0.251288720259870132E+03
    0.225620215239601229E+02    0.136520655794794088E+01    0.159471439048081081E+02    0.673419050939444065E+09    0.502593575805016485E+03   -0.251296787902508242E+03
    0.257005620892951683E+02    0.136629919900401253E+01    0.186279354809026358E+02    0.754791046719260097E+09    0.501854857363590042E+03   -0.250927428681795021E+03
    0.198371527308504874E+02    0.136643533830782671E+01    0.186912723773898506E+02    0.604255160667489886E+09    0.502492090327259575E+03   -0.251246045163629788E+03
    0.205153039647273232E+02    0.136633428983927696E+01    0.167771966164428790E+02    0.628965080325535297E+09    0.502723990851919439E+03   -0.251361995425959719E+03
    0.175872546470883435E+02    0.136518318672696481E+01    0.187328878438559343E+02    0.646437657803112507E+09    0.502654114035674979E+03   -0.251327057017837490E+03
    0.195198345947773682E+02    0.136688280730941814E+01    0.170218077929655891E+02    0.660589753281446457E+09    0.502710811287382739E+03   -0.251355405643691370E+03
    0.242463524072530490E+02    0.136707897878740536E+01    0.194429872597988798E+02    0.823325502044358730E+09    0.502517870672349943E+03   -0.251258935336174972E+03
    0.237892927065874353E+02    0.136606013837240559E+01    0.188433928760006353E+02    0.822746410657430887E+09    0.502367351846556176E+03   -0.251183675923278088E+03
    0.238979096224031871E+02    0.136354163007303408E+01    0.178820816193194680E+02    0.714395115641042709E+09    0.502824184861941603E+03   -0.251412092430970802E+03
    0.186966796116851199E+02    0.136685340854510651E+01    0.191507970247858026E+02    0.656809329290115595E+09    0.502275766470210499E+03   -0.251137883235105249E+03
    0.226588336012758624E+02    0.136493430990463605E+01    0.176173358375925062E+02    0.668183593596358895E+09    0.502193555052946920E+03   -0.251096777526473460E+03
    0.247293695983946051E+02    0.136739663941803213E+01    0.200478529439193807E+02    0.767482560059291124E+09    0.502248483956700795E+03   -0.251124241978350398E+03
    0.254155355914405376E+02    0.136626966575604869E+01    0.186720872578555230E+02    0.786057987225550652E+09    0.502065909728669283E+03   -0.251032954864334641E+03
    0.196731273668661792E+02    0.136763968570778771E+01    0.186879559252422176E+02    0.739720618072936893E+09    0.502443981248947125E+03   -0.251221990624473563E+03
    0.245575717806050235E+02    0.136549546325965077E+01    0.184201277694531385E+02    0.654017754897612214E+09    0.502167661746868816E+03   -0.251083830873434408E+03
    0.228859992726186867E+02    0.136624555611358178E+01    0.187055130365321851E+02    0.777139830162279010E+09    0.501733502270115764E+03   -0.250866751135057882E+03
    0.228859992726186867E+02    0.136624555611358178E+01    0.187055130365321851E+02    0.777139830162279010E+09    0.501733502270115764E+03   -0.250866751135057882E+03
    0.287961427618778707E+02    0.136618107448795900E+01    0.180308829970358673E+02    0.699269241168153882E+09    0.502417338839764398E+03   -0.251208669419882199E+03
    0.286564459033839256E+02    0.136582204254818484E+01    0.178295185372444109E+02    0.730500720989711165E+09    0.502495771961469586E+03   -0.251247885980734793E+03
    0.207569220693902246E+02    0.136759030481578470E+01    0.197935089480054742E+02    0.842480368291263342E+09    0.502830248736790452E+03   -0.251415124368395226E+03
    0.261384442652120548E+02    0.136580134769747108E+01    0.215960359114200919E+02    0.690521870564424872E+09    0.502753614458921390E+03   -0.251376807229460695E+03
    0.145240685621978738E+02    0.136712468021270839E+01    0.189007247542522414E+02    0.815908732009102106E+09    0.502815921265518909E+03   -0.251407960632759455E+03
    0.227735184041693515E+02    0.136577756058284994E+01    0.212557943771043050E+02    0.684641085079121351E+09    0.502392160257288424E+03   -0.251196080128644212E+03
    0.153484072527065347E+02    0.136706199385188376E+01    0.185967270471229646E+02    0.839923551014065146E+09    0.502813853459455288E+03   -0.251406926729727644E+03
    0.283839566612897585E+02    0.136670378534365855E+01    0.197655539378682334E+02    0.772933577239268184E+09    0.502461078268789095E+03   -0.251230539134394547E+03
    0.174900797530914787E+02    0.136624292676616332E+01    0.192832542538262004E+02    0.799180586225804687E+09    0.502114617401547719E+03   -0.251057308700773859E+03
    0.259257536362435950E+02    0.136482259872557177E+01    0.171525168678769759E+02    0.711917127665733337E+09    0.502441766734531200E+03   -0.251220883367265600E+03
    0.235935456604920759E+02    0.136641083536005703E+01    0.186279129883622048E+02    0.720335194717788339E+09    0.501745608187130074E+03   -0.250872804093565037E+03
    0.247992104728182987E+02    0.136542645657086359E+01    0.203146301461245038E+02    0.787434184623542666E+09    0.502629501873467461E+03   -0.251314750936733731E+03
    0.205331679390785702E+02    0.136601906642113335E+01    0.218488531019072383E+02    0.673423255187281370E+09    0.502703456170671416E+03   -0.251351728085335708E+03
    0.149364378021529536E+02    0.136540821576745430E+01    0.195448391703708992E+02    0.784204574663408756E+09    0.502711109338290498E+03   -0.251355554669145249E+03
    0.198303791943270902E+02    0.136513022200451450E+01    0.195466760225887199E+02    0.757306998898373723E+09    0.502182540813041101E+03   -0.251091270406520550E+03
    0.245698146574971616E+02    0.136549904709999992E+01    0.183250523758780766E+02    0.693605853963617682E+09    0.501910816699425595E+03   -0.250955408349712798E+03
    0.263763271400037951E+02    0.136667740494717505E+01    0.177078892449097012E+02    0.737352505288365602E+09    0.502241116927668145E+03   -0.251120558463834072E+03
    0.163878534866238681E+02    0.136658945377714813E+01    0.218784965563915677E+02    0.734309027104614973E+09    0.502648476292976397E+03   -0.251324238146488199E+03
    0.187166491819478544E+02    0.136520587716498909E+01    0.191746227223096994E+02    0.706121058936738610E+09    0.502147001085541262E+03   -0.251073500542770631E+03
    0.165030065005453537E+02    0.136610392624238930E+01    0.197911862687259266E+02    0.715658660933041096E+09    0.502095146759790396E+03   -0.251047573379895198E+03
    0.261963140885072825E+02    0.136667470812130309E+01    0.183250504087298367E+02    0.758728168014217377E+09    0.502059424840860970E+03   -0.251029712420430485E+03
    0.149345780341518619E+02    0.136711616433006067E+01    0.188458561944820566E+02    0.764674114269135475E+09    0.502384182370246663E+03   -0.251192091185123331E+03
    0.194932303085972158E+02    0.136414898533385953E+01    0.183444786811957243E+02    0.697470362298695683E+09    0.502478561303508286E+03   -0.251239280651754143E+03
    0.160360567323972418E+02    0.136663006540621601E+01    0.181924417950928969E+02    0.788438105028877616E+09    0.502224915518245325E+03   -0.251112457759122663E+03
    0.275545491504798790E+02    0.136576106546689457E+01    0.172667762525432984E+02    0.666084047054953456E+09    0.502509753157888213E+03   -0.251254876578944106E+03
    0.176935367298866595E+02    0.136569217133747500E+01    0.202082394885071679E+02    0.829941838679572225E+09    0.502817417996915879E+03   -0.251408708998457939E+03
    0.228472626321424528E+02    0.136736684892950389E+01    0.176007381616429370E+02    0.746130166194293022E+09    0.502460444056041297E+03   -0.251230222028020648E+03
    0.214009015742787696E+02    0.136484747550816810E+01    0.193922526924218275E+02    0.635768384892262340E+09    0.502756025174123010E+03   -0.251378012587061505E+03
    0.257592145355268194E+02    0.136697532757213325E+01    0.204483527323916228E+02    0.819122980312379241E+09    0.502747929993492562E+03   -0.251373964996746281E+03
    0.217579988219913041E+02    0.136688566955697421E+01    0.188112860868877583E+02    0.726760900920292974E+09    0.501795102007198238E+03   -0.250897551003599119E+03
