    0.168054374717550168E+02    0.136149231641995239E+01    0.228568948998374655E+01    0.934675405146008134E+08    0.213492444519005261E+03   -0.106746222259502630E+03
    0.443473475859094179E+02    0.136697416292972251E+01    0.315651015135753212E+02    0.975993963835267544E+09    0.212948726742451299E+03   -0.106474363371225650E+03
    0.474941850850021652E+02    0.137532317779351287E+01    0.940834662052696302E+01    0.559821559559299946E+08    0.212607893989740177E+03   -0.106303946994870088E+03
    0.496313211787959574E+02    0.136506199567339981E+01    0.959206543423783309E+01    0.146846128655821860E+09    0.208747470949495607E+03   -0.104373735474747804E+03
    0.227033716013348297E+01    0.136148871738080701E+01    0.190789428484293531E+02    0.316722710730398655E+09    0.208247422257538915E+03   -0.104123711128769457E+03
    0.370284640543873635E+02    0.136378878336127518E+01    0.264358364619929063E+02    0.232586352523875058E+09    0.207828286079070324E+03   -0.103914143039535162E+03
    0.563431375193955475E+00    0.135836552219396189E+01    0.151238943219087574E+02    0.663531453288316250E+09    0.207268328996891171E+03   -0.103634164498445585E+03
    0.189049766532416150E+02    0.136731261814597516E+01    0.177330305793518157E+02    0.217822597652600199E+09    0.206306037771460524E+03   -0.103153018885730262E+03
    0.184432717493202496E+02    0.136268444830537439E+01    0.232736699534395548E+02    0.345117312681286335E+09    0.206171336137987140E+03   -0.103085668068993570E+03
    0.172304168374197140E+02    0.137231790430867551E+01    0.100972719432425837E+02    0.514036122456199527E+08    0.206002571720734750E+03   -0.103001285860367375E+03
    0.178199818982846168E+02    0.136892957176852814E+01    0.214911703339468971E+02    0.920087400070451617E+09    0.205900116991377757E+03   -0.102950058495688879E+03
    0.456371080954419952E+02    0.136360292780487158E+01    0.105143535103695154E+02    0.144544594906718254E+09    0.205891185004650453E+03   -0.102945592502325226E+03
    0.500771707628629201E+02    0.136428046902284006E+01    0.226213636117360508E+02    0.698873029663394243E+08    0.205713814816658015E+03   -0.102856907408329008E+03
    0.627320416741634617E+02    0.136665931473220259E+01    0.143665483777434080E+02    0.449318483116762489E+08    0.205419889184436016E+03   -0.102709944592218008E+03
    0.112224168571313339E+02    0.136801188307176735E+01    0.167553698510506734E+02    0.497020616624788791E+08    0.203765980790195727E+03   -0.101882990395097863E+03
    0.450923290667544663E+02    0.136635350615378393E+01    0.123561231193322509E+02    0.129871906521488845E+09    0.203707595641762452E+03   -0.101853797820881226E+03
    0.125433490646855912E+02    0.136399316464052145E+01    0.141348910378717321E+02    0.390592640734891817E+08    0.203238322471256112E+03   -0.101619161235628056E+03
    0.371083355198062605E+02    0.137131164070934086E+01    0.122190186978730324E+02    0.639084127152925655E+08    0.203218364022918678E+03   -0.101609182011459339E+03
    0.331794694489567421E+01    0.136826679993849365E+01    0.933924808517477345E+01    0.788557026438763738E+08    0.203129245264048933E+03   -0.101564622632024466E+03
    0.398461789062287437E+02    0.137122280638729133E+01    0.110142275410153889E+02    0.526511595709816292E+08    0.203005623043011070E+03   -0.101502811521505535E+03
    0.247131891398216510E+02    0.136699216534603285E+01    0.215018328030883055E+02    0.914522051659099609E+08    0.202967250446594619E+03   -0.101483625223297310E+03
    0.313351393063347210E+02    0.136651677040266906E+01    0.275515835089641890E+02    0.898549698620832324E+09    0.202735805356308163E+03   -0.101367902678154081E+03
    0.324696643104654328E+02    0.136228039968653225E+01    0.176407751779590498E+02    0.192947651546588719E+09    0.202336148124309602E+03   -0.101168074062154801E+03
    0.277578141747522409E+02    0.135865314245758118E+01    0.130134640286603567E+02    0.105590982491678193E+09    0.202314701216005460E+03   -0.101157350608002730E+03
    0.134053330468629781E+02    0.136569851763956951E+01    0.679260224095175857E+01    0.866043689609229863E+08    0.202262243259194690E+03   -0.101131121629597345E+03
    0.816403897996885597E+01    0.136391246242857123E+01    0.319256734544302851E+02    0.931266276881407976E+09    0.202245303199179631E+03   -0.101122651599589815E+03
    0.207060446299192442E+02    0.135955589116379483E+01    0.257064067862578014E+02    0.786230500781029224E+09    0.202058897317543540E+03   -0.101029448658771770E+03
    0.467955224591847241E+02    0.136502350252894877E+01    0.169403967269225966E+02    0.436855325778863728E+08    0.201953762983198629E+03   -0.100976881491599315E+03
    0.387783549299978674E+02    0.136284859943480430E+01    0.215998959344786172E+02    0.796492631226889968E+09    0.201945676010545924E+03   -0.100972838005272962E+03
    0.206102983549952938E+02    0.136212720418467592E+01    0.226549841179879294E+02    0.919064880100881606E+08    0.201918347171499960E+03   -0.100959173585749980E+03
    0.302984958488844498E+02    0.136461308190740005E+01    0.147375294586545493E+02    0.181754858351081431E+09    0.201822530452724038E+03   -0.100911265226362019E+03
    0.183189785534494476E+02    0.136414159354963238E+01    0.196187590137245778E+02    0.539076441281442523E+09    0.201778390586409728E+03   -0.100889195293204864E+03
    0.478001350407469232E+02    0.136155582438067846E+01    0.128179273538059473E+02    0.919761037998749018E+08    0.201771342018357217E+03   -0.100885671009178608E+03
    0.173925831540369131E+02    0.136049844669794529E+01    0.175274620320912291E+02    0.180063476837148249E+09    0.201734160973497808E+03   -0.100867080486748904E+03
    0.416722993999807585E+02    0.136643706931586517E+01    0.175038898206573492E+02    0.118931655872927010E+09    0.201712537853534741E+03   -0.100856268926767370E+03
    0.815739170291924687E+01    0.136482983437982042E+01    0.167738641195896641E+02    0.877059677560453773E+09    0.201659528689681792E+03   -0.100829764344840896E+03
    0.446349410085835796E+01    0.136347576332707421E+01    0.117492498144260491E+02    0.142562544051634967E+09    0.201575078862288706E+03   -0.100787539431144353E+03
    0.510230235265652876E+01    0.136582449659879002E+01    0.189006896217371576E+02    0.844400891415176034E+09    0.201556294897639987E+03   -0.100778147448819993E+03
    0.831108486928687462E+01    0.136432174011957197E+01    0.101300733032170633E+02    0.117836231400760457E+09    0.201517228660471858E+03   -0.100758614330235929E+03
    0.983858482318322558E+01    0.136727621489286699E+01    0.186598007619551076E+02    0.729322289729202688E+08    0.201448023159914158E+03   -0.100724011579957079E+03
    0.181236847548456517E+02    0.136808250028656864E+01    0.184996688497912771E+02    0.730277462432915121E+08    0.201396902162157005E+03   -0.100698451081078503E+03
    0.558809565426697432E+02    0.136226634894892284E+01    0.145016927715957387E+02    0.621934282023996264E+08    0.201382618263213004E+03   -0.100691309131606502E+03
    0.251098759591714398E+02    0.136024490617983917E+01    0.222282955688760957E+02    0.706876565503669262E+09    0.201335670970219553E+03   -0.100667835485109777E+03
    0.270681500418945831E+02    0.136135163768204936E+01    0.259476700929865061E+02    0.635953204526331306E+09    0.201255982555386851E+03   -0.100627991277693425E+03
    0.359048925755854995E+02    0.136404586404630912E+01    0.184108537051546968E+02    0.454472378483370617E+08    0.201246413264767511E+03   -0.100623206632383756E+03
    0.238560724650252212E+02    0.136890198170584521E+01    0.171603583066489023E+02    0.765206730968957394E+08    0.201242824946154229E+03   -0.100621412473077115E+03
    0.144341181541875443E+02    0.136565757801025733E+01    0.205519924072906051E+02    0.158363457647814482E+09    0.201203963510872285E+03   -0.100601981755436142E+03
    0.395947813030679663E+00    0.136566056274164249E+01    0.220061526312499147E+02    0.842976522035767794E+09    0.201179493358852142E+03   -0.100589746679426071E+03
    0.219540113780873050E+02    0.136144388124598037E+01    0.111211690183713490E+02    0.140869826787123233E+09    0.201168438067373160E+03   -0.100584219033686580E+03
    0.425134387127451774E+02    0.136980145172452206E+01    0.106818688765609817E+02    0.699218416303890646E+08    0.201147884978123614E+03   -0.100573942489061807E+03
    0.498233558263708165E+01    0.136516678845832051E+01    0.200945662954756621E+02    0.716523588175186068E+08    0.201120172072506193E+03   -0.100560086036253097E+03
    0.161411841873324136E+02    0.136448842255301250E+01    0.518715271566191660E+01    0.567200175886678547E+08    0.201105410047000191E+03   -0.100552705023500096E+03
    0.134627674486473747E+02    0.136075852125154739E+01    0.110852823149199029E+02    0.442792293810431287E+08    0.201079641940459567E+03   -0.100539820970229783E+03
    0.215363937845382303E+02    0.136463845499728853E+01    0.144339158991885377E+02    0.178302011299838930E+09    0.201047019873637510E+03   -0.100523509936818755E+03
    0.295030782061979124E+02    0.136962937180124800E+01    0.145711165202012651E+02    0.782993472063240260E+08    0.200941008087934136E+03   -0.100470504043967068E+03
    0.547121779275456088E+01    0.136191676788548288E+01    0.133760503137806346E+02    0.153977230935220599E+09    0.200918369744304698E+03   -0.100459184872152349E+03
    0.290757293754480521E+02    0.136597860204930077E+01    0.532446323351532591E+01    0.630545932780851796E+08    0.200868794021834105E+03   -0.100434397010917053E+03
    0.187068456719995666E+02    0.136187269083695317E+01    0.218263899390565292E+02    0.144709473750738531E+09    0.200790437289355623E+03   -0.100395218644677811E+03
    0.769091826042507787E+01    0.136368157941128842E+01    0.249719209237622586E+02    0.560030739167246580E+09    0.200741395213206090E+03   -0.100370697606603045E+03
    0.111037703053050727E+02    0.136319977031833295E+01    0.197515811245430832E+02    0.586135026430435061E+09    0.200572613683441347E+03   -0.100286306841720673E+03
    0.347267284473781146E+02    0.135887050933854492E+01    0.109400450225086630E+02    0.632527449104704782E+08    0.200419910023053774E+03   -0.100209955011526887E+03
    0.170571132870104343E+02    0.136256541440298662E+01    0.317278840833861260E+02    0.830607276826164484E+09    0.200359231382734947E+03   -0.100179615691367474E+03
    0.270544174320272433E+02    0.136088595154181946E+01    0.201513382924542199E+02    0.801330753113316298E+08    0.200338563622033860E+03   -0.100169281811016930E+03
    0.228190855166802020E+01    0.136667110059882169E+01    0.971620314076140446E+01    0.696823690926907361E+08    0.200322188179631553E+03   -0.100161094089815776E+03
    0.176186330497430603E+02    0.136423731525558622E+01    0.123172590507558599E+02    0.401194138088678718E+08    0.200317135441351240E+03   -0.100158567720675620E+03
    0.249005916886469549E+02    0.136015238122347104E+01    0.799382588984990949E+01    0.801932483072620779E+08    0.200262075916053902E+03   -0.100131037958026951E+03
    0.277914512915511516E+02    0.135970388648238472E+01    0.740808951583626207E+01    0.567215981864200756E+08    0.200258196599172095E+03   -0.100129098299586047E+03
    0.126878060299891988E+02    0.136376913763101681E+01    0.215390780510395352E+02    0.157474491982665062E+09    0.200230709270227408E+03   -0.100115354635113704E+03
    0.992439536577312786E+01    0.136513718414264296E+01    0.258924378076037733E+02    0.636761943776153564E+09    0.200209434781070172E+03   -0.100104717390535086E+03
    0.412399799307907386E+02    0.136616382900297229E+01    0.695888913770973971E+01    0.479552301663623601E+08    0.200186939637580053E+03   -0.100093469818790027E+03
    0.418515997036253324E+02    0.136859775823514251E+01    0.731566177563075826E+01    0.586362725646820515E+08    0.200160029351790399E+03   -0.100080014675895200E+03
    0.509081595713150370E+00    0.136623343770663674E+01    0.154584382825851385E+02    0.853129227175608426E+08    0.200095395435685163E+03   -0.100047697717842581E+03
    0.195168690363807613E+02    0.136854100261827027E+01    0.102150804025373390E+02    0.863206035647502691E+08    0.200080328525846255E+03   -0.100040164262923128E+03
    0.122967212759482170E+01    0.136290823314924747E+01    0.121193460469390839E+02    0.487009742875710949E+08    0.199932926977016962E+03   -0.999664634885084809E+02
    0.201926195537531008E+02    0.136741808530966580E+01    0.633537175515678630E+01    0.607446560798643455E+08    0.199928795842859529E+03   -0.999643979214297644E+02
    0.505689265469064182E+02    0.136352135471387759E+01    0.119972192281760446E+02    0.845379128312852085E+08    0.199917946117288295E+03   -0.999589730586441476E+02
    0.265437842925014778E+02    0.136940629014567672E+01    0.143382528972466528E+02    0.543780835355420858E+08    0.199911698076025857E+03   -0.999558490380129285E+02
    0.444780214178862252E+02    0.136511183411043091E+01    0.156062894935250558E+02    0.109019269455653727E+09    0.199857318309894680E+03   -0.999286591549473400E+02
    0.145401701867590081E+02    0.136016868990273121E+01    0.180501498488763339E+02    0.103218133801351383E+09    0.199829014578310307E+03   -0.999145072891551536E+02
    0.868456161884175337E+01    0.136502623799561640E+01    0.150804901940043639E+02    0.469111129262261093E+08    0.199825241261637700E+03   -0.999126206308188500E+02
    0.543916502145867256E+02    0.136512572719492487E+01    0.136047138862848449E+02    0.483843500051589459E+08    0.199761135832643447E+03   -0.998805679163217235E+02
    0.439842504282743292E+02    0.136058210548535419E+01    0.137738298023795753E+02    0.549910103476852328E+08    0.199670924134916731E+03   -0.998354620674583657E+02
    0.239200503647991489E+02    0.136224547180193678E+01    0.174626498463628081E+02    0.481561626786041632E+08    0.199645138606024773E+03   -0.998225693030123864E+02
    0.429776843094652818E+02    0.136832305541028054E+01    0.119773671801482298E+02    0.809761688678426892E+08    0.199596264572683708E+03   -0.997981322863418541E+02
    0.250216083865649779E+02    0.136394004871097274E+01    0.151943011479872432E+02    0.420466405551059246E+08    0.199546895915801883E+03   -0.997734479579009417E+02
    0.111508284826865345E+01    0.136167633305827218E+01    0.170145949297936312E+02    0.106551775369059369E+09    0.199498983053727784E+03   -0.997494915268638920E+02
    0.471980955645242659E+02    0.136424857981975989E+01    0.193139800399311277E+02    0.734615795139028430E+08    0.199419032682688396E+03   -0.997095163413441981E+02
    0.101226099771322602E+02    0.136723947444356186E+01    0.170128880123740949E+02    0.716726096104184836E+08    0.199394972517481108E+03   -0.996974862587405539E+02
    0.169922412937446765E+02    0.136696489442738578E+01    0.180925945360461711E+02    0.591389628574525714E+08    0.199314346135290265E+03   -0.996571730676451324E+02
    0.368145247155410402E+02    0.136171559129109254E+01    0.186248031005451722E+02    0.605065436576044559E+08    0.199232367064171456E+03   -0.996161835320857278E+02
    0.368145247155410402E+02    0.136171559129109254E+01    0.186248031005451722E+02    0.605065436576044559E+08    0.199232367064171456E+03   -0.996161835320857278E+02
    0.275451969131023091E+02    0.136973304340433000E+01    0.125348409861441468E+02    0.616838605304481387E+08    0.199215838776850660E+03   -0.996079193884253300E+02
    0.341852429963741571E+02    0.136459260888736011E+01    0.187673567097552443E+02    0.152277162862015635E+09    0.199204796912217631E+03   -0.996023984561088156E+02
    0.384687549363456256E+02    0.136108959067050472E+01    0.159192913066628581E+02    0.942662011153438836E+08    0.199187846020454600E+03   -0.995939230102273001E+02
    0.385047104649297793E+02    0.136583084677781708E+01    0.197246292620422743E+02    0.621726306234029830E+08    0.199143667156814985E+03   -0.995718335784074924E+02
    0.251402360407401879E+02    0.136100796125905954E+01    0.740341546267842965E+01    0.667787390234109685E+08    0.199139360395473886E+03   -0.995696801977369432E+02
    0.486581790234616847E+02    0.136482223371387157E+01    0.993822489077808768E+01    0.466700181004767418E+08    0.199120862038030168E+03   -0.995604310190150841E+02
    0.371650139660091083E+01    0.136221731734502560E+01    0.242767801873630340E+02    0.894119544295379758E+09    0.199101106116505832E+03   -0.995505530582529161E+02
    0.860614995877680222E+01    0.136139653438743613E+01    0.127321764044221748E+02    0.113842725851226553E+09    0.199087422827158548E+03   -0.995437114135792740E+02
    0.315902107398034673E+02    0.136701904322096945E+01    0.124779690777953132E+02    0.103355821898264661E+09    0.199074414900593183E+03   -0.995372074502965916E+02
    0.207062689057362022E+02    0.136331021316513379E+01    0.244796868634793370E+02    0.600674991007012129E+09    0.199073172805660022E+03   -0.995365864028300109E+02
    0.120838394537383547E+02    0.136555678623591592E+01    0.142612284039993966E+02    0.126388270447411135E+09    0.199051519594938384E+03   -0.995257597974691919E+02
    0.265924358310688653E+02    0.136034708521338543E+01    0.144191504787455322E+02    0.108221223019210622E+09    0.199022105838389052E+03   -0.995110529191945261E+02
    0.265924358310688653E+02    0.136034708521338543E+01    0.144191504787455322E+02    0.108221223019210622E+09    0.199022105838389052E+03   -0.995110529191945261E+02
    0.223737220851099288E+02    0.136598954607678702E+01    0.244465006357055543E+02    0.756672835263066053E+09    0.199017467368960638E+03   -0.995087336844803190E+02
    0.198740737279305542E+02    0.136422193240374212E+01    0.208412982670666018E+02    0.141564447751072109E+09    0.198986571243316575E+03   -0.994932856216582877E+02
    0.405016913298288870E+02    0.136933974592715169E+01    0.122547606379079159E+02    0.555572024108397439E+08    0.198981600448747997E+03   -0.994908002243739986E+02
    0.154411700993825516E+02    0.136217741950659188E+01    0.125670483166927021E+02    0.446095670252262801E+08    0.198964691702921982E+03   -0.994823458514609911E+02
    0.305349392565112012E+02    0.136374262665799773E+01    0.105139489247922064E+02    0.106465914484568104E+09    0.198963232048068278E+03   -0.994816160240341389E+02
    0.305349392565112012E+02    0.136374262665799773E+01    0.105139489247922064E+02    0.106465914484568104E+09    0.198963232048068278E+03   -0.994816160240341389E+02
    0.379490595335017034E+02    0.136253889920541038E+01    0.189295497787390978E+02    0.569005375961035565E+08    0.198936017158135598E+03   -0.994680085790677992E+02
    0.247004617373585802E+02    0.136711637192500746E+01    0.850852514315175945E+01    0.820823149051212072E+08    0.198929755492409186E+03   -0.994648777462045928E+02
    0.490218026755488552E+02    0.136455020486403678E+01    0.127313188271652660E+02    0.882555563291027248E+08    0.198882964082825879E+03   -0.994414820414129395E+02
    0.209324096463705942E+02    0.136284157491725022E+01    0.212415551152883957E+02    0.896064909893876314E+08    0.198881836759599736E+03   -0.994409183797998679E+02
    0.467524473454402045E+01    0.136706235840562074E+01    0.113851996570855185E+02    0.552385859127542228E+08    0.198877863858229915E+03   -0.994389319291149576E+02
    0.438694135299810810E+02    0.136469769554522835E+01    0.154911304566805192E+02    0.103672252401353210E+09    0.198747427132999803E+03   -0.993737135664999016E+02
    0.422497761541953452E+02    0.136257905242996635E+01    0.941696950227271046E+01    0.716976716678574085E+08    0.198716178466849897E+03   -0.993580892334249484E+02
    0.443062070418713532E+02    0.136119092176378031E+01    0.117558893991504760E+02    0.560381568071256876E+08    0.198665474372812241E+03   -0.993327371864061206E+02
    0.156621916353361339E+02    0.136741834641480242E+01    0.169207195598098323E+02    0.630242034504249915E+08    0.198648469994021127E+03   -0.993242349970105636E+02
    0.174350609670779519E+02    0.136242159173014032E+01    0.262079071698744563E+02    0.657692693893838882E+09    0.198572623874816770E+03   -0.992863119374083851E+02
    0.259096366464932704E+01    0.136227708039681317E+01    0.248215008436348690E+02    0.744157234791999102E+09    0.198547467091312910E+03   -0.992737335456564551E+02
    0.317363530995801995E+02    0.136833146104288472E+01    0.101363464407229245E+02    0.472448798690796942E+08    0.198527513388755210E+03   -0.992637566943776051E+02
    0.253743575544391398E+02    0.136109980775514261E+01    0.182771824568401513E+02    0.100107424590394586E+09    0.198511096363498694E+03   -0.992555481817493472E+02
    0.346050734831420641E+02    0.136276451897286366E+01    0.197078426491557508E+02    0.628652768612989560E+08    0.198444525866649258E+03   -0.992222629333246289E+02
    0.262376599219004447E+02    0.136465113128300164E+01    0.195883678045801872E+02    0.113422874025666684E+09    0.198422293942882789E+03   -0.992111469714413943E+02
    0.181807889691630931E+01    0.136127829156520552E+01    0.107757234389086083E+02    0.573057866774063110E+08    0.198372471794836883E+03   -0.991862358974184417E+02
    0.769051870032520668E+01    0.136394469428979526E+01    0.236614180317349998E+02    0.682735039213430524E+09    0.198333356253324382E+03   -0.991666781266621911E+02
    0.257396730789193704E+02    0.136897338081184805E+01    0.110820140371346820E+02    0.720539017334900647E+08    0.198329118049678470E+03   -0.991645590248392352E+02
    0.293316540237678041E+02    0.136075125735047453E+01    0.838733514775011280E+01    0.629472971375301927E+08    0.198314003075576466E+03   -0.991570015377882328E+02
    0.302384553729415053E+02    0.136880526260587776E+01    0.827393881818971089E+01    0.578320534921104908E+08    0.198283786763355863E+03   -0.991418933816779315E+02
    0.302384553729415053E+02    0.136880526260587776E+01    0.827393881818971089E+01    0.578320534921104908E+08    0.198283786763355863E+03   -0.991418933816779315E+02
    0.180260752026938249E+02    0.136111719093642947E+01    0.172595278348693313E+02    0.111782961780868039E+09    0.198259289985677867E+03   -0.991296449928389336E+02
    0.150202059451292396E+02    0.136469243846491906E+01    0.952810856851057153E+01    0.459296544969622642E+08    0.198256654411894573E+03   -0.991283272059472864E+02
    0.150202059451292396E+02    0.136469243846491906E+01    0.952810856851057153E+01    0.459296544969622642E+08    0.198256654411894573E+03   -0.991283272059472864E+02
    0.362237261450219137E+02    0.136555565506744903E+01    0.162392406810833521E+02    0.467868486299806759E+08    0.198237175304902792E+03   -0.991185876524513958E+02
    0.799819753743541284E+01    0.136303288171398629E+01    0.244378314660232476E+02    0.898133268912139654E+09    0.198214971514439810E+03   -0.991074857572199051E+02
    0.250985784985068037E+02    0.136247056350233198E+01    0.103250888323899517E+02    0.995478231673573852E+08    0.198185797790456149E+03   -0.990928988952280747E+02
    0.309797494016378678E+02    0.136376113135908761E+01    0.207911526570725123E+02    0.865893658570694476E+08    0.198155324102579300E+03   -0.990776620512896500E+02
    0.509980527061167521E+02    0.136500522584441830E+01    0.155516775259593629E+02    0.778249502103477418E+08    0.198154825615626009E+03   -0.990774128078130047E+02
    0.509980527061167521E+02    0.136500522584441830E+01    0.155516775259593629E+02    0.778249502103477418E+08    0.198154825615626009E+03   -0.990774128078130047E+02
    0.853421661206166604E+01    0.136687414461426004E+01    0.157936587726160926E+02    0.711422633331037015E+08    0.198145785890399793E+03   -0.990728929451998965E+02
    0.655212992803288330E+01    0.136201936519598932E+01    0.229710886160211984E+02    0.775733577846662760E+09    0.198120988169642487E+03   -0.990604940848212436E+02
    0.655212992803288330E+01    0.136201936519598932E+01    0.229710886160211984E+02    0.775733577846662760E+09    0.198120988169642487E+03   -0.990604940848212436E+02
    0.273010432721938789E+01    0.136572799896347474E+01    0.113170166966674302E+02    0.557332570676743090E+08    0.198116445110349559E+03   -0.990582225551747797E+02
    0.509025560812358577E+02    0.136672977600774104E+01    0.127233324758408131E+02    0.532882180113966316E+08    0.198077949309747652E+03   -0.990389746548738259E+02
    0.509025560812358577E+02    0.136672977600774104E+01    0.127233324758408131E+02    0.532882180113966316E+08    0.198077949309747652E+03   -0.990389746548738259E+02
    0.107971999300878014E+02    0.136654263281113697E+01    0.162476905791907669E+02    0.566237374319098145E+08    0.198069254607520776E+03   -0.990346273037603879E+02
    0.246250602630049542E+02    0.135933441973384839E+01    0.139920989329735423E+02    0.656760971593673304E+08    0.198054193839687002E+03   -0.990270969198435012E+02
    0.272001318620651560E+02    0.136681936691305261E+01    0.165373415335457032E+02    0.997595638001072407E+08    0.198023688826366538E+03   -0.990118444131832689E+02
    0.230964965318410798E+02    0.136483993960600847E+01    0.161527248104165011E+02    0.150191790949609607E+09    0.198018764296895000E+03   -0.990093821484475001E+02
    0.207327495244366915E+02    0.136563466033990322E+01    0.199061666442030507E+02    0.770024281978518665E+08    0.197978173023056911E+03   -0.989890865115284555E+02
    0.323995565950043414E+02    0.136825671780098990E+01    0.792539859680309178E+01    0.563911541150317937E+08    0.197961691775221880E+03   -0.989808458876109398E+02
    0.323995565950043414E+02    0.136825671780098990E+01    0.792539859680309178E+01    0.563911541150317937E+08    0.197961691775221880E+03   -0.989808458876109398E+02
    0.145824585935833397E+02    0.136502947306336919E+01    0.221605304426779206E+02    0.786976215828844786E+09    0.197957424965249430E+03   -0.989787124826247151E+02
    0.241377568949160839E+02    0.136787141646222543E+01    0.161909618055738562E+02    0.804667846265194863E+08    0.197952904010133295E+03   -0.989764520050666476E+02
    0.241377568949160839E+02    0.136787141646222543E+01    0.161909618055738562E+02    0.804667846265194863E+08    0.197952904010133295E+03   -0.989764520050666476E+02
    0.189454621677718400E+02    0.136786670545386979E+01    0.155189088828906918E+02    0.797254771430733502E+08    0.197927014352314643E+03   -0.989635071761573215E+02
    0.122340173938757335E+02    0.136465617884851054E+01    0.179899641167341464E+02    0.111328731678612337E+09    0.197849681976005456E+03   -0.989248409880027282E+02
    0.333250871947930634E+02    0.136500755397598295E+01    0.159125550952174226E+02    0.113684857302153796E+09    0.197812095442305690E+03   -0.989060477211528450E+02
    0.837933058131644160E+01    0.136069074907094634E+01    0.145351305681685190E+02    0.970582002532954961E+08    0.197785286081103465E+03   -0.988926430405517323E+02
    0.259981441817491081E+02    0.136203523348095978E+01    0.164029709708609204E+02    0.126456436790883794E+09    0.197758585386385562E+03   -0.988792926931927809E+02
    0.259981441817491081E+02    0.136203523348095978E+01    0.164029709708609204E+02    0.126456436790883794E+09    0.197758585386385562E+03   -0.988792926931927809E+02
    0.474458947150868795E+02    0.136759525079165511E+01    0.128047052934392838E+02    0.646203077188672125E+08    0.197754104858850951E+03   -0.988770524294254756E+02
    0.474458947150868795E+02    0.136759525079165511E+01    0.128047052934392838E+02    0.646203077188672125E+08    0.197754104858850951E+03   -0.988770524294254756E+02
    0.377704682176794080E+02    0.136072012296463773E+01    0.110193796941514872E+02    0.581898325488650873E+08    0.197732061072731710E+03   -0.988660305363658551E+02
    0.327098958852459702E+02    0.136669656248438831E+01    0.920038569228742986E+01    0.462907443338930234E+08    0.197728211744414580E+03   -0.988641058722072898E+02
    0.326837702291657948E+02    0.136237556084571199E+01    0.193871752646984596E+02    0.727455403412843198E+08    0.197695579992607719E+03   -0.988477899963038595E+02
    0.251594755310866205E+02    0.136677452469192762E+01    0.875329818103743662E+01    0.481324582677733153E+08    0.197687493688896495E+03   -0.988437468444482477E+02
    0.262001919233480685E+02    0.136421999893233159E+01    0.138476979773683890E+02    0.132116991234447792E+09    0.197682510437046403E+03   -0.988412552185232016E+02
    0.614502965692977288E+01    0.136598913927950605E+01    0.161646816836115157E+02    0.751016502896568775E+08    0.197658119884234480E+03   -0.988290599421172402E+02
    0.255898602464715239E+02    0.136262762849474051E+01    0.809219950833223400E+01    0.744832047217161208E+08    0.197637122949461542E+03   -0.988185614747307710E+02
    0.312581222160601779E+01    0.136089468595536567E+01    0.149576512954336849E+02    0.806757093799426556E+08    0.197610048208346882E+03   -0.988050241041734409E+02
    0.312581222160601779E+01    0.136089468595536567E+01    0.149576512954336849E+02    0.806757093799426556E+08    0.197610048208346882E+03   -0.988050241041734409E+02
    0.128635024937283191E+02    0.136411224936369990E+01    0.757366101970565708E+01    0.579154216784051955E+08    0.197607288032635950E+03   -0.988036440163179748E+02
    0.396565735848546952E+01    0.136571564267309942E+01    0.154562276170779676E+02    0.751766122391031533E+08    0.197600316277970308E+03   -0.988001581389851538E+02
    0.239193702874914536E+02    0.136351933172334627E+01    0.190098130788500725E+02    0.116934016094885841E+09    0.197579613511688336E+03   -0.987898067558441682E+02
    0.422453790663571809E+02    0.136720672920794883E+01    0.114538029690778824E+02    0.486859503968399540E+08    0.197533150542642886E+03   -0.987665752713214431E+02
    0.190937515687403767E+02    0.136371582616424991E+01    0.202812510031996034E+02    0.929222628400368690E+08    0.197507309690699316E+03   -0.987536548453496579E+02
    0.150526337183536096E+02    0.136608821070389275E+01    0.177368826040443466E+02    0.897751030229595751E+08    0.197483092830838530E+03   -0.987415464154192648E+02
    0.364809702204807849E+02    0.136459610602742942E+01    0.150618131391110328E+02    0.108470238225218698E+09    0.197463254553990708E+03   -0.987316272769953542E+02
    0.982639624793297273E+01    0.136072086136642945E+01    0.166335409645506651E+02    0.717251956217344552E+08    0.197459730336317534E+03   -0.987298651681587671E+02
    0.982639624793297273E+01    0.136072086136642945E+01    0.166335409645506651E+02    0.717251956217344552E+08    0.197459730336317534E+03   -0.987298651681587671E+02
    0.196764852506962775E+02    0.136288463300585261E+01    0.860995642785650617E+01    0.815729304289984703E+08    0.197450821718201212E+03   -0.987254108591006059E+02
    0.171501224392886513E+02    0.136673049042455119E+01    0.174858366326389181E+02    0.694440781684107184E+08    0.197443817646895411E+03   -0.987219088234477056E+02
    0.320351154202791122E+02    0.136520960861736040E+01    0.777940363541861668E+01    0.497198689521459937E+08    0.197416523073207657E+03   -0.987082615366038283E+02
    0.917079708779259661E+01    0.136515706712169216E+01    0.170343655882234266E+02    0.567849556858002841E+08    0.197398730615332340E+03   -0.986993653076661701E+02
    0.356563437488058455E+01    0.136485614576783609E+01    0.112017945035817821E+02    0.765278475037998557E+08    0.197397145194280569E+03   -0.986985725971402843E+02
    0.167712001887590105E+02    0.135952445988906190E+01    0.119154740897853966E+02    0.618109940204460546E+08    0.197380792378446699E+03   -0.986903961892233497E+02
    0.927940810756370382E+01    0.136294471917392768E+01    0.871041277308062334E+01    0.677202154049958289E+08    0.197269092308339083E+03   -0.986345461541695414E+02
    0.491046300774571947E+02    0.136435293621846898E+01    0.103908171054431033E+02    0.590790321991584003E+08    0.197262246998620640E+03   -0.986311234993103199E+02
    0.491046300774571947E+02    0.136435293621846898E+01    0.103908171054431033E+02    0.590790321991584003E+08    0.197262246998620640E+03   -0.986311234993103199E+02
    0.405554198013277087E+02    0.136676589529634240E+01    0.118128124797882155E+02    0.477001359630420506E+08    0.197236478945323057E+03   -0.986182394726615286E+02
    0.235779611706788330E+02    0.136493941440076538E+01    0.172993442319935191E+02    0.114049924541324034E+09    0.197221822139559578E+03   -0.986109110697797888E+02
    0.235779611706788330E+02    0.136493941440076538E+01    0.172993442319935191E+02    0.114049924541324034E+09    0.197221822139559578E+03   -0.986109110697797888E+02
    0.220053036945700171E+02    0.136318894646716959E+01    0.196364357686026167E+02    0.995497807280034870E+08    0.197190278599615198E+03   -0.985951392998075988E+02
    0.220053036945700171E+02    0.136318894646716959E+01    0.196364357686026167E+02    0.995497807280034870E+08    0.197190278599615198E+03   -0.985951392998075988E+02
    0.202029898558581849E+02    0.136425091008127741E+01    0.940785741548387300E+01    0.467344228503994048E+08    0.197184386597590247E+03   -0.985921932987951237E+02
    0.202029898558581849E+02    0.136425091008127741E+01    0.940785741548387300E+01    0.467344228503994048E+08    0.197184386597590247E+03   -0.985921932987951237E+02
    0.350170819625100620E+02    0.136498698970689625E+01    0.141953141300293915E+02    0.448793151885984167E+08    0.197153149532153748E+03   -0.985765747660768739E+02
    0.350170819625100620E+02    0.136498698970689625E+01    0.141953141300293915E+02    0.448793151885984167E+08    0.197153149532153748E+03   -0.985765747660768739E+02
    0.315221739869195403E+02    0.136671176128183380E+01    0.865929909765595696E+01    0.495718527533446550E+08    0.197116871676424807E+03   -0.985584358382124037E+02
    0.205221581455493194E+02    0.136413971426507752E+01    0.152832019802284282E+02    0.135540782752290606E+09    0.197116212268592392E+03   -0.985581061342961959E+02
    0.205221581455493194E+02    0.136413971426507752E+01    0.152832019802284282E+02    0.135540782752290606E+09    0.197116212268592392E+03   -0.985581061342961959E+02
    0.309345382134906153E+02    0.136818263820282771E+01    0.146452887295945136E+02    0.699600323977281898E+08    0.197049728755407813E+03   -0.985248643777039064E+02
    0.369235238803707233E+02    0.136250908619303956E+01    0.157872609961991870E+02    0.962066327218136191E+08    0.197033841983527964E+03   -0.985169209917639819E+02
    0.220666740075318195E+02    0.136488788555552465E+01    0.158893789671912486E+02    0.118868380402983651E+09    0.196963882691536782E+03   -0.984819413457683908E+02
    0.220666740075318195E+02    0.136488788555552465E+01    0.158893789671912486E+02    0.118868380402983651E+09    0.196963882691536782E+03   -0.984819413457683908E+02
    0.178989823978490072E+02    0.136380080899057732E+01    0.190130082448636557E+02    0.603071490814224854E+08    0.196917272016921714E+03   -0.984586360084608572E+02
    0.214632244377385248E+02    0.136259929551562187E+01    0.145027306277415331E+02    0.115087338227377862E+09    0.196915386428379861E+03   -0.984576932141899306E+02
    0.214632244377385248E+02    0.136259929551562187E+01    0.145027306277415331E+02    0.115087338227377862E+09    0.196915386428379861E+03   -0.984576932141899306E+02
    0.436549078700869018E+02    0.136617821032740117E+01    0.117011091016590605E+02    0.490670239662422761E+08    0.196888340471663014E+03   -0.984441702358315069E+02
    0.444265125988989098E+02    0.136750132235679933E+01    0.129960115614981184E+02    0.547941235054403543E+08    0.196874355310108172E+03   -0.984371776550540858E+02
    0.467417635701184651E+02    0.136640667646849123E+01    0.141786808964477231E+02    0.537020886431149095E+08    0.196865498502931416E+03   -0.984327492514657081E+02
    0.467417635701184651E+02    0.136640667646849123E+01    0.141786808964477231E+02    0.537020886431149095E+08    0.196865498502931416E+03   -0.984327492514657081E+02
    0.302324582552259677E+02    0.136644220117256454E+01    0.180731289680484792E+02    0.654572265493318215E+08    0.196850812899787513E+03   -0.984254064498937566E+02
    0.361582195883106081E+02    0.136553600771832739E+01    0.178261696278508559E+02    0.544431920370448157E+08    0.196841998528752470E+03   -0.984209992643762348E+02
    0.195953782379156891E+02    0.136108598782085277E+01    0.163279691977058228E+02    0.965693230417611450E+08    0.196816826309786080E+03   -0.984084131548930401E+02
    0.354893081309194258E+02    0.136494618633342557E+01    0.175765252934263820E+02    0.521425687260804698E+08    0.196800064328180099E+03   -0.984000321640900495E+02
    0.354893081309194258E+02    0.136494618633342557E+01    0.175765252934263820E+02    0.521425687260804698E+08    0.196800064328180099E+03   -0.984000321640900495E+02
    0.141715806455246192E+02    0.136526704383755226E+01    0.888474503672133409E+01    0.706547571609949470E+08    0.196779763413698618E+03   -0.983898817068493088E+02
    0.141715806455246192E+02    0.136526704383755226E+01    0.888474503672133409E+01    0.706547571609949470E+08    0.196779763413698618E+03   -0.983898817068493088E+02
    0.393272029250815365E+02    0.136703955103370056E+01    0.915226082545505193E+01    0.535430711564782336E+08    0.196714267648221039E+03   -0.983571338241105195E+02
    0.393272029250815365E+02    0.136703955103370056E+01    0.915226082545505193E+01    0.535430711564782336E+08    0.196714267648221039E+03   -0.983571338241105195E+02
    0.103885545983124796E+02    0.136492305627068555E+01    0.174328426582329996E+02    0.911151807454936951E+08    0.196703759392742739E+03   -0.983518796963713697E+02
    0.103885545983124796E+02    0.136492305627068555E+01    0.174328426582329996E+02    0.911151807454936951E+08    0.196703759392742739E+03   -0.983518796963713697E+02
    0.777665307497672753E+01    0.136595662011696306E+01    0.145449945891671870E+02    0.801332210056518316E+08    0.196674416541010061E+03   -0.983372082705050303E+02
    0.777665307497672753E+01    0.136595662011696306E+01    0.145449945891671870E+02    0.801332210056518316E+08    0.196674416541010061E+03   -0.983372082705050303E+02
    0.289125969699649907E+02    0.136501894137489432E+01    0.821525320953750615E+01    0.707774094828960598E+08    0.196650655969169861E+03   -0.983253279845849306E+02
    0.289125969699649907E+02    0.136501894137489432E+01    0.821525320953750615E+01    0.707774094828960598E+08    0.196650655969169861E+03   -0.983253279845849306E+02
    0.448594207813478079E+02    0.136262815960883077E+01    0.122261768494915106E+02    0.629616885916178226E+08    0.196649271986363487E+03   -0.983246359931817437E+02
    0.453904473490896407E+02    0.136718099037947272E+01    0.121021649039011656E+02    0.608192247504356354E+08    0.196648020729245246E+03   -0.983240103646226231E+02
    0.626372963050893095E+01    0.136417444622104456E+01    0.168255896090868724E+02    0.892114820223469287E+08    0.196638104185198642E+03   -0.983190520925993212E+02
    0.315763352833929112E+02    0.136129752226384149E+01    0.976547446266682329E+01    0.578012978562818095E+08    0.196600179029559257E+03   -0.983000895147796285E+02
    0.144505316178584913E+02    0.136734187399541196E+01    0.127460345141089526E+02    0.547080067504453585E+08    0.196548977398906175E+03   -0.982744886994530873E+02
    0.144505316178584913E+02    0.136734187399541196E+01    0.127460345141089526E+02    0.547080067504453585E+08    0.196548977398906175E+03   -0.982744886994530873E+02
    0.220785591025484287E+02    0.136648238700418001E+01    0.123166311232418160E+02    0.912168435687185824E+08    0.196537819573597460E+03   -0.982689097867987300E+02
    0.207953669769903229E+02    0.136551668753609512E+01    0.125644601332757517E+02    0.467404880435857773E+08    0.196532143871012124E+03   -0.982660719355060621E+02
    0.391073478149007983E+02    0.136742177030553624E+01    0.134310481081009510E+02    0.521112313419310376E+08    0.196531439039282475E+03   -0.982657195196412374E+02
    0.405408398524230691E+02    0.136793986018478941E+01    0.118119279816554990E+02    0.561678136600424349E+08    0.196503554899657189E+03   -0.982517774498285945E+02
    0.405408398524230691E+02    0.136793986018478941E+01    0.118119279816554990E+02    0.561678136600424349E+08    0.196503554899657189E+03   -0.982517774498285945E+02
    0.142366771087182595E+02    0.136310678838267285E+01    0.107103177849654347E+02    0.904383365730430335E+08    0.196498371743303125E+03   -0.982491858716515623E+02
    0.307122540466640643E+02    0.136302546822204906E+01    0.176543744943072234E+02    0.535414467073246315E+08    0.196492583834021161E+03   -0.982462919170105806E+02
    0.400734406629395394E+02    0.136752284988283646E+01    0.102853184199421541E+02    0.610164547654561698E+08    0.196488141083404969E+03   -0.982440705417024844E+02
    0.125733099378798503E+02    0.136697343795870685E+01    0.109762192816491666E+02    0.592404647062160149E+08    0.196487802848355159E+03   -0.982439014241775794E+02
    0.125733099378798503E+02    0.136697343795870685E+01    0.109762192816491666E+02    0.592404647062160149E+08    0.196487802848355159E+03   -0.982439014241775794E+02
    0.249504755765487971E+02    0.136626947835507195E+01    0.175187483574565626E+02    0.589882026021376997E+08    0.196478190143470215E+03   -0.982390950717351075E+02
    0.292103839210529692E+02    0.136682878582567646E+01    0.100305487336911074E+02    0.768360660432076901E+08    0.196459950672159437E+03   -0.982299753360797183E+02
    0.108334595807245524E+02    0.136315641277078292E+01    0.179582627976014244E+02    0.954783872354775667E+08    0.196454007736708036E+03   -0.982270038683540179E+02
    0.108334595807245524E+02    0.136315641277078292E+01    0.179582627976014244E+02    0.954783872354775667E+08    0.196454007736708036E+03   -0.982270038683540179E+02
    0.388318668862878766E+02    0.136568095630193209E+01    0.119269880118090956E+02    0.853809630945744514E+08    0.196435737464051613E+03   -0.982178687320258064E+02
    0.388318668862878766E+02    0.136568095630193209E+01    0.119269880118090956E+02    0.853809630945744514E+08    0.196435737464051613E+03   -0.982178687320258064E+02
    0.201523221451059840E+02    0.136806983108690305E+01    0.121785531074411590E+02    0.605472470227513239E+08    0.196424566598619833E+03   -0.982122832993099166E+02
    0.201523221451059840E+02    0.136806983108690305E+01    0.121785531074411590E+02    0.605472470227513239E+08    0.196424566598619833E+03   -0.982122832993099166E+02
    0.250884887001183827E+02    0.136203775189578558E+01    0.983091634405420400E+01    0.792213248278702646E+08    0.196368268290348936E+03   -0.981841341451744682E+02
    0.253531939975764047E+02    0.136503553647494136E+01    0.778128518584257201E+01    0.616907338417838439E+08    0.196359453727122116E+03   -0.981797268635610578E+02
    0.172147941570998491E+02    0.136641820764747624E+01    0.166681918956450907E+02    0.635342508479651436E+08    0.196341258985397559E+03   -0.981706294926987795E+02
    0.104665077337205652E+02    0.136169593063800565E+01    0.170372779231510023E+02    0.725988913289749324E+08    0.196311542878312650E+03   -0.981557714391563252E+02
    0.170187282480915272E+02    0.136719660615620664E+01    0.147631345711099264E+02    0.725949477767769098E+08    0.196296520202734598E+03   -0.981482601013672991E+02
    0.170187282480915272E+02    0.136719660615620664E+01    0.147631345711099264E+02    0.725949477767769098E+08    0.196296520202734598E+03   -0.981482601013672991E+02
    0.666042607279231014E+01    0.136539821740919010E+01    0.140340692221323984E+02    0.800113934465669245E+08    0.196245480681365166E+03   -0.981227403406825829E+02
    0.666042607279231014E+01    0.136539821740919010E+01    0.140340692221323984E+02    0.800113934465669245E+08    0.196245480681365166E+03   -0.981227403406825829E+02
    0.296812813610682902E+02    0.136385218574435307E+01    0.192181218463866479E+02    0.885438779192616940E+08    0.196239630646919522E+03   -0.981198153234597612E+02
    0.175918542890391052E+02    0.136750639539166330E+01    0.139429376419788618E+02    0.665610526586279497E+08    0.196233175189737409E+03   -0.981165875948687045E+02
    0.171881485375767049E+02    0.136225377294817829E+01    0.152226005484265681E+02    0.106813435161946699E+09    0.196232154818958293E+03   -0.981160774094791464E+02
    0.171881485375767049E+02    0.136225377294817829E+01    0.152226005484265681E+02    0.106813435161946699E+09    0.196232154818958293E+03   -0.981160774094791464E+02
    0.191487989208268097E+02    0.136633707360687340E+01    0.878165913196441927E+01    0.594018061487560719E+08    0.196196311366358287E+03   -0.980981556831791437E+02
    0.440010299781605880E+02    0.136275128251894562E+01    0.142164036240978238E+02    0.578715010221198425E+08    0.196160692202282178E+03   -0.980803461011410889E+02
    0.199503185793555637E+02    0.136073782804765520E+01    0.152743081534854497E+02    0.858742559377702475E+08    0.196156675709433301E+03   -0.980783378547166507E+02
    0.447985403689091086E+02    0.136613016891805250E+01    0.153788452751179889E+02    0.633989054045098498E+08    0.196134109136484795E+03   -0.980670545682423977E+02
    0.179624774135966980E+02    0.136730914625307243E+01    0.121028149770304232E+02    0.731016020759999752E+08    0.196095112286500779E+03   -0.980475561432503895E+02
    0.236525217999879018E+02    0.136619755477420290E+01    0.124533348706235554E+02    0.910456137113509923E+08    0.196077019012851110E+03   -0.980385095064255552E+02
    0.236525217999879018E+02    0.136619755477420290E+01    0.124533348706235554E+02    0.910456137113509923E+08    0.196077019012851110E+03   -0.980385095064255552E+02
    0.329238793881601097E+02    0.136526687375020850E+01    0.169720076307892143E+02    0.521981269042161033E+08    0.196070794498405832E+03   -0.980353972492029158E+02
    0.417538342048573696E+02    0.136514704535086473E+01    0.153371818634192749E+02    0.512734931036938876E+08    0.196055196660650012E+03   -0.980275983303250058E+02
    0.112660450136844421E+02    0.136085882698320315E+01    0.121162270626821940E+02    0.768861157899324745E+08    0.196054532350974284E+03   -0.980272661754871422E+02
    0.112660450136844421E+02    0.136085882698320315E+01    0.121162270626821940E+02    0.768861157899324745E+08    0.196054532350974284E+03   -0.980272661754871422E+02
    0.262021012772788282E+02    0.136273298163748247E+01    0.884754100287308809E+01    0.688231605095633119E+08    0.196036803081814611E+03   -0.980184015409073055E+02
    0.323807236800887495E+02    0.136631843832879052E+01    0.848149214485694536E+01    0.577234346632642373E+08    0.196023677329071518E+03   -0.980118386645357589E+02
    0.388227112023049301E+02    0.136755067725400137E+01    0.137542933792364899E+02    0.607525303517716900E+08    0.195996281396761390E+03   -0.979981406983806949E+02
    0.388227112023049301E+02    0.136755067725400137E+01    0.137542933792364899E+02    0.607525303517716900E+08    0.195996281396761390E+03   -0.979981406983806949E+02
    0.126080189643793386E+02    0.136477585378521438E+01    0.179924810260447572E+02    0.816762417159641534E+08    0.195984751681075466E+03   -0.979923758405377328E+02
    0.126080189643793386E+02    0.136477585378521438E+01    0.179924810260447572E+02    0.816762417159641534E+08    0.195984751681075466E+03   -0.979923758405377328E+02
    0.336483799281365563E+02    0.136638746420266877E+01    0.133435958411651505E+02    0.490381916727303118E+08    0.195933973864034726E+03   -0.979669869320173632E+02
    0.276453784053669231E+02    0.136280187971162903E+01    0.186342927064255690E+02    0.688993001408155859E+08    0.195874602937792673E+03   -0.979373014688963366E+02
    0.276453784053669231E+02    0.136280187971162903E+01    0.186342927064255690E+02    0.688993001408155859E+08    0.195874602937792673E+03   -0.979373014688963366E+02
    0.290106750805662301E+02    0.136730439928519476E+01    0.155055575879396716E+02    0.688401978450543582E+08    0.195857597674075265E+03   -0.979287988370376326E+02
    0.328565582680951138E+02    0.136433640278411628E+01    0.169582442841375460E+02    0.519066368907534182E+08    0.195843325357185620E+03   -0.979216626785928099E+02
    0.661508539435680554E+01    0.136388119219592374E+01    0.122186949771063347E+02    0.534805522646354437E+08    0.195832224301202700E+03   -0.979161121506013501E+02
    0.315289471470111131E+02    0.136657945953101834E+01    0.164810950630276096E+02    0.583846592871268988E+08    0.195823726298951840E+03   -0.979118631494759200E+02
    0.202256426457765741E+02    0.136506288598104497E+01    0.864342458241596567E+01    0.659999063600691557E+08    0.195802249059862049E+03   -0.979011245299310247E+02
    0.139683481946126431E+02    0.136327785534971402E+01    0.109404058887684403E+02    0.865829047051510513E+08    0.195773162907892385E+03   -0.978865814539461923E+02
    0.822948495565862181E+01    0.136550051292132646E+01    0.140305012504021658E+02    0.768184467804115713E+08    0.195771182799727342E+03   -0.978855913998636709E+02
    0.314335491959930948E+02    0.136691999811303133E+01    0.914030181920799834E+01    0.542044356035171077E+08    0.195759835466266964E+03   -0.978799177331334818E+02
    0.414640290552216513E+02    0.136496278866672438E+01    0.947114710142701810E+01    0.550063039717015326E+08    0.195750419966480081E+03   -0.978752099832400404E+02
    0.414640290552216513E+02    0.136496278866672438E+01    0.947114710142701810E+01    0.550063039717015326E+08    0.195750419966480081E+03   -0.978752099832400404E+02
    0.327768592799304557E+02    0.136797102435683282E+01    0.119046828745216224E+02    0.605119735468838364E+08    0.195741170899371753E+03   -0.978705854496858763E+02
    0.327768592799304557E+02    0.136797102435683282E+01    0.119046828745216224E+02    0.605119735468838364E+08    0.195741170899371753E+03   -0.978705854496858763E+02
    0.303804646776106821E+02    0.136313948291026499E+01    0.982478560531473910E+01    0.762742578247430772E+08    0.195716362117010078E+03   -0.978581810585050391E+02
    0.283492529193756226E+02    0.136348118225355686E+01    0.974460059407984502E+01    0.498011017572692707E+08    0.195671089076840047E+03   -0.978355445384200237E+02
    0.283492529193756226E+02    0.136348118225355686E+01    0.974460059407984502E+01    0.498011017572692707E+08    0.195671089076840047E+03   -0.978355445384200237E+02
    0.302729686984344752E+02    0.136567211741825978E+01    0.165280205573126224E+02    0.918977523032003641E+08    0.195666629649891291E+03   -0.978333148249456457E+02
    0.302729686984344752E+02    0.136567211741825978E+01    0.165280205573126224E+02    0.918977523032003641E+08    0.195666629649891291E+03   -0.978333148249456457E+02
    0.179920866791718979E+02    0.136575364144450417E+01    0.173470317486839321E+02    0.686234274921950996E+08    0.195657230102363030E+03   -0.978286150511815151E+02
    0.226692359072207239E+02    0.136661944206393637E+01    0.119054872139831680E+02    0.816459345567516834E+08    0.195612787689951631E+03   -0.978063938449758155E+02
    0.368275121089500033E+02    0.136328419866854023E+01    0.961490900851335439E+01    0.615095174248272702E+08    0.195585456099450028E+03   -0.977927280497250138E+02
    0.124266534780215938E+02    0.136633715635272046E+01    0.119324584956200486E+02    0.620762072859488204E+08    0.195574242264787216E+03   -0.977871211323936080E+02
    0.294301089558006446E+02    0.136213758860989831E+01    0.158238703583516322E+02    0.908388671031721979E+08    0.195563382372583334E+03   -0.977816911862916669E+02
    0.294301089558006446E+02    0.136213758860989831E+01    0.158238703583516322E+02    0.908388671031721979E+08    0.195563382372583334E+03   -0.977816911862916669E+02
    0.234263857146043044E+02    0.136373977785722156E+01    0.188815655171646917E+02    0.865229622093053758E+08    0.195556261023618106E+03   -0.977781305118090529E+02
    0.234263857146043044E+02    0.136373977785722156E+01    0.188815655171646917E+02    0.865229622093053758E+08    0.195556261023618106E+03   -0.977781305118090529E+02
    0.241253104499509732E+02    0.136693933564802417E+01    0.157309163784385024E+02    0.655806279077807441E+08    0.195513272381279592E+03   -0.977566361906397958E+02
    0.875285433758044107E+01    0.136474509027062929E+01    0.110730059279014128E+02    0.678526020370178968E+08    0.195492363293975075E+03   -0.977461816469875373E+02
    0.240687726319836308E+02    0.136068534033510313E+01    0.126751570624997321E+02    0.636215551621826291E+08    0.195460383493626097E+03   -0.977301917468130483E+02
    0.250329250626930531E+02    0.136329430953134123E+01    0.185822740919653668E+02    0.869914050967213064E+08    0.195449616425500750E+03   -0.977248082127503750E+02
    0.423658348408802681E+02    0.136479958574701810E+01    0.109645296056522010E+02    0.680661847152952403E+08    0.195434235178464064E+03   -0.977171175892320321E+02
    0.393973213742642088E+02    0.136293954842141152E+01    0.140011975804370365E+02    0.791417699614448398E+08    0.195400849363668357E+03   -0.977004246818341784E+02
    0.393973213742642088E+02    0.136293954842141152E+01    0.140011975804370365E+02    0.791417699614448398E+08    0.195400849363668357E+03   -0.977004246818341784E+02
    0.331048501228017429E+02    0.136337537812875320E+01    0.932161006106162304E+01    0.647947465508520976E+08    0.195395254873893606E+03   -0.976976274369468030E+02
    0.189393805902538119E+02    0.136106662829493419E+01    0.134229780146196411E+02    0.554649278510323763E+08    0.195373710748851920E+03   -0.976868553744259600E+02
    0.178475464168587337E+02    0.136366393356016058E+01    0.927215908422278545E+01    0.526555522357056141E+08    0.195338223096185175E+03   -0.976691115480925873E+02
    0.178475464168587337E+02    0.136366393356016058E+01    0.927215908422278545E+01    0.526555522357056141E+08    0.195338223096185175E+03   -0.976691115480925873E+02
    0.218422691323203466E+02    0.136674188254640661E+01    0.115517989747172791E+02    0.518686674830923900E+08    0.195325021149225137E+03   -0.976625105746125683E+02
    0.349648505646145864E+02    0.136677520163872135E+01    0.110919409476002180E+02    0.691644581689312756E+08    0.195312637647450600E+03   -0.976563188237253001E+02
    0.197133267988484100E+02    0.136272296076232347E+01    0.100336260010307541E+02    0.765838436768973917E+08    0.195307738931778403E+03   -0.976538694658892013E+02
    0.262910224753800605E+02    0.136320881470716881E+01    0.186205629669586514E+02    0.759261877265160829E+08    0.195304160814098765E+03   -0.976520804070493824E+02
    0.337531238245774148E+02    0.136160092858470771E+01    0.144148614556211427E+02    0.673585459841323942E+08    0.195296658503219845E+03   -0.976483292516099226E+02
    0.868373941623616297E+01    0.136469846604828371E+01    0.158624493496974992E+02    0.721841461111737490E+08    0.195272829717820372E+03   -0.976364148589101859E+02
    0.347073253507009980E+02    0.136464439755439360E+01    0.902741804683830296E+01    0.535985647782872394E+08    0.195261761386170235E+03   -0.976308806930851176E+02
    0.440895403852884513E+02    0.136508397945344484E+01    0.118384996174339232E+02    0.664125255460259318E+08    0.195260993933143112E+03   -0.976304969665715561E+02
    0.284590257597906096E+02    0.136160859430318926E+01    0.108471199114239738E+02    0.645008381909785718E+08    0.195241252027722851E+03   -0.976206260138614255E+02
    0.345705210445567275E+02    0.136627978084214230E+01    0.975815493962696401E+01    0.535558111369579583E+08    0.195205007481823259E+03   -0.976025037409116294E+02
    0.177348194619105612E+02    0.136116866835173056E+01    0.153987579079399417E+02    0.745810700201356262E+08    0.195196529588506166E+03   -0.975982647942530832E+02
    0.177348194619105612E+02    0.136116866835173056E+01    0.153987579079399417E+02    0.745810700201356262E+08    0.195196529588506166E+03   -0.975982647942530832E+02
    0.956589141719987701E+01    0.136456457723479185E+01    0.146269739673506365E+02    0.853675017497812212E+08    0.195185518722456834E+03   -0.975927593612284170E+02
    0.364033167316178847E+02    0.136474555711609136E+01    0.119279125383360380E+02    0.489439150757346675E+08    0.195181538480279954E+03   -0.975907692401399771E+02
    0.334010078414299940E+02    0.136629738647414101E+01    0.115760015620636096E+02    0.758753931322365552E+08    0.195153660481037946E+03   -0.975768302405189729E+02
    0.125519263265759147E+02    0.136294651482402318E+01    0.158920297649350815E+02    0.563559700910596177E+08    0.195147405986378971E+03   -0.975737029931894853E+02
    0.125519263265759147E+02    0.136294651482402318E+01    0.158920297649350815E+02    0.563559700910596177E+08    0.195147405986378971E+03   -0.975737029931894853E+02
    0.218292720465711376E+02    0.136259895440555412E+01    0.125495201627665693E+02    0.916714710438117534E+08    0.195145085794018655E+03   -0.975725428970093276E+02
    0.299863955018371406E+02    0.136148283509528301E+01    0.148391879938515210E+02    0.720536883224442005E+08    0.195090178167255601E+03   -0.975450890836278006E+02
    0.299863955018371406E+02    0.136148283509528301E+01    0.148391879938515210E+02    0.720536883224442005E+08    0.195090178167255601E+03   -0.975450890836278006E+02
    0.244936192319973074E+02    0.136731966335065303E+01    0.137116388246486594E+02    0.631819769678671807E+08    0.195078978059436452E+03   -0.975394890297182258E+02
    0.244936192319973074E+02    0.136731966335065303E+01    0.137116388246486594E+02    0.631819769678671807E+08    0.195078978059436452E+03   -0.975394890297182258E+02
    0.219632902471209519E+02    0.136417635711779517E+01    0.982343051894627273E+01    0.767304459453990608E+08    0.195075302447551479E+03   -0.975376512237757396E+02
    0.183643921913925503E+02    0.136420698033663967E+01    0.180750303041788918E+02    0.678999902442069948E+08    0.195074178583783691E+03   -0.975370892918918457E+02
    0.183643921913925503E+02    0.136420698033663967E+01    0.180750303041788918E+02    0.678999902442069948E+08    0.195074178583783691E+03   -0.975370892918918457E+02
    0.237448340574013272E+02    0.136538545051477578E+01    0.112270973863526216E+02    0.836111011056584269E+08    0.195053960482514924E+03   -0.975269802412574620E+02
    0.224291970884209455E+02    0.136208483701200112E+01    0.101688682184172876E+02    0.683299271857595742E+08    0.195051338163245561E+03   -0.975256690816227803E+02
    0.354895509563267098E+02    0.136313717474615448E+01    0.171160673736079616E+02    0.715572997080946267E+08    0.195047344766174263E+03   -0.975236723830871313E+02
    0.162911587237840472E+02    0.136442811597471692E+01    0.175209626931698068E+02    0.859060951191420555E+08    0.195022273419178646E+03   -0.975111367095893229E+02
    0.125269380626319311E+02    0.136145479042208639E+01    0.127925313985828399E+02    0.660087727234797701E+08    0.195017961182706244E+03   -0.975089805913531222E+02
    0.217793882496923565E+02    0.136423114477288832E+01    0.152927880966159169E+02    0.100197175596820816E+09    0.195014320059079836E+03   -0.975071600295399179E+02
    0.217793882496923565E+02    0.136423114477288832E+01    0.152927880966159169E+02    0.100197175596820816E+09    0.195014320059079836E+03   -0.975071600295399179E+02
    0.345211636289954313E+02    0.136515716240588958E+01    0.130514148232451443E+02    0.869648535761456341E+08    0.195011637087999873E+03   -0.975058185439999363E+02
    0.107888920156766375E+02    0.136418480797924602E+01    0.124508055341563679E+02    0.833740235714772791E+08    0.194997940852359875E+03   -0.974989704261799375E+02
    0.107888920156766375E+02    0.136418480797924602E+01    0.124508055341563679E+02    0.833740235714772791E+08    0.194997940852359875E+03   -0.974989704261799375E+02
    0.817676144661671778E+01    0.136441080882908938E+01    0.121879032880433922E+02    0.710690849709810019E+08    0.194989073990455978E+03   -0.974945369952279890E+02
    0.210382019071337467E+02    0.136400484789772292E+01    0.978450696246949114E+01    0.749472082212802321E+08    0.194977385522312943E+03   -0.974886927611564715E+02
    0.210382019071337467E+02    0.136400484789772292E+01    0.978450696246949114E+01    0.749472082212802321E+08    0.194977385522312943E+03   -0.974886927611564715E+02
    0.358795424275600112E+02    0.136463069794607517E+01    0.122515410739380890E+02    0.836147012698055804E+08    0.194962935605305518E+03   -0.974814678026527588E+02
    0.358795424275600112E+02    0.136463069794607517E+01    0.122515410739380890E+02    0.836147012698055804E+08    0.194962935605305518E+03   -0.974814678026527588E+02
    0.262690328156736186E+02    0.136179327351201107E+01    0.163385626562779720E+02    0.719159191076330394E+08    0.194952953863036612E+03   -0.974764769315183059E+02
    0.194455975189045631E+02    0.136567081547044622E+01    0.124816114490501260E+02    0.846071509144443423E+08    0.194928123388153892E+03   -0.974640616940769462E+02
    0.194455975189045631E+02    0.136567081547044622E+01    0.124816114490501260E+02    0.846071509144443423E+08    0.194928123388153892E+03   -0.974640616940769462E+02
    0.326541950657390245E+02    0.136577846525390378E+01    0.119505721080569440E+02    0.805430173706814349E+08    0.194919932042570423E+03   -0.974599660212852115E+02
    0.326541950657390245E+02    0.136577846525390378E+01    0.119505721080569440E+02    0.805430173706814349E+08    0.194919932042570423E+03   -0.974599660212852115E+02
    0.172649780326620323E+02    0.136589401225751539E+01    0.146587924697056948E+02    0.828382276579997540E+08    0.194911771774958083E+03   -0.974558858874790417E+02
    0.278703635917906531E+02    0.136596402169671505E+01    0.160438212965288933E+02    0.829125051558736861E+08    0.194869210458405405E+03   -0.974346052292027025E+02
    0.371294368419701115E+02    0.136643344648525056E+01    0.146482048159152605E+02    0.686233438148892671E+08    0.194867855725474840E+03   -0.974339278627374199E+02
    0.392502726234322310E+02    0.136322697132075277E+01    0.148154310562024829E+02    0.754256498420341313E+08    0.194855161186981491E+03   -0.974275805934907453E+02
    0.198159422397771188E+02    0.136356410926943328E+01    0.123314303412138262E+02    0.913054112985479087E+08    0.194849688236169811E+03   -0.974248441180849056E+02
    0.247879983728896498E+02    0.136419059867991255E+01    0.133222235460054872E+02    0.958220974162581414E+08    0.194845403849769241E+03   -0.974227019248846204E+02
    0.441464332666704635E+02    0.136418760564709851E+01    0.125837790340868310E+02    0.598507203386544511E+08    0.194838316382631859E+03   -0.974191581913159297E+02
    0.441464332666704635E+02    0.136418760564709851E+01    0.125837790340868310E+02    0.598507203386544511E+08    0.194838316382631859E+03   -0.974191581913159297E+02
    0.157858736100245469E+02    0.136547567243942125E+01    0.156965037952658815E+02    0.825757233719015121E+08    0.194833132695768541E+03   -0.974165663478842703E+02
    0.304807580545796668E+02    0.136173336058269490E+01    0.141054557775624474E+02    0.759814270595978498E+08    0.194830170752826376E+03   -0.974150853764131881E+02
    0.432704451070161440E+02    0.136500738442648517E+01    0.151666802442791688E+02    0.637258018214322925E+08    0.194827910048156184E+03   -0.974139550240780920E+02
    0.336389514759336521E+02    0.136465568840431462E+01    0.129158839195330852E+02    0.877185048371105939E+08    0.194826425988864685E+03   -0.974132129944323424E+02
    0.147125559913575064E+02    0.136412767213150077E+01    0.171154270082026656E+02    0.856014295077032298E+08    0.194816397680657929E+03   -0.974081988403289643E+02
    0.204707824027871617E+02    0.136681791807631514E+01    0.139741445087165985E+02    0.663214075731935129E+08    0.194814662569272627E+03   -0.974073312846363137E+02
    0.152130594732370756E+02    0.136493579525657394E+01    0.110642428620847291E+02    0.523594691506089419E+08    0.194810240527575417E+03   -0.974051202637877083E+02
    0.281305586130787972E+02    0.136159087738076701E+01    0.148358017602032035E+02    0.757338952816686034E+08    0.194803641846128926E+03   -0.974018209230644629E+02
    0.157338945359090303E+02    0.136548486728411134E+01    0.107465607517868111E+02    0.679376758035783917E+08    0.194771495163022536E+03   -0.973857475815112679E+02
    0.287917735496887879E+02    0.136317887132175541E+01    0.167553904412395411E+02    0.898881817290723175E+08    0.194766383695551610E+03   -0.973831918477758052E+02
    0.126079156051674648E+02    0.136475814597779843E+01    0.107334534002219204E+02    0.563385293914046586E+08    0.194745425610748299E+03   -0.973727128053741495E+02
    0.363394858251851645E+02    0.136574170582032361E+01    0.138209056297373731E+02    0.516554630599310398E+08    0.194739293316819072E+03   -0.973696466584095361E+02
    0.420915739645310509E+02    0.136413468906304480E+01    0.154984709224810473E+02    0.627054367472816482E+08    0.194713876020046115E+03   -0.973569380100230575E+02
    0.367262946698849220E+02    0.136345734688290099E+01    0.117306845592321345E+02    0.736978509085683376E+08    0.194709626912353741E+03   -0.973548134561768705E+02
    0.168191357948299682E+02    0.136333377621071450E+01    0.136046804936063328E+02    0.512704686767929196E+08    0.194708175208748003E+03   -0.973540876043740013E+02
    0.177387038223204812E+02    0.136415461002490312E+01    0.178271532299456830E+02    0.801617652039554864E+08    0.194694484168955825E+03   -0.973472420844779123E+02
    0.140522992677341669E+02    0.136258782218909613E+01    0.151039971335446950E+02    0.560216556527797878E+08    0.194687613239827243E+03   -0.973438066199136216E+02
    0.174606830265920188E+02    0.136200352707478567E+01    0.113781076262235636E+02    0.743145742161239684E+08    0.194679876035983625E+03   -0.973399380179918126E+02
    0.303676738186666348E+02    0.136209993281488484E+01    0.111198197233001554E+02    0.606256014184654802E+08    0.194677627835732693E+03   -0.973388139178663465E+02
    0.343886504861401860E+02    0.136381387180653557E+01    0.973257113086759240E+01    0.600296697283304706E+08    0.194675593694167958E+03   -0.973377968470839789E+02
    0.202434228316493829E+02    0.136484161643044266E+01    0.972562397324670691E+01    0.680187726669341773E+08    0.194672452935506413E+03   -0.973362264677532067E+02
    0.301845582736588796E+02    0.136204166981290209E+01    0.129307574418377307E+02    0.772072170775882155E+08    0.194644626771356030E+03   -0.973223133856780152E+02
    0.364989728235174695E+02    0.136674229563261695E+01    0.130161531268633084E+02    0.557362600238520205E+08    0.194636555764114860E+03   -0.973182778820574299E+02
    0.289710834273199964E+02    0.136700904617913710E+01    0.138832089932028282E+02    0.668602276324107274E+08    0.194635998311219339E+03   -0.973179991556096695E+02
    0.346319582723449955E+02    0.136625607482434241E+01    0.155015978881244827E+02    0.634046690749155506E+08    0.194626324163112429E+03   -0.973131620815562144E+02
    0.345815036435864300E+02    0.136663914210134463E+01    0.145354902383995395E+02    0.651882842223540694E+08    0.194624570015505014E+03   -0.973122850077525072E+02
    0.263401401409864917E+02    0.136717911042020002E+01    0.124070296656302670E+02    0.606729816333968490E+08    0.194614676754158410E+03   -0.973073383770792049E+02
    0.198101008359683206E+02    0.136531349653630651E+01    0.116040463068466266E+02    0.801744061802441031E+08    0.194536341025287612E+03   -0.972681705126438061E+02
    0.298811090877141901E+02    0.136553889288113961E+01    0.167296024767232581E+02    0.611237164707747772E+08    0.194517112030954479E+03   -0.972585560154772395E+02
    0.269053183318198528E+02    0.136477401893831174E+01    0.116049213219614860E+02    0.839106568490633965E+08    0.194500788679972572E+03   -0.972503943399862862E+02
    0.293328293909522451E+02    0.136450551958481592E+01    0.945063080858151139E+01    0.640585210306365564E+08    0.194498278423462267E+03   -0.972491392117311335E+02
    0.227476267197353721E+02    0.136657930900725777E+01    0.109034628495163997E+02    0.575825613424270228E+08    0.194495162972045705E+03   -0.972475814860228525E+02
    0.211274955226518522E+02    0.136567347211547063E+01    0.159637150429261681E+02    0.594773149676949754E+08    0.194487006006041270E+03   -0.972435030030206349E+02
    0.241577057333048408E+02    0.136522123093677639E+01    0.111964359344673721E+02    0.796098376523742229E+08    0.194478743583444157E+03   -0.972393717917220783E+02
    0.372309324169931486E+02    0.136353188736485698E+01    0.130369776998810867E+02    0.773968689381051064E+08    0.194474461577772217E+03   -0.972372307888861087E+02
    0.110181415474664597E+02    0.136471485185202757E+01    0.149945544083960804E+02    0.764701581378187984E+08    0.194472520789266298E+03   -0.972362603946331490E+02
    0.424927188118840817E+02    0.136438075723312013E+01    0.140329986614674862E+02    0.562868535221286938E+08    0.194452070851034989E+03   -0.972260354255174946E+02
    0.364056424659635880E+02    0.136324050285832610E+01    0.161813894892209369E+02    0.656187309768547565E+08    0.194441846127527668E+03   -0.972209230637638342E+02
    0.276428458279029883E+02    0.136194354460895539E+01    0.115017749438859500E+02    0.604254006495641693E+08    0.194423809214869181E+03   -0.972119046074345903E+02
    0.359865703064200702E+02    0.136317295473347366E+01    0.109702375563859498E+02    0.583087775932451785E+08    0.194419318583978537E+03   -0.972096592919892686E+02
    0.402099067823767413E+02    0.136496984282430178E+01    0.154405622159389129E+02    0.594941252997438088E+08    0.194410026103499945E+03   -0.972050130517499724E+02
    0.151270015128595272E+02    0.136481063172925077E+01    0.159059576373307419E+02    0.616481886421539411E+08    0.194383750865038792E+03   -0.971918754325193959E+02
    0.204830349802670675E+02    0.136189819127919298E+01    0.143493035308158543E+02    0.571932720446015522E+08    0.194383182340980568E+03   -0.971915911704902840E+02
    0.126650099231666893E+02    0.136240903010457104E+01    0.137532141043956493E+02    0.588002143263759166E+08    0.194377454294671708E+03   -0.971887271473358538E+02
    0.126607705059246634E+02    0.136320578098732503E+01    0.159169367045177026E+02    0.834567071106952876E+08    0.194358788963742711E+03   -0.971793944818713555E+02
    0.293619416102416686E+02    0.136488411249189245E+01    0.145555725809732497E+02    0.509683337420386598E+08    0.194357944961101452E+03   -0.971789724805507262E+02
    0.257032626913407150E+02    0.136305889204761255E+01    0.139188262334991730E+02    0.904058805440241694E+08    0.194357363643752876E+03   -0.971786818218764381E+02
    0.135620196065864995E+02    0.136231986976470743E+01    0.153495679257243722E+02    0.803635543140158206E+08    0.194352796472352111E+03   -0.971763982361760554E+02
    0.164613253529802996E+02    0.136573565008280173E+01    0.148646859032082794E+02    0.720702779797241837E+08    0.194339533675923519E+03   -0.971697668379617596E+02
    0.349193486139974425E+02    0.136655084946528804E+01    0.119338477230936331E+02    0.623155400018724576E+08    0.194330956493478595E+03   -0.971654782467392977E+02
    0.184657768010042425E+02    0.136413787958942034E+01    0.174183429000523518E+02    0.806463465320133716E+08    0.194318016164041126E+03   -0.971590080820205628E+02
    0.318936903107739305E+02    0.136671814106436318E+01    0.114762090049927821E+02    0.561547514471577629E+08    0.194295468269835510E+03   -0.971477341349177550E+02
    0.179513486918530560E+02    0.136440160993750004E+01    0.100534099698721313E+02    0.634430162903367653E+08    0.194294435966811363E+03   -0.971472179834056817E+02
    0.178549797915289545E+02    0.136412745594944207E+01    0.106961352124423552E+02    0.525650390733163953E+08    0.194290379131850699E+03   -0.971451895659253495E+02
    0.205720606924783418E+02    0.136346788303870392E+01    0.168773427594964396E+02    0.878096162203448415E+08    0.194283777390677500E+03   -0.971418886953387499E+02
    0.290615668098207180E+02    0.136401885941870527E+01    0.152965962302509695E+02    0.913579347503515333E+08    0.194281100537849227E+03   -0.971405502689246134E+02
    0.209224044487842740E+02    0.136350023618543137E+01    0.162246256008297998E+02    0.911456951694964170E+08    0.194278831024218846E+03   -0.971394155121094229E+02
    0.325464618480792112E+02    0.136648933829525276E+01    0.111180965885831231E+02    0.584775827743358761E+08    0.194256199520962525E+03   -0.971280997604812626E+02
    0.258707862467669756E+02    0.136330527374068122E+01    0.162039012886501581E+02    0.547459752455356047E+08    0.194250288495573329E+03   -0.971251442477866647E+02
    0.157359783605053352E+02    0.136562006122591195E+01    0.143476152166176867E+02    0.739244767908605337E+08    0.194246657328890763E+03   -0.971233286644453813E+02
    0.355793449575835865E+02    0.136287531238001858E+01    0.143005052850304128E+02    0.564655982996869609E+08    0.194214419920941907E+03   -0.971072099604709535E+02
    0.280578199592890130E+02    0.136645518819472200E+01    0.122976187314140812E+02    0.700958376499563009E+08    0.194189838880346883E+03   -0.970949194401734417E+02
    0.355725138523611193E+02    0.136492021644974559E+01    0.106480300699898631E+02    0.657289849408635199E+08    0.194187129104842541E+03   -0.970935645524212703E+02
    0.319996748419082628E+02    0.136562432249974286E+01    0.162991398077880483E+02    0.655614580219324827E+08    0.194185969198780271E+03   -0.970929845993901353E+02
    0.190270670238951531E+02    0.136306736020142427E+01    0.133441158534501163E+02    0.879512851661886126E+08    0.194173378669563704E+03   -0.970866893347818518E+02
    0.335971971572637713E+02    0.136278491016368997E+01    0.152999370214269241E+02    0.735285377172231823E+08    0.194166774544589089E+03   -0.970833872722945443E+02
    0.178024675810328361E+02    0.136237800000731690E+01    0.142493519848844059E+02    0.845751493016037941E+08    0.194143047237602588E+03   -0.970715236188012938E+02
    0.217273997219508708E+02    0.136500834660348613E+01    0.109658850521780060E+02    0.745254829088103771E+08    0.194128825381198283E+03   -0.970644126905991413E+02
    0.328054152908798429E+02    0.136428211614303563E+01    0.101893290873729665E+02    0.644963679629091322E+08    0.194122075461979477E+03   -0.970610377309897387E+02
    0.175332427959970047E+02    0.136520533188802951E+01    0.120459789493916034E+02    0.761786691196363419E+08    0.194098234457252602E+03   -0.970491172286263009E+02
    0.325858444189200398E+02    0.136618677538448319E+01    0.110037739540698727E+02    0.588402942234495804E+08    0.194077865463970625E+03   -0.970389327319853123E+02
    0.222195885660400805E+02    0.136633483234301512E+01    0.140303830536266716E+02    0.624677393690862283E+08    0.194067167252803898E+03   -0.970335836264019491E+02
    0.375869186512385056E+02    0.136494677144430976E+01    0.132082231525091967E+02    0.524665775105878860E+08    0.194066326698771604E+03   -0.970331633493858021E+02
    0.351028868954078348E+02    0.136557652304262600E+01    0.149651576339086549E+02    0.551155713452236131E+08    0.194049863314495951E+03   -0.970249316572479756E+02
    0.410147458715438660E+02    0.136443839542717438E+01    0.126895413804660233E+02    0.564954169773093686E+08    0.194042776172339956E+03   -0.970213880861699778E+02
    0.331721223904344527E+02    0.136389578696022573E+01    0.165627121735693024E+02    0.781359813784547746E+08    0.194039711108681558E+03   -0.970198555543407792E+02
    0.268599969799828777E+02    0.136224107445066700E+01    0.118641979572888570E+02    0.692270111286773533E+08    0.194023987182161335E+03   -0.970119935910806674E+02
    0.388807126456526007E+02    0.136561409402028300E+01    0.137266465384886160E+02    0.567380162152262405E+08    0.194023773493168449E+03   -0.970118867465842243E+02
    0.225806230308184972E+02    0.136397498326114808E+01    0.114205195628119043E+02    0.802882717883276194E+08    0.194008718945678766E+03   -0.970043594728393828E+02
    0.149812644929834047E+02    0.136247813262862660E+01    0.137348755104322766E+02    0.802240882108799666E+08    0.193968159109637298E+03   -0.969840795548186492E+02
    0.386204756909791698E+02    0.136348348021275179E+01    0.130423093274425277E+02    0.642942503642481640E+08    0.193958363750137949E+03   -0.969791818750689743E+02
    0.230783311664587174E+02    0.136392331837045799E+01    0.169701241081658409E+02    0.834813118701447248E+08    0.193923787788005171E+03   -0.969618938940025856E+02
    0.335796707824068505E+02    0.136551420080156882E+01    0.116782350162539963E+02    0.695432387501586229E+08    0.193898738249668838E+03   -0.969493691248344192E+02
    0.209434522570611641E+02    0.136253988798299441E+01    0.156688914857807013E+02    0.821106739507960230E+08    0.193892859276009801E+03   -0.969464296380049007E+02
    0.380703083897030297E+02    0.136541415253623977E+01    0.141010292173448732E+02    0.559479615537143275E+08    0.193892535726471891E+03   -0.969462678632359456E+02
    0.314646922210588542E+02    0.136459140038361326E+01    0.106256732920541435E+02    0.528264777583688349E+08    0.193874519029971793E+03   -0.969372595149858967E+02
    0.297694110185756742E+02    0.136545843824173385E+01    0.148048012346963844E+02    0.537469321933138147E+08    0.193864893448376080E+03   -0.969324467241880399E+02
    0.384261023900741705E+02    0.136556590905257136E+01    0.133824329421238009E+02    0.648862668638393432E+08    0.193861760854107899E+03   -0.969308804270539497E+02
    0.353793993855734783E+02    0.136396321189740810E+01    0.127954630788674635E+02    0.524052429533357620E+08    0.193858333535147494E+03   -0.969291667675737472E+02
    0.254358825658439116E+02    0.136535334153285004E+01    0.163471877662434082E+02    0.712475295645438284E+08    0.193846323946645327E+03   -0.969231619733226637E+02
    0.234623061322865034E+02    0.136634274829202318E+01    0.132222717028834840E+02    0.646240914225823879E+08    0.193845305722554798E+03   -0.969226528612773990E+02
    0.251175095633909784E+02    0.136502719095954306E+01    0.167117903061647759E+02    0.662184097650719583E+08    0.193834522883201259E+03   -0.969172614416006297E+02
    0.271521160042566656E+02    0.136630724453220620E+01    0.133855834072451003E+02    0.552178531532490253E+08    0.193828861714188406E+03   -0.969144308570942030E+02
    0.344554037112073459E+02    0.136304105879018889E+01    0.151588603073918637E+02    0.662940999870347977E+08    0.193825049230168474E+03   -0.969125246150842372E+02
    0.279569967043140437E+02    0.136298193650542609E+01    0.125771271604676418E+02    0.655004973141299561E+08    0.193064641981771558E+03   -0.965323209908857791E+02
    0.273573387083579256E+02    0.136454461077602840E+01    0.162816476472803480E+02    0.571211258439835683E+08    0.193788306627648637E+03   -0.968941533138243187E+02
    0.351747807804610630E+02    0.136360233962584165E+01    0.133551719865223468E+02    0.543693193751381934E+08    0.193572332426679736E+03   -0.967861662133398681E+02
    0.302491563694797314E+02    0.136460610611055477E+01    0.111191212381229452E+02    0.633178256044939458E+08    0.193202277782433868E+03   -0.966011388912169338E+02
    0.188270676740476546E+02    0.136484707622056667E+01    0.148623069881892391E+02    0.697410350847768635E+08    0.193151885748675767E+03   -0.965759428743378834E+02
    0.181177457562753936E+02    0.136468092747566594E+01    0.126407680918795400E+02    0.792652481041364819E+08    0.193680507290019676E+03   -0.968402536450098381E+02
    0.238189302214530052E+02    0.136316067831826770E+01    0.147972952017267509E+02    0.858652633818689287E+08    0.193660705119034731E+03   -0.968303525595173653E+02
    0.220557170605035751E+02    0.136355217980222743E+01    0.143387293026014380E+02    0.760321771092607826E+08    0.192795371913646193E+03   -0.963976859568230964E+02
    0.202419806634905122E+02    0.136326018585563280E+01    0.131105371156409820E+02    0.545019752625959069E+08    0.193209390664109748E+03   -0.966046953320548738E+02
    0.259307806006001158E+02    0.136547254498233950E+01    0.143072643195218223E+02    0.558870013755650520E+08    0.193284069289124858E+03   -0.966420346445624290E+02
    0.211783793217790262E+02    0.136317782472660221E+01    0.134050878388215118E+02    0.652539956592784449E+08    0.192750625596429444E+03   -0.963753127982147220E+02
    0.148452026490545546E+02    0.136317167677254725E+01    0.133896555968528901E+02    0.613570869974452704E+08    0.193432028330164457E+03   -0.967160141650822283E+02
    0.215354353486062493E+02    0.136241166072989928E+01    0.132296830999498845E+02    0.588358375419208109E+08    0.193482795357002800E+03   -0.967413976785014000E+02
    0.185335609178032854E+02    0.136542146061335701E+01    0.147106616354428983E+02    0.698569103354972750E+08    0.193612302417845399E+03   -0.968061512089226994E+02
    0.203316716417980530E+02    0.136306159877952404E+01    0.149788709801825952E+02    0.566897335955771878E+08    0.193557357794576433E+03   -0.967786788972882164E+02
    0.219341664034935029E+02    0.136200251892340418E+01    0.134495849824851685E+02    0.712081344205682129E+08    0.193740797878316300E+03   -0.968703989391581501E+02
    0.257689169301134413E+02    0.136437769891740235E+01    0.130409422517123232E+02    0.650961612908736318E+08    0.192411576529642957E+03   -0.962057882648214786E+02
    0.257689169301134413E+02    0.136437769891740235E+01    0.130409422517123232E+02    0.650961612908736318E+08    0.192411576529642957E+03   -0.962057882648214786E+02
    0.238703724292858581E+02    0.136533396059467127E+01    0.119389844138759393E+02    0.576846419432559386E+08    0.193068831094507118E+03   -0.965344155472535590E+02
    0.230993697065102523E+02    0.136242053477659741E+01    0.116795400680374701E+02    0.644366430121726394E+08    0.193703703251671499E+03   -0.968518516258357494E+02
    0.186916868015163686E+02    0.136414520173837150E+01    0.127437875268826826E+02    0.646645414283606857E+08    0.192814776682038655E+03   -0.964073883410193275E+02
    0.284336416671192822E+02    0.136531774903306546E+01    0.162834339367188790E+02    0.712230504598558098E+08    0.193794411333890309E+03   -0.968972056669451547E+02
    0.181199688549866273E+02    0.136352713928319536E+01    0.114091531955489796E+02    0.658654829252312332E+08    0.193401377909863243E+03   -0.967006889549316213E+02
    0.129723919852868175E+02    0.136299090608603612E+01    0.142588400516959446E+02    0.739233760639353395E+08    0.193665486315694523E+03   -0.968327431578472613E+02
    0.208747356809813454E+02    0.136534886446581805E+01    0.116894438026633694E+02    0.645317285518843979E+08    0.193422655847776468E+03   -0.967113279238882342E+02
    0.250374275934380499E+02    0.136276191366561372E+01    0.128088891417026787E+02    0.562569168205612004E+08    0.193244479643637078E+03   -0.966222398218185390E+02
    0.267196242659891894E+02    0.136402645176215276E+01    0.109249567973385098E+02    0.704918734039971828E+08    0.193574688890687440E+03   -0.967873444453437202E+02
    0.358874525165445419E+02    0.136397017303559598E+01    0.141719529739967705E+02    0.677497281398039758E+08    0.193260200699739755E+03   -0.966301003498698776E+02
    0.164846421465193878E+02    0.136410885616569133E+01    0.160784240026265515E+02    0.650893087143947184E+08    0.193774885603272537E+03   -0.968874428016362685E+02
    0.320609463789737319E+02    0.136452327116940197E+01    0.152772963763562188E+02    0.617952833764989078E+08    0.193065016568509066E+03   -0.965325082842545328E+02
    0.321139642414784703E+02    0.136551298711425195E+01    0.112076567051853271E+02    0.534322707047087625E+08    0.193798544204053741E+03   -0.968992721020268704E+02
    0.212970136642455969E+02    0.136349998053869181E+01    0.163226596422648598E+02    0.695083261135779023E+08    0.193359265174144582E+03   -0.966796325870722910E+02
    0.155617845145502454E+02    0.136283465215949828E+01    0.118973499064110424E+02    0.619210886382079646E+08    0.193751419435061365E+03   -0.968757097175306825E+02
    0.278729880975781761E+02    0.136562710833849033E+01    0.151119883909100530E+02    0.576304585746670216E+08    0.193647310001953230E+03   -0.968236550009766148E+02
    0.247523454987321720E+02    0.136373157404676881E+01    0.155555421562515708E+02    0.712387767534058094E+08    0.192864712532081143E+03   -0.964323562660405713E+02
    0.306435347802522244E+02    0.136522735189354760E+01    0.105822165565430861E+02    0.610960765767122284E+08    0.193659400768676164E+03   -0.968297003843380821E+02
    0.252275244568320183E+02    0.136294543663322187E+01    0.117748254434463355E+02    0.600943401661099568E+08    0.193230299894744633E+03   -0.966151499473723163E+02
    0.173783573605323163E+02    0.136351294060206896E+01    0.148691899048563840E+02    0.590360721960274503E+08    0.193408181823868347E+03   -0.967040909119341734E+02
    0.196309987246977187E+02    0.136382813813353820E+01    0.116480355506923114E+02    0.574888286853939071E+08    0.193097233317410712E+03   -0.965486166587053560E+02
    0.170075181577966568E+02    0.136428838301462863E+01    0.137724232008652354E+02    0.747245007738874853E+08    0.193113825344790371E+03   -0.965569126723951854E+02
    0.127517662746292082E+02    0.136341670093395262E+01    0.130905108130202006E+02    0.730210098958770037E+08    0.193648564244846170E+03   -0.968242821224230852E+02
    0.230114943530300593E+02    0.136492829656179127E+01    0.125296276879141359E+02    0.727077914280513376E+08    0.193085218947971271E+03   -0.965426094739856353E+02
    0.288088789838409802E+02    0.136429449386936286E+01    0.147046218268979043E+02    0.537759495811841264E+08    0.193324133779704539E+03   -0.966620668898522695E+02
    0.184020023522584211E+02    0.136398255667802548E+01    0.148376531397977622E+02    0.635515126400158778E+08    0.193009344936999042E+03   -0.965046724684995212E+02
    0.343988124003742968E+02    0.136420844254607720E+01    0.150336217881626268E+02    0.737229000084233582E+08    0.193416474332333024E+03   -0.967082371661665121E+02
    0.214015937179422586E+02    0.136553424677914403E+01    0.126520996343235357E+02    0.719458278205787539E+08    0.193533953399685402E+03   -0.967669766998427008E+02
    0.219625568437507717E+02    0.136505902347125030E+01    0.153958820363550490E+02    0.740595790005718172E+08    0.193308754246033971E+03   -0.966543771230169853E+02
    0.230638969814827490E+02    0.136318471036247302E+01    0.107505753434905085E+02    0.618269963497870788E+08    0.193608741850180309E+03   -0.968043709250901543E+02
    0.348055208457553462E+02    0.136507288178062858E+01    0.130927317091762081E+02    0.553478372924292386E+08    0.193163577647343430E+03   -0.965817888236717152E+02
    0.257665676137644688E+02    0.136327369200077309E+01    0.118001493750593855E+02    0.589414898953470439E+08    0.193013442408939198E+03   -0.965067212044695992E+02
    0.280484965063200065E+02    0.136271687894514337E+01    0.136746486523298287E+02    0.638120860044212639E+08    0.193187587773668668E+03   -0.965937938868343338E+02
    0.308628059111245037E+02    0.136353050667228337E+01    0.132211327793567293E+02    0.637742588303527161E+08    0.192787281678912251E+03   -0.963936408394561255E+02
    0.315211574767977218E+02    0.136250009911193026E+01    0.136944011474324672E+02    0.598147469425732940E+08    0.193811080255629236E+03   -0.969055401278146178E+02
    0.142161440344646763E+02    0.136386306543902158E+01    0.147236610828949352E+02    0.647440838216835782E+08    0.193493135306420214E+03   -0.967465676532101071E+02
    0.199000654011185638E+02    0.136505333528459327E+01    0.119346882286407876E+02    0.571050679207410514E+08    0.193235470307767230E+03   -0.966177351538836149E+02
    0.206094389978711945E+02    0.136568325476099850E+01    0.140842111319278533E+02    0.625185689553685933E+08    0.193516411395045395E+03   -0.967582056975226976E+02
    0.239930774265815749E+02    0.136359427207389028E+01    0.136847782270388461E+02    0.723318116313829124E+08    0.192637459610251852E+03   -0.963187298051259262E+02
    0.239930774265815749E+02    0.136359427207389028E+01    0.136847782270388461E+02    0.723318116313829124E+08    0.192637459610251852E+03   -0.963187298051259262E+02
    0.239859566457085833E+02    0.136576365035074399E+01    0.126264271669436301E+02    0.641510213008379415E+08    0.193264104757592207E+03   -0.966320523787961037E+02
    0.167419447898807263E+02    0.136480723015872862E+01    0.150506461176746189E+02    0.736816850052423477E+08    0.193504052791517836E+03   -0.967520263957589179E+02
    0.222822558901344152E+02    0.136480903053395797E+01    0.152059474820870086E+02    0.600513574187704399E+08    0.193180060726490609E+03   -0.965900303632453046E+02
    0.235609535510030206E+02    0.136444960059358977E+01    0.144709745561243324E+02    0.662176601626222953E+08    0.192526743195741261E+03   -0.962633715978706306E+02
    0.235609535510030206E+02    0.136444960059358977E+01    0.144709745561243324E+02    0.662176601626222953E+08    0.192526743195741261E+03   -0.962633715978706306E+02
    0.254402459432781392E+02    0.136565691544200418E+01    0.148610477478531351E+02    0.641716913155409172E+08    0.193363467055713954E+03   -0.966817335278569772E+02
    0.238847104354174427E+02    0.136436868578324288E+01    0.109778866761622851E+02    0.535759557937023491E+08    0.193433009124901162E+03   -0.967165045624505808E+02
    0.159651926323121458E+02    0.136440369539247808E+01    0.160039867961732476E+02    0.665826259586497396E+08    0.193823379537844261E+03   -0.969116897689221304E+02
    0.199811642481662197E+02    0.136535377948992753E+01    0.143856929140935446E+02    0.649648961597058699E+08    0.193301567434238393E+03   -0.966507837171191966E+02
    0.381062506111868373E+02    0.136468730781930714E+01    0.119258180022474711E+02    0.636576837416650355E+08    0.193720590812205302E+03   -0.968602954061026509E+02
    0.250814616737187741E+02    0.136392855643587674E+01    0.112419797177797456E+02    0.656695375868017972E+08    0.193079483965219737E+03   -0.965397419826098684E+02
    0.238410540383648879E+02    0.136416978734939631E+01    0.116885710536555631E+02    0.556352424354073703E+08    0.192831521102782091E+03   -0.964157605513910454E+02
    0.245679383788120163E+02    0.136329658168545520E+01    0.110429291926398534E+02    0.583959733322756439E+08    0.193335594299083965E+03   -0.966677971495419825E+02
    0.282430108048545385E+02    0.136255708978229828E+01    0.118595331029715236E+02    0.566474729388427436E+08    0.193726325471975315E+03   -0.968631627359876575E+02
    0.165250537453463622E+02    0.136455425924242646E+01    0.138390931843413050E+02    0.701063033998004496E+08    0.193124299868883213E+03   -0.965621499344416065E+02
    0.210584186176122863E+02    0.136446427557025562E+01    0.162237216375269284E+02    0.640661601905222535E+08    0.193513335069367940E+03   -0.967566675346839702E+02
    0.286600940803753126E+02    0.136539618002962637E+01    0.135884304144902970E+02    0.758847713998202235E+08    0.193377522397126882E+03   -0.966887611985634408E+02
    0.337753210261983980E+02    0.136320235128345169E+01    0.125389887581745985E+02    0.683236049892864525E+08    0.193601119331351384E+03   -0.968005596656756921E+02
    0.252885876834404080E+02    0.136248833983058382E+01    0.141878215397543030E+02    0.677494680186020136E+08    0.193269230894715406E+03   -0.966346154473577030E+02
    0.171346790535243230E+02    0.136370087023994246E+01    0.149674174624523086E+02    0.586976323167671040E+08    0.193462268440631078E+03   -0.967311342203155391E+02
    0.348484817760769587E+02    0.136438321344411095E+01    0.115854153007486662E+02    0.681688381437276602E+08    0.193631607696129578E+03   -0.968158038480647889E+02
    0.167743789325845434E+02    0.136485892646638596E+01    0.152301332768548239E+02    0.721937442740952969E+08    0.193568746796593274E+03   -0.967843733982966370E+02
    0.366910637207919166E+02    0.136482605999504303E+01    0.129899922100570215E+02    0.606642555950162783E+08    0.193216879233806537E+03   -0.966084396169032686E+02
    0.213700720910648414E+02    0.136606608355451820E+01    0.125102796629350692E+02    0.609239478201927617E+08    0.193734922453151711E+03   -0.968674612265758554E+02
    0.194674460986297468E+02    0.136511394689272092E+01    0.142049532618329817E+02    0.543473671760687158E+08    0.193693113388552945E+03   -0.968465566942764724E+02
    0.271533323035634950E+02    0.136396190607270817E+01    0.142163924665105075E+02    0.872170046563284844E+08    0.193722660366514958E+03   -0.968613301832574791E+02
    0.253956959007827336E+02    0.136455930042280538E+01    0.151732768977873693E+02    0.800135443953530639E+08    0.193131710359283545E+03   -0.965658551796417726E+02
    0.288576490999244122E+02    0.136459965984503362E+01    0.109655219190520654E+02    0.696056844305244982E+08    0.193570496667017466E+03   -0.967852483335087328E+02
    0.311056835561803453E+02    0.136378100703430349E+01    0.111720543528265601E+02    0.617947394496622980E+08    0.193323688359690067E+03   -0.966618441798450334E+02
    0.306557928736046499E+02    0.136579828880974263E+01    0.138208505764562180E+02    0.684965759535115808E+08    0.193380434442404351E+03   -0.966902172212021753E+02
