    0.112277380291463498E+02    0.136156716976152792E+01    0.294979948833116516E+02    0.695489752297649026E+09    0.129695059453457901E+03   -0.648475297267289505E+02
    0.644216583064956438E+02    0.135845343009746355E+01    0.548051917964709090E+00    0.256450990858683474E+08    0.127195990350952002E+03   -0.635979951754760009E+02
    0.574596088000463467E+02    0.134851799420795948E+01    0.165579688224091655E+02    0.739860303822912574E+08    0.126312226206150854E+03   -0.631561131030754268E+02
    0.285527598007367871E+02    0.137780424597969420E+01    0.173222247414253196E+02    0.728912463898590654E+08    0.126172844446956276E+03   -0.630864222234781380E+02
    0.591673798120221264E+02    0.136431429797652837E+01    0.909821525673448761E+01    0.998347344775898159E+08    0.126034585002959645E+03   -0.630172925014798224E+02
    0.872534110459947421E+01    0.138863893685605211E+01    0.511065139170005889E+01    0.909686441675766259E+08    0.125812123765176040E+03   -0.629060618825880198E+02
    0.565878892000650993E+02    0.136853930207263463E+01    0.297408976051702023E+01    0.757211760158056915E+08    0.125023360693200871E+03   -0.625116803466004356E+02
    0.954094218216294543E+01    0.134518675846709446E+01    0.197440433707066489E+02    0.907715179666058660E+09    0.124528918832359267E+03   -0.622644594161796334E+02
    0.468638558820703732E+01    0.135750860782156524E+01    0.516065035103239023E+01    0.183374770699739754E+09    0.124176644449584487E+03   -0.620883222247922433E+02
    0.468169701005702521E+02    0.135831825698642983E+01    0.848482930913674060E+01    0.984960476454117596E+08    0.124076897140540012E+03   -0.620384485702700061E+02
    0.843884558897901194E+01    0.136778423768740742E+01    0.134032073919707759E+02    0.168148558886196017E+09    0.124063879461744747E+03   -0.620319397308723737E+02
    0.525081773490708414E+01    0.138395141850529724E+01    0.105472602088926291E+02    0.124089900388178118E+08    0.123993010123892276E+03   -0.619965050619461380E+02
    0.302811265235432145E+02    0.136840553993986669E+01    0.955319648595833626E+00    0.160684526919625942E+08    0.123919822168520540E+03   -0.619599110842602698E+02
    0.126583166788269832E+02    0.136809363400961526E+01    0.215805952663871388E+02    0.771961576168175191E+08    0.123746387146373110E+03   -0.618731935731865548E+02
    0.497689383433590109E+02    0.135639632805588772E+01    0.556516070608944347E+01    0.821612475714773834E+08    0.123540357282154602E+03   -0.617701786410773011E+02
    0.223719485699387803E+02    0.137286673093262945E+01    0.253443419659366498E+01    0.203550239991606623E+08    0.123105200264442942E+03   -0.615526001322214711E+02
    0.456610415208183156E+02    0.136284415127684988E+01    0.190593917232298367E+02    0.600407992429568544E+08    0.123032770805518197E+03   -0.615163854027590986E+02
    0.237093351984496969E+02    0.136838729702108552E+01    0.172470707587618932E+02    0.103948708493665457E+09    0.122977740660666043E+03   -0.614888703303330217E+02
    0.161585742571942035E+02    0.134674443785975684E+01    0.992174883513229666E+01    0.215516796783894420E+09    0.122906190883208694E+03   -0.614530954416043471E+02
    0.406101936664616670E+01    0.137785043599729429E+01    0.166723955208798280E+02    0.598660149684285372E+08    0.122748859776992390E+03   -0.613744298884961950E+02
    0.246526520947463688E+02    0.136073691138143382E+01    0.174526298110033373E+02    0.332501210730437934E+08    0.122710619328972115E+03   -0.613553096644860574E+02
    0.741897310861860415E+01    0.136745738542746476E+01    0.142374032155669941E+02    0.143112064858149290E+09    0.122587515675084433E+03   -0.612937578375422163E+02
    0.155721690589022832E+01    0.137618753738607102E+01    0.156387354214613410E+02    0.751004986876557320E+08    0.122582564436257584E+03   -0.612912822181287922E+02
    0.482504800222427832E+02    0.138603127145353855E+01    0.486935950142966067E+01    0.369283956211629361E+08    0.122439484336340001E+03   -0.612197421681700007E+02
    0.402644936392013477E+02    0.137796511720021675E+01    0.126942252960508561E+02    0.495225762944456190E+08    0.122312227049128836E+03   -0.611561135245644181E+02
    0.201531604077256112E+02    0.137074080154023603E+01    0.602299295139420465E+01    0.231570837357677780E+08    0.122177381657760307E+03   -0.610886908288801536E+02
    0.452166829742446907E+01    0.137467283931099082E+01    0.686923794096165885E+01    0.257424368702336177E+08    0.122120952902881470E+03   -0.610604764514407350E+02
    0.254409095342892826E+02    0.137451975776209290E+01    0.395389102717539087E+01    0.236933986050789244E+08    0.122051625518023656E+03   -0.610258127590118278E+02
    0.424959931074777231E+02    0.135887177115776581E+01    0.160634346671908084E+02    0.487724608994335011E+08    0.122031029818864894E+03   -0.610155149094324472E+02
    0.404050713245677784E+02    0.136918682720346307E+01    0.122342772467535230E+02    0.279180715069085434E+08    0.121863590853576426E+03   -0.609317954267882129E+02
    0.100609884116235797E+02    0.138057789535015263E+01    0.171763515511039744E+01    0.251464634581001773E+08    0.121839021840868071E+03   -0.609195109204340355E+02
    0.258047925334008745E+02    0.134064371205401578E+01    0.159806465855403399E+02    0.470778460747173801E+08    0.121831603408588393E+03   -0.609158017042941964E+02
    0.275433556781122491E+02    0.136417598645316374E+01    0.206826749589612646E+02    0.569087600875785723E+08    0.121818860288255806E+03   -0.609094301441279029E+02
    0.247305255019328074E+01    0.137522392567343177E+01    0.169789195989444437E+02    0.546436060602661148E+08    0.121779781715194503E+03   -0.608898908575972513E+02
    0.391362953722669289E+02    0.136224676461141692E+01    0.683448138753229451E+01    0.119201521352287252E+08    0.121712292311137773E+03   -0.608561461555688865E+02
    0.544444430715011123E+02    0.136998130735756374E+01    0.102926195832851342E+01    0.497432573590833917E+08    0.121574609170529101E+03   -0.607873045852645504E+02
    0.551811148818847883E+02    0.137337875497735706E+01    0.559747469109373341E+01    0.505645391668298617E+08    0.121490102144858440E+03   -0.607450510724292201E+02
    0.145212154803528097E+02    0.138508999586926729E+01    0.118174309513874860E+02    0.550705060681100711E+08    0.121489848190664503E+03   -0.607449240953322516E+02
    0.772943540189683809E+01    0.136705281058331130E+01    0.194491217289309937E+02    0.763640353313288391E+08    0.121469443601691921E+03   -0.607347218008459606E+02
    0.660975479522636178E+01    0.137794989501286236E+01    0.137649144198467557E+02    0.328872822472747900E+08    0.121390871214476789E+03   -0.606954356072383945E+02
    0.411902423580506891E+02    0.136163750087819202E+01    0.597064465069459605E+01    0.146246628063076716E+08    0.121349936413117973E+03   -0.606749682065589866E+02
    0.390280015365649149E+02    0.138363499905278986E+01    0.915243674738423429E+01    0.359171061648081765E+08    0.121339276042527985E+03   -0.606696380212639923E+02
    0.543936998562237335E+02    0.136709652306734375E+01    0.108484667772200059E+02    0.291303808012981229E+08    0.121315248519447152E+03   -0.606576242597235762E+02
    0.516007224994131519E+02    0.137563443411860309E+01    0.566075103897875476E+01    0.488684812932740673E+08    0.121302682534282269E+03   -0.606513412671411345E+02
    0.161586217996340089E+02    0.136189972655725744E+01    0.189985689143749283E+02    0.772327613261550069E+08    0.121271324761319704E+03   -0.606356623806598520E+02
    0.666212687902615919E+01    0.135686641390370322E+01    0.129482542678824029E+02    0.129017178101159051E+09    0.121238808430429202E+03   -0.606194042152146011E+02
    0.158580257261058843E+02    0.136924720713705050E+01    0.173839241836863039E+02    0.818182864620702714E+08    0.121165188114665241E+03   -0.605825940573326207E+02
    0.257746296780626380E+02    0.137585224895204883E+01    0.155025606289849431E+02    0.475538368527410850E+08    0.121014694105643542E+03   -0.605073470528217712E+02
    0.437104568112540104E+01    0.137171979787351361E+01    0.160642423986930680E+02    0.757794468421562761E+08    0.120998616825102729E+03   -0.604993084125513647E+02
    0.268206200992267831E+02    0.136626474323372316E+01    0.127696420313138717E+02    0.139837144142007716E+08    0.120953943694123225E+03   -0.604769718470616127E+02
    0.482284947252805765E+02    0.137753502899022950E+01    0.890641943761923471E+01    0.351219992500483021E+08    0.120910820247264738E+03   -0.604554101236323689E+02
    0.641188995869790404E+02    0.136219299546427641E+01    0.693078046954348626E+01    0.338765781478022337E+08    0.120787124368370755E+03   -0.603935621841853774E+02
    0.159794007401567466E+02    0.137890376686986671E+01    0.199716625555397087E+01    0.686611914553274065E+08    0.120676598034724975E+03   -0.603382990173624876E+02
    0.167251801663650319E+02    0.137506348142876655E+01    0.815062361742706010E+01    0.837937793809944093E+08    0.120625601600362529E+03   -0.603128008001812645E+02
    0.200118335334156150E+02    0.138644560656722393E+01    0.546110891438915935E+01    0.291162930792488419E+08    0.120558164583796938E+03   -0.602790822918984688E+02
    0.378191147769821896E+02    0.137589858641466223E+01    0.188263862840880392E+01    0.277508072084314302E+08    0.120557024259325800E+03   -0.602785121296629001E+02
    0.872221747958871063E+01    0.137659998954354479E+01    0.117917105469760450E+02    0.733214578836343139E+08    0.120486659404743051E+03   -0.602433297023715255E+02
    0.177015817366568022E+02    0.136486981163332888E+01    0.536796735049460683E+01    0.255093464217290320E+08    0.120484191196959102E+03   -0.602420955984795512E+02
    0.539205056025173732E+02    0.136267827736632641E+01    0.131758220641888553E+02    0.356680309083889201E+08    0.120452623316672572E+03   -0.602263116583362859E+02
    0.550026812934157228E+01    0.136003555315536939E+01    0.555741179148681841E+01    0.271906562140593268E+08    0.120425332394966091E+03   -0.602126661974830455E+02
    0.392209639154247043E+02    0.136366955577374815E+01    0.174842934622611033E+02    0.406712376615915000E+08    0.120331090010453451E+03   -0.601655450052267256E+02
    0.311635873376666339E+01    0.135176857037190712E+01    0.131086838779116253E+02    0.136811699980830133E+09    0.120325806034039374E+03   -0.601629030170196870E+02
    0.652773433211905143E+02    0.136711960417989675E+01    0.504608648435012341E+01    0.385406572288465425E+08    0.120272685469235967E+03   -0.601363427346179833E+02
    0.491205506260517808E+02    0.136078566522694167E+01    0.138517475319628574E+02    0.445173093413142487E+08    0.120229962948802722E+03   -0.601149814744013611E+02
    0.169793567273502397E+02    0.136069810026151328E+01    0.171086658004357695E+02    0.759589718083964288E+08    0.120223168885663782E+03   -0.601115844428318908E+02
    0.288734538450069209E+02    0.137946669708849079E+01    0.559126047637999868E+01    0.135658022245632354E+08    0.120188800928429174E+03   -0.600944004642145870E+02
    0.394539198755960143E+02    0.136686175286686296E+01    0.145913686455753400E+02    0.738569826618271470E+08    0.120180045315260287E+03   -0.600900226576301435E+02
    0.570807091857141700E+02    0.137167093857650002E+01    0.964645154157583917E+01    0.421431931030203253E+08    0.120170399540816504E+03   -0.600851997704082521E+02
    0.556140853353977747E+02    0.137288121684674835E+01    0.184096305779829228E+01    0.371271107582992390E+08    0.120075234026141530E+03   -0.600376170130707649E+02
    0.576809796979530702E+02    0.137133552001104686E+01    0.204217642603564098E+01    0.319729901445536800E+08    0.120073942163881583E+03   -0.600369710819407914E+02
    0.781936290853614757E+01    0.136440763704559376E+01    0.181373189814198419E+02    0.765836212435737252E+08    0.120044860610036920E+03   -0.600224303050184602E+02
    0.547683846362959414E+02    0.136203947680051440E+01    0.123982765044499317E+02    0.396676156503266022E+08    0.119993183616979977E+03   -0.599965918084899883E+02
    0.520803259452546925E+02    0.135931368793635676E+01    0.163820274107680341E+01    0.315526631846997701E+08    0.119963696898645566E+03   -0.599818484493227828E+02
    0.242046698074087843E+02    0.137273509616601608E+01    0.304672419035661513E+01    0.266362100578701384E+08    0.119962442154745361E+03   -0.599812210773726804E+02
    0.938752307904372074E+01    0.138344518989996268E+01    0.559399059226496043E+01    0.291946982400916740E+08    0.119959825972509179E+03   -0.599799129862545897E+02
    0.546793258712796870E+02    0.137106859581277352E+01    0.166984564796358237E+01    0.415001175604388043E+08    0.119934264290868299E+03   -0.599671321454341495E+02
    0.268503830023314833E+02    0.136646804713178960E+01    0.187932669993860380E+02    0.436944899801151827E+08    0.119919251640021969E+03   -0.599596258200109844E+02
    0.101637401369054849E+02    0.136217159179798220E+01    0.784054277790571774E+01    0.276575466911071427E+08    0.119896649010289394E+03   -0.599483245051446971E+02
    0.366720274259306720E+02    0.137396962054910499E+01    0.129974181182562152E+02    0.364766516211335883E+08    0.119718647115964671E+03   -0.598593235579823357E+02
    0.331665516627287627E+01    0.136609560630311666E+01    0.185598369058620172E+02    0.530149471654456109E+08    0.119706114163513917E+03   -0.598530570817569583E+02
    0.331665516627287627E+01    0.136609560630311666E+01    0.185598369058620172E+02    0.530149471654456109E+08    0.119706114163513917E+03   -0.598530570817569583E+02
    0.218044886157593396E+02    0.135828351555674143E+01    0.118963493265979228E+02    0.918888987003754228E+08    0.119655795471973960E+03   -0.598278977359869799E+02
    0.102272815292788888E+02    0.136616132650480515E+01    0.162578831466187417E+02    0.337495304586371779E+08    0.119615827230727788E+03   -0.598079136153638942E+02
    0.275889309643965461E+02    0.135108927693584135E+01    0.129658185215490214E+02    0.830196047980377674E+08    0.119504264556579884E+03   -0.597521322782899418E+02
    0.484850549296287667E+02    0.135621393987690908E+01    0.566521340428628140E+01    0.473947911086824536E+08    0.119422632634352709E+03   -0.597113163171763546E+02
    0.509456702562062844E+02    0.137102869312269093E+01    0.113077257469241688E+01    0.412744984438928217E+08    0.119369895982690622E+03   -0.596849479913453109E+02
    0.165343525357472494E+02    0.138019251839183354E+01    0.280011379392092818E+01    0.595263948965550438E+08    0.119367387566940977E+03   -0.596836937834704884E+02
    0.270787591882448417E+02    0.136394598213593765E+01    0.164960685010221795E+02    0.357815740290974006E+08    0.119366881832393545E+03   -0.596834409161967727E+02
    0.214856267156018603E+02    0.139178796874535449E+01    0.664615928365879238E+01    0.443626151288983747E+08    0.119337928384684446E+03   -0.596689641923422229E+02
    0.515473751559217988E+02    0.136381594645520865E+01    0.979599014021758308E+01    0.598845696977012381E+08    0.119296474206528018E+03   -0.596482371032640089E+02
    0.515473751559217988E+02    0.136381594645520865E+01    0.979599014021758308E+01    0.598845696977012381E+08    0.119296474206528018E+03   -0.596482371032640089E+02
    0.204982678542847481E+02    0.137250533559173538E+01    0.949436773587912697E+01    0.771420146201727539E+08    0.119291921589357244E+03   -0.596459607946786221E+02
    0.492909030387011455E+02    0.136593671905943470E+01    0.634877678516040067E+01    0.625625901507223025E+08    0.119255447382047848E+03   -0.596277236910239239E+02
    0.364793777209955792E+02    0.137745313812625580E+01    0.897609652582978157E+01    0.463658148185834140E+08    0.119252415744044271E+03   -0.596262078720221353E+02
    0.527903082579196692E+02    0.136941871906747958E+01    0.120828817892737277E+02    0.409184565087119713E+08    0.119221008214587300E+03   -0.596105041072936501E+02
    0.406951982020109693E+01    0.136319782832748282E+01    0.167787218606170114E+02    0.746167179478327632E+08    0.119177977839454144E+03   -0.595889889197270719E+02
    0.653372552376760218E+01    0.138760518717524350E+01    0.926744338528616751E+01    0.338970722906955779E+08    0.119134378503838263E+03   -0.595671892519191317E+02
    0.653372552376760218E+01    0.138760518717524350E+01    0.926744338528616751E+01    0.338970722906955779E+08    0.119134378503838263E+03   -0.595671892519191317E+02
    0.392198918644126948E+01    0.135354592914253979E+01    0.865861106904682210E+01    0.108290926559569836E+09    0.119066483530373745E+03   -0.595332417651868724E+02
    0.584936748214823599E+01    0.137296711549908457E+01    0.945076632006231598E+01    0.772064042265352756E+08    0.119047925518025565E+03   -0.595239627590127824E+02
    0.145082284235680632E+02    0.134869664301236947E+01    0.436830845650668920E+01    0.100040884426598430E+09    0.119041550387706849E+03   -0.595207751938534244E+02
    0.936033045726550483E+01    0.136936082578912055E+01    0.147238389539844103E+02    0.336542271982370391E+08    0.119035707573096673E+03   -0.595178537865483364E+02
    0.252244496028190248E+02    0.137422022762928853E+01    0.524545263244487447E+01    0.676762374902698547E+08    0.119031930252074389E+03   -0.595159651260371945E+02
    0.470815844105006320E+02    0.135656670260335410E+01    0.434293721829263735E+01    0.344242229338755310E+08    0.118964741796182835E+03   -0.594823708980914176E+02
    0.956121105530730375E+01    0.136997596861722970E+01    0.110937932366063130E+02    0.831579508287550509E+08    0.118953703973462694E+03   -0.594768519867313472E+02
    0.371594978056614025E+02    0.135249612108024508E+01    0.104748987680639694E+02    0.632515205365974084E+08    0.118926087485385139E+03   -0.594630437426925695E+02
    0.816541819399383151E+01    0.136264074222111331E+01    0.148132396540690472E+02    0.879058552148243487E+08    0.118923206320105237E+03   -0.594616031600526185E+02
    0.643979845083946323E+01    0.137526006573349724E+01    0.138920480182058519E+02    0.411792894117010534E+08    0.118879015227911879E+03   -0.594395076139559393E+02
    0.643979845083946323E+01    0.137526006573349724E+01    0.138920480182058519E+02    0.411792894117010534E+08    0.118879015227911879E+03   -0.594395076139559393E+02
    0.121383661376884504E+02    0.137279576077587873E+01    0.761167079926931933E+01    0.131427878852902856E+08    0.118829236822050575E+03   -0.594146184110252875E+02
    0.128953823804151160E+02    0.137831347004080129E+01    0.107817624208311340E+02    0.544455649669416174E+08    0.118828395177887586E+03   -0.594141975889437930E+02
    0.261965552273979529E+01    0.138023180122018774E+01    0.236228124284267382E+01    0.589634867445883229E+08    0.118812414650938905E+03   -0.594062073254694525E+02
    0.216054966575967882E+02    0.135863314309643757E+01    0.123560948231208094E+02    0.330826207898017354E+08    0.118812380633689031E+03   -0.594061903168445156E+02
    0.495279967479762249E+02    0.136217284297921526E+01    0.428036788936893586E+01    0.505039143985311612E+08    0.118792167056602992E+03   -0.593960835283014958E+02
    0.976872393618441492E+01    0.136647964242050834E+01    0.148526603136372497E+02    0.812117104148966521E+08    0.118758876666783493E+03   -0.593794383333917466E+02
    0.976872393618441492E+01    0.136647964242050834E+01    0.148526603136372497E+02    0.812117104148966521E+08    0.118758876666783493E+03   -0.593794383333917466E+02
    0.349582916987579821E+02    0.136168115928551092E+01    0.133947372837575127E+02    0.337996470182315633E+08    0.118749268662162905E+03   -0.593746343310814524E+02
    0.349582916987579821E+02    0.136168115928551092E+01    0.133947372837575127E+02    0.337996470182315633E+08    0.118749268662162905E+03   -0.593746343310814524E+02
    0.291686540083683319E+02    0.136169511587995196E+01    0.750917344664429187E+01    0.288777102375412248E+08    0.118730208372272728E+03   -0.593651041861363638E+02
    0.139800846216627903E+02    0.136074979750296587E+01    0.121021391135081124E+01    0.744621443911516964E+08    0.118675355689238543E+03   -0.593376778446192716E+02
    0.152403931652713016E+02    0.135387897350141784E+01    0.137525063048894385E+02    0.405845111263520494E+08    0.118666547431455456E+03   -0.593332737157277279E+02
    0.324401397266134666E+02    0.136053707932219226E+01    0.947798972067132794E+01    0.777800086332443506E+08    0.118628814005535702E+03   -0.593144070027678509E+02
    0.349105275571087148E+02    0.137243353548937153E+01    0.403547875691209335E+01    0.291566703410275355E+08    0.118585584609773804E+03   -0.592927923048869019E+02
    0.349105275571087148E+02    0.137243353548937153E+01    0.403547875691209335E+01    0.291566703410275355E+08    0.118585584609773804E+03   -0.592927923048869019E+02
    0.512667435619245637E+02    0.136119555449341068E+01    0.631467836796272852E+01    0.476532387123662457E+08    0.118550892354730479E+03   -0.592754461773652395E+02
    0.427495535761110332E+02    0.135278590905559470E+01    0.785117934023514508E+01    0.389515762866617516E+08    0.118545216539619474E+03   -0.592726082698097372E+02
    0.427495535761110332E+02    0.135278590905559470E+01    0.785117934023514508E+01    0.389515762866617516E+08    0.118545216539619474E+03   -0.592726082698097372E+02
    0.379119513088645803E+02    0.136645405578097545E+01    0.796608136218628626E+01    0.712129761036630124E+08    0.118532397759955842E+03   -0.592661988799779209E+02
    0.182443903022513219E+02    0.137407670535766480E+01    0.102131071052301632E+02    0.307175474277526960E+08    0.118521825939692690E+03   -0.592609129698463448E+02
    0.182443903022513219E+02    0.137407670535766480E+01    0.102131071052301632E+02    0.307175474277526960E+08    0.118521825939692690E+03   -0.592609129698463448E+02
    0.401377063028108907E+02    0.137236519355739417E+01    0.520067502211703570E+01    0.524869577655468360E+08    0.118483613598609907E+03   -0.592418067993049533E+02
    0.106621058852079749E+02    0.136087813145171177E+01    0.562313837499685576E+01    0.289135113466437422E+08    0.118459582640577821E+03   -0.592297913202889106E+02
    0.106621058852079749E+02    0.136087813145171177E+01    0.562313837499685576E+01    0.289135113466437422E+08    0.118459582640577821E+03   -0.592297913202889106E+02
    0.329175781973801591E+02    0.136191167081624753E+01    0.417877175627699060E+01    0.700995000508272946E+08    0.118407018203130889E+03   -0.592035091015654444E+02
    0.435754244483398097E+02    0.136515197843313585E+01    0.578836868616565514E+01    0.632130336018931493E+08    0.118354995292852990E+03   -0.591774976464264952E+02
    0.381733190775782987E+02    0.136818263055073386E+01    0.331832975364454352E+01    0.577250533793854192E+08    0.118325219126315730E+03   -0.591626095631578650E+02
    0.381733190775782987E+02    0.136818263055073386E+01    0.331832975364454352E+01    0.577250533793854192E+08    0.118325219126315730E+03   -0.591626095631578650E+02
    0.309206341209392477E+02    0.137944426436606160E+01    0.693668815034350672E+01    0.330760530579084754E+08    0.118288484733112170E+03   -0.591442423665560852E+02
    0.309206341209392477E+02    0.137944426436606160E+01    0.693668815034350672E+01    0.330760530579084754E+08    0.118288484733112170E+03   -0.591442423665560852E+02
    0.480986541210455414E+02    0.136603972907468130E+01    0.501416058826871147E+01    0.516226804313368350E+08    0.118245532991308750E+03   -0.591227664956543748E+02
    0.130300997453260448E+01    0.136917089724895225E+01    0.148169783445715075E+01    0.610895612919486538E+08    0.118214826055297607E+03   -0.591074130276488034E+02
    0.407870820687024107E+02    0.137014853462082020E+01    0.971255645254276345E+01    0.572902293577559516E+08    0.118214790993082318E+03   -0.591073954965411588E+02
    0.407870820687024107E+02    0.137014853462082020E+01    0.971255645254276345E+01    0.572902293577559516E+08    0.118214790993082318E+03   -0.591073954965411588E+02
    0.170227267669337827E+02    0.137882656177417284E+01    0.169246766855661590E+00    0.477903314384951368E+08    0.118153323378238525E+03   -0.590766616891192626E+02
    0.498328441077187634E+02    0.137193118643762513E+01    0.467835726189441559E+01    0.332383251470104717E+08    0.118152492861653684E+03   -0.590762464308268420E+02
    0.498328441077187634E+02    0.137193118643762513E+01    0.467835726189441559E+01    0.332383251470104717E+08    0.118152492861653684E+03   -0.590762464308268420E+02
    0.848674774169921875E+01    0.137046325465890351E+01    0.148618102073669434E+02    0.572336035162550956E+08    0.118142532849818593E+03   -0.590712664249092967E+02
    0.197154624363954305E+02    0.137162970633852277E+01    0.482766446906680535E+01    0.684222006541876644E+08    0.118118220460126651E+03   -0.590591102300633253E+02
    0.197154624363954305E+02    0.137162970633852277E+01    0.482766446906680535E+01    0.684222006541876644E+08    0.118118220460126651E+03   -0.590591102300633253E+02
    0.270881011131548988E+01    0.137235736991546942E+01    0.246432263455586531E+01    0.633406921937277466E+08    0.118102742331237792E+03   -0.590513711656188960E+02
    0.312005919292842755E+02    0.137932420728783089E+01    0.734045087985852174E+01    0.398853413305988908E+08    0.118089996346978424E+03   -0.590449981734892120E+02
    0.228574742472277492E+02    0.136844001391450365E+01    0.130255912518132959E+02    0.707952330252407938E+08    0.118066594791821117E+03   -0.590332973959105587E+02
    0.115159006856357724E+02    0.137940857370167835E+01    0.252564548403272759E+01    0.526845039766072184E+08    0.118058883301577950E+03   -0.590294416507889750E+02
    0.115159006856357724E+02    0.137940857370167835E+01    0.252564548403272759E+01    0.526845039766072184E+08    0.118058883301577950E+03   -0.590294416507889750E+02
    0.424585656671673703E+02    0.136740082499243409E+01    0.762901669115324754E+00    0.435448089339129329E+08    0.118044697627384295E+03   -0.590223488136921475E+02
    0.424585656671673703E+02    0.136740082499243409E+01    0.762901669115324754E+00    0.435448089339129329E+08    0.118044697627384295E+03   -0.590223488136921475E+02
    0.266613143185599561E+02    0.137282548115942538E+01    0.944846860959249213E+01    0.638048843772089034E+08    0.118037439474004429E+03   -0.590187197370022147E+02
    0.420181558515371378E+02    0.137007059540851617E+01    0.124843321911531895E+02    0.445439916814145967E+08    0.118015009474898932E+03   -0.590075047374494659E+02
    0.420181558515371378E+02    0.137007059540851617E+01    0.124843321911531895E+02    0.445439916814145967E+08    0.118015009474898932E+03   -0.590075047374494659E+02
    0.209546841318840400E+02    0.136989556252253686E+01    0.122132286625707884E+02    0.692479801910366118E+08    0.117971195409890157E+03   -0.589855977049450786E+02
    0.138020657578850567E+02    0.137642473728210635E+01    0.766848430163587746E+01    0.618451046124167740E+08    0.117933074810280857E+03   -0.589665374051404285E+02
    0.224071622300174411E+02    0.136011790946961697E+01    0.209614295980611276E+01    0.693522156826547831E+08    0.117929529708913819E+03   -0.589647648544569094E+02
    0.224071622300174411E+02    0.136011790946961697E+01    0.209614295980611276E+01    0.693522156826547831E+08    0.117929529708913819E+03   -0.589647648544569094E+02
    0.165835001530088739E+02    0.137323162595814674E+01    0.798858427470447108E+00    0.534138836365734190E+08    0.117925069784070899E+03   -0.589625348920354497E+02
    0.165835001530088739E+02    0.137323162595814674E+01    0.798858427470447108E+00    0.534138836365734190E+08    0.117925069784070899E+03   -0.589625348920354497E+02
    0.292402794600354028E+02    0.136385231259838835E+01    0.485652842177232014E+01    0.707729273972885162E+08    0.117892016204275251E+03   -0.589460081021376254E+02
    0.292402794600354028E+02    0.136385231259838835E+01    0.485652842177232014E+01    0.707729273972885162E+08    0.117892016204275251E+03   -0.589460081021376254E+02
    0.341774028379031307E+02    0.137647953415986257E+01    0.198475385607190846E+01    0.310339786508099958E+08    0.117856831876477912E+03   -0.589284159382389561E+02
    0.341774028379031307E+02    0.137647953415986257E+01    0.198475385607190846E+01    0.310339786508099958E+08    0.117856831876477912E+03   -0.589284159382389561E+02
    0.224251195153061538E+02    0.136518220446158356E+01    0.162037973310651822E+02    0.629455470725905970E+08    0.117849926611609419E+03   -0.589249633058047095E+02
    0.419230731468469386E+02    0.135758670032903406E+01    0.659831181824975399E+01    0.361719058474173993E+08    0.117846756159608020E+03   -0.589233780798040101E+02
    0.190758321018142638E+02    0.135634977062474604E+01    0.117111257709573682E+02    0.695832375238596350E+08    0.117839742278984630E+03   -0.589198711394923151E+02
    0.190758321018142638E+02    0.135634977062474604E+01    0.117111257709573682E+02    0.695832375238596350E+08    0.117839742278984630E+03   -0.589198711394923151E+02
    0.424425686730744118E+02    0.136762870821780669E+01    0.618034460659181839E+01    0.568647698921717703E+08    0.117826290611265975E+03   -0.589131453056329875E+02
    0.424425686730744118E+02    0.136762870821780669E+01    0.618034460659181839E+01    0.568647698921717703E+08    0.117826290611265975E+03   -0.589131453056329875E+02
    0.482931982055818665E+02    0.136884987417392612E+01    0.294478137704616660E+01    0.316180583309392557E+08    0.117824619921112287E+03   -0.589123099605561436E+02
    0.341043446189527089E+02    0.136571312014032986E+01    0.157763463045391177E+02    0.435310561091103256E+08    0.117822615765044802E+03   -0.589113078825224008E+02
    0.341043446189527089E+02    0.136571312014032986E+01    0.157763463045391177E+02    0.435310561091103256E+08    0.117822615765044802E+03   -0.589113078825224008E+02
    0.456104838129756871E+02    0.136748434826343646E+01    0.124369551741557096E+02    0.373820797592137605E+08    0.117788911229491106E+03   -0.588944556147455529E+02
    0.199527501533165754E+02    0.135361898426694860E+01    0.104378161236303537E+02    0.753092731846943200E+08    0.117781343320550718E+03   -0.588906716602753590E+02
    0.199527501533165754E+02    0.135361898426694860E+01    0.104378161236303537E+02    0.753092731846943200E+08    0.117781343320550718E+03   -0.588906716602753590E+02
    0.429465547841903295E+01    0.138818033001381758E+01    0.508218780402289649E+01    0.329777050705830604E+08    0.117766664565734771E+03   -0.588833322828673857E+02
    0.328860656997441865E+02    0.134891083723075900E+01    0.254070432902414112E+01    0.535890678819182813E+08    0.117756133615054154E+03   -0.588780668075270768E+02
    0.303083933386521132E+02    0.137155921147358284E+01    0.116766773325975546E+02    0.334139490837152973E+08    0.117705249391143866E+03   -0.588526246955719330E+02
    0.174871228470578757E+02    0.137445663668973594E+01    0.111902238791499862E+02    0.345606275138498545E+08    0.117677719911546916E+03   -0.588388599557734580E+02
    0.238794827392344278E+01    0.137292887203458269E+01    0.998856611840271214E+01    0.651253275193020254E+08    0.117672961237970100E+03   -0.588364806189850498E+02
    0.367084825359596190E+01    0.137581644255155933E+01    0.968573593267211841E+01    0.582410383161502779E+08    0.117669910076039685E+03   -0.588349550380198423E+02
    0.912729361989616450E+01    0.138386831402091226E+01    0.480171574473705842E+00    0.406779754671872631E+08    0.117641006924346385E+03   -0.588205034621731926E+02
    0.171474597099483894E+02    0.136041908835469361E+01    0.951497632186908682E+01    0.830646255161022544E+08    0.117615443640159469E+03   -0.588077218200797347E+02
    0.171474597099483894E+02    0.136041908835469361E+01    0.951497632186908682E+01    0.830646255161022544E+08    0.117615443640159469E+03   -0.588077218200797347E+02
    0.289426209731107775E+02    0.137306124649787287E+01    0.636217149641567215E+01    0.573423870342304111E+08    0.117554657009689919E+03   -0.587773285048449594E+02
    0.289426209731107775E+02    0.137306124649787287E+01    0.636217149641567215E+01    0.573423870342304111E+08    0.117554657009689919E+03   -0.587773285048449594E+02
    0.940444530777330812E+01    0.136253930367472575E+01    0.624202605090601459E+01    0.813810313069276661E+08    0.117499774537774954E+03   -0.587498872688874769E+02
    0.940444530777330812E+01    0.136253930367472575E+01    0.624202605090601459E+01    0.813810313069276661E+08    0.117499774537774954E+03   -0.587498872688874769E+02
    0.141252830907280149E+02    0.136906083538824164E+01    0.145437665264605283E+02    0.593716550330244079E+08    0.117495452794278080E+03   -0.587477263971390400E+02
    0.105370892292149563E+02    0.134937189966220861E+01    0.122164961663190148E+02    0.360141702406330183E+08    0.117480741782306737E+03   -0.587403708911533684E+02
    0.728325320809533494E+01    0.137093523420699737E+01    0.134539521535782267E+02    0.544684670254290178E+08    0.117464607501559101E+03   -0.587323037507795505E+02
    0.383544803813052013E+02    0.137454533716446514E+01    0.212756388421945930E+01    0.341629633978425413E+08    0.117423706267236412E+03   -0.587118531336182059E+02
    0.383544803813052013E+02    0.137454533716446514E+01    0.212756388421945930E+01    0.341629633978425413E+08    0.117423706267236412E+03   -0.587118531336182059E+02
    0.738819590715469765E+00    0.135306992668586101E+01    0.134661749244438695E+02    0.541476409583189785E+08    0.117390239088675187E+03   -0.586951195443375937E+02
    0.738819590715469765E+00    0.135306992668586101E+01    0.134661749244438695E+02    0.541476409583189785E+08    0.117390239088675187E+03   -0.586951195443375937E+02
    0.278433544234667281E+02    0.136515116286677407E+01    0.144488821920508776E+02    0.641618723145644665E+08    0.117327642929578687E+03   -0.586638214647893435E+02
    0.111415241832628631E+02    0.137143750450982616E+01    0.127135546996875952E+02    0.567604124703041688E+08    0.117281955704216472E+03   -0.586409778521082359E+02
    0.380497547860718157E+02    0.137450873577826971E+01    0.231018343926162295E+01    0.356371594843827114E+08    0.117271881761625409E+03   -0.586359408808127043E+02
    0.380497547860718157E+02    0.137450873577826971E+01    0.231018343926162295E+01    0.356371594843827114E+08    0.117271881761625409E+03   -0.586359408808127043E+02
    0.483901770330411907E+02    0.136271224324353857E+01    0.441566946733998655E+01    0.405164290305547267E+08    0.117252271688432330E+03   -0.586261358442161651E+02
    0.482591360182720095E+02    0.136958606974968622E+01    0.511753022130006663E+01    0.400385087814824060E+08    0.117244705336690231E+03   -0.586223526683451155E+02
    0.482591360182720095E+02    0.136958606974968622E+01    0.511753022130006663E+01    0.400385087814824060E+08    0.117244705336690231E+03   -0.586223526683451155E+02
    0.351560602369103847E+02    0.136711425208005610E+01    0.128290118379850906E+02    0.550753137340926528E+08    0.117193966551190726E+03   -0.585969832755953632E+02
    0.351560602369103847E+02    0.136711425208005610E+01    0.128290118379850906E+02    0.550753137340926528E+08    0.117193966551190726E+03   -0.585969832755953632E+02
    0.358121083101728814E+02    0.135368733485930393E+01    0.198006051518319137E+01    0.405910092813412324E+08    0.117162895088807545E+03   -0.585814475444037726E+02
    0.249324837880662074E+02    0.134893108562498476E+01    0.132212280047916355E+02    0.547308501729308739E+08    0.117160598943341654E+03   -0.585802994716708270E+02
    0.249324837880662074E+02    0.134893108562498476E+01    0.132212280047916355E+02    0.547308501729308739E+08    0.117160598943341654E+03   -0.585802994716708270E+02
    0.315092962334186097E+02    0.137024578870676361E+01    0.461733973285892407E+01    0.301863798106614687E+08    0.117156966463686786E+03   -0.585784832318433928E+02
    0.213625530460956403E+01    0.137907118801934980E+01    0.748728818042042299E+01    0.489567872753562108E+08    0.117149207311349784E+03   -0.585746036556748919E+02
    0.324231553155525054E+01    0.136712789963059245E+01    0.978472632340471016E+01    0.724252081720273346E+08    0.117137451604365822E+03   -0.585687258021829109E+02
    0.488530802403117690E+02    0.136655605238751487E+01    0.459259489138843602E+01    0.323995550823363401E+08    0.117118472105621294E+03   -0.585592360528106468E+02
    0.205714390953325577E+02    0.136673114097124615E+01    0.575281852206192390E+01    0.696257824931775779E+08    0.117096757245111277E+03   -0.585483786225556386E+02
    0.171735685469728629E+02    0.136230773259054350E+01    0.347799520799485107E+01    0.684226984864861071E+08    0.117020444581801740E+03   -0.585102222909008702E+02
    0.171735685469728629E+02    0.136230773259054350E+01    0.347799520799485107E+01    0.684226984864861071E+08    0.117020444581801740E+03   -0.585102222909008702E+02
    0.585346424642155583E+01    0.136291719507340692E+01    0.953417036478067814E+01    0.789957036034051478E+08    0.116988472939284080E+03   -0.584942364696420398E+02
    0.257604665457956870E+02    0.136865693156555435E+01    0.115165662394359316E+02    0.638590352472477406E+08    0.116941791014950724E+03   -0.584708955074753618E+02
    0.257604665457956870E+02    0.136865693156555435E+01    0.115165662394359316E+02    0.638590352472477406E+08    0.116941791014950724E+03   -0.584708955074753618E+02
    0.218951433258339350E+02    0.136854245139307085E+01    0.693769837056775085E+01    0.672645267396060675E+08    0.116938975815993444E+03   -0.584694879079967222E+02
    0.336322222001171340E+02    0.137489859065237119E+01    0.678648811563186793E+01    0.348360437653959319E+08    0.116886394499908974E+03   -0.584431972499544869E+02
    0.336322222001171340E+02    0.137489859065237119E+01    0.678648811563186793E+01    0.348360437653959319E+08    0.116886394499908974E+03   -0.584431972499544869E+02
    0.269126865925678871E+02    0.136572882813639107E+01    0.147502447437169888E+02    0.515809454158235416E+08    0.116885336464306988E+03   -0.584426682321534940E+02
    0.269126865925678871E+02    0.136572882813639107E+01    0.147502447437169888E+02    0.515809454158235416E+08    0.116885336464306988E+03   -0.584426682321534940E+02
    0.109917554862065074E+02    0.137116606057236323E+01    0.129672676075958009E+02    0.491772047123309821E+08    0.116874588443343498E+03   -0.584372942216717490E+02
    0.109917554862065074E+02    0.137116606057236323E+01    0.129672676075958009E+02    0.491772047123309821E+08    0.116874588443343498E+03   -0.584372942216717490E+02
    0.430054935399769747E+02    0.137098195234170794E+01    0.772620733022512773E+01    0.354636186191220954E+08    0.116871724179685089E+03   -0.584358620898425443E+02
    0.430054935399769747E+02    0.137098195234170794E+01    0.772620733022512773E+01    0.354636186191220954E+08    0.116871724179685089E+03   -0.584358620898425443E+02
    0.534833928116950630E+00    0.137975935573239394E+01    0.710124430946406360E+01    0.355896445830866918E+08    0.116868234149937493E+03   -0.584341170749687464E+02
    0.534833928116950630E+00    0.137975935573239394E+01    0.710124430946406360E+01    0.355896445830866918E+08    0.116868234149937493E+03   -0.584341170749687464E+02
    0.517735683333599983E+01    0.136398787841017155E+01    0.151424893620425003E+02    0.466518811421031579E+08    0.116840096571257575E+03   -0.584200482856287877E+02
    0.213848369078824661E+02    0.137619280533456534E+01    0.578749068228426644E+01    0.494747675164415762E+08    0.116831015760619664E+03   -0.584155078803098320E+02
    0.225798013021311625E+02    0.137193835755259919E+01    0.114128374552868834E+02    0.506787206771722138E+08    0.116806439028377056E+03   -0.584032195141885282E+02
    0.225798013021311625E+02    0.137193835755259919E+01    0.114128374552868834E+02    0.506787206771722138E+08    0.116806439028377056E+03   -0.584032195141885282E+02
    0.270746662614515721E+02    0.136489783204689474E+01    0.149123340624432057E+02    0.421859242940504998E+08    0.116801865628357916E+03   -0.584009328141789581E+02
    0.270746662614515721E+02    0.136489783204689474E+01    0.149123340624432057E+02    0.421859242940504998E+08    0.116801865628357916E+03   -0.584009328141789581E+02
    0.549203237189574445E+01    0.137289121192361274E+01    0.326789192842362608E+01    0.536299725233898908E+08    0.116760068723137607E+03   -0.583800343615688035E+02
    0.176097575689605890E+02    0.137624682209506588E+01    0.959797079344281379E+01    0.384079609581650645E+08    0.116743089147629775E+03   -0.583715445738148873E+02
    0.176097575689605890E+02    0.137624682209506588E+01    0.959797079344281379E+01    0.384079609581650645E+08    0.116743089147629775E+03   -0.583715445738148873E+02
    0.299610315786008350E+02    0.135301510339948439E+01    0.311951772519476700E+01    0.509312024501155019E+08    0.116739790223559169E+03   -0.583698951117795843E+02
    0.301395602313561355E+02    0.136679548354719049E+01    0.502087465842980141E+01    0.602868299579224214E+08    0.116720516604803834E+03   -0.583602583024019168E+02
    0.301395602313561355E+02    0.136679548354719049E+01    0.502087465842980141E+01    0.602868299579224214E+08    0.116720516604803834E+03   -0.583602583024019168E+02
    0.101584602567011917E+02    0.136527724400050943E+01    0.785003624740320394E+01    0.733848930160361528E+08    0.116714616902521499E+03   -0.583573084512607494E+02
    0.101584602567011917E+02    0.136527724400050943E+01    0.785003624740320394E+01    0.733848930160361528E+08    0.116714616902521499E+03   -0.583573084512607494E+02
    0.209560351025014624E+01    0.137365658214108932E+01    0.108814027207002262E+02    0.408644450782083198E+08    0.116705488152938017E+03   -0.583527440764690084E+02
    0.209560351025014624E+01    0.137365658214108932E+01    0.108814027207002262E+02    0.408644450782083198E+08    0.116705488152938017E+03   -0.583527440764690084E+02
    0.216480285619801727E+02    0.137652155623019179E+01    0.328932677639136695E+00    0.401316189610177130E+08    0.116705349885788110E+03   -0.583526749428940548E+02
    0.216480285619801727E+02    0.137652155623019179E+01    0.328932677639136695E+00    0.401316189610177130E+08    0.116705349885788110E+03   -0.583526749428940548E+02
    0.298581613343681020E+02    0.137248189510509100E+01    0.833329812975288853E+01    0.499791264747200459E+08    0.116681785902430420E+03   -0.583408929512152099E+02
    0.463204530064309117E+00    0.135877862822922668E+01    0.721149791567426135E+01    0.757073576617935002E+08    0.116674407408684360E+03   -0.583372037043421798E+02
    0.580922457903828682E+00    0.137617169752301804E+01    0.951966477850887571E+01    0.411187419211149588E+08    0.116674091481073589E+03   -0.583370457405367944E+02
    0.139616776225993497E+02    0.135063916261818395E+01    0.588602644906541617E+01    0.768906246070953459E+08    0.116646716541722498E+03   -0.583233582708612488E+02
    0.139616776225993497E+02    0.135063916261818395E+01    0.588602644906541617E+01    0.768906246070953459E+08    0.116646716541722498E+03   -0.583233582708612488E+02
    0.146674151575363148E+02    0.136904391695283167E+01    0.691786655020293906E-01    0.441682637117221430E+08    0.116633895969689576E+03   -0.583169479848447878E+02
    0.363260171121296480E+02    0.136018883345665542E+01    0.147566808153124263E+01    0.417583505830809921E+08    0.116630588254863227E+03   -0.583152941274316134E+02
    0.243938326735587054E+02    0.137592319445981270E+01    0.711660500093861259E+01    0.458516132021785155E+08    0.116627367270047785E+03   -0.583136836350238923E+02
    0.302807627180822649E+02    0.135168793602315174E+01    0.798170166164761952E+01    0.519348764246543646E+08    0.116598286489691716E+03   -0.582991432448458582E+02
    0.229614015308607788E+01    0.136735594112866798E+01    0.125069494911283670E+02    0.620447005861595869E+08    0.116595341408865522E+03   -0.582976707044327611E+02
    0.358807305111644155E+02    0.136854172414170017E+01    0.803497110733786535E+01    0.524059498305821344E+08    0.116580600381968480E+03   -0.582903001909842402E+02
    0.126602752177681825E+02    0.137699648401149033E+01    0.862156619212409225E+01    0.446931001125970110E+08    0.116567998693273410E+03   -0.582839993466367048E+02
    0.126602752177681825E+02    0.137699648401149033E+01    0.862156619212409225E+01    0.446931001125970110E+08    0.116567998693273410E+03   -0.582839993466367048E+02
    0.144004749277067017E+02    0.136815871228091446E+01    0.895098115852993104E+01    0.680159874051455259E+08    0.116560882535349606E+03   -0.582804412676748029E+02
    0.144004749277067017E+02    0.136815871228091446E+01    0.895098115852993104E+01    0.680159874051455259E+08    0.116560882535349606E+03   -0.582804412676748029E+02
    0.139732718707356423E+02    0.136812629608990299E+01    0.300795586243379809E+01    0.563662891099022180E+08    0.116545011616208996E+03   -0.582725058081044978E+02
    0.146065072207918973E+02    0.137442380156712263E+01    0.911269681270311871E+01    0.343156788534707204E+08    0.116535600413917621E+03   -0.582678002069588103E+02
    0.121989038105139240E+02    0.138068045495405811E+01    0.383356720205778689E+01    0.419817675204298124E+08    0.116533615633230013E+03   -0.582668078166150067E+02
    0.121989038105139240E+02    0.138068045495405811E+01    0.383356720205778689E+01    0.419817675204298124E+08    0.116533615633230013E+03   -0.582668078166150067E+02
    0.305765734939561540E+02    0.136745610928913996E+01    0.357536992950250454E+01    0.305497231066663861E+08    0.116529109693542168E+03   -0.582645548467710839E+02
    0.275303426810618923E+02    0.135938851800323213E+01    0.705489308804655479E+01    0.314975693204447366E+08    0.116528107431521718E+03   -0.582640537157608591E+02
    0.168663872656715732E+02    0.137275196950559786E+01    0.109450960091155061E+02    0.490345925330269486E+08    0.116523763449935032E+03   -0.582618817249675160E+02
    0.168663872656715732E+02    0.137275196950559786E+01    0.109450960091155061E+02    0.490345925330269486E+08    0.116523763449935032E+03   -0.582618817249675160E+02
    0.963536537840312768E+01    0.136841002625567887E+01    0.137461494947726859E+02    0.412144776584920809E+08    0.116521660560188735E+03   -0.582608302800943676E+02
    0.267884660204084533E+02    0.137663975626227053E+01    0.641314391067778633E+01    0.412604749485627934E+08    0.116516318477196052E+03   -0.582581592385980258E+02
    0.235981109489659104E+02    0.134712747805971000E+01    0.845458234642735107E+01    0.340922451179904342E+08    0.116510199117072915E+03   -0.582550995585364575E+02
    0.235981109489659104E+02    0.134712747805971000E+01    0.845458234642735107E+01    0.340922451179904342E+08    0.116510199117072915E+03   -0.582550995585364575E+02
    0.295212798874365490E+02    0.135205965110890602E+01    0.223271398343822103E+01    0.373844675446362719E+08    0.116494733896239651E+03   -0.582473669481198257E+02
    0.309951116097011656E+02    0.137391666673635138E+01    0.800009306170753121E+01    0.427546563124227747E+08    0.116493412277846502E+03   -0.582467061389232512E+02
    0.241520938070468176E+02    0.135225033527125249E+01    0.375397767376364344E+01    0.608178865732472762E+08    0.116487159288317756E+03   -0.582435796441588778E+02
    0.241520938070468176E+02    0.135225033527125249E+01    0.375397767376364344E+01    0.608178865732472762E+08    0.116487159288317756E+03   -0.582435796441588778E+02
    0.385377151626509900E+02    0.137246948004712999E+01    0.526591346546338457E+01    0.351650533731312454E+08    0.116482903145006787E+03   -0.582414515725033937E+02
    0.385377151626509900E+02    0.137246948004712999E+01    0.526591346546338457E+01    0.351650533731312454E+08    0.116482903145006787E+03   -0.582414515725033937E+02
    0.345547214495796151E+01    0.136587032982837342E+01    0.296416850507794027E+01    0.569884761137936711E+08    0.116472563037713343E+03   -0.582362815188566714E+02
    0.282781686878571819E+02    0.136565220908339247E+01    0.140415422443415032E+02    0.491627669128917754E+08    0.116400326022443679E+03   -0.582001630112218393E+02
    0.251041506927491405E+02    0.136615730730377205E+01    0.140465486664801968E+02    0.509228704219199866E+08    0.116387957432515975E+03   -0.581939787162579876E+02
    0.220271309910751469E+02    0.136449960755510302E+01    0.131690782609193313E+02    0.635349834117492959E+08    0.116378841794275530E+03   -0.581894208971377651E+02
    0.220271309910751469E+02    0.136449960755510302E+01    0.131690782609193313E+02    0.635349834117492959E+08    0.116378841794275530E+03   -0.581894208971377651E+02
    0.249189672449330644E+02    0.136279384421894534E+01    0.115389067775167997E+01    0.313960234870162196E+08    0.116375862758056471E+03   -0.581879313790282353E+02
    0.293496549442554233E+02    0.137327485165048402E+01    0.630075727443745048E+01    0.467106649850703925E+08    0.116364870804508186E+03   -0.581824354022540930E+02
    0.437119490178187675E+02    0.136502817544822097E+01    0.693618042513610966E+01    0.460757185507779941E+08    0.116302788096787765E+03   -0.581513940483938825E+02
    0.287644582407357774E+02    0.135009209519079620E+01    0.447403113343697179E+01    0.510710635853858441E+08    0.116284432922319638E+03   -0.581422164611598191E+02
    0.940481581265775368E+01    0.136831775332019401E+01    0.133376931075830729E+02    0.496853513372293711E+08    0.116274566863413980E+03   -0.581372834317069902E+02
    0.940481581265775368E+01    0.136831775332019401E+01    0.133376931075830729E+02    0.496853513372293711E+08    0.116274566863413980E+03   -0.581372834317069902E+02
    0.390324936524252166E+02    0.136253713495503570E+01    0.864047460438941961E+01    0.491817407988156676E+08    0.116274468257061400E+03   -0.581372341285307002E+02
    0.163879088788199887E+02    0.136867537229543612E+01    0.574594737956178925E+01    0.619264535753312036E+08    0.116273186738542918E+03   -0.581365933692714592E+02
    0.195058098754641875E+02    0.137109141648509847E+01    0.117281864884281699E+02    0.476996611465601549E+08    0.116273071139357427E+03   -0.581365355696787134E+02
    0.195058098754641875E+02    0.137109141648509847E+01    0.117281864884281699E+02    0.476996611465601549E+08    0.116273071139357427E+03   -0.581365355696787134E+02
    0.217309936485345609E+02    0.137035563799872095E+01    0.344740437988985016E+00    0.409835493287378699E+08    0.116240067294221944E+03   -0.581200336471109722E+02
    0.317730157922308578E+02    0.136517266196239273E+01    0.185521144834930007E+01    0.453241824098196253E+08    0.116235512993791886E+03   -0.581177564968959430E+02
    0.426498565747662397E+02    0.136626857188315753E+01    0.360841862442137629E+01    0.350895770857034251E+08    0.116210505082392046E+03   -0.581052525411960232E+02
    0.371388493251313534E+02    0.136092806801576005E+01    0.955576787782104198E+01    0.398202275458558053E+08    0.116204696935427108E+03   -0.581023484677135542E+02
    0.371388493251313534E+02    0.136092806801576005E+01    0.955576787782104198E+01    0.398202275458558053E+08    0.116204696935427108E+03   -0.581023484677135542E+02
    0.250806157670498493E+02    0.136515786377255255E+01    0.803168643676238503E+01    0.664310783051991314E+08    0.116186480126528892E+03   -0.580932400632644459E+02
    0.446541131618299492E+01    0.137442478735797780E+01    0.525820934410204899E+01    0.317692639024587944E+08    0.116186312961958805E+03   -0.580931564809794025E+02
    0.131586070155482915E+02    0.137018435356083557E+01    0.121366555113334726E+02    0.389039257655062005E+08    0.116167601833850682E+03   -0.580838009169253411E+02
    0.127370507083495799E+02    0.136765165949867762E+01    0.205986512484346163E+01    0.497336280409572497E+08    0.116161858976444677E+03   -0.580809294882223384E+02
    0.494741957429593970E+01    0.136975102586873443E+01    0.922225440883919489E+01    0.596873276253692210E+08    0.116161315580103405E+03   -0.580806577900517027E+02
    0.286334423356570227E+02    0.134875191803684968E+01    0.533442861968077420E+01    0.365440797684109583E+08    0.116158861825814412E+03   -0.580794309129072062E+02
    0.714641558792402698E+01    0.136631493647060376E+01    0.132644001415383510E+02    0.391706703474085480E+08    0.116126708300584710E+03   -0.580633541502923549E+02
    0.300573367015639477E+02    0.136211387571757725E+01    0.930027200908466578E+00    0.414074366392824948E+08    0.116112034920591213E+03   -0.580560174602956067E+02
    0.221161187699140260E+01    0.136953580715615297E+01    0.998128127526653408E+01    0.555877916619732007E+08    0.116088645775872237E+03   -0.580443228879361186E+02
    0.312398776921362362E+02    0.137418832675360614E+01    0.510114722064647275E+01    0.386163327597631514E+08    0.116067364345695665E+03   -0.580336821728478327E+02
    0.524774670338327187E+01    0.136149201382055129E+01    0.128907045765034862E+02    0.534007349826603159E+08    0.116063814651113546E+03   -0.580319073255567730E+02
    0.514706123668921300E+01    0.135362050884257368E+01    0.958977198572248035E+01    0.382991598051301688E+08    0.116052719402696454E+03   -0.580263597013482268E+02
    0.112397828976694321E+02    0.136873723365993594E+01    0.644791609457067927E+00    0.409476066390100271E+08    0.116000264199433218E+03   -0.580001320997166090E+02
    0.196095357480798889E+02    0.136807401456062672E+01    0.354877954492721548E+01    0.519186177884657010E+08    0.115989871843805020E+03   -0.579949359219025098E+02
    0.196095357480798889E+02    0.136807401456062672E+01    0.354877954492721548E+01    0.519186177884657010E+08    0.115989871843805020E+03   -0.579949359219025098E+02
    0.220458940867091471E+02    0.137080403120779848E+01    0.106249704062249464E+02    0.491333441594204456E+08    0.115983137766375179E+03   -0.579915688831875897E+02
    0.254684773133409088E+02    0.136894840341250612E+01    0.347188180759587661E+01    0.489707324065261334E+08    0.115971483446583093E+03   -0.579857417232915466E+02
    0.476432191910377867E+01    0.136353996791761367E+01    0.955938354038819149E+01    0.683642996563805491E+08    0.115944332021610961E+03   -0.579721660108054806E+02
    0.476432191910377867E+01    0.136353996791761367E+01    0.955938354038819149E+01    0.683642996563805491E+08    0.115944332021610961E+03   -0.579721660108054806E+02
    0.275318803089336406E+02    0.136991270638882923E+01    0.104519577010877587E+02    0.481891628442304432E+08    0.115922125222125999E+03   -0.579610626110629994E+02
    0.421727703617448242E+02    0.136582052557676725E+01    0.415477713442321139E+01    0.373727380539962947E+08    0.115905019167675022E+03   -0.579525095838375108E+02
    0.176755292924951277E+02    0.137487075291840100E+01    0.192524019196380269E+01    0.420019365842523947E+08    0.115890808227970098E+03   -0.579454041139850489E+02
    0.608095392107525523E+01    0.137181938500007772E+01    0.448871374646806043E+01    0.316972884874499850E+08    0.115890088790420862E+03   -0.579450443952104308E+02
    0.156778592378582911E+02    0.135947368656028855E+01    0.116236936201409105E+02    0.421014583749590889E+08    0.115889036929533063E+03   -0.579445184647665315E+02
    0.154807563110334945E+01    0.135258781382138871E+01    0.109366460544373538E+02    0.603759029083455652E+08    0.115887162150357909E+03   -0.579435810751789546E+02
    0.284492329672926516E+02    0.135621354435667874E+01    0.661606143941248526E+01    0.467769438494892344E+08    0.115883374826500017E+03   -0.579416874132500084E+02
    0.328477728740728168E+02    0.136391209994823548E+01    0.159767604922552464E+01    0.381323818476576656E+08    0.115865427651851405E+03   -0.579327138259257026E+02
    0.142942137448967070E+02    0.136629226491276334E+01    0.138606442833300250E+02    0.441453776152839139E+08    0.115859567068953950E+03   -0.579297835344769751E+02
    0.411671243589125524E+01    0.136733841732676642E+01    0.103362862468227839E+02    0.349003133089283630E+08    0.115856956456782939E+03   -0.579284782283914694E+02
    0.152199874942121749E+02    0.136904368288448541E+01    0.613801092617888289E+00    0.385625485833311304E+08    0.115848808205206282E+03   -0.579244041026031411E+02
    0.304803848745434109E+02    0.137128826904674317E+01    0.222675179238692422E+01    0.370114889566541985E+08    0.115820831899256660E+03   -0.579104159496283302E+02
    0.195642613199579252E+02    0.136698875539851494E+01    0.129391736455773234E+02    0.387693194034342170E+08    0.115817144494782724E+03   -0.579085722473913620E+02
    0.195642613199579252E+02    0.136698875539851494E+01    0.129391736455773234E+02    0.387693194034342170E+08    0.115817144494782724E+03   -0.579085722473913620E+02
    0.217091057191803678E+02    0.136653269369563746E+01    0.754945507834824081E+01    0.629064673232493252E+08    0.115790295610012393E+03   -0.578951478050061965E+02
    0.540025811185044802E+01    0.136909742132395240E+01    0.113549887960125684E+02    0.492095541294797286E+08    0.115780387001326574E+03   -0.578901935006632868E+02
    0.252457607720701560E+02    0.135933441514825937E+01    0.102149719236218584E+02    0.463482992708528936E+08    0.115768495537586972E+03   -0.578842477687934860E+02
    0.604567071670601086E+00    0.136439719157389661E+01    0.513988929933258198E+01    0.591389933778711259E+08    0.115757115244872850E+03   -0.578785576224364249E+02
    0.246880952863057637E+02    0.136161050848675713E+01    0.821348383122202641E+01    0.623038259014216289E+08    0.115751164897612000E+03   -0.578755824488060000E+02
    0.752271165249232698E+01    0.134489717020174271E+01    0.124598515898913007E+02    0.555521378180735782E+08    0.115729738044064504E+03   -0.578648690220322521E+02
    0.125630352501877347E+02    0.136884588045169897E+01    0.787770464380600632E+01    0.315433153727609813E+08    0.115722506761087089E+03   -0.578612533805435447E+02
    0.838722575613923915E+01    0.137021359914658447E+01    0.210286606205278570E+01    0.443066998543597981E+08    0.115699179982094307E+03   -0.578495899910471536E+02
    0.301272109146935350E+02    0.137111779872720119E+01    0.823558382101371933E+01    0.447539777811951935E+08    0.115694893506841311E+03   -0.578474467534206553E+02
    0.158547442794673845E+02    0.136796355078824816E+01    0.123791405239085197E+02    0.494984230573399812E+08    0.115674413810146163E+03   -0.578372069050730815E+02
    0.207088851165326240E+02    0.137302924933647197E+01    0.648383961162267575E+01    0.467880051355587393E+08    0.115659332102453476E+03   -0.578296660512267380E+02
    0.117442618141316988E+02    0.137289440987867173E+01    0.851494208630029448E+01    0.472063979587130621E+08    0.115658529317449734E+03   -0.578292646587248669E+02
    0.792279041854577493E+01    0.136549907062957243E+01    0.227226983515454917E+01    0.477580851789805368E+08    0.115652453665194969E+03   -0.578262268325974844E+02
    0.212693621359969605E+02    0.137368746716657508E+01    0.819870878119634305E+01    0.387521455539112091E+08    0.115645548403471793E+03   -0.578227742017358963E+02
    0.956098146045236952E+01    0.135712430172060583E+01    0.979580657323327664E+01    0.567454743250852525E+08    0.115637077169974020E+03   -0.578185385849870102E+02
    0.692227690535138507E+01    0.135623817934775803E+01    0.649010395386636763E+01    0.340101061955083236E+08    0.115636625054518845E+03   -0.578183125272594225E+02
    0.234026980444835786E+02    0.135871727712899770E+01    0.953744377365804752E+00    0.410839609600008801E+08    0.115628947965828587E+03   -0.578144739829142935E+02
    0.117998276481087272E+01    0.135999978907184804E+01    0.401068469783916903E+01    0.321890097804724947E+08    0.115627802324252869E+03   -0.578139011621264345E+02
    0.369223785450634097E+02    0.137005414392504044E+01    0.622274408418654978E+01    0.394625222283660248E+08    0.115622587604008970E+03   -0.578112938020044851E+02
    0.950137548908610796E+01    0.136976569145329496E+01    0.114923589503504555E+02    0.438288050986742452E+08    0.115621514903051690E+03   -0.578107574515258449E+02
    0.268447858433796895E+02    0.136294974914320366E+01    0.121600924042791880E+01    0.391601259852352664E+08    0.115618561851302587E+03   -0.578092809256512936E+02
    0.132804483870853414E+02    0.136939627169094535E+01    0.886065174743983519E+01    0.556644671739554182E+08    0.115613551164197332E+03   -0.578067755820986662E+02
    0.211118468176871055E+02    0.137353729836168204E+01    0.341602072164535731E+01    0.426470872839984894E+08    0.115581681778114515E+03   -0.577908408890572574E+02
    0.152455336389921605E+02    0.136108536359319121E+01    0.122325263746729114E+02    0.449533141451553032E+08    0.115578880419776468E+03   -0.577894402098882338E+02
    0.614275202738284776E+01    0.137439168562757974E+01    0.432490750186856943E+01    0.450059894475270584E+08    0.115573121713281097E+03   -0.577865608566405484E+02
    0.337021765252794836E+02    0.136125068581245978E+01    0.311468773154921674E+01    0.377647948948243931E+08    0.115547727060521396E+03   -0.577738635302606980E+02
    0.316352696051714988E+01    0.136624707686878044E+01    0.775909650022213349E+01    0.602824397329400256E+08    0.115535391751983127E+03   -0.577676958759915635E+02
    0.289813820411838634E+02    0.136378919822532052E+01    0.110988839468237490E+02    0.368737956862973273E+08    0.115532288712516291E+03   -0.577661443562581454E+02
    0.783005073083230219E+01    0.137337963028344223E+01    0.611320635720335126E+01    0.468412431064696312E+08    0.115518910180217745E+03   -0.577594550901088724E+02
    0.268135195103886730E+02    0.135834479687902721E+01    0.782461573223940121E+01    0.447963500274875164E+08    0.115516980888450874E+03   -0.577584904442254370E+02
    0.150900926448753925E+02    0.137328407339982506E+01    0.848094114151926348E+01    0.378617751609620377E+08    0.115515493272601134E+03   -0.577577466363005669E+02
    0.245647444127343491E+02    0.135908807282785649E+01    0.782688160017343115E+01    0.517058655205529034E+08    0.115514332889627951E+03   -0.577571664448139757E+02
    0.488459143873603185E+01    0.135211756000518957E+01    0.993135380150007485E+01    0.623345264631113261E+08    0.115496818578118450E+03   -0.577484092890592251E+02
    0.151333604416685681E+02    0.135986967510396362E+01    0.635336586123722746E+01    0.318781969125157259E+08    0.115490368110094551E+03   -0.577451840550472753E+02
    0.586924832827172605E+01    0.137140960784588328E+01    0.600843571423448530E+01    0.335520022779282853E+08    0.115484895962945473E+03   -0.577424479814727363E+02
    0.798342999048345447E+01    0.136819326885814907E+01    0.966059064026273795E+01    0.552347828988185078E+08    0.115483039813615534E+03   -0.577415199068077669E+02
    0.156994303870846064E+00    0.136757665547588192E+01    0.108580410788469166E+02    0.444955571306313053E+08    0.115480723509486495E+03   -0.577403617547432475E+02
    0.296180423936297110E+02    0.136412880327331654E+01    0.278130873499163744E+01    0.331564225567029528E+08    0.115468368729686688E+03   -0.577341843648433439E+02
    0.304765845105051696E+02    0.136709168820682203E+01    0.355825413359119480E+01    0.444236762148175687E+08    0.115447039854375276E+03   -0.577235199271876382E+02
    0.166807425352704564E+01    0.136687215885388325E+01    0.791433885764882827E+01    0.561864360435891971E+08    0.115441557838835195E+03   -0.577207789194175973E+02
    0.195041653224535878E+02    0.136907391094010444E+01    0.366479723687162684E+01    0.316417584346836656E+08    0.115434136623618627E+03   -0.577170683118093137E+02
    0.353898894700093480E+01    0.137505332981986927E+01    0.335450386968508685E+01    0.388914294767358005E+08    0.115415962063605662E+03   -0.577079810318028308E+02
    0.107724976939225137E+02    0.136395805827522043E+01    0.128480284166437002E+02    0.423625569895841405E+08    0.115414409314314724E+03   -0.577072046571573622E+02
    0.679217254615936383E+01    0.136107908476232486E+01    0.624728435503210555E+01    0.644400991961669847E+08    0.115408781186927826E+03   -0.577043905934639128E+02
    0.494033560031217256E+01    0.136824303624910382E+01    0.762915304069999678E+01    0.336296507397086248E+08    0.115408362853245961E+03   -0.577041814266229807E+02
    0.163918004917862241E+02    0.135757492064480045E+01    0.331895666918786292E+01    0.333768899189036265E+08    0.115390418708589749E+03   -0.576952093542948745E+02
    0.354397866943518594E+02    0.136118854671945222E+01    0.687422172899389583E+01    0.403781468106263801E+08    0.115372059793002990E+03   -0.576860298965014948E+02
    0.708213650881482470E+00    0.135275514132292840E+01    0.968265501168380993E+01    0.559973909181991667E+08    0.115349966709518128E+03   -0.576749833547590640E+02
    0.234131595273116346E+02    0.136342640238399482E+01    0.107046436936611666E+02    0.358975796855091378E+08    0.115334695711095776E+03   -0.576673478555478880E+02
    0.317143791923496927E+02    0.136786314614002102E+01    0.743999388071721768E+01    0.330227757233430371E+08    0.115331571542380146E+03   -0.576657857711900732E+02
    0.261576002875704212E+02    0.136443136725297931E+01    0.812411437115766866E+01    0.317496946614244021E+08    0.115324732595863011E+03   -0.576623662979315057E+02
    0.252136278036867800E+02    0.136313767133006847E+01    0.564908813642139407E+01    0.315281680824368969E+08    0.115324597794347596E+03   -0.576622988971737982E+02
    0.103507544098798903E+02    0.136330907187546080E+01    0.118292378388064385E+02    0.557427263478885069E+08    0.115323811261502001E+03   -0.576619056307510007E+02
    0.627438208262601371E+01    0.135805232033298395E+01    0.566034712871195200E+01    0.338775470884265453E+08    0.115322196639080914E+03   -0.576610983195404572E+02
    0.853437750869345280E+01    0.136401851848636846E+01    0.361779241032788157E+01    0.516519051434638426E+08    0.115308428280364552E+03   -0.576542141401822761E+02
    0.229835044101688268E+02    0.136410699158186755E+01    0.500342008833028373E+01    0.529539432206514776E+08    0.115298841892184555E+03   -0.576494209460922775E+02
    0.360711782215174992E+02    0.136766785585402517E+01    0.525471357267587980E+01    0.355820560270857364E+08    0.115297616594819047E+03   -0.576488082974095235E+02
    0.119746793522362580E+02    0.136589667979098306E+01    0.121195875762129273E+02    0.388880946738414466E+08    0.115294917335564378E+03   -0.576474586677821890E+02
    0.240982247063021262E+02    0.136360001492843930E+01    0.880777028289611508E+01    0.584248599853446186E+08    0.115294369681618832E+03   -0.576471848408094161E+02
    0.224752449133192433E+01    0.136914432409402465E+01    0.873332594752050184E+01    0.476005203617438897E+08    0.115286540798352291E+03   -0.576432703991761457E+02
    0.331735098104742647E+02    0.136744485630059631E+01    0.930523325496427844E+01    0.449922507709619775E+08    0.115265011388447348E+03   -0.576325056942236742E+02
    0.125259766501707026E+01    0.136509396428555307E+01    0.998517235082623955E+01    0.373182928878503367E+08    0.115257967460356667E+03   -0.576289837301783336E+02
    0.241466141355886812E+02    0.137187511471196699E+01    0.689545807066926120E+01    0.438835193875922039E+08    0.115241706791369353E+03   -0.576208533956846765E+02
    0.144527320366471912E+02    0.136003672150719424E+01    0.107941499257653870E+02    0.484895290926797688E+08    0.115231147410104583E+03   -0.576155737050522916E+02
    0.865405832941990916E+01    0.137130036269268518E+01    0.391961558766233553E+01    0.446094347793910652E+08    0.115222169987377740E+03   -0.576110849936888698E+02
    0.301752218082434602E+02    0.136254170251046358E+01    0.480849378147746265E+01    0.467765504513081238E+08    0.115215164968095948E+03   -0.576075824840479740E+02
    0.152328627531546132E+02    0.137419857193818040E+01    0.636037853331730663E+01    0.387846632223797515E+08    0.115194334726590597E+03   -0.575971673632952985E+02
    0.755974879682032963E+01    0.135804031810726134E+01    0.698573285334680971E+01    0.357674822152622640E+08    0.115183285852394164E+03   -0.575916429261970819E+02
    0.205708236444757340E+02    0.135004277216211799E+01    0.633610172138132643E+01    0.392240781038212627E+08    0.115160963580784326E+03   -0.575804817903921631E+02
    0.287941376094988826E+02    0.136917097930393949E+01    0.507308922665536333E+01    0.336027931536403224E+08    0.115156302102211583E+03   -0.575781510511057917E+02
    0.200160513922865597E+02    0.135936266145079054E+01    0.556747987747955886E+01    0.530700697418771014E+08    0.115151033264714187E+03   -0.575755166323570933E+02
    0.892632157070936572E+01    0.136349657129180568E+01    0.101657326429044179E+02    0.359527489561139420E+08    0.115140881724853770E+03   -0.575704408624268851E+02
    0.779981892626123141E+01    0.136092373434700464E+01    0.410069595303828560E+01    0.464033018507969454E+08    0.114425277155457763E+03   -0.572126385777288817E+02
    0.204111675451536705E+02    0.136335930711081632E+01    0.689849595544221827E+01    0.505022418966839463E+08    0.114541274024430209E+03   -0.572706370122151043E+02
    0.981669466487757703E+01    0.136415737845938034E+01    0.531420748807051346E+01    0.409853714795971587E+08    0.114022892298349120E+03   -0.570114461491745601E+02
    0.135362008051498552E+02    0.136302207136869358E+01    0.603266409594488096E+01    0.412372156988958120E+08    0.113892221693650328E+03   -0.569461108468251638E+02
    0.135362008051498552E+02    0.136302207136869358E+01    0.603266409594488096E+01    0.412372156988958120E+08    0.113892221693650328E+03   -0.569461108468251638E+02
    0.886303003078395513E+01    0.135961426696389243E+01    0.453031750370186881E+01    0.441029127987617105E+08    0.114210259804257987E+03   -0.571051299021289935E+02
    0.164871138789035605E+02    0.135477976606541306E+01    0.685330509283413569E+01    0.418572173631394580E+08    0.114878991968646275E+03   -0.574394959843231376E+02
    0.181587850316430917E+02    0.136079926152299158E+01    0.494355509005467209E+01    0.542116221847888455E+08    0.115075706413299443E+03   -0.575378532066497215E+02
    0.162729183340017833E+02    0.135969829406306464E+01    0.575126977769462133E+01    0.460834624138580263E+08    0.114331901048847129E+03   -0.571659505244235646E+02
    0.230433841762400888E+02    0.136176460649607223E+01    0.359936695269170093E+01    0.476108936036318839E+08    0.115061724512784153E+03   -0.575308622563920764E+02
    0.207812340949923531E+02    0.136540281372852368E+01    0.926063249632358598E+01    0.559978938089025840E+08    0.115010869200639860E+03   -0.575054346003199299E+02
    0.822161876490301502E+01    0.135766756699186542E+01    0.652514167361029074E+01    0.430705550687691942E+08    0.114389430520893356E+03   -0.571947152604466780E+02
    0.205467741748957877E+02    0.136475493595201125E+01    0.802300005871660638E+01    0.479224934707036540E+08    0.114284615928350547E+03   -0.571423079641752736E+02
    0.158480945988812980E+02    0.135805829627009933E+01    0.453848201979901766E+01    0.399219969773162380E+08    0.114466630687356968E+03   -0.572333153436784841E+02
    0.112007180503160146E+02    0.136181594538593731E+01    0.388070694139912087E+01    0.429686593378029093E+08    0.114265195577479432E+03   -0.571325977887397158E+02
    0.113986082793870533E+02    0.135298522075295846E+01    0.665067071973455715E+01    0.444325649261266142E+08    0.114602426599213715E+03   -0.573012132996068573E+02
    0.158013938830827634E+02    0.135371994527809192E+01    0.544987070926253470E+01    0.438052047012307569E+08    0.114677705142436011E+03   -0.573388525712180055E+02
    0.424515423507782064E+01    0.135629060852668282E+01    0.335082610577709383E+01    0.508165825492704287E+08    0.114768873389062890E+03   -0.573844366945314448E+02
    0.641204495930433893E+01    0.136619587874044490E+01    0.695594946180277152E+01    0.528349969947779775E+08    0.114948790488665054E+03   -0.574743952443325270E+02
    0.211718071374139214E+02    0.136779372797658394E+01    0.693935837933669930E+01    0.504590316579640880E+08    0.114978527467975482E+03   -0.574892637339877410E+02
    0.363173647481522055E+01    0.136052399915764655E+01    0.583302753240374994E+01    0.434531339246991202E+08    0.114192400506713483E+03   -0.570962002533567414E+02
    0.179983646888832505E+01    0.135845347469561895E+01    0.315798999606217912E+01    0.455399245726853684E+08    0.114659973015696067E+03   -0.573299865078480337E+02
    0.959253684416900043E+01    0.134854247911059555E+01    0.103967852684847077E+02    0.511464472277389765E+08    0.114946527984788375E+03   -0.574732639923941875E+02
    0.101140445817496865E+02    0.135816931628713888E+01    0.756059708401303876E+01    0.371988692791829035E+08    0.115038538464744903E+03   -0.575192692323724515E+02
    0.112617972363314305E+02    0.136058804238303499E+01    0.854969298292808766E+01    0.435047509743317813E+08    0.114300857369919669E+03   -0.571504286849598344E+02
    0.159942198872610089E+02    0.134542003450697134E+01    0.961339990889091034E+01    0.459648168567897975E+08    0.115051327381604708E+03   -0.575256636908023538E+02
    0.105137671856964428E+02    0.136374573702251989E+01    0.743708156360692207E+01    0.376124295908234715E+08    0.114132722809209440E+03   -0.570663614046047201E+02
    0.541385804656664504E+01    0.136109106079045028E+01    0.824802099898628605E+01    0.402028523332767189E+08    0.114406112645501111E+03   -0.572030563227505553E+02
    0.103313206470330332E+02    0.136098874558853633E+01    0.771746851469233253E+01    0.380042160720545053E+08    0.114381342750045206E+03   -0.571906713750226032E+02
    0.396661213709484928E+00    0.135984619472856938E+01    0.749823671558729998E+01    0.398015787742191330E+08    0.114672656717024353E+03   -0.573363283585121764E+02
    0.158929313758699795E+02    0.136421262227838991E+01    0.811241684818198650E+01    0.431185221557112485E+08    0.113913922480620158E+03   -0.569569612403100791E+02
    0.158929313758699795E+02    0.136421262227838991E+01    0.811241684818198650E+01    0.431185221557112485E+08    0.113913922480620158E+03   -0.569569612403100791E+02
    0.169850831537190743E+02    0.136466267444767131E+01    0.951979174390791094E+01    0.470343393540690467E+08    0.114281203685427926E+03   -0.571406018427139628E+02
    0.606475894647166891E+00    0.135887343550554651E+01    0.753500112444293180E+01    0.396081456462651566E+08    0.114819902025981065E+03   -0.574099510129905326E+02
    0.152197224873034411E+02    0.136223777326802775E+01    0.102820431215953629E+02    0.467756599173164368E+08    0.114589216122067484E+03   -0.572946080610337418E+02
    0.756988844358247448E+01    0.136464714817746668E+01    0.973955075584295926E+01    0.380449007317105159E+08    0.114629174486182961E+03   -0.573145872430914807E+02
    0.122244949875833537E+02    0.136679513327835123E+01    0.118463155167910106E+02    0.442904044547801167E+08    0.115031050874991138E+03   -0.575155254374955689E+02
    0.113932698315154326E+02    0.136827727888598982E+01    0.760878934816902852E+01    0.439813562446365505E+08    0.114413705763300484E+03   -0.572068528816502422E+02
    0.132031939369027729E+02    0.136757779059376405E+01    0.955349832158652568E+01    0.447264685970210508E+08    0.114519363221051336E+03   -0.572596816105256678E+02
    0.258687745542859382E+01    0.137100092781293692E+01    0.720806212824836035E+01    0.402754485746385232E+08    0.115066024940869454E+03   -0.575330124704347270E+02
    0.116103241219280200E+02    0.136658247444762426E+01    0.111762368485360728E+02    0.432855974089805707E+08    0.114753557343630177E+03   -0.573767786718150887E+02
    0.100125923626360454E+02    0.136458848830649027E+01    0.112787032418848021E+02    0.544705070567584485E+08    0.115106169856167583E+03   -0.575530849280837913E+02
    0.134075579550702315E+02    0.136563748720801970E+01    0.909957733265028779E+01    0.530626937321798131E+08    0.114720277395803521E+03   -0.573601386979017605E+02
    0.595045586593253351E+01    0.136536057459302795E+01    0.828957501260984486E+01    0.499977121478623822E+08    0.114543611498453018E+03   -0.572718057492265089E+02
    0.128625479342018423E+02    0.136301670193926960E+01    0.106042810606863434E+02    0.392613322393476292E+08    0.114730111515226781E+03   -0.573650557576133906E+02
    0.191599605574506420E+02    0.136829468149671540E+01    0.101921059968654166E+02    0.458407800635586679E+08    0.114896929663704711E+03   -0.574484648318523554E+02
    0.646253949132101280E+01    0.136206857243329438E+01    0.546970331333879489E+01    0.354261645333298817E+08    0.114587581505148478E+03   -0.572937907525742389E+02
    0.103965811947484035E+02    0.136215179301957812E+01    0.751845492446159991E+01    0.333770289778193757E+08    0.115024086863182731E+03   -0.575120434315913656E+02
    0.229861993812288752E+02    0.135897242310438338E+01    0.275772438212067472E+01    0.441662046642396376E+08    0.115134943729967574E+03   -0.575674718649837871E+02
    0.235441695432267650E+02    0.136495479786086915E+01    0.524318269040378215E+01    0.391097209433084726E+08    0.114107470965974414E+03   -0.570537354829872072E+02
    0.122355830373442149E+02    0.136151479011196863E+01    0.246460326068628000E+01    0.390933253911959380E+08    0.114587393978182646E+03   -0.572936969890913232E+02
    0.363513871835158042E+02    0.136435616851039465E+01    0.530868365689270938E+01    0.367290299809991792E+08    0.115115565536671625E+03   -0.575577827683358123E+02
    0.229716027689940390E+02    0.136218439993034912E+01    0.528937202677265272E+01    0.338550888223238438E+08    0.114781137626842821E+03   -0.573905688134214103E+02
    0.319133247765180030E+02    0.136165532361731678E+01    0.448402231562898201E+01    0.370766053086619675E+08    0.115104201896389526E+03   -0.575521009481947630E+02
    0.263028628048668267E+02    0.136589490510105560E+01    0.365291571848107210E+01    0.328483113482409120E+08    0.115033157276159614E+03   -0.575165786380798068E+02
    0.330365768482474920E+02    0.136788204703360061E+01    0.529800122201302415E+01    0.366117657873519585E+08    0.114991516320420459E+03   -0.574957581602102294E+02
    0.140153685653658915E+02    0.136278620696949337E+01    0.248808359274247026E+01    0.362274255153994411E+08    0.114806328671232748E+03   -0.574031643356163741E+02
    0.297949068204885883E+02    0.136311622716330372E+01    0.444190994662889338E+01    0.379429928834930584E+08    0.114737414676873442E+03   -0.573687073384367210E+02
    0.130765951433797039E+02    0.136322203508100959E+01    0.709922817995770572E+01    0.329109624129802808E+08    0.114857361356526212E+03   -0.574286806782631061E+02
    0.192701574728627776E+02    0.136496055196590116E+01    0.365494716360264471E+01    0.383938428871282265E+08    0.114345098172508941E+03   -0.571725490862544703E+02
    0.288230384963084774E+02    0.136535628862606595E+01    0.616771263519492141E+01    0.317295890397426151E+08    0.115138476279656516E+03   -0.575692381398282578E+02
    0.259805584783098311E+02    0.136515422317904234E+01    0.466789264087295219E+01    0.422533123438807949E+08    0.114429601862990779E+03   -0.572148009314953896E+02
    0.249203891440266041E+02    0.136199726074521643E+01    0.442843805300982662E+01    0.423397694208173305E+08    0.114519362095558165E+03   -0.572596810477790825E+02
    0.116781032057113379E+02    0.136226904174901020E+01    0.432413500725463695E+01    0.366326883624284565E+08    0.114341837391564184E+03   -0.571709186957820918E+02
    0.177784307322511594E+02    0.136686374483618822E+01    0.651034415792520704E+01    0.358732515455180854E+08    0.114262398330529038E+03   -0.571311991652645190E+02
    0.111972531579473227E+02    0.137104608512817228E+01    0.723567612754651002E+01    0.374041237247998789E+08    0.114829054774332576E+03   -0.574145273871662880E+02
    0.277213028029148738E+02    0.136864794537407164E+01    0.859540137614481559E+01    0.394984808264248893E+08    0.114780012628488919E+03   -0.573900063142444594E+02
    0.249036640723400673E+02    0.137110771941090759E+01    0.410466225746419067E+01    0.360293499161109626E+08    0.115056255105586814E+03   -0.575281275527934071E+02
    0.837937737023401041E+01    0.136766069110739918E+01    0.665769350349777866E+01    0.366068849782603532E+08    0.114532954200869142E+03   -0.572664771004345710E+02
    0.142892433132543708E+02    0.136517091422354864E+01    0.759947144839750610E+01    0.354326809733303413E+08    0.114329462217887368E+03   -0.571647311089436840E+02
    0.137380354932317221E+02    0.136536427172680841E+01    0.623170373704173031E+01    0.324104943068981282E+08    0.114754410224439283E+03   -0.573772051122196416E+02
    0.148799554267145915E+02    0.137258976703107427E+01    0.547635522192606761E+01    0.377897026920496449E+08    0.114864523161749190E+03   -0.574322615808745951E+02
    0.545595682048019270E+01    0.137296568077737757E+01    0.488972887041269466E+01    0.373885471750610843E+08    0.115140306323414308E+03   -0.575701531617071538E+02
    0.156136925080283167E+02    0.136917520299420414E+01    0.447081012653467003E+01    0.433773307934268862E+08    0.114707534480013621E+03   -0.573537672400068104E+02
    0.154279540813072042E+02    0.136739749307396674E+01    0.576613406824871522E+01    0.399139847984951437E+08    0.114127823575767167E+03   -0.570639117878835833E+02
    0.132720463153936610E+02    0.137197460769082991E+01    0.639805312961025408E+01    0.410404004817140922E+08    0.114766178541112311E+03   -0.573830892705561553E+02
    0.163213592674417001E+02    0.136906000378308113E+01    0.436416958221535634E+01    0.417088108394410461E+08    0.114596970141669686E+03   -0.572984850708348432E+02
    0.193731600348525674E+02    0.136917885314314658E+01    0.820319246635642152E+01    0.435101516993324384E+08    0.114575549649522713E+03   -0.572877748247613567E+02
    0.115430659346584914E+02    0.136681747830332023E+01    0.428833276907827887E+01    0.417174286752631590E+08    0.114406170728182133E+03   -0.572030853640910664E+02
    0.867537353091593566E+01    0.136512873883055597E+01    0.857661846035805731E+01    0.355778403379148543E+08    0.114670647812027596E+03   -0.573353239060137980E+02
    0.147694400810831805E+02    0.136420767090414419E+01    0.691438765332847982E+01    0.371094039239150882E+08    0.114046459882981139E+03   -0.570232299414905697E+02
    0.245232289718123404E+02    0.136791176412232907E+01    0.103977960037128696E+02    0.378425694707627818E+08    0.115065175664793756E+03   -0.575325878323968780E+02
    0.210310901496144282E+02    0.136546011037910375E+01    0.714352757931709004E+01    0.359085843060905784E+08    0.114202030285538953E+03   -0.571010151427694765E+02
    0.263515969287694638E+02    0.136904316843636553E+01    0.793776385519072125E+01    0.447536316155916154E+08    0.114911013350925089E+03   -0.574555066754625443E+02
    0.200476519441113510E+02    0.136201502825491350E+01    0.508536529039512608E+01    0.341036995355806723E+08    0.114673464026237184E+03   -0.573367320131185920E+02
    0.130591977977837121E+02    0.136865949794153297E+01    0.473690320216080973E+01    0.370672349437723234E+08    0.114529337751675854E+03   -0.572646688758379270E+02
    0.156640935543697548E+02    0.136425476850368366E+01    0.498672136360279250E+01    0.351536914814548194E+08    0.114341677078521727E+03   -0.571708385392608633E+02
