    0.911885954960690555E+02    0.112146007349456656E+01    0.633852454031482750E+02    0.873814144092043638E+08    0.115256478846503842E+04   -0.576282394232519209E+03
    0.939159862944050587E+02    0.112074103008190407E+01    0.631970167981571933E+02    0.233274262485919327E+09    0.115130466674753552E+04   -0.575652333373767760E+03
    0.876527431190873898E+02    0.112102324805952858E+01    0.668532529387651380E+02    0.109098743450194076E+09    0.114991909578944183E+04   -0.574959547894720913E+03
    0.884408641333004084E+02    0.112031088639626564E+01    0.684202372393087899E+02    0.864152709371523857E+08    0.114804802969196135E+04   -0.574024014845980673E+03
    0.854420734008426734E+02    0.111805500618922182E+01    0.664047157049837864E+02    0.691192951869341582E+08    0.114706519546520940E+04   -0.573532597732604700E+03
    0.728579082910291476E+02    0.111801477117892811E+01    0.818869528801963611E+02    0.182831477594150692E+09    0.114674106233812245E+04   -0.573370531169061223E+03
    0.781497255725007705E+02    0.112021337737326121E+01    0.685411467226066122E+02    0.141179568095012963E+09    0.114648794759712223E+04   -0.573243973798561115E+03
    0.968469069784827070E+02    0.111510678245681571E+01    0.701204403519549544E+02    0.214176706735376120E+09    0.114638514775205499E+04   -0.573192573876027495E+03
    0.106792686926832658E+03    0.111645285217636636E+01    0.705674829233164331E+02    0.126481318293491527E+09    0.114551867943320758E+04   -0.572759339716603790E+03
    0.838642626848032648E+02    0.111612036096149558E+01    0.633256650235474510E+02    0.222763603752010703E+09    0.114532272611851113E+04   -0.572661363059255564E+03
    0.102466317125612235E+03    0.111987613083506821E+01    0.729843945087898192E+02    0.126804108004103586E+09    0.114522401229039428E+04   -0.572612006145197142E+03
    0.910374014109578695E+02    0.111536031193053531E+01    0.800615977131288190E+02    0.156515637708883584E+09    0.114511564237138646E+04   -0.572557821185693228E+03
    0.850959352097565045E+02    0.111764003084066532E+01    0.757545470484571695E+02    0.107560106953264058E+09    0.114504128238436147E+04   -0.572520641192180733E+03
    0.105632679769666396E+03    0.111993804670407138E+01    0.743602163322538701E+02    0.164026894373811811E+09    0.114495728412379026E+04   -0.572478642061895130E+03
    0.742979691436842984E+02    0.111953622667863217E+01    0.688528903231640470E+02    0.169838171842255712E+09    0.114464126248899083E+04   -0.572320631244495416E+03
    0.942354534048883323E+02    0.111897056209928469E+01    0.889522058051434641E+02    0.246627735608629525E+09    0.114453433528187838E+04   -0.572267167640939192E+03
    0.990453286904592005E+02    0.112054702967153030E+01    0.734376141339393911E+02    0.173347003341634810E+09    0.114443327877976299E+04   -0.572216639389881493E+03
    0.975237000320376808E+02    0.111618863578393501E+01    0.655029494274293143E+02    0.213312131958650172E+09    0.114435376457180701E+04   -0.572176882285903503E+03
    0.804755007851788804E+02    0.111604200785510410E+01    0.667189986026086217E+02    0.120387692739131927E+09    0.114433636882534483E+04   -0.572168184412672417E+03
    0.867792635295435986E+02    0.111579347108303795E+01    0.858355827529402688E+02    0.210427094397811204E+09    0.114423640613999305E+04   -0.572118203069996525E+03
    0.100073508088922239E+03    0.111746016990678210E+01    0.800858869567424421E+02    0.132533383832238197E+09    0.114411515888372310E+04   -0.572057579441861549E+03
    0.764690028370838206E+02    0.111566679703205840E+01    0.678482432975129512E+02    0.172644968812439859E+09    0.114381744214671153E+04   -0.571908721073355764E+03
    0.902922384185085178E+02    0.111920717579554729E+01    0.548166488781026473E+02    0.955180311856075078E+08    0.114373053523709882E+04   -0.571865267618549410E+03
    0.809441107425591326E+02    0.112006649277444126E+01    0.680864793028131317E+02    0.143133211275110334E+09    0.114349995315844558E+04   -0.571749976579222789E+03
    0.911160706873993576E+02    0.111593249130476546E+01    0.656379688206373402E+02    0.216458201311770320E+09    0.114333110155082886E+04   -0.571665550775414431E+03
    0.952669204216467733E+02    0.111700827678631875E+01    0.568503501054913869E+02    0.120230284917564735E+09    0.114305675012881397E+04   -0.571528375064406987E+03
    0.842100972987307159E+02    0.111932720405716091E+01    0.658873662598033150E+02    0.946028727906664312E+08    0.114297632431036959E+04   -0.571488162155184796E+03
    0.951865464158098007E+02    0.111927661976692638E+01    0.831117678139468978E+02    0.173988197919936240E+09    0.114296543233592001E+04   -0.571482716167960007E+03
    0.739301134998085274E+02    0.111726182409331010E+01    0.694475357788021341E+02    0.212745391483193010E+09    0.114293527598379342E+04   -0.571467637991896709E+03
    0.914180694263237967E+02    0.112034881016916987E+01    0.691960975943879220E+02    0.133622079494659036E+09    0.114289837826679582E+04   -0.571449189133397908E+03
    0.827320621930693960E+02    0.111619037461095694E+01    0.682634559751285792E+02    0.120315042059554964E+09    0.114279519340165916E+04   -0.571397596700829581E+03
    0.102489019148314668E+03    0.111989785065402936E+01    0.656592649589255331E+02    0.169065323529834747E+09    0.114273637847933446E+04   -0.571368189239667231E+03
    0.101549672515049764E+03    0.111745764913792978E+01    0.647844421666606110E+02    0.207377578374444574E+09    0.114272123344137117E+04   -0.571360616720685584E+03
    0.939505018311315894E+02    0.111618665853036436E+01    0.621844530949322660E+02    0.889836752315624207E+08    0.114266300222615178E+04   -0.571331501113075888E+03
    0.108823793306768252E+03    0.111882696932812586E+01    0.707261557823535014E+02    0.159146035321262181E+09    0.114247045735156939E+04   -0.571235228675784697E+03
    0.106998799491594497E+03    0.111769224522092703E+01    0.629752827856958746E+02    0.140967950388264477E+09    0.114244567857188463E+04   -0.571222839285942314E+03
    0.955928133530946980E+02    0.111991630953501042E+01    0.794663963865753118E+02    0.218294462863268137E+09    0.114230793515290088E+04   -0.571153967576450441E+03
    0.803460882560308534E+02    0.111886877989639477E+01    0.657190664544231851E+02    0.117555350006630778E+09    0.114228085918622673E+04   -0.571140429593113367E+03
    0.106101190470676329E+03    0.111818346848468075E+01    0.779622665959479662E+02    0.218722982656257898E+09    0.114221999360420318E+04   -0.571109996802101591E+03
    0.916358911564379071E+02    0.111747665594988321E+01    0.803824513520691823E+02    0.136996953293241501E+09    0.114215748317692464E+04   -0.571078741588462321E+03
    0.740411905204916962E+02    0.111863956179919022E+01    0.711480167327447930E+02    0.168775356147468567E+09    0.114212117086286685E+04   -0.571060585431433424E+03
    0.947071568432039328E+02    0.111656639119650869E+01    0.606123934941225500E+02    0.177344540885108948E+09    0.114206366440749503E+04   -0.571031832203747513E+03
    0.945296357801380935E+02    0.111871086808057174E+01    0.852590542202535886E+02    0.190012950885593444E+09    0.114186217764847174E+04   -0.570931088824235871E+03
    0.806801954637893033E+02    0.111770287410058522E+01    0.641631327894910015E+02    0.106522516205037713E+09    0.114176131163769901E+04   -0.570880655818849505E+03
    0.937689343107097955E+02    0.111823410569591419E+01    0.573995661448374861E+02    0.171147654934942067E+09    0.114175569379858189E+04   -0.570877846899290944E+03
    0.105386829433820978E+03    0.111880090897456119E+01    0.775953237237389999E+02    0.197604506857546896E+09    0.114173724145584788E+04   -0.570868620727923940E+03
    0.100366282505732869E+03    0.111933906374743786E+01    0.650511264512059739E+02    0.854190232826378644E+08    0.114165356889251825E+04   -0.570826784446259126E+03
    0.819468907970390177E+02    0.111823985145760707E+01    0.608092650643347241E+02    0.191941609662707537E+09    0.114157496331067159E+04   -0.570787481655335796E+03
    0.886649324840470712E+02    0.112043996908059418E+01    0.684338184728590306E+02    0.172539800838200152E+09    0.114156757452862598E+04   -0.570783787264312991E+03
    0.801512439749680112E+02    0.111624859151669287E+01    0.716626668061475840E+02    0.142849340665267259E+09    0.114153377950131676E+04   -0.570766889750658379E+03
    0.926793572732042037E+02    0.112013687582210530E+01    0.683034524076018243E+02    0.133346311172426671E+09    0.114151234822492415E+04   -0.570756174112462077E+03
    0.935801435960484014E+02    0.111614714197147147E+01    0.687609885273536463E+02    0.117340995034535691E+09    0.114134729502629170E+04   -0.570673647513145852E+03
    0.850819892167627643E+02    0.111846674062234008E+01    0.582123442727459661E+02    0.122763164897219405E+09    0.114128128861894675E+04   -0.570640644309473373E+03
    0.836607211292025568E+02    0.111661782833760914E+01    0.605976034708835840E+02    0.154201972620342106E+09    0.114122571838079625E+04   -0.570612859190398126E+03
    0.897892583304574714E+02    0.111659968376937524E+01    0.678229272617377603E+02    0.968170603793171644E+08    0.114119403796578376E+04   -0.570597018982891882E+03
    0.860478469142318403E+02    0.111881186912271358E+01    0.851777007994486866E+02    0.248005317777346820E+09    0.114100680522805351E+04   -0.570503402614026754E+03
    0.102533755716013616E+03    0.111883391919790243E+01    0.681341862920835126E+02    0.914915219766800404E+08    0.114097265745032132E+04   -0.570486328725160661E+03
    0.947382256788204700E+02    0.111739704175464394E+01    0.584014043174376525E+02    0.159564495321836084E+09    0.114093053529216695E+04   -0.570465267646083475E+03
    0.885235538004550335E+02    0.111706069419815801E+01    0.590943060838637706E+02    0.119639900739911839E+09    0.114090534971712873E+04   -0.570452674858564365E+03
    0.850036157643026229E+02    0.111903899024991182E+01    0.669336987977775664E+02    0.111756107854174480E+09    0.114084590312709543E+04   -0.570422951563547713E+03
    0.953220479993455996E+02    0.111899069156089936E+01    0.586517674300199729E+02    0.158773315985482067E+09    0.114080005230277084E+04   -0.570400026151385418E+03
    0.100477973959756994E+03    0.111761462978719450E+01    0.732809097295974823E+02    0.241358759849588424E+09    0.114079626804705231E+04   -0.570398134023526154E+03
    0.869909713394825559E+02    0.112005920375030765E+01    0.674260242428974550E+02    0.189819901370015323E+09    0.114078405713652364E+04   -0.570392028568261821E+03
    0.900524275164304129E+02    0.111969242994470952E+01    0.681215585707773670E+02    0.220444463082943618E+09    0.114075993081944853E+04   -0.570379965409724264E+03
    0.779520609579664097E+02    0.111797428582536451E+01    0.733213536242912767E+02    0.144476344745772183E+09    0.114071659483696249E+04   -0.570358297418481243E+03
    0.800759645023960189E+02    0.111852581592368350E+01    0.804749910452326844E+02    0.180792757006731123E+09    0.114068813224974042E+04   -0.570344066124870210E+03
    0.872873713607685602E+02    0.111837582516484746E+01    0.831666187875956666E+02    0.171313918957524300E+09    0.114068691869026907E+04   -0.570343459345134534E+03
    0.904880331045880837E+02    0.111613880176809621E+01    0.737161503512524519E+02    0.242027087751326442E+09    0.114065395059292905E+04   -0.570326975296464525E+03
    0.836664579762486369E+02    0.111741273177298850E+01    0.714927690778760336E+02    0.119727850733545408E+09    0.114065063134149750E+04   -0.570325315670748751E+03
    0.829479628826922806E+02    0.111911036243514150E+01    0.794780448875619783E+02    0.175265583497373044E+09    0.114064627794843500E+04   -0.570323138974217500E+03
    0.797794103800087129E+02    0.111902091895846190E+01    0.635317019648016341E+02    0.181113766377550930E+09    0.114057240568091765E+04   -0.570286202840458827E+03
    0.872887572465123895E+02    0.111662074637947795E+01    0.794192567793535034E+02    0.153809334800672978E+09    0.114056698734898350E+04   -0.570283493674491751E+03
    0.950491199511533296E+02    0.111795509191407527E+01    0.720347107831073714E+02    0.257747440211022437E+09    0.114055689155896971E+04   -0.570278445779484855E+03
    0.895639332706046360E+02    0.111726650223987112E+01    0.588843149790662963E+02    0.913031719124265015E+08    0.114055674850465675E+04   -0.570278374252328376E+03
    0.768924405942950386E+02    0.111774219585794321E+01    0.787312120659981929E+02    0.200486416299871832E+09    0.114049049274685149E+04   -0.570245246373425744E+03
    0.885145328414258614E+02    0.111717419173809995E+01    0.598767081341051153E+02    0.105304931276978448E+09    0.114039744993158843E+04   -0.570198724965794213E+03
    0.101540505935477796E+03    0.111853053260869473E+01    0.600284961828402075E+02    0.874021942889937758E+08    0.114031986333863642E+04   -0.570159931669318212E+03
    0.785028702039888628E+02    0.111885725095402755E+01    0.776011353854310357E+02    0.227256651903020173E+09    0.114031809813157315E+04   -0.570159049065786576E+03
    0.913552935859930670E+02    0.111902001490374925E+01    0.587560155495137479E+02    0.931710389405654073E+08    0.114030964294277101E+04   -0.570154821471385503E+03
    0.865159111434078767E+02    0.111878595418178128E+01    0.599436028373491609E+02    0.117540789393836126E+09    0.114028854987911541E+04   -0.570144274939557704E+03
    0.865159111434078767E+02    0.111878595418178128E+01    0.599436028373491609E+02    0.117540789393836126E+09    0.114028854987911541E+04   -0.570144274939557704E+03
    0.106987419508108303E+03    0.111817301639227407E+01    0.714467946815114203E+02    0.148142075942894369E+09    0.114028138522789959E+04   -0.570140692613949795E+03
    0.104816958237240854E+03    0.111722320543975062E+01    0.673064327063542152E+02    0.140717386166234910E+09    0.114021813901990845E+04   -0.570109069509954224E+03
    0.101135095999316391E+03    0.111732034897658794E+01    0.638123727561670648E+02    0.179009878686492056E+09    0.114020581627027104E+04   -0.570102908135135522E+03
    0.795339894875071138E+02    0.111685516248289129E+01    0.796555790064036984E+02    0.189938546332224846E+09    0.114020345763835303E+04   -0.570101728819176515E+03
    0.795339894875071138E+02    0.111685516248289129E+01    0.796555790064036984E+02    0.189938546332224846E+09    0.114020345763835303E+04   -0.570101728819176515E+03
    0.799581960651629231E+02    0.111675192877587315E+01    0.796524149508123713E+02    0.200249397698114067E+09    0.114007414873509401E+04   -0.570037074367547007E+03
    0.910736322738043071E+02    0.111828977950131225E+01    0.810292749420530782E+02    0.269638572928365409E+09    0.114004964175376858E+04   -0.570024820876884291E+03
    0.897941878454008133E+02    0.111972727446723641E+01    0.618743102682593573E+02    0.157859795358099550E+09    0.114004253017038332E+04   -0.570021265085191658E+03
    0.897941878454008133E+02    0.111972727446723641E+01    0.618743102682593573E+02    0.157859795358099550E+09    0.114004253017038332E+04   -0.570021265085191658E+03
    0.991712397403929202E+02    0.111830794401331790E+01    0.627079964545588666E+02    0.187847958452164292E+09    0.114001846402376714E+04   -0.570009232011883569E+03
    0.990402866505986168E+02    0.111673281585091400E+01    0.713038901961181182E+02    0.214054280777618945E+09    0.113991601692368522E+04   -0.569958008461842610E+03
    0.990402866505986168E+02    0.111673281585091400E+01    0.713038901961181182E+02    0.214054280777618945E+09    0.113991601692368522E+04   -0.569958008461842610E+03
    0.967614902041152334E+02    0.111730799649643209E+01    0.703014654152951124E+02    0.236614965829894871E+09    0.113990654737343721E+04   -0.569953273686718603E+03
    0.807346454878106954E+02    0.111841665953722669E+01    0.806518813053472456E+02    0.188889728157027751E+09    0.113989866915026005E+04   -0.569949334575130024E+03
    0.904268040227444203E+02    0.111616844399240245E+01    0.811989024634304428E+02    0.228764923265322983E+09    0.113985287010236425E+04   -0.569926435051182125E+03
    0.914267260187309745E+02    0.111568255671652694E+01    0.764389128636843793E+02    0.191017713306456536E+09    0.113984523050465577E+04   -0.569922615252327887E+03
    0.903679856292278458E+02    0.111965439816857049E+01    0.677328495888464630E+02    0.204361375391649812E+09    0.113977699172011171E+04   -0.569888495860055855E+03
    0.903679856292278458E+02    0.111965439816857049E+01    0.677328495888464630E+02    0.204361375391649812E+09    0.113977699172011171E+04   -0.569888495860055855E+03
    0.914085265041995569E+02    0.111593353260827266E+01    0.737479999098296588E+02    0.148372076744209051E+09    0.113972685948216576E+04   -0.569863429741082882E+03
    0.976680602376086426E+02    0.111901169011123547E+01    0.602250745911356304E+02    0.149258276729950666E+09    0.113968728378452693E+04   -0.569843641892263463E+03
    0.919284080564125361E+02    0.111967931357661521E+01    0.659171430462779853E+02    0.128958962155662954E+09    0.113965831553589783E+04   -0.569829157767948914E+03
    0.917054969252181991E+02    0.111858748323066970E+01    0.843165112512220105E+02    0.246724538536464989E+09    0.113965441018772572E+04   -0.569827205093862858E+03
    0.938362060999805863E+02    0.111915302110861048E+01    0.664007769298376047E+02    0.976426396525748223E+08    0.113957117137507021E+04   -0.569785585687535104E+03
    0.855579941158252240E+02    0.111846519001608780E+01    0.712740142225048743E+02    0.121477063052775443E+09    0.113956816649857365E+04   -0.569784083249286823E+03
    0.855579941158252240E+02    0.111846519001608780E+01    0.712740142225048743E+02    0.121477063052775443E+09    0.113956816649857365E+04   -0.569784083249286823E+03
    0.860865972581994185E+02    0.111954648766969722E+01    0.775369531589122261E+02    0.212838175298023105E+09    0.113954974738272222E+04   -0.569774873691361108E+03
    0.860865972581994185E+02    0.111954648766969722E+01    0.775369531589122261E+02    0.212838175298023105E+09    0.113954974738272222E+04   -0.569774873691361108E+03
    0.854005913130917520E+02    0.111729033015722634E+01    0.849278360680339830E+02    0.219853441612661719E+09    0.113952087238781928E+04   -0.569760436193909641E+03
    0.905216678409159954E+02    0.111864058672732614E+01    0.593999909723162531E+02    0.109344940684802040E+09    0.113951991330842975E+04   -0.569759956654214875E+03
    0.898904999336608768E+02    0.111783542056178109E+01    0.589475298962253902E+02    0.166717348072032690E+09    0.113951470350276986E+04   -0.569757351751384931E+03
    0.898904999336608768E+02    0.111783542056178109E+01    0.589475298962253902E+02    0.166717348072032690E+09    0.113951470350276986E+04   -0.569757351751384931E+03
    0.830242807743011468E+02    0.111866974876405889E+01    0.607940052223908225E+02    0.160284759291395485E+09    0.113951066430216633E+04   -0.569755332151083167E+03
    0.948228631934246664E+02    0.111924832519620732E+01    0.643846361139960237E+02    0.105866498773073509E+09    0.113946120309809703E+04   -0.569730601549048515E+03
    0.927735781649596305E+02    0.111843240150980194E+01    0.845850338065962291E+02    0.206861134060114503E+09    0.113945471215970156E+04   -0.569727356079850779E+03
    0.927735781649596305E+02    0.111843240150980194E+01    0.845850338065962291E+02    0.206861134060114503E+09    0.113945471215970156E+04   -0.569727356079850779E+03
    0.975843234127022470E+02    0.111879359691363978E+01    0.683973283867354667E+02    0.100966152196221516E+09    0.113940641544939399E+04   -0.569703207724696995E+03
    0.969958749811100347E+02    0.111726603911895994E+01    0.674106370843694407E+02    0.906844345898098648E+08    0.113940316885853690E+04   -0.569701584429268451E+03
    0.969958749811100347E+02    0.111726603911895994E+01    0.674106370843694407E+02    0.906844345898098648E+08    0.113940316885853690E+04   -0.569701584429268451E+03
    0.848881689665154511E+02    0.111716520708096034E+01    0.652799867808726049E+02    0.117387550990427062E+09    0.113939710026972648E+04   -0.569698550134863240E+03
    0.962138461768595192E+02    0.111952362377341452E+01    0.749011901779055052E+02    0.215217160080781162E+09    0.113939295819863673E+04   -0.569696479099318367E+03
    0.919123686643787607E+02    0.111938332344974500E+01    0.608550075507758521E+02    0.155090310448716849E+09    0.113937804470855190E+04   -0.569689022354275949E+03
    0.100638787673495528E+03    0.111749866473197956E+01    0.650610298904749413E+02    0.991818573073456585E+08    0.113936778483506077E+04   -0.569683892417530387E+03
    0.100638787673495528E+03    0.111749866473197956E+01    0.650610298904749413E+02    0.991818573073456585E+08    0.113936778483506077E+04   -0.569683892417530387E+03
    0.974671589357967747E+02    0.111743927204536364E+01    0.609191041168157383E+02    0.120421473131053209E+09    0.113936076677022129E+04   -0.569680383385110645E+03
    0.995563224427036033E+02    0.111867186810532004E+01    0.614323804375170397E+02    0.882377855441675335E+08    0.113935745757776567E+04   -0.569678728788882836E+03
    0.865552151267695109E+02    0.111963349548354985E+01    0.640214393552101910E+02    0.172933985808379948E+09    0.113934611976391261E+04   -0.569673059881956306E+03
    0.100901409837477757E+03    0.111722329708288792E+01    0.672011513849644331E+02    0.190425981093590200E+09    0.113932692709588696E+04   -0.569663463547943479E+03
    0.954193133076565658E+02    0.111686742105143333E+01    0.613637648170106331E+02    0.141809798334039539E+09    0.113932536854674458E+04   -0.569662684273372292E+03
    0.872361016621010634E+02    0.111931089505288495E+01    0.768857280505328191E+02    0.242257124093674093E+09    0.113932175912357866E+04   -0.569660879561789329E+03
    0.897799496639669030E+02    0.111940143959829319E+01    0.641751680547075694E+02    0.190346632287490755E+09    0.113930609478101337E+04   -0.569653047390506686E+03
    0.897799496639669030E+02    0.111940143959829319E+01    0.641751680547075694E+02    0.190346632287490755E+09    0.113930609478101337E+04   -0.569653047390506686E+03
    0.888162331964154532E+02    0.111956597661389923E+01    0.693042665955488530E+02    0.134477477928771317E+09    0.113929372399657404E+04   -0.569646861998287022E+03
    0.888162331964154532E+02    0.111956597661389923E+01    0.693042665955488530E+02    0.134477477928771317E+09    0.113929372399657404E+04   -0.569646861998287022E+03
    0.819995480487197170E+02    0.111814451373560786E+01    0.618110088484866012E+02    0.138878868768857509E+09    0.113917281761038680E+04   -0.569586408805193400E+03
    0.866139424662189441E+02    0.111897941120247890E+01    0.609054002018006599E+02    0.135849772631716102E+09    0.113916907171504249E+04   -0.569584535857521246E+03
    0.105562954110937170E+03    0.111810341047644468E+01    0.681216453582895269E+02    0.152203328283472538E+09    0.113916149840377921E+04   -0.569580749201889603E+03
    0.105562954110937170E+03    0.111810341047644468E+01    0.681216453582895269E+02    0.152203328283472538E+09    0.113916149840377921E+04   -0.569580749201889603E+03
    0.935605244457619278E+02    0.111792191288079512E+01    0.744507142691641377E+02    0.123752888716488495E+09    0.113909190159206696E+04   -0.569545950796033480E+03
    0.912340525970895726E+02    0.111717194869781222E+01    0.829996268688288694E+02    0.249816333872464150E+09    0.113907872331561748E+04   -0.569539361657808740E+03
    0.796760666817069705E+02    0.111676349646105488E+01    0.717374365472823712E+02    0.206496286977033764E+09    0.113907064988397724E+04   -0.569535324941988620E+03
    0.851680647746271404E+02    0.111933680621851672E+01    0.743204419176839082E+02    0.231694332477902234E+09    0.113901313017942266E+04   -0.569506565089711330E+03
    0.851680647746271404E+02    0.111933680621851672E+01    0.743204419176839082E+02    0.231694332477902234E+09    0.113901313017942266E+04   -0.569506565089711330E+03
    0.968024900450160715E+02    0.111624156698350263E+01    0.675572449449402370E+02    0.154640984185657322E+09    0.113895569568468272E+04   -0.569477847842341362E+03
    0.893757583484344167E+02    0.111692728071055480E+01    0.832279502127086772E+02    0.241006132062815487E+09    0.113893441858461983E+04   -0.569467209292309917E+03
    0.926054646257865528E+02    0.111827465129837189E+01    0.706677784304804817E+02    0.108696385923085779E+09    0.113890638805496701E+04   -0.569453194027483505E+03
    0.926054646257865528E+02    0.111827465129837189E+01    0.706677784304804817E+02    0.108696385923085779E+09    0.113890638805496701E+04   -0.569453194027483505E+03
    0.797530498578914262E+02    0.111713192452739918E+01    0.749426411391588090E+02    0.235282974468428701E+09    0.113888117076784761E+04   -0.569440585383923803E+03
    0.799013813463465397E+02    0.111887903100864294E+01    0.686817665409804761E+02    0.192666698942637116E+09    0.113882475709511027E+04   -0.569412378547555136E+03
    0.833707202475545301E+02    0.111781129304047777E+01    0.785579095557355913E+02    0.158213545040370613E+09    0.113879876681008159E+04   -0.569399383405040794E+03
    0.833707202475545301E+02    0.111781129304047777E+01    0.785579095557355913E+02    0.158213545040370613E+09    0.113879876681008159E+04   -0.569399383405040794E+03
    0.980967514033299892E+02    0.111846241505881627E+01    0.817494982199192322E+02    0.216263118022093803E+09    0.113872093843834477E+04   -0.569360469219172387E+03
    0.880185100481162976E+02    0.111583410205935563E+01    0.703817952006651382E+02    0.162804414113915533E+09    0.113871182148648063E+04   -0.569355910743240315E+03
    0.958305152005263778E+02    0.111654003762926957E+01    0.713675354706080753E+02    0.209091697995268941E+09    0.113871140933143670E+04   -0.569355704665718349E+03
    0.958305152005263778E+02    0.111654003762926957E+01    0.713675354706080753E+02    0.209091697995268941E+09    0.113871140933143670E+04   -0.569355704665718349E+03
    0.812688049716202983E+02    0.111685820971496685E+01    0.783502830495261264E+02    0.182810600596214741E+09    0.113864840318406050E+04   -0.569324201592030249E+03
    0.812688049716202983E+02    0.111685820971496685E+01    0.783502830495261264E+02    0.182810600596214741E+09    0.113864840318406050E+04   -0.569324201592030249E+03
    0.924945040694188805E+02    0.111960140399776975E+01    0.640997309338361703E+02    0.140132847981560111E+09    0.113864811920913462E+04   -0.569324059604567310E+03
    0.924945040694188805E+02    0.111960140399776975E+01    0.640997309338361703E+02    0.140132847981560111E+09    0.113864811920913462E+04   -0.569324059604567310E+03
    0.886663242184551450E+02    0.111573587422450315E+01    0.713300610498211114E+02    0.177937165555725127E+09    0.113864538915096432E+04   -0.569322694575482160E+03
    0.886663242184551450E+02    0.111573587422450315E+01    0.713300610498211114E+02    0.177937165555725127E+09    0.113864538915096432E+04   -0.569322694575482160E+03
    0.852339565993637223E+02    0.111684564936820840E+01    0.742982652530192098E+02    0.245293754520607919E+09    0.113864472419299932E+04   -0.569322362096499660E+03
    0.906223362014765286E+02    0.111985616239445940E+01    0.678521906803184294E+02    0.153414823680265516E+09    0.113863045384896554E+04   -0.569315226924482772E+03
    0.906223362014765286E+02    0.111985616239445940E+01    0.678521906803184294E+02    0.153414823680265516E+09    0.113863045384896554E+04   -0.569315226924482772E+03
    0.891349218944341146E+02    0.111606660669090219E+01    0.730049666117932361E+02    0.208496917731338650E+09    0.113861067280862540E+04   -0.569305336404312698E+03
    0.990028234490426229E+02    0.111795742167194745E+01    0.765773908090919520E+02    0.141120832772179902E+09    0.113860790791921227E+04   -0.569303953959606133E+03
    0.862319409716817660E+02    0.111910100871304286E+01    0.632489609244822688E+02    0.182967027375013053E+09    0.113860543529200913E+04   -0.569302717646004567E+03
    0.862319409716817660E+02    0.111910100871304286E+01    0.632489609244822688E+02    0.182967027375013053E+09    0.113860543529200913E+04   -0.569302717646004567E+03
    0.889586725901200595E+02    0.111749274536942034E+01    0.672456111519725113E+02    0.105597261563885435E+09    0.113855928018347026E+04   -0.569279640091735132E+03
    0.950386304135125357E+02    0.111874893481232984E+01    0.669702566491290696E+02    0.101942210446563587E+09    0.113853260635172910E+04   -0.569266303175864550E+03
    0.957323260825603484E+02    0.111806846551430428E+01    0.598167002856616037E+02    0.150560289092884868E+09    0.113852642463073744E+04   -0.569263212315368719E+03
    0.896192009824363112E+02    0.111850672138036966E+01    0.838279410508402094E+02    0.231418770663218796E+09    0.113850139743957448E+04   -0.569250698719787238E+03
    0.906720205260387786E+02    0.111850316199315447E+01    0.652396465909620815E+02    0.903230351337245107E+08    0.113848510984499944E+04   -0.569242554922499721E+03
    0.906720205260387786E+02    0.111850316199315447E+01    0.652396465909620815E+02    0.903230351337245107E+08    0.113848510984499944E+04   -0.569242554922499721E+03
    0.973499001266813480E+02    0.111882314569828489E+01    0.738954315051948072E+02    0.230526504982569247E+09    0.113847423420107975E+04   -0.569237117100539876E+03
    0.973499001266813480E+02    0.111882314569828489E+01    0.738954315051948072E+02    0.230526504982569247E+09    0.113847423420107975E+04   -0.569237117100539876E+03
    0.868169100021305837E+02    0.111680782650447497E+01    0.729455331904167537E+02    0.240683135335004091E+09    0.113847077460887999E+04   -0.569235387304439996E+03
    0.875799194778292360E+02    0.111584565447779438E+01    0.696063616879183940E+02    0.180327478392915606E+09    0.113846347756070486E+04   -0.569231738780352430E+03
    0.960723676399518354E+02    0.111701785750198979E+01    0.623085809244272255E+02    0.150597061270784616E+09    0.113846303485334170E+04   -0.569231517426670848E+03
    0.775957760017662679E+02    0.111740017652236512E+01    0.701174818961124089E+02    0.170222225463342756E+09    0.113843030464960066E+04   -0.569215152324800329E+03
    0.775957760017662679E+02    0.111740017652236512E+01    0.701174818961124089E+02    0.170222225463342756E+09    0.113843030464960066E+04   -0.569215152324800329E+03
    0.940207663077679570E+02    0.111908947003512571E+01    0.652702893291042443E+02    0.118531397286203131E+09    0.113839403623398266E+04   -0.569197018116991330E+03
    0.919788311202800486E+02    0.111910064661963848E+01    0.714968167587967258E+02    0.131045853039278939E+09    0.113830661245594911E+04   -0.569153306227974554E+03
    0.967498214682187552E+02    0.111853195490463597E+01    0.623928280661682919E+02    0.105186701521385342E+09    0.113827507463750817E+04   -0.569137537318754084E+03
    0.999244891068475170E+02    0.111791750540190415E+01    0.645041475374231226E+02    0.117910523760844335E+09    0.113827351099028510E+04   -0.569136755495142552E+03
    0.876688993326206685E+02    0.111957028428146654E+01    0.706681897520835349E+02    0.150672841289056271E+09    0.113822293750877475E+04   -0.569111468754387374E+03
    0.878256054038321849E+02    0.111871437493248749E+01    0.606283333022902937E+02    0.142091137564042836E+09    0.113814655905626250E+04   -0.569073279528131252E+03
    0.103966424736441979E+03    0.111820377584888697E+01    0.679981580459318309E+02    0.158772900836747169E+09    0.113813661127494288E+04   -0.569068305637471440E+03
    0.867957372262203251E+02    0.111759779726634045E+01    0.642182158210050318E+02    0.118158353024462521E+09    0.113809527907840834E+04   -0.569047639539204170E+03
    0.991813540355435066E+02    0.111931387566347817E+01    0.697014465306560140E+02    0.143887431565624595E+09    0.113809371324760355E+04   -0.569046856623801773E+03
    0.833521224915285615E+02    0.111630834758043651E+01    0.684602586516188438E+02    0.182191680862395376E+09    0.113804631665058582E+04   -0.569023158325292911E+03
    0.798441723943190880E+02    0.111856784684250621E+01    0.664984702367297444E+02    0.161813072305654526E+09    0.113803928901284075E+04   -0.569019644506420377E+03
    0.798441723943190880E+02    0.111856784684250621E+01    0.664984702367297444E+02    0.161813072305654526E+09    0.113803928901284075E+04   -0.569019644506420377E+03
    0.793411892842227218E+02    0.111809485168882339E+01    0.743406718554190462E+02    0.222821818971581876E+09    0.113802304656287060E+04   -0.569011523281435302E+03
    0.805858394815717389E+02    0.111759689926032646E+01    0.743243104095401463E+02    0.235278050154392004E+09    0.113799926408629858E+04   -0.568999632043149290E+03
    0.805858394815717389E+02    0.111759689926032646E+01    0.743243104095401463E+02    0.235278050154392004E+09    0.113799926408629858E+04   -0.568999632043149290E+03
    0.875146195245242779E+02    0.111821202991561375E+01    0.810522614440674687E+02    0.252095432091217071E+09    0.113799603583544967E+04   -0.568998017917724837E+03
    0.916482731768582823E+02    0.111846483559316479E+01    0.677678803117177040E+02    0.109551960782069817E+09    0.113797067668634350E+04   -0.568985338343171748E+03
    0.921119429492478474E+02    0.111901860894946492E+01    0.684061110982744651E+02    0.214429913701674730E+09    0.113796186876071215E+04   -0.568980934380356075E+03
    0.778848295910338209E+02    0.111800489168582451E+01    0.689248403291009595E+02    0.176247010060934514E+09    0.113793475651596646E+04   -0.568967378257983228E+03
    0.100929588295893026E+03    0.111860890345582509E+01    0.668271043809564844E+02    0.130693455977742821E+09    0.113790180383543725E+04   -0.568950901917718625E+03
    0.100929588295893026E+03    0.111860890345582509E+01    0.668271043809564844E+02    0.130693455977742821E+09    0.113790180383543725E+04   -0.568950901917718625E+03
    0.962115362276641832E+02    0.111838653318982040E+01    0.672316644918475248E+02    0.107288250989031062E+09    0.113790130104093805E+04   -0.568950650520469026E+03
    0.903795037916606958E+02    0.111712090224292004E+01    0.825407423483221407E+02    0.210072325020124644E+09    0.113789315024876737E+04   -0.568946575124383685E+03
    0.903795037916606958E+02    0.111712090224292004E+01    0.825407423483221407E+02    0.210072325020124644E+09    0.113789315024876737E+04   -0.568946575124383685E+03
    0.787728404836503273E+02    0.111827682357708791E+01    0.732371623733778279E+02    0.192861774030804962E+09    0.113788361843478106E+04   -0.568941809217390528E+03
    0.955007729431714978E+02    0.111792629132219190E+01    0.697982861950833779E+02    0.115707145466725916E+09    0.113787866833653106E+04   -0.568939334168265532E+03
    0.955007729431714978E+02    0.111792629132219190E+01    0.697982861950833779E+02    0.115707145466725916E+09    0.113787866833653106E+04   -0.568939334168265532E+03
    0.808411234466950646E+02    0.111839812683049611E+01    0.771243738216696073E+02    0.204449190072874010E+09    0.113787318008897341E+04   -0.568936590044486707E+03
    0.103415682164270549E+03    0.111803731017778629E+01    0.720616042005418365E+02    0.149553643446593881E+09    0.113786790111430082E+04   -0.568933950557150411E+03
    0.103415682164270549E+03    0.111803731017778629E+01    0.720616042005418365E+02    0.149553643446593881E+09    0.113786790111430082E+04   -0.568933950557150411E+03
    0.987388385842222078E+02    0.111670262347655447E+01    0.709456794513686049E+02    0.150504498702622205E+09    0.113785859787983418E+04   -0.568929298939917089E+03
    0.987388385842222078E+02    0.111670262347655447E+01    0.709456794513686049E+02    0.150504498702622205E+09    0.113785859787983418E+04   -0.568929298939917089E+03
    0.845683218797192353E+02    0.111946669544978783E+01    0.694016811205026158E+02    0.182236858830859870E+09    0.113784973694357632E+04   -0.568924868471788159E+03
    0.902222745564292410E+02    0.111780797239317531E+01    0.659496020884772349E+02    0.104642478609570578E+09    0.113782031685721722E+04   -0.568910158428608611E+03
    0.902222745564292410E+02    0.111780797239317531E+01    0.659496020884772349E+02    0.104642478609570578E+09    0.113782031685721722E+04   -0.568910158428608611E+03
    0.926429878628794086E+02    0.111782798349084111E+01    0.624236888903312277E+02    0.184865014632369876E+09    0.113781323992538091E+04   -0.568906619962690456E+03
    0.101846935120489292E+03    0.111891460418161892E+01    0.721154874485009572E+02    0.162595378544822007E+09    0.113780207670732398E+04   -0.568901038353661988E+03
    0.908072808199124069E+02    0.111639957936778056E+01    0.662702291596469308E+02    0.181128647174388468E+09    0.113777993055464117E+04   -0.568889965277320584E+03
    0.100880581724783013E+03    0.111742949680728620E+01    0.768814578093235639E+02    0.174411218939619601E+09    0.113774710798282968E+04   -0.568873553991414838E+03
    0.100880581724783013E+03    0.111742949680728620E+01    0.768814578093235639E+02    0.174411218939619601E+09    0.113774710798282968E+04   -0.568873553991414838E+03
    0.797327555326720443E+02    0.111828120635519523E+01    0.743381315803647453E+02    0.200961396671290666E+09    0.113773701138254705E+04   -0.568868505691273526E+03
    0.954281411513718467E+02    0.111749150638804284E+01    0.667714709212050366E+02    0.114528204717923537E+09    0.113772511961445389E+04   -0.568862559807226944E+03
    0.954281411513718467E+02    0.111749150638804284E+01    0.667714709212050366E+02    0.114528204717923537E+09    0.113772511961445389E+04   -0.568862559807226944E+03
    0.988078215407794289E+02    0.111732068378836535E+01    0.734328962307422159E+02    0.214195049445999891E+09    0.113771924063590109E+04   -0.568859620317950544E+03
    0.103030030124250104E+03    0.111847222912649436E+01    0.699031017049975105E+02    0.145568539068831593E+09    0.113771312715413274E+04   -0.568856563577066368E+03
    0.103030030124250104E+03    0.111847222912649436E+01    0.699031017049975105E+02    0.145568539068831593E+09    0.113771312715413274E+04   -0.568856563577066368E+03
    0.836544760449413616E+02    0.111740084065742762E+01    0.686564286887888500E+02    0.216860085396575212E+09    0.113769992341312332E+04   -0.568849961706561658E+03
    0.849304770075585225E+02    0.111926478421085762E+01    0.720929170054314881E+02    0.198170871397238195E+09    0.113768842111894583E+04   -0.568844210559472913E+03
    0.849304770075585225E+02    0.111926478421085762E+01    0.720929170054314881E+02    0.198170871397238195E+09    0.113768842111894583E+04   -0.568844210559472913E+03
    0.102343977062221271E+03    0.111801917553065233E+01    0.757917708723519183E+02    0.182352900491761178E+09    0.113766365640629851E+04   -0.568831828203149257E+03
    0.102343977062221271E+03    0.111801917553065233E+01    0.757917708723519183E+02    0.182352900491761178E+09    0.113766365640629851E+04   -0.568831828203149257E+03
    0.930216699888360949E+02    0.111711323672979335E+01    0.684402474177618245E+02    0.122699968038862988E+09    0.113763882571781323E+04   -0.568819412858906617E+03
    0.100305462987322272E+03    0.111693340244550776E+01    0.716793547709377492E+02    0.173341714365046829E+09    0.113755205180170037E+04   -0.568776025900850186E+03
    0.869617411179476676E+02    0.111640907294610314E+01    0.754567869954897645E+02    0.213198559468768954E+09    0.113753748684603465E+04   -0.568768743423017327E+03
    0.884952501700331453E+02    0.111736438635761060E+01    0.654810374492829936E+02    0.198841793463466406E+09    0.113750623429494408E+04   -0.568753117147472040E+03
    0.884952501700331453E+02    0.111736438635761060E+01    0.654810374492829936E+02    0.198841793463466406E+09    0.113750623429494408E+04   -0.568753117147472040E+03
    0.844927405122529223E+02    0.111919612029691007E+01    0.668455881177377620E+02    0.153511204328424156E+09    0.113750009068109034E+04   -0.568750045340545171E+03
    0.844927405122529223E+02    0.111919612029691007E+01    0.668455881177377620E+02    0.153511204328424156E+09    0.113750009068109034E+04   -0.568750045340545171E+03
    0.891725977804136960E+02    0.111839690822282267E+01    0.747346121762566327E+02    0.248371953238520503E+09    0.113749649172086492E+04   -0.568748245860432462E+03
    0.891725977804136960E+02    0.111839690822282267E+01    0.747346121762566327E+02    0.248371953238520503E+09    0.113749649172086492E+04   -0.568748245860432462E+03
    0.101256626250776364E+03    0.111765910018717740E+01    0.677436574454669369E+02    0.179247528380225569E+09    0.113748994090794281E+04   -0.568744970453971405E+03
    0.991354642624303892E+02    0.111715172896776016E+01    0.711207058389302063E+02    0.194971371504302472E+09    0.113747373960184609E+04   -0.568736869800923046E+03
    0.861511623147697065E+02    0.111935402850702914E+01    0.676909350747653207E+02    0.151746015339245886E+09    0.113745801701065034E+04   -0.568729008505325169E+03
    0.861511623147697065E+02    0.111935402850702914E+01    0.676909350747653207E+02    0.151746015339245886E+09    0.113745801701065034E+04   -0.568729008505325169E+03
    0.991222003477814297E+02    0.111866294085712070E+01    0.775332740449327815E+02    0.188583817455512285E+09    0.113745695127016575E+04   -0.568728475635082873E+03
    0.996504821676675618E+02    0.111802815857937388E+01    0.654060493049074694E+02    0.127077914544207022E+09    0.113745485394134107E+04   -0.568727426970670535E+03
    0.893414009713898736E+02    0.111792484187098839E+01    0.815416682056935969E+02    0.246229977742762566E+09    0.113745020113808141E+04   -0.568725100569040706E+03
    0.855802557088243816E+02    0.111788858686028569E+01    0.736372223677788611E+02    0.138608507524352401E+09    0.113742539454249868E+04   -0.568712697271249340E+03
    0.855802557088243816E+02    0.111788858686028569E+01    0.736372223677788611E+02    0.138608507524352401E+09    0.113742539454249868E+04   -0.568712697271249340E+03
    0.936271870839447331E+02    0.111854084880042159E+01    0.708019103445334252E+02    0.124836474866350964E+09    0.113740845766402549E+04   -0.568704228832012745E+03
    0.899737914252103081E+02    0.111736236607301831E+01    0.811895946374580006E+02    0.181274543802912354E+09    0.113740315408537663E+04   -0.568701577042688314E+03
    0.899737914252103081E+02    0.111736236607301831E+01    0.811895946374580006E+02    0.181274543802912354E+09    0.113740315408537663E+04   -0.568701577042688314E+03
    0.823201849446380152E+02    0.111728426135754377E+01    0.729125258736061994E+02    0.227279092068930298E+09    0.113739708982280490E+04   -0.568698544911402450E+03
    0.964335199576292439E+02    0.111753957080093302E+01    0.628273628692346904E+02    0.162839601074317455E+09    0.113738182720911914E+04   -0.568690913604559569E+03
    0.820368209902630099E+02    0.111703890191565280E+01    0.735021393517497330E+02    0.216760709772682756E+09    0.113737255362632186E+04   -0.568686276813160930E+03
    0.820368209902630099E+02    0.111703890191565280E+01    0.735021393517497330E+02    0.216760709772682756E+09    0.113737255362632186E+04   -0.568686276813160930E+03
    0.793967565007956182E+02    0.111777162042806388E+01    0.706582487922194957E+02    0.160967114966400176E+09    0.113736448258666132E+04   -0.568682241293330662E+03
    0.793967565007956182E+02    0.111777162042806388E+01    0.706582487922194957E+02    0.160967114966400176E+09    0.113736448258666132E+04   -0.568682241293330662E+03
    0.885909169340489058E+02    0.111665114317206471E+01    0.675650872390926196E+02    0.139032284505769849E+09    0.113734230329593561E+04   -0.568671151647967804E+03
    0.816590794476821173E+02    0.111752756439167178E+01    0.649273494830243010E+02    0.162028260572931737E+09    0.113732882134016995E+04   -0.568664410670084976E+03
    0.816590794476821173E+02    0.111752756439167178E+01    0.649273494830243010E+02    0.162028260572931737E+09    0.113732882134016995E+04   -0.568664410670084976E+03
    0.966870034439090631E+02    0.111812478142517890E+01    0.801266671374441586E+02    0.225864769125557214E+09    0.113732524846655770E+04   -0.568662624233278848E+03
    0.903598206205318775E+02    0.111627961973356360E+01    0.712440934445543377E+02    0.156905317604836434E+09    0.113723530994989369E+04   -0.568617654974946845E+03
    0.853097701113482572E+02    0.111795318958430956E+01    0.623647439161134542E+02    0.169081138180305570E+09    0.113720586223320197E+04   -0.568602931116600985E+03
    0.853097701113482572E+02    0.111795318958430956E+01    0.623647439161134542E+02    0.169081138180305570E+09    0.113720586223320197E+04   -0.568602931116600985E+03
    0.816125272735259983E+02    0.111751406152616473E+01    0.712458061527776607E+02    0.214387534497100532E+09    0.113719868979724652E+04   -0.568599344898623258E+03
    0.816125272735259983E+02    0.111751406152616473E+01    0.712458061527776607E+02    0.214387534497100532E+09    0.113719868979724652E+04   -0.568599344898623258E+03
    0.824806813976221918E+02    0.111752064751481206E+01    0.785708966832239213E+02    0.188672694206406355E+09    0.113719716418658118E+04   -0.568598582093290588E+03
    0.824806813976221918E+02    0.111752064751481206E+01    0.785708966832239213E+02    0.188672694206406355E+09    0.113719716418658118E+04   -0.568598582093290588E+03
    0.964434880291727126E+02    0.111736628089016432E+01    0.671000936305456293E+02    0.125900646130106360E+09    0.113716659510665136E+04   -0.568583297553325679E+03
    0.984205739883337856E+02    0.111715168412776822E+01    0.705619105611033888E+02    0.138981666481125593E+09    0.113715048821093524E+04   -0.568575244105467618E+03
    0.943644339326940980E+02    0.111827522166778315E+01    0.659398588288902374E+02    0.198368854285268366E+09    0.113714127183220421E+04   -0.568570635916102106E+03
    0.990224057570101905E+02    0.111768084449885063E+01    0.692460047235696550E+02    0.129916179394687444E+09    0.113714070350435532E+04   -0.568570351752177658E+03
    0.990224057570101905E+02    0.111768084449885063E+01    0.692460047235696550E+02    0.129916179394687444E+09    0.113714070350435532E+04   -0.568570351752177658E+03
    0.969165234369039013E+02    0.111753824863499740E+01    0.794795773092941147E+02    0.178072337457174391E+09    0.113713103542675663E+04   -0.568565517713378313E+03
    0.851003892026600965E+02    0.111797212565418391E+01    0.644322840501595948E+02    0.133277520102464184E+09    0.113712809800627906E+04   -0.568564049003139530E+03
    0.101665245150774425E+03    0.111800284596143862E+01    0.676775759544557758E+02    0.139472349601091087E+09    0.113712297324527594E+04   -0.568561486622637972E+03
    0.101918702090775270E+03    0.111864539797147566E+01    0.705120815033396582E+02    0.164226626803857028E+09    0.113711670754587158E+04   -0.568558353772935789E+03
    0.101918702090775270E+03    0.111864539797147566E+01    0.705120815033396582E+02    0.164226626803857028E+09    0.113711670754587158E+04   -0.568558353772935789E+03
    0.946913410763703922E+02    0.111924325694188331E+01    0.648162297555040254E+02    0.143713252760879904E+09    0.113711576361443349E+04   -0.568557881807216745E+03
    0.952416988209958362E+02    0.111849656971661093E+01    0.800005684255974643E+02    0.190031283451905668E+09    0.113710798709037272E+04   -0.568553993545186358E+03
    0.978483890188564516E+02    0.111835219460068092E+01    0.689615937861797335E+02    0.125677388424848318E+09    0.113710126462512039E+04   -0.568550632312560197E+03
    0.963819680297283981E+02    0.111709721031339271E+01    0.786482480935726471E+02    0.186033949948439986E+09    0.113708645898254213E+04   -0.568543229491271063E+03
    0.871635730928782522E+02    0.111704552610931307E+01    0.747269155673776311E+02    0.235594547480108142E+09    0.113703740922956717E+04   -0.568518704614783587E+03
    0.866955329376065293E+02    0.111833225085271515E+01    0.804796866274396336E+02    0.235308598394205242E+09    0.113699360117269498E+04   -0.568496800586347490E+03
    0.866955329376065293E+02    0.111833225085271515E+01    0.804796866274396336E+02    0.235308598394205242E+09    0.113699360117269498E+04   -0.568496800586347490E+03
    0.847668424870283559E+02    0.111742084233225469E+01    0.740580406617274605E+02    0.237404065705085725E+09    0.113698684530387504E+04   -0.568493422651937522E+03
    0.997585868692721363E+02    0.111741368873227542E+01    0.703377745357175002E+02    0.189354215117578268E+09    0.113698556842538142E+04   -0.568492784212690708E+03
    0.101557031773145383E+03    0.111754562027611004E+01    0.697627417312239828E+02    0.153970786985879540E+09    0.113693141403428717E+04   -0.568465707017143586E+03
    0.101557031773145383E+03    0.111754562027611004E+01    0.697627417312239828E+02    0.153970786985879540E+09    0.113693141403428717E+04   -0.568465707017143586E+03
    0.949810240935151171E+02    0.111847352186159754E+01    0.798729618186938382E+02    0.202484697328433216E+09    0.113692134015859665E+04   -0.568460670079298325E+03
    0.832131732195012432E+02    0.111689058934423691E+01    0.728818416715900526E+02    0.160752089717336327E+09    0.113690723586672584E+04   -0.568453617933362921E+03
    0.915687456320418391E+02    0.111636820330881625E+01    0.746291901681430971E+02    0.171910765079190880E+09    0.113690626158027067E+04   -0.568453130790135333E+03
    0.915687456320418391E+02    0.111636820330881625E+01    0.746291901681430971E+02    0.171910765079190880E+09    0.113690626158027067E+04   -0.568453130790135333E+03
    0.860541180843229228E+02    0.111925441375399504E+01    0.669660542098486786E+02    0.164389494161191016E+09    0.113689103875837282E+04   -0.568445519379186408E+03
    0.930126312295303705E+02    0.111820772638475585E+01    0.688954274055442681E+02    0.219506093565410554E+09    0.113688550676338946E+04   -0.568442753381694729E+03
    0.100564188064304616E+03    0.111867863657755562E+01    0.671885902920701596E+02    0.145001106042072624E+09    0.113687268022917101E+04   -0.568436340114585505E+03
    0.100564188064304616E+03    0.111867863657755562E+01    0.671885902920701596E+02    0.145001106042072624E+09    0.113687268022917101E+04   -0.568436340114585505E+03
    0.834975872931021144E+02    0.111849460176964244E+01    0.774525872199026253E+02    0.195922385846703053E+09    0.113686261798227179E+04   -0.568431308991135893E+03
    0.834975872931021144E+02    0.111849460176964244E+01    0.774525872199026253E+02    0.195922385846703053E+09    0.113686261798227179E+04   -0.568431308991135893E+03
    0.805671800965463092E+02    0.111726081072271288E+01    0.736153006839170274E+02    0.188254469198848695E+09    0.113683128672268185E+04   -0.568415643361340926E+03
    0.805671800965463092E+02    0.111726081072271288E+01    0.736153006839170274E+02    0.188254469198848695E+09    0.113683128672268185E+04   -0.568415643361340926E+03
    0.963303363539711910E+02    0.111812937063523732E+01    0.630502378590563097E+02    0.166018476139725000E+09    0.113681152732129431E+04   -0.568405763660647153E+03
    0.844888747884703122E+02    0.111913090466346854E+01    0.682123948919164889E+02    0.165681110766206473E+09    0.113676393322876697E+04   -0.568381966614383487E+03
    0.844888747884703122E+02    0.111913090466346854E+01    0.682123948919164889E+02    0.165681110766206473E+09    0.113676393322876697E+04   -0.568381966614383487E+03
    0.875003090137532666E+02    0.111919491360858014E+01    0.729800452010931622E+02    0.160003670123509377E+09    0.113675758421249452E+04   -0.568378792106247261E+03
    0.875003090137532666E+02    0.111919491360858014E+01    0.729800452010931622E+02    0.160003670123509377E+09    0.113675758421249452E+04   -0.568378792106247261E+03
    0.969775106401122855E+02    0.111811631362479913E+01    0.790907076476574389E+02    0.214311511761486202E+09    0.113675452113502206E+04   -0.568377260567511030E+03
    0.969775106401122855E+02    0.111811631362479913E+01    0.790907076476574389E+02    0.214311511761486202E+09    0.113675452113502206E+04   -0.568377260567511030E+03
    0.897648524863256370E+02    0.111695651213483638E+01    0.646595657660223964E+02    0.142481103829036981E+09    0.113675127929449877E+04   -0.568375639647249386E+03
    0.947292555263736915E+02    0.111839323315818584E+01    0.636536881031234856E+02    0.128075014827226669E+09    0.113674491164315168E+04   -0.568372455821575841E+03
    0.878334312243608082E+02    0.111807303558785898E+01    0.804869966799686125E+02    0.238362741264596909E+09    0.113673394802145413E+04   -0.568366974010727063E+03
    0.875551988910788026E+02    0.111909360164762006E+01    0.690310657650311157E+02    0.194872124338177502E+09    0.113671685183546697E+04   -0.568358425917733484E+03
    0.875551988910788026E+02    0.111909360164762006E+01    0.690310657650311157E+02    0.194872124338177502E+09    0.113671685183546697E+04   -0.568358425917733484E+03
    0.884828851557977742E+02    0.111762697290355262E+01    0.699294354592097847E+02    0.129376556358006671E+09    0.113669542596911742E+04   -0.568347712984558711E+03
    0.970665387324226998E+02    0.111764491467079230E+01    0.767822036433954622E+02    0.156706924786053628E+09    0.113669402918084052E+04   -0.568347014590420258E+03
    0.970665387324226998E+02    0.111764491467079230E+01    0.767822036433954622E+02    0.156706924786053628E+09    0.113669402918084052E+04   -0.568347014590420258E+03
    0.813769299775923400E+02    0.111710809918553555E+01    0.729984738339227448E+02    0.189991328114370316E+09    0.113668894645146497E+04   -0.568344473225732486E+03
    0.923598151178814106E+02    0.111668616554795919E+01    0.744845238954334121E+02    0.203687251399875492E+09    0.113664472307257324E+04   -0.568322361536286621E+03
    0.898140433196558661E+02    0.111817159545463252E+01    0.787190371374714744E+02    0.164642783143163860E+09    0.113660846002141307E+04   -0.568304230010706533E+03
    0.898140433196558661E+02    0.111817159545463252E+01    0.787190371374714744E+02    0.164642783143163860E+09    0.113660846002141307E+04   -0.568304230010706533E+03
    0.852394292929437540E+02    0.111677951938632747E+01    0.679512679415502987E+02    0.156099615812698364E+09    0.113660432138792430E+04   -0.568302160693962151E+03
    0.852394292929437540E+02    0.111677951938632747E+01    0.679512679415502987E+02    0.156099615812698364E+09    0.113660432138792430E+04   -0.568302160693962151E+03
    0.896921277361327327E+02    0.111758523138667831E+01    0.736120218868579741E+02    0.138088027433151722E+09    0.113659856967202904E+04   -0.568299284836014522E+03
    0.951016010432495023E+02    0.111746170601830941E+01    0.786087203544037436E+02    0.223296433334468096E+09    0.113658440257839356E+04   -0.568292201289196782E+03
    0.838733358206456074E+02    0.111672884891892399E+01    0.732723225857176601E+02    0.191404699168375641E+09    0.113657835705777961E+04   -0.568289178528889806E+03
    0.895314796025361233E+02    0.111894583030254879E+01    0.732163134844261947E+02    0.220016472176573426E+09    0.113657553897205980E+04   -0.568287769486029902E+03
    0.912530527132013560E+02    0.111731693430502643E+01    0.629716424580915017E+02    0.144735999405168474E+09    0.113656100785422677E+04   -0.568280503927113386E+03
    0.912530527132013560E+02    0.111731693430502643E+01    0.629716424580915017E+02    0.144735999405168474E+09    0.113656100785422677E+04   -0.568280503927113386E+03
    0.993418933355822702E+02    0.111761350731446796E+01    0.692119594375885043E+02    0.186753985574753165E+09    0.113655681706154587E+04   -0.568278408530772936E+03
    0.882863511697250516E+02    0.111743038785630366E+01    0.806590099944987173E+02    0.207844842842596799E+09    0.113653835240377339E+04   -0.568269176201886694E+03
    0.948944507931212797E+02    0.111753407371758451E+01    0.791336922037942685E+02    0.175133244591709942E+09    0.113652816636264924E+04   -0.568264083181324622E+03
    0.948944507931212797E+02    0.111753407371758451E+01    0.791336922037942685E+02    0.175133244591709942E+09    0.113652816636264924E+04   -0.568264083181324622E+03
    0.100366137460028455E+03    0.111747811883135895E+01    0.690205553663696492E+02    0.167905071167725235E+09    0.113652523797892991E+04   -0.568262618989464954E+03
    0.991670714684371006E+02    0.111760581575793938E+01    0.657915804075264674E+02    0.144145212516168207E+09    0.113649578442735356E+04   -0.568247892213676778E+03
    0.951160100428946294E+02    0.111857528595572231E+01    0.667214093997349096E+02    0.191547455468875885E+09    0.113648557115037511E+04   -0.568242785575187554E+03
    0.842004572346274358E+02    0.111788097189005375E+01    0.659554236131358920E+02    0.140645496054185688E+09    0.113644094391679209E+04   -0.568220471958396047E+03
    0.934004035600649729E+02    0.111805225533641051E+01    0.628199238824436179E+02    0.169185162202534229E+09    0.113642126233071599E+04   -0.568210631165357995E+03
    0.850841529800842835E+02    0.111748249061364047E+01    0.673486323392170760E+02    0.139030432165796399E+09    0.113640349431868640E+04   -0.568201747159343199E+03
    0.894636346780753939E+02    0.111696953242795050E+01    0.751273953128899166E+02    0.224688259945721686E+09    0.113638521632877450E+04   -0.568192608164387252E+03
    0.894636346780753939E+02    0.111696953242795050E+01    0.751273953128899166E+02    0.224688259945721686E+09    0.113638521632877450E+04   -0.568192608164387252E+03
    0.904741320891764360E+02    0.111793044175857781E+01    0.795010227365146136E+02    0.172734611552641451E+09    0.113638323750161680E+04   -0.568191618750808402E+03
    0.886309400542269117E+02    0.111714421145080278E+01    0.767832909459832536E+02    0.231588346262650520E+09    0.113638317530845097E+04   -0.568191587654225486E+03
    0.989101323726226553E+02    0.111734295662334637E+01    0.717898984121751340E+02    0.149238718029695660E+09    0.113637180209103121E+04   -0.568185901045515607E+03
    0.908635946245379245E+02    0.111803518340332819E+01    0.809126475360683344E+02    0.227345208925034761E+09    0.113636642609961018E+04   -0.568183213049805090E+03
    0.951238465485604934E+02    0.111837929358069221E+01    0.740633691793059086E+02    0.224620456854360551E+09    0.113635818143714641E+04   -0.568179090718573207E+03
    0.919425132895800346E+02    0.111825525642255719E+01    0.689441109046701541E+02    0.126245857412578240E+09    0.113634020911588823E+04   -0.568170104557944114E+03
    0.906352198029939728E+02    0.111751325045058425E+01    0.742995772566283676E+02    0.141973736001402020E+09    0.113632649432140670E+04   -0.568163247160703349E+03
    0.893388440015269509E+02    0.111730903309346430E+01    0.798694398913759187E+02    0.224721758658891946E+09    0.113631816168321370E+04   -0.568159080841606851E+03
    0.893388440015269509E+02    0.111730903309346430E+01    0.798694398913759187E+02    0.224721758658891946E+09    0.113631816168321370E+04   -0.568159080841606851E+03
    0.902740503833168617E+02    0.111893014138975655E+01    0.708572539138447297E+02    0.141161777545444369E+09    0.113630394037586461E+04   -0.568151970187932307E+03
    0.998087254531691741E+02    0.111733335247034393E+01    0.707231250169708687E+02    0.164399944123540580E+09    0.113629888954434659E+04   -0.568149444772173297E+03
    0.878685315081308005E+02    0.111866935283391689E+01    0.745177967566532828E+02    0.153251896975417137E+09    0.113628180848253328E+04   -0.568140904241266639E+03
    0.956505940914681929E+02    0.111739633952472595E+01    0.649377946272972792E+02    0.168216604848470151E+09    0.113627326349316536E+04   -0.568136631746582680E+03
    0.910336626835497071E+02    0.111806038548068454E+01    0.691825708643507937E+02    0.127031785414277986E+09    0.113626932718362582E+04   -0.568134663591812910E+03
    0.919800970432418126E+02    0.111861093840337000E+01    0.787563608279015455E+02    0.195808859359570414E+09    0.113621549688123559E+04   -0.568107748440617797E+03
    0.865788745358662197E+02    0.111756471116378986E+01    0.733124658139040548E+02    0.144899277938382417E+09    0.113619515075544064E+04   -0.568097575377720318E+03
    0.844144454338524923E+02    0.111747682361269018E+01    0.779184286833570923E+02    0.209650838851102859E+09    0.113619012517625765E+04   -0.568095062588128826E+03
    0.848437416849311603E+02    0.111715824781549311E+01    0.754372024857274681E+02    0.217232991479463637E+09    0.113618914571845062E+04   -0.568094572859225309E+03
    0.864733412607486116E+02    0.111742861780052127E+01    0.685784666767966229E+02    0.137490971730582386E+09    0.113618522906169619E+04   -0.568092614530848095E+03
    0.947124601598107745E+02    0.111779896623776986E+01    0.690210551882157546E+02    0.204037165843165874E+09    0.113618081055845187E+04   -0.568090405279225934E+03
    0.915372525848518421E+02    0.111888926293069546E+01    0.768059914069388725E+02    0.196454593070521832E+09    0.113616151286034324E+04   -0.568080756430171618E+03
    0.853904254813085402E+02    0.111719132367885221E+01    0.657141610189045480E+02    0.158868473024812043E+09    0.113615023597905883E+04   -0.568075117989529417E+03
    0.850333274070916048E+02    0.111751087137266003E+01    0.748229997748303504E+02    0.229060525148030996E+09    0.113614340107841986E+04   -0.568071700539209928E+03
    0.940197106810283998E+02    0.111873718086951968E+01    0.762145094790028708E+02    0.210368302341788590E+09    0.113613050121924880E+04   -0.568065250609624400E+03
    0.958857100291427855E+02    0.111740213893686202E+01    0.653325844740927266E+02    0.167611751508559048E+09    0.113610696741968286E+04   -0.568053483709841430E+03
    0.967895138974616742E+02    0.111774804932327210E+01    0.645452533893806759E+02    0.161248325582728535E+09    0.113610157473920799E+04   -0.568050787369603995E+03
    0.928892713336257856E+02    0.111721612436982909E+01    0.719500548900617929E+02    0.140146700997115016E+09    0.113607372812532367E+04   -0.568036864062661834E+03
    0.921585517353236696E+02    0.111917581114676978E+01    0.686208478654711911E+02    0.183557080462987244E+09    0.113606742566965340E+04   -0.568033712834826702E+03
    0.900369588103208827E+02    0.111722180941246285E+01    0.642212153100404635E+02    0.154314547703067869E+09    0.113606621210487720E+04   -0.568033106052438598E+03
    0.867615433873086346E+02    0.111822856757053479E+01    0.687581849664400124E+02    0.205608445924220562E+09    0.113602768249876226E+04   -0.568013841249381130E+03
    0.925103010779293697E+02    0.111821757736083716E+01    0.732444929079493221E+02    0.138851364802840203E+09    0.113601635366765322E+04   -0.568008176833826610E+03
    0.937888257407641817E+02    0.111797987484390382E+01    0.670611223255377524E+02    0.127002369968251333E+09    0.113601502601766765E+04   -0.568007513008833826E+03
    0.909224964440547012E+02    0.111861715119540639E+01    0.632103856172601866E+02    0.151673227039697111E+09    0.113600050825063408E+04   -0.568000254125317042E+03
    0.889155874585488704E+02    0.111785232137628876E+01    0.631131098468335026E+02    0.164697502839544058E+09    0.113598103133689847E+04   -0.567990515668449234E+03
    0.862300003071713803E+02    0.111805774567041838E+01    0.787624383749927972E+02    0.188837730407039583E+09    0.113596934831471299E+04   -0.567984674157356494E+03
    0.961252799015056922E+02    0.111774657688131263E+01    0.747438273033549194E+02    0.148897003842422336E+09    0.113596194238953854E+04   -0.567980971194769268E+03
    0.840503127534221477E+02    0.111869902207754413E+01    0.715475709679620024E+02    0.161206202786216617E+09    0.113594962915631640E+04   -0.567974814578158202E+03
    0.911252048649054700E+02    0.111901903095199806E+01    0.653737759008837855E+02    0.163497526848317802E+09    0.113594819874024506E+04   -0.567974099370122531E+03
    0.974987809896884698E+02    0.111709706515369200E+01    0.706281366882926136E+02    0.158554296348786026E+09    0.113594650650264111E+04   -0.567973253251320557E+03
    0.850567033587464181E+02    0.111777386789876543E+01    0.766555165097028635E+02    0.168815823605859101E+09    0.113593278042764791E+04   -0.567966390213823956E+03
    0.868680740270668110E+02    0.111859336537962051E+01    0.651137218913650599E+02    0.179091144597417086E+09    0.113591206871884469E+04   -0.567956034359422347E+03
    0.889333259406834884E+02    0.111787450470786776E+01    0.679599679158568506E+02    0.202385199492293507E+09    0.113590938816457788E+04   -0.567954694082288938E+03
    0.887565403436176013E+02    0.111803559373967465E+01    0.699788560707328742E+02    0.133661173902914301E+09    0.113589529189640166E+04   -0.567947645948200829E+03
    0.891353396681195846E+02    0.111857282666808522E+01    0.643238669309695013E+02    0.175699499172293395E+09    0.113589503847828541E+04   -0.567947519239142707E+03
    0.930847254043388546E+02    0.111892035402684464E+01    0.717015531269837965E+02    0.146695868826337159E+09    0.113587892737344328E+04   -0.567939463686721638E+03
    0.878608940416863078E+02    0.111728378229195435E+01    0.747748903252239074E+02    0.225768830154472321E+09    0.113586797478920880E+04   -0.567933987394604401E+03
    0.967012555553962585E+02    0.111697715557512445E+01    0.729933047117820308E+02    0.181143031914224476E+09    0.113586749710355093E+04   -0.567933748551775466E+03
    0.927677173355517510E+02    0.111871676343510984E+01    0.680664970828038207E+02    0.135111760388901800E+09    0.113586215407659370E+04   -0.567931077038296849E+03
    0.922679429897278425E+02    0.111670604099028981E+01    0.695392235644454644E+02    0.159313515599217951E+09    0.113585682147738703E+04   -0.567928410738693515E+03
    0.864548733302756887E+02    0.111794398206825907E+01    0.760008830600228436E+02    0.159600822292505354E+09    0.113584496585594616E+04   -0.567922482927973078E+03
    0.853621599180831652E+02    0.111849588124174515E+01    0.659462263362163128E+02    0.149683320531001836E+09    0.113583117165264048E+04   -0.567915585826320239E+03
    0.889859717245072517E+02    0.111708063236803690E+01    0.655771691287325211E+02    0.156239136731976241E+09    0.113582809144334033E+04   -0.567914045721670163E+03
    0.936271771420910142E+02    0.111918683503032601E+01    0.717724217493632040E+02    0.180116963456036657E+09    0.113582522668225852E+04   -0.567912613341129259E+03
    0.900666705956662810E+02    0.111871453091845208E+01    0.750357665775554779E+02    0.218527150734358549E+09    0.113582227946853823E+04   -0.567911139734269113E+03
    0.885237591991837007E+02    0.111676028205204259E+01    0.683457295461805217E+02    0.160318864477345824E+09    0.113581970940140150E+04   -0.567909854700700748E+03
    0.817681293822524822E+02    0.111838308083264337E+01    0.708050221067138352E+02    0.176756756502626538E+09    0.113581733511226162E+04   -0.567908667556130808E+03
    0.817611278993172306E+02    0.111771504073947692E+01    0.729300929426922977E+02    0.189418013349214941E+09    0.113581430369520490E+04   -0.567907151847602449E+03
    0.914044032686208965E+02    0.111770719550332331E+01    0.797100746739067461E+02    0.209243457374422342E+09    0.113578271241498715E+04   -0.567891356207493573E+03
    0.976998398224612714E+02    0.111818197559827226E+01    0.665751443520643136E+02    0.175861563812588245E+09    0.113578237610951737E+04   -0.567891188054758686E+03
    0.983907865684933967E+02    0.111793003892227105E+01    0.660137178174053787E+02    0.145854511619813830E+09    0.113577336508135159E+04   -0.567886682540675793E+03
    0.100265002445427768E+03    0.111816575556965003E+01    0.708910984438186915E+02    0.170316331122757912E+09    0.113577291253158887E+04   -0.567886456265794436E+03
    0.850835817278676956E+02    0.111752191168566029E+01    0.658593887143073431E+02    0.153961240928706825E+09    0.113575809434491794E+04   -0.567879047172458968E+03
    0.919116899820309641E+02    0.111725035920503490E+01    0.749735667125228815E+02    0.219607958679791182E+09    0.113575794250547824E+04   -0.567878971252739120E+03
    0.876440698448367215E+02    0.111803352285507662E+01    0.737752084927104619E+02    0.230248554977441430E+09    0.113574217439927543E+04   -0.567871087199637714E+03
    0.897337786865926859E+02    0.111820554392584115E+01    0.684806839315341449E+02    0.132176714294679016E+09    0.113573705509505430E+04   -0.567868527547527151E+03
    0.972426266511451018E+02    0.111842761051116679E+01    0.673844958852624956E+02    0.138027146935512364E+09    0.113572727341396580E+04   -0.567863636706982902E+03
    0.875873088839107083E+02    0.111849520120861157E+01    0.691324589636105458E+02    0.139278843456373483E+09    0.113572485269133972E+04   -0.567862426345669860E+03
    0.861080322542018877E+02    0.111856954456364543E+01    0.736747626983354991E+02    0.209671605081875980E+09    0.113569634453369736E+04   -0.567848172266848678E+03
    0.912098274326217648E+02    0.111777497684632809E+01    0.642084690978034729E+02    0.176653907259672105E+09    0.113569571386554526E+04   -0.567847856932772629E+03
    0.889556903626516515E+02    0.111689120628288130E+01    0.733217355876637100E+02    0.159684916309349149E+09    0.113564661927314955E+04   -0.567823309636574777E+03
    0.930411780453094934E+02    0.111703553959759150E+01    0.746186082794559837E+02    0.160936086416708559E+09    0.113563768209391128E+04   -0.567818841046955640E+03
    0.961547552228384887E+02    0.111868540555551199E+01    0.660520405693587236E+02    0.164258401637341678E+09    0.113563562170715886E+04   -0.567817810853579431E+03
    0.846600940695136757E+02    0.111733241312057374E+01    0.736272247714022967E+02    0.162483783446518958E+09    0.113562709860136556E+04   -0.567813549300682780E+03
    0.860538764056557284E+02    0.111865382735117547E+01    0.737994478928370086E+02    0.199094282847682297E+09    0.113562689939301708E+04   -0.567813449696508542E+03
    0.855696035719444268E+02    0.111744915876096451E+01    0.721117066454583551E+02    0.209086889852534741E+09    0.113561248431443869E+04   -0.567806242157219344E+03
    0.881294744539357993E+02    0.111705580070509103E+01    0.750958035045253922E+02    0.204145113971576750E+09    0.113560713574726856E+04   -0.567803567873634279E+03
    0.829083836272879324E+02    0.111848410113137509E+01    0.697675107045239145E+02    0.171558524158695936E+09    0.113557553526792663E+04   -0.567787767633963313E+03
    0.843957595367278088E+02    0.111796142361066542E+01    0.716356951974114509E+02    0.202453580695440918E+09    0.113556261301295535E+04   -0.567781306506477677E+03
    0.904575003173725776E+02    0.111663745560901684E+01    0.726091474722789485E+02    0.182745728177593052E+09    0.113556001658573518E+04   -0.567780008292867592E+03
    0.861358588329879353E+02    0.111882741080337023E+01    0.674274354989001949E+02    0.175513591565954089E+09    0.113555192962949354E+04   -0.567775964814746771E+03
    0.915693169184732056E+02    0.111837682430775587E+01    0.644238435013289035E+02    0.174622384742242545E+09    0.113554261640124992E+04   -0.567771308200624958E+03
    0.850430422536763899E+02    0.111812759689867325E+01    0.712667544638183870E+02    0.203785683516604066E+09    0.113553041157952384E+04   -0.567765205789761922E+03
    0.882446895060584495E+02    0.111789818509229222E+01    0.683381948691004055E+02    0.199874038161398649E+09    0.113552896382881158E+04   -0.567764481914405792E+03
    0.892511864971063176E+02    0.111753879499045183E+01    0.653698416264639803E+02    0.182064827690164953E+09    0.113551934897489059E+04   -0.567759674487445295E+03
    0.946689038205416864E+02    0.111894272213352397E+01    0.734007625313049346E+02    0.169842241121937424E+09    0.113549663315780663E+04   -0.567748316578903314E+03
    0.852314072693540510E+02    0.111784084069846901E+01    0.718553755735024424E+02    0.210286127654355288E+09    0.113548637800547590E+04   -0.567743189002737950E+03
    0.951889864526892779E+02    0.111730416616341932E+01    0.760386876324331098E+02    0.172319820113294929E+09    0.113547886602692552E+04   -0.567739433013462758E+03
    0.939498411949013956E+02    0.111734313966856003E+01    0.715284834454470371E+02    0.142981270333395869E+09    0.113546181130482364E+04   -0.567730905652411820E+03
    0.927910364566668449E+02    0.111903096282599268E+01    0.720267915148854598E+02    0.160634694361476690E+09    0.113545138622551622E+04   -0.567725693112758108E+03
    0.876737142105833271E+02    0.111796293697526017E+01    0.733611400655566115E+02    0.147878008387781531E+09    0.113545042098850286E+04   -0.567725210494251428E+03
    0.966709375853975814E+02    0.111877447070749225E+01    0.688539276035977821E+02    0.150346927592049301E+09    0.113544791259092335E+04   -0.567723956295461676E+03
    0.937349635176984037E+02    0.111767643202570888E+01    0.654037974605082439E+02    0.177230083511293411E+09    0.113544713730599779E+04   -0.567723568652998893E+03
    0.862661544543292820E+02    0.111819216268324717E+01    0.769387437553299094E+02    0.206516132296486467E+09    0.113544173100890021E+04   -0.567720865504450103E+03
    0.935685842730506891E+02    0.111833738686950901E+01    0.639998804771158305E+02    0.144981815598583281E+09    0.113542867511146801E+04   -0.567714337555734005E+03
    0.918815911298403734E+02    0.111720166757531225E+01    0.694211203240350443E+02    0.141920298796308547E+09    0.113540553633824538E+04   -0.567702768169122692E+03
    0.869159487496767724E+02    0.111884972193184318E+01    0.674194022119775269E+02    0.172936282149586022E+09    0.113540278290069114E+04   -0.567701391450345568E+03
    0.847980278063278661E+02    0.111759953127318590E+01    0.765702798497665356E+02    0.186837693591362715E+09    0.113538857321954242E+04   -0.567694286609771211E+03
    0.897472892180957160E+02    0.111702392254144001E+01    0.754149369744919369E+02    0.170198304156137437E+09    0.113536753778534148E+04   -0.567683768892670741E+03
    0.869854388227750235E+02    0.111855069935166873E+01    0.663669818589184501E+02    0.181594534423574179E+09    0.113536568010047654E+04   -0.567682840050238269E+03
    0.959727492111774581E+02    0.111822798492510045E+01    0.649601022060917614E+02    0.152155432015547514E+09    0.113535768895925912E+04   -0.567678844479629561E+03
    0.853919126487904236E+02    0.111825796231115859E+01    0.761497220584155485E+02    0.177337380386900216E+09    0.113533291735212651E+04   -0.567666458676063257E+03
    0.945446938874205358E+02    0.111855449275111285E+01    0.656113051656572139E+02    0.168226797338456750E+09    0.113532488949860317E+04   -0.567662444749301585E+03
    0.884740787684781367E+02    0.111898246970512050E+01    0.680253320535547203E+02    0.166040934106179684E+09    0.113532390504922273E+04   -0.567661952524611365E+03
    0.960571807650226646E+02    0.111710444230774253E+01    0.727867924203492862E+02    0.174392095448519409E+09    0.113531724923873981E+04   -0.567658624619369903E+03
    0.929589573889135892E+02    0.111683956863699962E+01    0.731392004749793188E+02    0.174117698803541988E+09    0.113530483858363505E+04   -0.567652419291817523E+03
    0.866823799059670677E+02    0.111889521596845642E+01    0.720119870410223655E+02    0.172519468310303390E+09    0.113529754269826662E+04   -0.567648771349133312E+03
    0.882291711863981476E+02    0.111859633943832826E+01    0.744398303414836562E+02    0.202087084337058127E+09    0.113529167438180730E+04   -0.567645837190903649E+03
    0.946900211138534758E+02    0.111818671322690855E+01    0.761395068814793063E+02    0.163425530295305341E+09    0.113528385946867979E+04   -0.567641929734339897E+03
    0.972951619569300732E+02    0.111845623644730630E+01    0.668955795195925589E+02    0.152834165149494499E+09    0.113528091467185868E+04   -0.567640457335929341E+03
    0.897850907020219040E+02    0.111907583876733230E+01    0.715548960066205666E+02    0.175816550927296013E+09    0.113527198898006350E+04   -0.567635994490031749E+03
    0.936469042828802571E+02    0.111903001452941786E+01    0.696033036254625586E+02    0.172387184260401547E+09    0.113527114587769688E+04   -0.567635572938848441E+03
    0.850026777988262836E+02    0.111746955747886645E+01    0.733840052096683308E+02    0.166392757078213930E+09    0.113505785675689503E+04   -0.567528928378447517E+03
    0.961756515917449946E+02    0.111849976391023032E+01    0.687695158307420371E+02    0.165877237501333326E+09    0.113465604592326576E+04   -0.567328022961632882E+03
    0.900753878264492727E+02    0.111761529060689657E+01    0.755984400101922915E+02    0.192973249106227756E+09    0.113435647883409501E+04   -0.567178239417047507E+03
    0.893862435596299036E+02    0.111802495783820532E+01    0.682986843159222019E+02    0.180471010619496465E+09    0.113384720024710373E+04   -0.566923600123551864E+03
    0.881994486702497511E+02    0.111728183435665218E+01    0.695594738417572955E+02    0.162187887200656295E+09    0.113444096537992914E+04   -0.567220482689964570E+03
    0.923848228478477438E+02    0.111839491332259877E+01    0.747193225104789462E+02    0.205374399632940263E+09    0.113496841332262784E+04   -0.567484206661313920E+03
    0.881247265675733615E+02    0.111788570734644410E+01    0.728800567926395502E+02    0.173930376203667134E+09    0.113368010242087121E+04   -0.566840051210435604E+03
    0.881247265675733615E+02    0.111788570734644410E+01    0.728800567926395502E+02    0.173930376203667134E+09    0.113368010242087121E+04   -0.566840051210435604E+03
    0.884671449231297231E+02    0.111824235324253962E+01    0.713211143699772947E+02    0.169884526775303930E+09    0.113370211436497084E+04   -0.566851057182485420E+03
    0.859710736293736204E+02    0.111749485795830239E+01    0.704860912813257983E+02    0.179640427767585725E+09    0.113417646263801862E+04   -0.567088231319009310E+03
    0.915911709373628327E+02    0.111812870621637428E+01    0.698713288408904276E+02    0.150698504644856483E+09    0.113399516441309697E+04   -0.566997582206548486E+03
    0.955543269617189566E+02    0.111804096827665389E+01    0.717130061942917933E+02    0.156818965230590940E+09    0.113429012534592493E+04   -0.567145062672962467E+03
    0.936794802023974285E+02    0.111776485945411030E+01    0.744890893344439320E+02    0.153586611674660385E+09    0.113506035000012253E+04   -0.567530175000061263E+03
    0.969974454445762859E+02    0.111834126920043686E+01    0.692805295507595673E+02    0.154444365155676723E+09    0.113473544040142747E+04   -0.567367720200713734E+03
    0.919054738143401977E+02    0.111805027973580517E+01    0.684597267339535733E+02    0.185708851870180458E+09    0.113424122811759980E+04   -0.567120614058799902E+03
    0.902515482283148458E+02    0.111727732301151605E+01    0.697385289861939128E+02    0.152968418651365995E+09    0.113462032099930548E+04   -0.567310160499652739E+03
    0.923704368829204441E+02    0.111816990883034029E+01    0.666128857213731465E+02    0.135833805314793825E+09    0.113514226994511068E+04   -0.567571134972555342E+03
    0.885179719943022008E+02    0.111777781526043740E+01    0.670159008427763609E+02    0.186429476488119096E+09    0.113489644238878918E+04   -0.567448221194394591E+03
    0.958677086929079252E+02    0.111770694282162619E+01    0.699235324351556358E+02    0.157930325548215270E+09    0.113437081616954151E+04   -0.567185408084770756E+03
    0.983621794612151916E+02    0.111808831252484819E+01    0.697562531070606866E+02    0.172888040911551714E+09    0.113502962095877820E+04   -0.567514810479389098E+03
    0.932091389659784113E+02    0.111761155042583948E+01    0.704590892011467673E+02    0.166966292741225451E+09    0.113380610776801404E+04   -0.566903053884007022E+03
    0.932091389659784113E+02    0.111761155042583948E+01    0.704590892011467673E+02    0.166966292741225451E+09    0.113380610776801404E+04   -0.566903053884007022E+03
    0.916801746712672383E+02    0.111816126725474096E+01    0.742710814266136907E+02    0.217782065722662568E+09    0.113505293604486792E+04   -0.567526468022433960E+03
    0.955117385990539560E+02    0.111741917369995658E+01    0.716015330441786233E+02    0.182902193871395737E+09    0.113462923237419909E+04   -0.567314616187099546E+03
    0.853665261976331351E+02    0.111766229228030900E+01    0.679586018371345517E+02    0.179056610990568250E+09    0.113466621778540343E+04   -0.567333108892701716E+03
    0.942022265445299212E+02    0.111764873375967455E+01    0.712395539546543972E+02    0.152935410987211794E+09    0.113435970294788285E+04   -0.567179851473941426E+03
    0.917375162162129669E+02    0.111811538423035661E+01    0.709119786732227482E+02    0.146322621284121603E+09    0.113437600025843903E+04   -0.567188000129219517E+03
    0.930863239619369551E+02    0.111792863165286693E+01    0.742401148845564904E+02    0.195964070803462207E+09    0.113433020127715736E+04   -0.567165100638578679E+03
    0.862447281306391318E+02    0.111797901140258160E+01    0.702086426569348845E+02    0.155729758238601118E+09    0.113448613332996365E+04   -0.567243066664981825E+03
    0.893915698924222824E+02    0.111879102256929608E+01    0.719138842013094148E+02    0.157017166760966569E+09    0.113507102398789834E+04   -0.567535511993949171E+03
    0.857232790452077182E+02    0.111840572194801569E+01    0.665265903423104845E+02    0.170960076671587765E+09    0.113512329499115754E+04   -0.567561647495578768E+03
    0.927688508947818349E+02    0.111766845759764055E+01    0.662266420666738043E+02    0.169842124050832093E+09    0.113467159028975220E+04   -0.567335795144876101E+03
    0.889065279692689501E+02    0.111755706351988060E+01    0.688303063909151689E+02    0.140530815655488372E+09    0.113513479833373322E+04   -0.567567399166866608E+03
    0.893816697351563221E+02    0.111795571521442549E+01    0.733400916360330655E+02    0.216724837487978131E+09    0.113492799295993314E+04   -0.567463996479966568E+03
    0.917194271137422845E+02    0.111855513894801573E+01    0.647951715631398315E+02    0.151123026274943233E+09    0.113518881584840869E+04   -0.567594407924204347E+03
    0.897375988560005169E+02    0.111834615733803933E+01    0.691833237977794226E+02    0.151371662295793205E+09    0.113420872987080702E+04   -0.567104364935403510E+03
    0.894665380669207195E+02    0.111867020344531687E+01    0.711911209020987883E+02    0.182182197929547548E+09    0.113424582309143716E+04   -0.567122911545718580E+03
    0.934957809370744570E+02    0.111834123704975119E+01    0.674895737188522133E+02    0.161485259757478803E+09    0.113416794292663326E+04   -0.567083971463316630E+03
    0.942367175597912308E+02    0.111806196764031629E+01    0.700887505261894148E+02    0.160803312282844335E+09    0.113380501009885302E+04   -0.566902505049426509E+03
    0.942367175597912308E+02    0.111806196764031629E+01    0.700887505261894148E+02    0.160803312282844335E+09    0.113380501009885302E+04   -0.566902505049426509E+03
    0.898217828023649929E+02    0.111757483781611633E+01    0.698842885996065775E+02    0.146044827643931597E+09    0.113458831633608179E+04   -0.567294158168040894E+03
    0.923741091959658718E+02    0.111793598161014529E+01    0.689388544373949514E+02    0.165711202762961417E+09    0.113364137920027997E+04   -0.566820689600139985E+03
    0.856970915029245930E+02    0.111717058134918013E+01    0.720963152311979769E+02    0.179105701839422554E+09    0.113467759335825167E+04   -0.567338796679125835E+03
    0.870791620051938793E+02    0.111734040401726897E+01    0.699074259039516193E+02    0.189652346519040257E+09    0.113482271294425709E+04   -0.567411356472128546E+03
    0.917361114505116149E+02    0.111781985665755901E+01    0.783041814030584788E+02    0.179154879927866548E+09    0.113524448960667473E+04   -0.567622244803337367E+03
    0.880297844690068843E+02    0.111746264481500579E+01    0.728534548753190450E+02    0.166096583539605647E+09    0.113424750274989788E+04   -0.567123751374948938E+03
    0.861544740466058130E+02    0.111725180255832179E+01    0.727963364659608914E+02    0.170505422402820945E+09    0.113474437267936855E+04   -0.567372186339684276E+03
    0.940244966162667737E+02    0.111741585739946303E+01    0.709776203922763642E+02    0.177240322323201746E+09    0.113415582497075457E+04   -0.567077912485377283E+03
    0.883127879754931371E+02    0.111817942062257680E+01    0.657517996021882993E+02    0.171227718783660352E+09    0.113472705960251847E+04   -0.567363529801259233E+03
    0.886758116097957299E+02    0.111809222716972689E+01    0.683165825274847549E+02    0.180398323469467193E+09    0.113390509732518240E+04   -0.566952548662591198E+03
    0.886758116097957299E+02    0.111809222716972689E+01    0.683165825274847549E+02    0.180398323469467193E+09    0.113390509732518240E+04   -0.566952548662591198E+03
    0.926994002650326507E+02    0.111853454581211276E+01    0.678248923281912823E+02    0.179698622826663792E+09    0.113452065546857875E+04   -0.567260327734289376E+03
    0.910960662047408363E+02    0.111874393416463458E+01    0.669156716942795669E+02    0.177101717658523023E+09    0.113501100673887777E+04   -0.567505503369438884E+03
    0.944665355311246060E+02    0.111850388376664078E+01    0.714060379796415106E+02    0.187867994344009995E+09    0.113458539566572290E+04   -0.567292697832861450E+03
    0.914832225202728182E+02    0.111762712312597157E+01    0.686405633613934469E+02    0.168720956540488333E+09    0.113384079753094011E+04   -0.566920398765470054E+03
    0.884742858744006213E+02    0.111734591458387689E+01    0.727153763078040214E+02    0.186517860168408930E+09    0.113417740795357440E+04   -0.567088703976787201E+03
    0.896234495910916422E+02    0.111833545185246352E+01    0.708044811923617061E+02    0.205891026353251129E+09    0.113517205844210685E+04   -0.567586029221053423E+03
    0.863153879484449789E+02    0.111745800540651929E+01    0.755860191872171896E+02    0.175257294436240435E+09    0.113494156521337800E+04   -0.567470782606688999E+03
    0.881362020670454314E+02    0.111722945651512839E+01    0.708876123927930593E+02    0.179320986650216579E+09    0.113417816764151303E+04   -0.567089083820756514E+03
    0.896824113756942296E+02    0.111773949465563183E+01    0.689524858762044062E+02    0.155715698685667783E+09    0.113394337618733380E+04   -0.566971688093666899E+03
    0.941664409423171520E+02    0.111753899588512318E+01    0.739356758166822772E+02    0.194324398102194518E+09    0.113468327452340122E+04   -0.567341637261700612E+03
    0.868456818494349534E+02    0.111824961438251913E+01    0.681246116623527911E+02    0.158031977748907804E+09    0.113441736891817550E+04   -0.567208684459087749E+03
    0.853178223866521535E+02    0.111811246898783789E+01    0.721282123661566317E+02    0.182474473677982897E+09    0.113420487608182748E+04   -0.567102438040913739E+03
    0.902994611140899508E+02    0.111749602860898345E+01    0.700340054269739767E+02    0.192805425725845218E+09    0.113458698244718471E+04   -0.567293491223592355E+03
    0.904358229123082253E+02    0.111817719634859358E+01    0.724260796177533166E+02    0.203731766316664875E+09    0.113465730439800950E+04   -0.567328652199004750E+03
    0.874155148111458260E+02    0.111859655427827098E+01    0.686599167208195240E+02    0.152775606471087188E+09    0.113490986457554322E+04   -0.567454932287771612E+03
    0.928997755962369069E+02    0.111864520813348323E+01    0.678337200387205570E+02    0.180829374249201149E+09    0.113478275762999260E+04   -0.567391378814996301E+03
    0.885669298915680798E+02    0.111830793887076729E+01    0.698032231826516778E+02    0.192231862422294140E+09    0.113452412909396253E+04   -0.567262064546981264E+03
    0.893610067630040845E+02    0.111802476724033761E+01    0.686924902463156570E+02    0.147851167124101788E+09    0.113424407127065956E+04   -0.567122035635329780E+03
    0.859381457094070385E+02    0.111834986869425945E+01    0.741035669377003785E+02    0.181083696571709871E+09    0.113451249930810968E+04   -0.567256249654054841E+03
    0.890710900637641316E+02    0.111758880441169439E+01    0.715892919819720390E+02    0.188615315836147040E+09    0.113396640860418302E+04   -0.566983204302091508E+03
    0.853606194345490081E+02    0.111773110381108243E+01    0.718624417387079149E+02    0.189020350428811669E+09    0.113446631633507400E+04   -0.567233158167536999E+03
    0.921764923381321211E+02    0.111735020812739072E+01    0.746631891436028354E+02    0.200603956164425105E+09    0.113497764863012117E+04   -0.567488824315060583E+03
    0.955216371798346984E+02    0.111760192855203155E+01    0.697196264564573909E+02    0.188292676744855821E+09    0.113502326521272585E+04   -0.567511632606362923E+03
    0.832436793140315956E+02    0.111758083429616062E+01    0.701764727986624308E+02    0.175549669987272203E+09    0.113500546447061402E+04   -0.567502732235307008E+03
    0.920398884353722906E+02    0.111855032258795051E+01    0.655613841670094786E+02    0.143148931872952670E+09    0.113510653619702975E+04   -0.567553268098514877E+03
    0.963953411434850977E+02    0.111790094887878810E+01    0.724659985676227620E+02    0.152301954430305392E+09    0.113487628870314393E+04   -0.567438144351571964E+03
    0.872298773138965942E+02    0.111800425224365640E+01    0.737085507847770884E+02    0.165825352993696958E+09    0.113432662309692773E+04   -0.567163311548463867E+03
    0.862235617858968197E+02    0.111769621345747150E+01    0.740294437597550825E+02    0.177574844460553318E+09    0.113421415526104511E+04   -0.567107077630522554E+03
    0.852647390427297864E+02    0.111762153928480501E+01    0.688641046607899483E+02    0.175137390024525881E+09    0.113448964396125371E+04   -0.567244821980626853E+03
    0.887719601131833826E+02    0.111763711160715706E+01    0.667656878813251353E+02    0.185775246182841599E+09    0.113504809476238916E+04   -0.567524047381194578E+03
    0.842673234531475117E+02    0.111835935539466735E+01    0.731853602428755181E+02    0.170158983949613929E+09    0.113518290915313037E+04   -0.567591454576565184E+03
    0.941407677104972009E+02    0.111759844413644682E+01    0.711314345523002487E+02    0.168587180359052390E+09    0.113394008364771003E+04   -0.566970041823855013E+03
    0.902347095108339232E+02    0.111824375689287647E+01    0.684258607547023985E+02    0.175178651614897490E+09    0.113379639266870504E+04   -0.566898196334352519E+03
    0.919696581509924158E+02    0.111794654630346280E+01    0.733971095898035202E+02    0.193791169381108224E+09    0.113405078958404442E+04   -0.567025394792022212E+03
