    0.585635630875227662E+02    0.113091392532344459E+01    0.443292111864811460E+02    0.273201213916677013E+08    0.533929471329905937E+03   -0.266964735664952968E+03
    0.594559661053337294E+02    0.112338248999445955E+01    0.203821346493781270E+02    0.158686992225844152E+08    0.533159140411698331E+03   -0.266579570205849166E+03
    0.573304337625607374E+02    0.112501066874308386E+01    0.368546152045224673E+02    0.582913703636343554E+08    0.533029409570936195E+03   -0.266514704785468098E+03
    0.540899176735007501E+02    0.112522000390393506E+01    0.323523669688068622E+02    0.818142087659716606E+08    0.532236769214503170E+03   -0.266118384607251585E+03
    0.244143579028323785E+02    0.112653918413531495E+01    0.313458822479980235E+02    0.208283970577518195E+09    0.531949690152162702E+03   -0.265974845076081351E+03
    0.393278309345525612E+01    0.113477812213815676E+01    0.384452734474059241E+02    0.334610134720218517E+08    0.531818349032913602E+03   -0.265909174516456801E+03
    0.226094752836545858E+02    0.112967100391590147E+01    0.156242703594681789E+02    0.621598491702673659E+08    0.530846729518824986E+03   -0.265423364759412493E+03
    0.172302874636788026E+02    0.112691918133465752E+01    0.390060154410740410E+02    0.243348025760866925E+08    0.530740804305617985E+03   -0.265370402152808992E+03
    0.298861142797267760E+02    0.113307801496863902E+01    0.214045041711658293E+02    0.116756007016517408E+08    0.530250443275109774E+03   -0.265125221637554887E+03
    0.495999478859130818E+02    0.112702438950065109E+01    0.415721225315755945E+02    0.995066338798421621E+08    0.530089044442612135E+03   -0.265044522221306067E+03
    0.411328162264601289E+02    0.112706043301839132E+01    0.145525702838457622E+02    0.443921292563464493E+08    0.529670684321265071E+03   -0.264835342160632536E+03
    0.101440119243155671E+02    0.112907668342060186E+01    0.245314040986547397E+02    0.945678569706116915E+08    0.529163852934251508E+03   -0.264581926467125754E+03
    0.100747048228973100E+02    0.113705249221731619E+01    0.367072794432294458E+02    0.362995202510407567E+08    0.529137450517435127E+03   -0.264568725258717564E+03
    0.181273677640778033E+02    0.112787220197070659E+01    0.364449134464472948E+02    0.239121926275769249E+08    0.528947537474152682E+03   -0.264473768737076341E+03
    0.471573418238161892E+02    0.112754961678218346E+01    0.429342461177910408E+02    0.118546574200816542E+09    0.528866280223554213E+03   -0.264433140111777107E+03
    0.173584917397420249E+02    0.112567702459764796E+01    0.446092838869807409E+02    0.585592518996315300E+08    0.528835741893914474E+03   -0.264417870946957237E+03
    0.208086596206840078E+02    0.113170407966631204E+01    0.529316401418923306E+02    0.116097263569041461E+09    0.528831583839985910E+03   -0.264415791919992955E+03
    0.121982941135898582E+02    0.113045048542704474E+01    0.243687036626358129E+02    0.942515125720167458E+08    0.528787037013275835E+03   -0.264393518506637918E+03
    0.438035202289456791E+02    0.112283287725630831E+01    0.265399770360416909E+02    0.605734210038768202E+08    0.528673244057682496E+03   -0.264336622028841248E+03
    0.258538215854504898E+02    0.113790998910125496E+01    0.347772486581915672E+02    0.394892905976356417E+08    0.528595562934497821E+03   -0.264297781467248910E+03
    0.109040312109776742E+02    0.113054002509399876E+01    0.303085521807408327E+02    0.279713732327803597E+08    0.528542983099712501E+03   -0.264271491549856250E+03
    0.426412439900921427E+02    0.112455333601538499E+01    0.274044858416108497E+02    0.190162599698385857E+08    0.528525708110194614E+03   -0.264262854055097307E+03
    0.577169715853596443E+02    0.112981091379496035E+01    0.385459478436554122E+02    0.326257846224006675E+08    0.528440173852789371E+03   -0.264220086926394686E+03
    0.290762199041536888E+02    0.112731570686960469E+01    0.123461502003425938E+02    0.349620475344249532E+08    0.528433862637565653E+03   -0.264216931318782827E+03
    0.135699920312547064E+02    0.113617969662751639E+01    0.366922023684088643E+02    0.326586998959339336E+08    0.528171614578618460E+03   -0.264085807289309230E+03
    0.326477420895488208E+02    0.112625578778053081E+01    0.323541393103909911E+02    0.154106430354693800E+09    0.528099570721855343E+03   -0.264049785360927672E+03
    0.248580232061794248E+02    0.113592081387973387E+01    0.368052358185714539E+02    0.637373669736208394E+08    0.528086207805866252E+03   -0.264043103902933126E+03
    0.944352748607062864E+01    0.112700779174279075E+01    0.400007308899471639E+02    0.391853914405056313E+08    0.528066932849652289E+03   -0.264033466424826145E+03
    0.202150242954022552E+02    0.112645473068000435E+01    0.158765926343341519E+02    0.472057403554893956E+08    0.527920628921674620E+03   -0.263960314460837310E+03
    0.230996189439810280E+02    0.112145553045609958E+01    0.303211413212707619E+02    0.451393035585928261E+08    0.527853129291293158E+03   -0.263926564645646579E+03
    0.336361432044840143E+02    0.112470442678518112E+01    0.342918876919455542E+02    0.105788379995874073E+08    0.527789183880097198E+03   -0.263894591940048599E+03
    0.498009357663945522E+02    0.112748370128115361E+01    0.181209962923211059E+02    0.299095350785979852E+08    0.527685296076367649E+03   -0.263842648038183825E+03
    0.559391677894312380E+02    0.112650881618029364E+01    0.403939164738995018E+02    0.338162154329485893E+08    0.527532781309044367E+03   -0.263766390654522183E+03
    0.579122587305285208E+01    0.112967395524973169E+01    0.381205284142963876E+02    0.516361618961127102E+08    0.527507828992549435E+03   -0.263753914496274717E+03
    0.342913182411373185E+02    0.113254003911750978E+01    0.268771766081599424E+02    0.242788786775978133E+08    0.527380114936110658E+03   -0.263690057468055329E+03
    0.468139057085099850E+02    0.112642559575385115E+01    0.400787967423046041E+02    0.224795485183728561E+08    0.527363210017760593E+03   -0.263681605008880297E+03
    0.339523888971827432E+02    0.112273488437544100E+01    0.191744891700666251E+02    0.542919275156109855E+08    0.527323454940726037E+03   -0.263661727470363019E+03
    0.387974419678710092E+02    0.113285671245529418E+01    0.383952594411322181E+02    0.115441770001189373E+08    0.527321881547780663E+03   -0.263660940773890331E+03
    0.416933230161558441E+02    0.112476672015563772E+01    0.412731574989594705E+02    0.733720431489898413E+08    0.527316860970523408E+03   -0.263658430485261704E+03
    0.306025893784023317E+02    0.113251988546437565E+01    0.475450723842033298E+02    0.370555240062254220E+08    0.527282745557152339E+03   -0.263641372778576169E+03
    0.432411718341679645E+02    0.112703615247913369E+01    0.419315337548145379E+02    0.229983327980823889E+08    0.527215850283907344E+03   -0.263607925141953672E+03
    0.278728660122930378E+02    0.113083710580214003E+01    0.306019699369614919E+02    0.108094293672306482E+08    0.527205626809618934E+03   -0.263602813404809467E+03
    0.421848034668261178E+02    0.112348257950721320E+01    0.307905723620283354E+02    0.108639300039995499E+08    0.527198090060856885E+03   -0.263599045030428442E+03
    0.248515355190193823E+02    0.112792501895244635E+01    0.307322284041757214E+02    0.147903448762256265E+09    0.527071718186648354E+03   -0.263535859093324177E+03
    0.199762778873542004E+02    0.113123772082509588E+01    0.211993592866090275E+02    0.288919706243233681E+08    0.526994939328317514E+03   -0.263497469664158757E+03
    0.185530454135780758E+02    0.112570880936773565E+01    0.432099238320651651E+02    0.964799446031725705E+08    0.526989053473731474E+03   -0.263494526736865737E+03
    0.392317286562273679E+02    0.113231693082972207E+01    0.456198217747594441E+02    0.345722303251306713E+08    0.526981266149074486E+03   -0.263490633074537243E+03
    0.461841198696965023E+02    0.112797147434033640E+01    0.440111068222295430E+02    0.257625005766441934E+08    0.526907118191401764E+03   -0.263453559095700882E+03
    0.502899221261029084E+02    0.112910728572900254E+01    0.286812947053123750E+02    0.110067182224520873E+08    0.526840216025833342E+03   -0.263420108012916671E+03
    0.187226830010980940E+02    0.113612010655488516E+01    0.293025209023554680E+02    0.487604099089232683E+08    0.526818596648899529E+03   -0.263409298324449765E+03
    0.142790742337698973E+02    0.112441231741103675E+01    0.325342546997799502E+02    0.594865948714210689E+08    0.526815130742784845E+03   -0.263407565371392423E+03
    0.310984781982907528E+02    0.112594970810038353E+01    0.351693854838826567E+02    0.106811297139845360E+08    0.526811049221877397E+03   -0.263405524610938699E+03
    0.225100928975721182E+02    0.113004984275274434E+01    0.481865480588609501E+02    0.383554328492730632E+08    0.526796186028663101E+03   -0.263398093014331550E+03
    0.381483004772217598E+02    0.112399277669420883E+01    0.352739493204010017E+02    0.235971506458617300E+08    0.526731601668482426E+03   -0.263365800834241213E+03
    0.503310866061213744E+02    0.112844684425821429E+01    0.344855581231985440E+02    0.573289793975026459E+08    0.526705842087658766E+03   -0.263352921043829383E+03
    0.402456409018824957E+02    0.112732212214941852E+01    0.275737858450956885E+02    0.104257715831682190E+09    0.526698384340902749E+03   -0.263349192170451374E+03
    0.106884728067357457E+02    0.112679468034381070E+01    0.369838194545306322E+02    0.104151061143487170E+09    0.526666980142151374E+03   -0.263333490071075687E+03
    0.208400187109823030E+02    0.113050632600210288E+01    0.215490948861652498E+02    0.662269011080338284E+08    0.526640265079849087E+03   -0.263320132539924543E+03
    0.334768849140863338E+02    0.112516787859258605E+01    0.336369457924700015E+02    0.214622759462000839E+08    0.526636856358093269E+03   -0.263318428179046634E+03
    0.441562186463063071E+02    0.112822710844422103E+01    0.343419053484418839E+02    0.969070518959159553E+08    0.526511900884426382E+03   -0.263255950442213191E+03
    0.156132328752241332E+02    0.112908962317153971E+01    0.228396560005898337E+02    0.293535109032125212E+08    0.526432401120987151E+03   -0.263216200560493576E+03
    0.283749929486424612E+02    0.113534683780162049E+01    0.377908653294040988E+02    0.485141074408060610E+08    0.526376816975330371E+03   -0.263188408487665185E+03
    0.358613068975743161E+02    0.112846737095198568E+01    0.326538282324608389E+02    0.178278858024760671E+08    0.526346659625300390E+03   -0.263173329812650195E+03
    0.112178636446975410E+02    0.113124583931838085E+01    0.397228314766388024E+02    0.124831271183143079E+09    0.526323850913172578E+03   -0.263161925456586289E+03
    0.422072930490401319E+02    0.112820802358747785E+01    0.311775374915799155E+02    0.108597373904998377E+09    0.526307065268855922E+03   -0.263153532634427961E+03
    0.200669012579741768E+02    0.112404982086973804E+01    0.356461241829161537E+02    0.677809021225293279E+08    0.526270576925362093E+03   -0.263135288462681046E+03
    0.294345673557496461E+02    0.113376558427956842E+01    0.407905410868119347E+02    0.662038640893656984E+08    0.526240486621710488E+03   -0.263120243310855244E+03
    0.415655346095429294E+02    0.112964391875428438E+01    0.337257185120271004E+02    0.923787560047230422E+08    0.526170287215227859E+03   -0.263085143607613929E+03
    0.397885444164266957E+02    0.112460832407354916E+01    0.155424729222951523E+02    0.371953654477415830E+08    0.526146110480940706E+03   -0.263073055240470353E+03
    0.405385480335954043E+02    0.112990540448776566E+01    0.392769869561951026E+02    0.119364509779479191E+09    0.526105824252749812E+03   -0.263052912126374906E+03
    0.210695450262581758E+02    0.112804283874552302E+01    0.240466854446851954E+02    0.949024016900153458E+08    0.526089913842564897E+03   -0.263044956921282449E+03
    0.566160966492599869E+02    0.112646457257037658E+01    0.291489422712827242E+02    0.133880019049689975E+08    0.526010836959836297E+03   -0.263005418479918148E+03
    0.321726908283440309E+02    0.112641822049452789E+01    0.199322749051803250E+02    0.246204918066241071E+08    0.526009463958743368E+03   -0.263004731979371684E+03
    0.535861126600084390E+02    0.112391737237495448E+01    0.302875744161111911E+02    0.127522901236997508E+08    0.525975393137594210E+03   -0.262987696568797105E+03
    0.312764990396271187E+02    0.113271392490058442E+01    0.370235223983290425E+02    0.926321007967870682E+08    0.525810064818665296E+03   -0.262905032409332648E+03
    0.291430927099404542E+02    0.112912333870356396E+01    0.473415263851621830E+02    0.626285215403707325E+08    0.525687096898747654E+03   -0.262843548449373827E+03
    0.308696821616929498E+02    0.112770342028890935E+01    0.407894476692535761E+02    0.245295724948180653E+08    0.525683432225713887E+03   -0.262841716112856943E+03
    0.507545906206116086E+02    0.112363708190958178E+01    0.315487622144061461E+02    0.296070166554278545E+08    0.525658641306131244E+03   -0.262829320653065622E+03
    0.409763474245271766E+02    0.112777679080093618E+01    0.311550190347060543E+02    0.979349055810641646E+08    0.525642581125398351E+03   -0.262821290562699176E+03
    0.458006949773631433E+02    0.112527712058465124E+01    0.224071826531916720E+02    0.242008804024142586E+08    0.525636313585123844E+03   -0.262818156792561922E+03
    0.262002640003394092E+02    0.112864964296382331E+01    0.387247503056208231E+02    0.149371589661458135E+09    0.525627164962990378E+03   -0.262813582481495189E+03
    0.200321003466681695E+02    0.112941434230730553E+01    0.468867757891964985E+02    0.966597286358452141E+08    0.525621842818919504E+03   -0.262810921409459752E+03
    0.521350163153014563E+02    0.112731286122009666E+01    0.229600240356287060E+02    0.360171223937386498E+08    0.525618678489172112E+03   -0.262809339244586056E+03
    0.381197946646356982E+02    0.113009979207564726E+01    0.182058137599912939E+02    0.364535644099023715E+08    0.525507397498730597E+03   -0.262753698749365299E+03
    0.464596256618423027E+02    0.112663729715285998E+01    0.340402135199378364E+02    0.623672735902344659E+08    0.525473552943081700E+03   -0.262736776471540850E+03
    0.118167372784599056E+02    0.113196423742615671E+01    0.250605353174332741E+02    0.432087398760293871E+08    0.525401665955484873E+03   -0.262700832977742436E+03
    0.211635903529505818E+02    0.112738973486894478E+01    0.298728167133281168E+02    0.147024375412122551E+08    0.525396055830458181E+03   -0.262698027915229090E+03
    0.272525462908139744E+02    0.113314098802919427E+01    0.408112883233337413E+02    0.820794296027752906E+08    0.525322678560860595E+03   -0.262661339280430298E+03
    0.950238868226270483E+01    0.112970628396202355E+01    0.270679054558362182E+02    0.349887382875743732E+08    0.525265125326451084E+03   -0.262632562663225542E+03
    0.354982723603491195E+02    0.112987046847446004E+01    0.286585870493873394E+02    0.165519238919134568E+08    0.525232616366420302E+03   -0.262616308183210151E+03
    0.275691030741771144E+02    0.113571740066158910E+01    0.337185450428930054E+02    0.359199910065425858E+08    0.525065718352538397E+03   -0.262532859176269199E+03
    0.460350828538674435E+02    0.112464270809190281E+01    0.349634024176995766E+02    0.114019130845914707E+08    0.525047083328333201E+03   -0.262523541664166601E+03
    0.257812056938520158E+02    0.113336509205292280E+01    0.290865443365740930E+02    0.619485800999236777E+08    0.525035198290989342E+03   -0.262517599145494671E+03
    0.358973324320461558E+02    0.112827261538849277E+01    0.304237025971290223E+02    0.213715274588450603E+08    0.525011476848572670E+03   -0.262505738424286335E+03
    0.359074230103250969E+02    0.113287661375187954E+01    0.389639862163414463E+02    0.545704012979727313E+08    0.524884014105266147E+03   -0.262442007052633073E+03
    0.137485375681909350E+02    0.112467357805068535E+01    0.289019704732579932E+02    0.386758612659540474E+08    0.524876424650710419E+03   -0.262438212325355209E+03
    0.105889653424506776E+02    0.113288857023042522E+01    0.301944218696923627E+02    0.389851020106360540E+08    0.524791872643655779E+03   -0.262395936321827890E+03
    0.242075473412501907E+02    0.113260600812799561E+01    0.440483299932585695E+02    0.427999353948530406E+08    0.524729223868101258E+03   -0.262364611934050629E+03
    0.491361096056657161E+02    0.112554980443273012E+01    0.388282644779210173E+02    0.293417419284099042E+08    0.524682904606038392E+03   -0.262341452303019196E+03
    0.194498754356867671E+02    0.113084168537226315E+01    0.331952198238194853E+02    0.124139115432166263E+09    0.524674458085054539E+03   -0.262337229042527269E+03
    0.194498754356867671E+02    0.113084168537226315E+01    0.331952198238194853E+02    0.124139115432166263E+09    0.524674458085054539E+03   -0.262337229042527269E+03
    0.256159603684322512E+02    0.113036205904414411E+01    0.466968109396680475E+02    0.515807499774330929E+08    0.524666948372591833E+03   -0.262333474186295916E+03
    0.222647810039510112E+02    0.112583875573187564E+01    0.276641817161670254E+02    0.109249628247148797E+09    0.524643539213333042E+03   -0.262321769606666521E+03
    0.131057735022309600E+02    0.112932674421054080E+01    0.316204027097705271E+02    0.843577991947566718E+08    0.524633546853790449E+03   -0.262316773426895224E+03
    0.392300402682962357E+02    0.113273124697041916E+01    0.351473345008726383E+02    0.455030180377672017E+08    0.524624677466645721E+03   -0.262312338733322861E+03
    0.215321797235023205E+02    0.113135561334879253E+01    0.299496761043951238E+02    0.899392024551998079E+08    0.524560521627474486E+03   -0.262280260813737243E+03
    0.350887969700755491E+02    0.113188961587736148E+01    0.355258734906099036E+02    0.117328749104052261E+08    0.524555747682912397E+03   -0.262277873841456199E+03
    0.266242621387654310E+02    0.112961523262728791E+01    0.467435654817686626E+02    0.471348287229857668E+08    0.524522636033948402E+03   -0.262261318016974201E+03
    0.384063825151314475E+02    0.112799226643070205E+01    0.458631581497632652E+02    0.425349414093506634E+08    0.524511531360997765E+03   -0.262255765680498882E+03
    0.384063825151314475E+02    0.112799226643070205E+01    0.458631581497632652E+02    0.425349414093506634E+08    0.524511531360997765E+03   -0.262255765680498882E+03
    0.463693248698016234E+02    0.112846131388648874E+01    0.223190272019656177E+02    0.284005471536832228E+08    0.524481360178003342E+03   -0.262240680089001671E+03
    0.463693248698016234E+02    0.112846131388648874E+01    0.223190272019656177E+02    0.284005471536832228E+08    0.524481360178003342E+03   -0.262240680089001671E+03
    0.315960644779411020E+02    0.113018387670413345E+01    0.445805438764504132E+02    0.626200171609294489E+08    0.524403010696428623E+03   -0.262201505348214312E+03
    0.171433790451100982E+02    0.112444302022043052E+01    0.229921900902385694E+02    0.395549401098209620E+08    0.524397667925321457E+03   -0.262198833962660729E+03
    0.171433790451100982E+02    0.112444302022043052E+01    0.229921900902385694E+02    0.395549401098209620E+08    0.524397667925321457E+03   -0.262198833962660729E+03
    0.470068459781522492E+02    0.112400122508805822E+01    0.331874290563477601E+02    0.286348264465027004E+08    0.524369567164709338E+03   -0.262184783582354669E+03
    0.470068459781522492E+02    0.112400122508805822E+01    0.331874290563477601E+02    0.286348264465027004E+08    0.524369567164709338E+03   -0.262184783582354669E+03
    0.322986361581659196E+02    0.113114373913721900E+01    0.453941921359799778E+02    0.365813858024500608E+08    0.524254409345081399E+03   -0.262127204672540699E+03
    0.307986272625097754E+02    0.112674487314292815E+01    0.414848390876230155E+02    0.129890056255308259E+08    0.524234470149822300E+03   -0.262117235074911150E+03
    0.302499600274594656E+02    0.113202271163803769E+01    0.424118733323594839E+02    0.581198027522884607E+08    0.524222050950604171E+03   -0.262111025475302085E+03
    0.302499600274594656E+02    0.113202271163803769E+01    0.424118733323594839E+02    0.581198027522884607E+08    0.524222050950604171E+03   -0.262111025475302085E+03
    0.400279272899030119E+02    0.112369887645856004E+01    0.344589531785011971E+02    0.440383554922582358E+08    0.524193619086378476E+03   -0.262096809543189238E+03
    0.400279272899030119E+02    0.112369887645856004E+01    0.344589531785011971E+02    0.440383554922582358E+08    0.524193619086378476E+03   -0.262096809543189238E+03
    0.351035329475576958E+02    0.112461021878843082E+01    0.287633806714783944E+02    0.156992777236870322E+08    0.524166834014570327E+03   -0.262083417007285163E+03
    0.351035329475576958E+02    0.112461021878843082E+01    0.287633806714783944E+02    0.156992777236870322E+08    0.524166834014570327E+03   -0.262083417007285163E+03
    0.411040235459121277E+02    0.112867122672996922E+01    0.346875405806712251E+02    0.814711636898301840E+08    0.524163930919102881E+03   -0.262081965459551441E+03
    0.116000723347427304E+02    0.113213557335953152E+01    0.306533276184060561E+02    0.523166908253151178E+08    0.524137309001702874E+03   -0.262068654500851437E+03
    0.144253047321065839E+02    0.113327449926051060E+01    0.365337638948831511E+02    0.441251244783473089E+08    0.524132636710131464E+03   -0.262066318355065732E+03
    0.540208446923071719E+02    0.112822524139377744E+01    0.353539863479211931E+02    0.324947279802770205E+08    0.524116877773980491E+03   -0.262058438886990245E+03
    0.540208446923071719E+02    0.112822524139377744E+01    0.353539863479211931E+02    0.324947279802770205E+08    0.524116877773980491E+03   -0.262058438886990245E+03
    0.173315525402716837E+02    0.112708397652776671E+01    0.395887367151550151E+02    0.576424720561674833E+08    0.524111058957716523E+03   -0.262055529478858261E+03
    0.486002165385808809E+02    0.112556902863824182E+01    0.237718818580489781E+02    0.127632773539294992E+08    0.524097822703540146E+03   -0.262048911351770073E+03
    0.486002165385808809E+02    0.112556902863824182E+01    0.237718818580489781E+02    0.127632773539294992E+08    0.524097822703540146E+03   -0.262048911351770073E+03
    0.345844761683380497E+02    0.113218237596265014E+01    0.417397453670008503E+02    0.528829652346510738E+08    0.524027346577612434E+03   -0.262013673288806217E+03
    0.307666102866142950E+02    0.112445403832402269E+01    0.352759642986529443E+02    0.757923236834935695E+08    0.524001361459237728E+03   -0.262000680729618864E+03
    0.320919632868188742E+02    0.113020017782639526E+01    0.448085597560259572E+02    0.724633608478499651E+08    0.523945918886704590E+03   -0.261972959443352295E+03
    0.347769377341125150E+02    0.112962185699736040E+01    0.364427148115468995E+02    0.242156131277989186E+08    0.523931013401074892E+03   -0.261965506700537446E+03
    0.347769377341125150E+02    0.112962185699736040E+01    0.364427148115468995E+02    0.242156131277989186E+08    0.523931013401074892E+03   -0.261965506700537446E+03
    0.310444630080249411E+02    0.112429223260584954E+01    0.376698773198502934E+02    0.538835807471077591E+08    0.523916988827614432E+03   -0.261958494413807216E+03
    0.310444630080249411E+02    0.112429223260584954E+01    0.376698773198502934E+02    0.538835807471077591E+08    0.523916988827614432E+03   -0.261958494413807216E+03
    0.266915133353322602E+02    0.113098188427089830E+01    0.319823146922309718E+02    0.139535781039927769E+08    0.523877581310419259E+03   -0.261938790655209630E+03
    0.266915133353322602E+02    0.113098188427089830E+01    0.319823146922309718E+02    0.139535781039927769E+08    0.523877581310419259E+03   -0.261938790655209630E+03
    0.337702312430077640E+02    0.113336383451827438E+01    0.375319257288575159E+02    0.423569932279009447E+08    0.523802055287168628E+03   -0.261901027643584314E+03
    0.440543968611011039E+02    0.113014268952519537E+01    0.336494447758281083E+02    0.143492137872504927E+08    0.523749234238139820E+03   -0.261874617119069910E+03
    0.440543968611011039E+02    0.113014268952519537E+01    0.336494447758281083E+02    0.143492137872504927E+08    0.523749234238139820E+03   -0.261874617119069910E+03
    0.352759164548071311E+02    0.113207983872414020E+01    0.411360600977570741E+02    0.456349427005706653E+08    0.523737727328594133E+03   -0.261868863664297066E+03
    0.296927994198381207E+02    0.112862471355170180E+01    0.439801382581058675E+02    0.873657318515966684E+08    0.523730132594565475E+03   -0.261865066297282738E+03
    0.296927994198381207E+02    0.112862471355170180E+01    0.439801382581058675E+02    0.873657318515966684E+08    0.523730132594565475E+03   -0.261865066297282738E+03
    0.333117770208711974E+02    0.112675772239717387E+01    0.418743797305156207E+02    0.801894460538756847E+08    0.523724697494821044E+03   -0.261862348747410522E+03
    0.333117770208711974E+02    0.112675772239717387E+01    0.418743797305156207E+02    0.801894460538756847E+08    0.523724697494821044E+03   -0.261862348747410522E+03
    0.361270138463522628E+02    0.112384645212915069E+01    0.240032736250998262E+02    0.269274277771023512E+08    0.523708594613327705E+03   -0.261854297306663852E+03
    0.361270138463522628E+02    0.112384645212915069E+01    0.240032736250998262E+02    0.269274277771023512E+08    0.523708594613327705E+03   -0.261854297306663852E+03
    0.409778747465123985E+02    0.112767693199384711E+01    0.309439232735708885E+02    0.753153675530577302E+08    0.523692002503037088E+03   -0.261846001251518544E+03
    0.409778747465123985E+02    0.112767693199384711E+01    0.309439232735708885E+02    0.753153675530577302E+08    0.523692002503037088E+03   -0.261846001251518544E+03
    0.168767349115169303E+02    0.112571098865476782E+01    0.265552005669755573E+02    0.315665311261292398E+08    0.523670393753373673E+03   -0.261835196876686837E+03
    0.168767349115169303E+02    0.112571098865476782E+01    0.265552005669755573E+02    0.315665311261292398E+08    0.523670393753373673E+03   -0.261835196876686837E+03
    0.325033682809665265E+02    0.112352251015810878E+01    0.192317597022101836E+02    0.379723884557365179E+08    0.523669051310292389E+03   -0.261834525655146194E+03
    0.197592143860544773E+02    0.112675502000844374E+01    0.314947890924442149E+02    0.103852324763688579E+09    0.523655841693810657E+03   -0.261827920846905329E+03
    0.250057050687436480E+02    0.112555382841098117E+01    0.317799686636779555E+02    0.893205244559684843E+08    0.523655820036745695E+03   -0.261827910018372847E+03
    0.400625405504056857E+02    0.113107072195241631E+01    0.348688033879161239E+02    0.138486884298516363E+08    0.523636350700346725E+03   -0.261818175350173362E+03
    0.206588859328633205E+02    0.113360711034763617E+01    0.374940238940163439E+02    0.472287850212977305E+08    0.523546863402675626E+03   -0.261773431701337813E+03
    0.206588859328633205E+02    0.113360711034763617E+01    0.374940238940163439E+02    0.472287850212977305E+08    0.523546863402675626E+03   -0.261773431701337813E+03
    0.330949812787013471E+02    0.112930982107604461E+01    0.366991245483154103E+02    0.247214660851748846E+08    0.523544870946471519E+03   -0.261772435473235760E+03
    0.330949812787013471E+02    0.112930982107604461E+01    0.366991245483154103E+02    0.247214660851748846E+08    0.523544870946471519E+03   -0.261772435473235760E+03
    0.447910130586394146E+02    0.112852307695115051E+01    0.404976974891300472E+02    0.131714923007003013E+08    0.523510600442151940E+03   -0.261755300221075970E+03
    0.447910130586394146E+02    0.112852307695115051E+01    0.404976974891300472E+02    0.131714923007003013E+08    0.523510600442151940E+03   -0.261755300221075970E+03
    0.225573376212312624E+02    0.112796676758332493E+01    0.447613818835476422E+02    0.113713411146306098E+09    0.523475815582002610E+03   -0.261737907791001305E+03
    0.225573376212312624E+02    0.112796676758332493E+01    0.447613818835476422E+02    0.113713411146306098E+09    0.523475815582002610E+03   -0.261737907791001305E+03
    0.386819260899077264E+02    0.112895213524962701E+01    0.321828060852928957E+02    0.794123407555375099E+08    0.523471578493649531E+03   -0.261735789246824766E+03
    0.386819260899077264E+02    0.112895213524962701E+01    0.321828060852928957E+02    0.794123407555375099E+08    0.523471578493649531E+03   -0.261735789246824766E+03
    0.248191815877140556E+02    0.113109728647161578E+01    0.436291185184175774E+02    0.113991551358457178E+09    0.523457906395040368E+03   -0.261728953197520184E+03
    0.255426653725344401E+02    0.112611011187263022E+01    0.384346435417355536E+02    0.992260062722507715E+08    0.523457502929327916E+03   -0.261728751464663958E+03
    0.307710424542917274E+02    0.112931820586829335E+01    0.307771783205399565E+02    0.998723351585980505E+08    0.523444555732987396E+03   -0.261722277866493698E+03
    0.477908563767720835E+02    0.112642771398623820E+01    0.286439453527238967E+02    0.432578043324732855E+08    0.523424546311662766E+03   -0.261712273155831383E+03
    0.464977442602925422E+02    0.112820764415347674E+01    0.401655364397250665E+02    0.287184355072371662E+08    0.523418047908709582E+03   -0.261709023954354791E+03
    0.464977442602925422E+02    0.112820764415347674E+01    0.401655364397250665E+02    0.287184355072371662E+08    0.523418047908709582E+03   -0.261709023954354791E+03
    0.449485668778593350E+02    0.112464526495870532E+01    0.358343056974538499E+02    0.122827115376394149E+08    0.523368030154903067E+03   -0.261684015077451534E+03
    0.327322617467530890E+02    0.112295711094817818E+01    0.310494926979771613E+02    0.315401424814794585E+08    0.523359478570224610E+03   -0.261679739285112305E+03
    0.250236771296896308E+02    0.113067166673712349E+01    0.431055361429219985E+02    0.577907524310765490E+08    0.523312267000949419E+03   -0.261656133500474709E+03
    0.151194057906886830E+02    0.112830672903939089E+01    0.259813049370874722E+02    0.494918248265047371E+08    0.523311904106762540E+03   -0.261655952053381270E+03
    0.392130353402039304E+02    0.112444933776101319E+01    0.349881666411808609E+02    0.521298917102418914E+08    0.523305550922898078E+03   -0.261652775461449039E+03
    0.392130353402039304E+02    0.112444933776101319E+01    0.349881666411808609E+02    0.521298917102418914E+08    0.523305550922898078E+03   -0.261652775461449039E+03
    0.137722198483840526E+02    0.112773950424792635E+01    0.255774374228700907E+02    0.359009244475732222E+08    0.523302206609634823E+03   -0.261651103304817411E+03
    0.137722198483840526E+02    0.112773950424792635E+01    0.255774374228700907E+02    0.359009244475732222E+08    0.523302206609634823E+03   -0.261651103304817411E+03
    0.384870840714170299E+02    0.112633804036249141E+01    0.394952123874373697E+02    0.135231794502491523E+08    0.523301835905660369E+03   -0.261650917952830184E+03
    0.260756638965857270E+02    0.113031321824400188E+01    0.380338517051708891E+02    0.127523612775216792E+08    0.523266187927429655E+03   -0.261633093963714828E+03
    0.340183027271137348E+02    0.113346630449120878E+01    0.365757421642956899E+02    0.324112003124065138E+08    0.523263815255145687E+03   -0.261631907627572843E+03
    0.340183027271137348E+02    0.113346630449120878E+01    0.365757421642956899E+02    0.324112003124065138E+08    0.523263815255145687E+03   -0.261631907627572843E+03
    0.350844989099224946E+02    0.113227963002896437E+01    0.406336501691328280E+02    0.407082973092153817E+08    0.523260804677670876E+03   -0.261630402338835438E+03
    0.350844989099224946E+02    0.113227963002896437E+01    0.406336501691328280E+02    0.407082973092153817E+08    0.523260804677670876E+03   -0.261630402338835438E+03
    0.311786021365797659E+02    0.112479052564677207E+01    0.285188369089617915E+02    0.669832069713309333E+08    0.523254514239897958E+03   -0.261627257119948979E+03
    0.423186470120629039E+02    0.112852094557174576E+01    0.380410765430650386E+02    0.255873361933109276E+08    0.523253617159922896E+03   -0.261626808579961448E+03
    0.255823736084049642E+02    0.113004428434838444E+01    0.333001151567825886E+02    0.133892480793380216E+08    0.523219045411053457E+03   -0.261609522705526729E+03
    0.296292213173760004E+02    0.113105700227944750E+01    0.421288663827068248E+02    0.586245366016655043E+08    0.523195854439071240E+03   -0.261597927219535620E+03
    0.247239264585767877E+02    0.112670924288442409E+01    0.402597234640506585E+02    0.616214512622433901E+08    0.523182739076126609E+03   -0.261591369538063304E+03
    0.224451938811548857E+02    0.112785954308352210E+01    0.284036964840087620E+02    0.125924114274005331E+08    0.523172283923945429E+03   -0.261586141961972714E+03
    0.224451938811548857E+02    0.112785954308352210E+01    0.284036964840087620E+02    0.125924114274005331E+08    0.523172283923945429E+03   -0.261586141961972714E+03
    0.229335023348401208E+02    0.112861915058452023E+01    0.432669494783815978E+02    0.764179030137546062E+08    0.523168727952284939E+03   -0.261584363976142470E+03
    0.229335023348401208E+02    0.112861915058452023E+01    0.432669494783815978E+02    0.764179030137546062E+08    0.523168727952284939E+03   -0.261584363976142470E+03
    0.291916463364172181E+02    0.112794194585211383E+01    0.415053801207267554E+02    0.902568878643534929E+08    0.523153940895716232E+03   -0.261576970447858116E+03
    0.238762102304099635E+02    0.112732277965981109E+01    0.332462851306328560E+02    0.121147142032271083E+08    0.523132762926699456E+03   -0.261566381463349728E+03
    0.348850640906080116E+02    0.113005388220639968E+01    0.217355852516754879E+02    0.301965877665742710E+08    0.523123553874000436E+03   -0.261561776937000218E+03
    0.379081634024530132E+02    0.112695594501155161E+01    0.364917722607418469E+02    0.248591471574615464E+08    0.523096214009545633E+03   -0.261548107004772817E+03
    0.148331584191454944E+02    0.112884019600365382E+01    0.300706180803652643E+02    0.585673658793416694E+08    0.523078664603277161E+03   -0.261539332301638581E+03
    0.148331584191454944E+02    0.112884019600365382E+01    0.300706180803652643E+02    0.585673658793416694E+08    0.523078664603277161E+03   -0.261539332301638581E+03
    0.479890387014598048E+02    0.112875558715311186E+01    0.342873294118116192E+02    0.417789672699984536E+08    0.523055995909163585E+03   -0.261527997954581792E+03
    0.321593085676842421E+02    0.112902584520328508E+01    0.324057207462626451E+02    0.917898254368723333E+08    0.523037266914601105E+03   -0.261518633457300552E+03
    0.321593085676842421E+02    0.112902584520328508E+01    0.324057207462626451E+02    0.917898254368723333E+08    0.523037266914601105E+03   -0.261518633457300552E+03
    0.393006333713487166E+02    0.112542151300180215E+01    0.406513210108390197E+02    0.341173247669300437E+08    0.522988873905993614E+03   -0.261494436952996807E+03
    0.393006333713487166E+02    0.112542151300180215E+01    0.406513210108390197E+02    0.341173247669300437E+08    0.522988873905993614E+03   -0.261494436952996807E+03
    0.205578506503558742E+02    0.113266222543954354E+01    0.396944850565213869E+02    0.410537885522007048E+08    0.522977421785451270E+03   -0.261488710892725635E+03
    0.205578506503558742E+02    0.113266222543954354E+01    0.396944850565213869E+02    0.410537885522007048E+08    0.522977421785451270E+03   -0.261488710892725635E+03
    0.211210709346666548E+02    0.113141894449969649E+01    0.392479462460137611E+02    0.668362812842970937E+08    0.522957063892751080E+03   -0.261478531946375540E+03
    0.211210709346666548E+02    0.113141894449969649E+01    0.392479462460137611E+02    0.668362812842970937E+08    0.522957063892751080E+03   -0.261478531946375540E+03
    0.388186325627836695E+02    0.112977458032692124E+01    0.285640239757936278E+02    0.143022886710832845E+08    0.522906210932043450E+03   -0.261453105466021725E+03
    0.388186325627836695E+02    0.112977458032692124E+01    0.285640239757936278E+02    0.143022886710832845E+08    0.522906210932043450E+03   -0.261453105466021725E+03
    0.184401589125549847E+02    0.112844576146510178E+01    0.353552162535743051E+02    0.102676229936967477E+09    0.522902327178568953E+03   -0.261451163589284477E+03
    0.184401589125549847E+02    0.112844576146510178E+01    0.353552162535743051E+02    0.102676229936967477E+09    0.522902327178568953E+03   -0.261451163589284477E+03
    0.237714330269048304E+02    0.112485786825446277E+01    0.316226410982932933E+02    0.588406545662486106E+08    0.522895164421436448E+03   -0.261447582210718224E+03
    0.171559485028165497E+02    0.113161785104253076E+01    0.321269152894187755E+02    0.584606333449589387E+08    0.522853401051341166E+03   -0.261426700525670583E+03
    0.171559485028165497E+02    0.113161785104253076E+01    0.321269152894187755E+02    0.584606333449589387E+08    0.522853401051341166E+03   -0.261426700525670583E+03
    0.240757641205390449E+02    0.113098593641439948E+01    0.372524143067042743E+02    0.106442213999822050E+09    0.522832859484685969E+03   -0.261416429742342984E+03
    0.240757641205390449E+02    0.113098593641439948E+01    0.372524143067042743E+02    0.106442213999822050E+09    0.522832859484685969E+03   -0.261416429742342984E+03
    0.323360214727776309E+02    0.113124321721852850E+01    0.222592821482887651E+02    0.378593230053733587E+08    0.522830749392617122E+03   -0.261415374696308561E+03
    0.253692819692340059E+02    0.113219057359314457E+01    0.333943574663749203E+02    0.684657823158464283E+08    0.522819763137922337E+03   -0.261409881568961168E+03
    0.253692819692340059E+02    0.113219057359314457E+01    0.333943574663749203E+02    0.684657823158464283E+08    0.522819763137922337E+03   -0.261409881568961168E+03
    0.225582293660933040E+02    0.113270520857769208E+01    0.257392004204265739E+02    0.329143242318481691E+08    0.522772415354716486E+03   -0.261386207677358243E+03
    0.224132454136234109E+02    0.112744538981615672E+01    0.211951473021811445E+02    0.315372983886634372E+08    0.522764427627066880E+03   -0.261382213813533440E+03
    0.172883524892570932E+02    0.112549510814784792E+01    0.308102222665780232E+02    0.455019518471077979E+08    0.522763767887819995E+03   -0.261381883943909997E+03
    0.383291183456426765E+02    0.112953884365733526E+01    0.407037493079134336E+02    0.284801225982544608E+08    0.522744979042447994E+03   -0.261372489521223997E+03
    0.251658055513521717E+02    0.112926195472136048E+01    0.332482977585757808E+02    0.130695772011691760E+08    0.522703121655987388E+03   -0.261351560827993694E+03
    0.251658055513521717E+02    0.112926195472136048E+01    0.332482977585757808E+02    0.130695772011691760E+08    0.522703121655987388E+03   -0.261351560827993694E+03
    0.190898693449827306E+02    0.112859918801576375E+01    0.371096098643511070E+02    0.117802811342248544E+09    0.522690250364584699E+03   -0.261345125182292350E+03
    0.295213144913679635E+02    0.112622464930112831E+01    0.349300160196766001E+02    0.135177484675542489E+08    0.522679022609638423E+03   -0.261339511304819212E+03
    0.295213144913679635E+02    0.112622464930112831E+01    0.349300160196766001E+02    0.135177484675542489E+08    0.522679022609638423E+03   -0.261339511304819212E+03
    0.285386358430721820E+02    0.112950978445278882E+01    0.255782929628251097E+02    0.602273221766215786E+08    0.522675191707975955E+03   -0.261337595853987978E+03
    0.368225175094149151E+02    0.112342104414389543E+01    0.323668168193849155E+02    0.377082118206079453E+08    0.522642867032460117E+03   -0.261321433516230059E+03
    0.191600138699046170E+02    0.112832047306047856E+01    0.216412885746186312E+02    0.362656745481924787E+08    0.522628638012927922E+03   -0.261314319006463961E+03
    0.393878540916666324E+02    0.112605806366644612E+01    0.365108460159234482E+02    0.265081006070627198E+08    0.522584245175617525E+03   -0.261292122587808763E+03
    0.184736259727079748E+02    0.113233839864525954E+01    0.302933614954585551E+02    0.485550318278792128E+08    0.522561771141802751E+03   -0.261280885570901376E+03
    0.501092201586355372E+02    0.112929932998352056E+01    0.310162965016419641E+02    0.318661171550242789E+08    0.522552953580875510E+03   -0.261276476790437755E+03
    0.222772626648328114E+02    0.113249786683518527E+01    0.299404111507320110E+02    0.308241102770423405E+08    0.522546941271417381E+03   -0.261273470635708691E+03
    0.222772626648328114E+02    0.113249786683518527E+01    0.299404111507320110E+02    0.308241102770423405E+08    0.522546941271417381E+03   -0.261273470635708691E+03
    0.245471727562664661E+02    0.112735607099458401E+01    0.290614612677867683E+02    0.127103719905546457E+08    0.522505872216043485E+03   -0.261252936108021743E+03
    0.245471727562664661E+02    0.112735607099458401E+01    0.290614612677867683E+02    0.127103719905546457E+08    0.522505872216043485E+03   -0.261252936108021743E+03
    0.424430614728336479E+02    0.112762227295134609E+01    0.271281768455977002E+02    0.117988255496610552E+08    0.522488423250912206E+03   -0.261244211625456103E+03
    0.299949731402404396E+02    0.112397615494111403E+01    0.231604624352700554E+02    0.427771390715815797E+08    0.522482916869343171E+03   -0.261241458434671586E+03
    0.405673798009808948E+02    0.112936273525911335E+01    0.266102932785659547E+02    0.270797604709914066E+08    0.522454866286367746E+03   -0.261227433143183873E+03
    0.405673798009808948E+02    0.112936273525911335E+01    0.266102932785659547E+02    0.270797604709914066E+08    0.522454866286367746E+03   -0.261227433143183873E+03
    0.186453397809138153E+02    0.112972013749927691E+01    0.396102902980478930E+02    0.347560195102984756E+08    0.522450666900098781E+03   -0.261225333450049391E+03
    0.482123100617305766E+02    0.112474889870359895E+01    0.308307847138931947E+02    0.313908163553168960E+08    0.522431555255852913E+03   -0.261215777627926457E+03
    0.482123100617305766E+02    0.112474889870359895E+01    0.308307847138931947E+02    0.313908163553168960E+08    0.522431555255852913E+03   -0.261215777627926457E+03
    0.237033438246000792E+02    0.112742828172666676E+01    0.349617873763341649E+02    0.101456229621063069E+09    0.522417777167831787E+03   -0.261208888583915893E+03
    0.205073129826230343E+02    0.113258283946237048E+01    0.302598196471796079E+02    0.474031366689345166E+08    0.522407410720022199E+03   -0.261203705360011099E+03
    0.205073129826230343E+02    0.113258283946237048E+01    0.302598196471796079E+02    0.474031366689345166E+08    0.522407410720022199E+03   -0.261203705360011099E+03
    0.350954992736321643E+02    0.112353761791249163E+01    0.318651867746402964E+02    0.396270521369644925E+08    0.522366683231139518E+03   -0.261183341615569759E+03
    0.350954992736321643E+02    0.112353761791249163E+01    0.318651867746402964E+02    0.396270521369644925E+08    0.522366683231139518E+03   -0.261183341615569759E+03
    0.419998237223638711E+02    0.112867991857110939E+01    0.323640333020750006E+02    0.116130534582028873E+08    0.522324810631174728E+03   -0.261162405315587364E+03
    0.500089403126906689E+02    0.112713419212314303E+01    0.300352865709438710E+02    0.299477497820504755E+08    0.522307356688282880E+03   -0.261153678344141440E+03
    0.500089403126906689E+02    0.112713419212314303E+01    0.300352865709438710E+02    0.299477497820504755E+08    0.522307356688282880E+03   -0.261153678344141440E+03
    0.308671479445595089E+02    0.112705307951912870E+01    0.423904302557307702E+02    0.521426028156865910E+08    0.522299071693388441E+03   -0.261149535846694221E+03
    0.425383598778003105E+02    0.113019876896697746E+01    0.364832007489485548E+02    0.288455329901505783E+08    0.522274469613671386E+03   -0.261137234806835693E+03
    0.425383598778003105E+02    0.113019876896697746E+01    0.364832007489485548E+02    0.288455329901505783E+08    0.522274469613671386E+03   -0.261137234806835693E+03
    0.235599559542644634E+02    0.112913551677126134E+01    0.327658493785142966E+02    0.113209645232297018E+09    0.522265727794410509E+03   -0.261132863897205254E+03
    0.280846475662708883E+02    0.113147169352280930E+01    0.352230378175144381E+02    0.675557422023012638E+08    0.522264933237826767E+03   -0.261132466618913384E+03
    0.373299860780147554E+02    0.112334878413778649E+01    0.237391790960620810E+02    0.326701174117952734E+08    0.522258045034949532E+03   -0.261129022517474766E+03
    0.235154721714322257E+02    0.112425532991393529E+01    0.238990299945999425E+02    0.394685358972348124E+08    0.522256134400400470E+03   -0.261128067200200235E+03
    0.278307488115167558E+02    0.112597423157797194E+01    0.206960196087420130E+02    0.420195407854359150E+08    0.522218223054219607E+03   -0.261109111527109803E+03
    0.418321389136640462E+02    0.112903647004270336E+01    0.321988712966529178E+02    0.142480477946165577E+08    0.522177665267551333E+03   -0.261088832633775667E+03
    0.151327979177974417E+02    0.113021281826138287E+01    0.283149369036252985E+02    0.353377851086323410E+08    0.522135983525007646E+03   -0.261067991762503823E+03
    0.151327979177974417E+02    0.113021281826138287E+01    0.283149369036252985E+02    0.353377851086323410E+08    0.522135983525007646E+03   -0.261067991762503823E+03
    0.373910568851618024E+02    0.112636769516000101E+01    0.330788125114673619E+02    0.606869826066709980E+08    0.522110055568997268E+03   -0.261055027784498634E+03
    0.317346077173100554E+02    0.112937990659269394E+01    0.264220472506036472E+02    0.576896811128386930E+08    0.522098712413790508E+03   -0.261049356206895254E+03
    0.317346077173100554E+02    0.112937990659269394E+01    0.264220472506036472E+02    0.576896811128386930E+08    0.522098712413790508E+03   -0.261049356206895254E+03
    0.495569217574464318E+02    0.112698664969065376E+01    0.283554603083576922E+02    0.351148076780489832E+08    0.522082153495584635E+03   -0.261041076747792317E+03
    0.200481486376720071E+02    0.113064724873854661E+01    0.382214454727498278E+02    0.721363654933113158E+08    0.522081733176815646E+03   -0.261040866588407823E+03
    0.227273818323136751E+02    0.113061175238343936E+01    0.396895314870526121E+02    0.726976750335820913E+08    0.522042770291068905E+03   -0.261021385145534452E+03
    0.227273818323136751E+02    0.113061175238343936E+01    0.396895314870526121E+02    0.726976750335820913E+08    0.522042770291068905E+03   -0.261021385145534452E+03
    0.331846814710816744E+02    0.112333921062356001E+01    0.301727736205892754E+02    0.337147181093481332E+08    0.522030935660127625E+03   -0.261015467830063812E+03
    0.331846814710816744E+02    0.112333921062356001E+01    0.301727736205892754E+02    0.337147181093481332E+08    0.522030935660127625E+03   -0.261015467830063812E+03
    0.352699746529947760E+02    0.112708571799355806E+01    0.354473386003154260E+02    0.768708150525496900E+08    0.522023375551479830E+03   -0.261011687775739915E+03
    0.352699746529947760E+02    0.112708571799355806E+01    0.354473386003154260E+02    0.768708150525496900E+08    0.522023375551479830E+03   -0.261011687775739915E+03
    0.218737055227062456E+02    0.112841813568398752E+01    0.316098605248134490E+02    0.288725459734831676E+08    0.522001982084412589E+03   -0.261000991042206294E+03
    0.195423362250985662E+02    0.112907733140133915E+01    0.309102979735505059E+02    0.746520130690615475E+08    0.521989547431733399E+03   -0.260994773715866700E+03
    0.195423362250985662E+02    0.112907733140133915E+01    0.309102979735505059E+02    0.746520130690615475E+08    0.521989547431733399E+03   -0.260994773715866700E+03
    0.258775761666709663E+02    0.112730785587075655E+01    0.383623251250407833E+02    0.623841506089333445E+08    0.521944831696579513E+03   -0.260972415848289756E+03
    0.329248830422592746E+02    0.113226189935115928E+01    0.380461614433403241E+02    0.320105027941930294E+08    0.521938501091861099E+03   -0.260969250545930549E+03
    0.301751229152562246E+02    0.112608026721234999E+01    0.291587402441012848E+02    0.723480759562508315E+08    0.521930989925655581E+03   -0.260965494962827790E+03
    0.301751229152562246E+02    0.112608026721234999E+01    0.291587402441012848E+02    0.723480759562508315E+08    0.521930989925655581E+03   -0.260965494962827790E+03
    0.333900811479759625E+02    0.112908682996368803E+01    0.296130506674749263E+02    0.701627828186639547E+08    0.521924380759276573E+03   -0.260962190379638287E+03
    0.315461471935729527E+02    0.112865871178096433E+01    0.323632539684702181E+02    0.117583767979291938E+08    0.521923863086290794E+03   -0.260961931543145397E+03
    0.282268906881200081E+02    0.112874018713760194E+01    0.378569977633484243E+02    0.105991470757947043E+09    0.521917840430780529E+03   -0.260958920215390265E+03
    0.315711578880324346E+02    0.112795896893568215E+01    0.404394411311584747E+02    0.701063045983254164E+08    0.521881070546734236E+03   -0.260940535273367118E+03
    0.315711578880324346E+02    0.112795896893568215E+01    0.404394411311584747E+02    0.701063045983254164E+08    0.521881070546734236E+03   -0.260940535273367118E+03
    0.208771888768184120E+02    0.112633800922481586E+01    0.364974306691780157E+02    0.531363967789860889E+08    0.521860556118257364E+03   -0.260930278059128682E+03
    0.302620328532997078E+02    0.112549290915564071E+01    0.385304751507908918E+02    0.451262151787716970E+08    0.521855325471453625E+03   -0.260927662735726813E+03
    0.309094087820918269E+02    0.113229753826068791E+01    0.281722621342991140E+02    0.414701815310388803E+08    0.521854304758675312E+03   -0.260927152379337656E+03
    0.184230744647905595E+02    0.113155839730101282E+01    0.322120946707545457E+02    0.542028038447573036E+08    0.521823048534865165E+03   -0.260911524267432583E+03
    0.363396541764808703E+02    0.112913275095429055E+01    0.360855107540466022E+02    0.118623336134583130E+08    0.521820543020583727E+03   -0.260910271510291864E+03
    0.267778288974391074E+02    0.113032964642242328E+01    0.388515264715958111E+02    0.766484162007695138E+08    0.521810489543907124E+03   -0.260905244771953562E+03
    0.280620676047865167E+02    0.112898766660585625E+01    0.325483461772516165E+02    0.831623278539975584E+08    0.521774069156072756E+03   -0.260887034578036378E+03
    0.332083322731969091E+02    0.113223008649891077E+01    0.268556426604796386E+02    0.321826036101482511E+08    0.521748952827215589E+03   -0.260874476413607795E+03
    0.288505318591905038E+02    0.112742459578873722E+01    0.284255325231708049E+02    0.122991734831068609E+08    0.521700734445691523E+03   -0.260850367222845762E+03
    0.288505318591905038E+02    0.112742459578873722E+01    0.284255325231708049E+02    0.122991734831068609E+08    0.521700734445691523E+03   -0.260850367222845762E+03
    0.159683425890271078E+02    0.113128716036417698E+01    0.324625860607649415E+02    0.369494316771595627E+08    0.521697965209525250E+03   -0.260848982604762625E+03
    0.320192614749876086E+02    0.112753566939767547E+01    0.424576815509298342E+02    0.362629178159558028E+08    0.521680983621274322E+03   -0.260840491810637161E+03
    0.320192614749876086E+02    0.112753566939767547E+01    0.424576815509298342E+02    0.362629178159558028E+08    0.521680983621274322E+03   -0.260840491810637161E+03
    0.239723750534812581E+02    0.112694086917933878E+01    0.400398014820987882E+02    0.391026508818884492E+08    0.521675430020553449E+03   -0.260837715010276725E+03
    0.311629416698406487E+02    0.112817842341859786E+01    0.425399896051064346E+02    0.340029118328139931E+08    0.521661156209374326E+03   -0.260830578104687163E+03
    0.239425439919699485E+02    0.113142740430115674E+01    0.280138629196281350E+02    0.307821886338588111E+08    0.521638118795288960E+03   -0.260819059397644480E+03
    0.402995537277082150E+02    0.113137820480880302E+01    0.335463212453171948E+02    0.384573489179940000E+08    0.521634032567866598E+03   -0.260817016283933299E+03
    0.178746456737988275E+02    0.112985387527956549E+01    0.286089680927038188E+02    0.474646572170039266E+08    0.521621137147122454E+03   -0.260810568573561227E+03
    0.278182992570812715E+02    0.113234271726323410E+01    0.324366943966606698E+02    0.468819449161626995E+08    0.521602255918320225E+03   -0.260801127959160112E+03
    0.340498679503332298E+02    0.112874101244035407E+01    0.390733178235321503E+02    0.127590004548020586E+08    0.521579861152066542E+03   -0.260789930576033271E+03
    0.425885609528788009E+02    0.112902184244528225E+01    0.298692364869614480E+02    0.436563107100344375E+08    0.521579266292288253E+03   -0.260789633146144126E+03
    0.401927571164933966E+02    0.112906661931994856E+01    0.246346791632905031E+02    0.397297504025947899E+08    0.521575182408562682E+03   -0.260787591204281341E+03
    0.248810189625711580E+02    0.112981351889511727E+01    0.387535107373780292E+02    0.683797846525611132E+08    0.521568122667904959E+03   -0.260784061333952479E+03
    0.248195851162833385E+02    0.112939689478551286E+01    0.341318400367268282E+02    0.811139895989097506E+08    0.521540530597809493E+03   -0.260770265298904746E+03
    0.297804764781202103E+02    0.112793880279658643E+01    0.288717197233135003E+02    0.685340167705195993E+08    0.521506792718378733E+03   -0.260753396359189367E+03
    0.297804764781202103E+02    0.112793880279658643E+01    0.288717197233135003E+02    0.685340167705195993E+08    0.521506792718378733E+03   -0.260753396359189367E+03
    0.296881621532392401E+02    0.112662424532476724E+01    0.316434472239391802E+02    0.667829317914756536E+08    0.521445762584209319E+03   -0.260722881292104660E+03
    0.245478878953023987E+02    0.113006290699322243E+01    0.294705271107370308E+02    0.590191131580480635E+08    0.521428115589470053E+03   -0.260714057794735027E+03
    0.373201785188323711E+02    0.113064896032685125E+01    0.338580701048042414E+02    0.472344391515319720E+08    0.521422050091584879E+03   -0.260711025045792439E+03
    0.434405984912283500E+02    0.112894174128581470E+01    0.279578733102107364E+02    0.290812333190974668E+08    0.521386598730693891E+03   -0.260693299365346945E+03
    0.434405984912283500E+02    0.112894174128581470E+01    0.279578733102107364E+02    0.290812333190974668E+08    0.521386598730693891E+03   -0.260693299365346945E+03
    0.242311596203096400E+02    0.112427430468962219E+01    0.271595951009922416E+02    0.371268034794418886E+08    0.521385492202934984E+03   -0.260692746101467492E+03
    0.242311596203096400E+02    0.112427430468962219E+01    0.271595951009922416E+02    0.371268034794418886E+08    0.521385492202934984E+03   -0.260692746101467492E+03
    0.386883824972402479E+02    0.112902124667318926E+01    0.411745646088541832E+02    0.395959187116222233E+08    0.521367781360025788E+03   -0.260683890680012894E+03
    0.435923289617437817E+02    0.112648272620317891E+01    0.374723853312343067E+02    0.376036370147193521E+08    0.521365830439640831E+03   -0.260682915219820416E+03
    0.282533123832004733E+02    0.113171239731172668E+01    0.303789094324372293E+02    0.484127043763235658E+08    0.521350155252644186E+03   -0.260675077626322093E+03
    0.181592501482348929E+02    0.112903884915831587E+01    0.374947908700751569E+02    0.373476706849888042E+08    0.521333322972172482E+03   -0.260666661486086241E+03
    0.238770871726479506E+02    0.113006968365398230E+01    0.318434559601216201E+02    0.611558446872949600E+08    0.521331819016408645E+03   -0.260665909508204322E+03
    0.289683076056744611E+02    0.112442927491885647E+01    0.322468210685979813E+02    0.429856844660715461E+08    0.521298264692228372E+03   -0.260649132346114186E+03
    0.289683076056744611E+02    0.112442927491885647E+01    0.322468210685979813E+02    0.429856844660715461E+08    0.521298264692228372E+03   -0.260649132346114186E+03
    0.403093877522306343E+02    0.112662318393361049E+01    0.238690475070151962E+02    0.400527773303773776E+08    0.521280146007476105E+03   -0.260640073003738053E+03
    0.234274491751639218E+02    0.112501942067518312E+01    0.252434621611978152E+02    0.404916478831973001E+08    0.521275200481034858E+03   -0.260637600240517429E+03
    0.298242288258435835E+02    0.112925818558111346E+01    0.417145610084536429E+02    0.465471104420967475E+08    0.521249001594046035E+03   -0.260624500797023018E+03
    0.268768001526971183E+02    0.113060183757721533E+01    0.391522667146096595E+02    0.549629073606336117E+08    0.521214971902910406E+03   -0.260607485951455203E+03
    0.298562357306585113E+02    0.112860422437754093E+01    0.354399209390405687E+02    0.790724578803234547E+08    0.521212920382637321E+03   -0.260606460191318661E+03
    0.298562357306585113E+02    0.112860422437754093E+01    0.354399209390405687E+02    0.790724578803234547E+08    0.521212920382637321E+03   -0.260606460191318661E+03
    0.428793888963667911E+02    0.112738161178404739E+01    0.292201092370020525E+02    0.433535499202530086E+08    0.521212510693122681E+03   -0.260606255346561341E+03
    0.283187760800097159E+02    0.112858688496526050E+01    0.382180499746431224E+02    0.615812182771237940E+08    0.521187289885107475E+03   -0.260593644942553738E+03
    0.283187760800097159E+02    0.112858688496526050E+01    0.382180499746431224E+02    0.615812182771237940E+08    0.521187289885107475E+03   -0.260593644942553738E+03
    0.224891407306005533E+02    0.112973529877084289E+01    0.333093003006369344E+02    0.727286494582526386E+08    0.521159641085895259E+03   -0.260579820542947630E+03
    0.331545693638342271E+02    0.112808175122485199E+01    0.420359508248831588E+02    0.393170629318480641E+08    0.521127487400619430E+03   -0.260563743700309715E+03
    0.268064259182930442E+02    0.112692883760710938E+01    0.399932116715827206E+02    0.398112887672652826E+08    0.521112218383412028E+03   -0.260556109191706014E+03
    0.340847695796287482E+02    0.112597776953286566E+01    0.391935701159605046E+02    0.343793264673101678E+08    0.521107510171238573E+03   -0.260553755085619287E+03
    0.448165698312065786E+02    0.112728825636431473E+01    0.311130752568207534E+02    0.408334591172123328E+08    0.521107456545651189E+03   -0.260553728272825595E+03
    0.448165698312065786E+02    0.112728825636431473E+01    0.311130752568207534E+02    0.408334591172123328E+08    0.521107456545651189E+03   -0.260553728272825595E+03
    0.394851122925462477E+02    0.112937606894477316E+01    0.344242238191612344E+02    0.521423331623178124E+08    0.521065387817044666E+03   -0.260532693908522333E+03
    0.424206806692222074E+02    0.112972006466225028E+01    0.356020070666064328E+02    0.396344041795662344E+08    0.521048674225195441E+03   -0.260524337112597721E+03
    0.342675542278050997E+02    0.112850800337400292E+01    0.352773999732078991E+02    0.130682619125013184E+08    0.521046299115074248E+03   -0.260523149557537124E+03
    0.340242435095890770E+02    0.112550121254118718E+01    0.379062517537940309E+02    0.392772624110707492E+08    0.521042844321359553E+03   -0.260521422160679776E+03
    0.289470905958119005E+02    0.112829956917537655E+01    0.309629976939802418E+02    0.680510224620371461E+08    0.521008649714394437E+03   -0.260504324857197219E+03
    0.315921657805778295E+02    0.113116516578294446E+01    0.392674691487354792E+02    0.411531847224586606E+08    0.521000328214359115E+03   -0.260500164107179558E+03
    0.315921657805778295E+02    0.113116516578294446E+01    0.392674691487354792E+02    0.411531847224586606E+08    0.521000328214359115E+03   -0.260500164107179558E+03
    0.305001110330162746E+02    0.112826244361850425E+01    0.372594470014432275E+02    0.609076441001000255E+08    0.520967876729892623E+03   -0.260483938364946312E+03
    0.205881226702217290E+02    0.112905699075378263E+01    0.299970689901039584E+02    0.555373108788542747E+08    0.520921076746731160E+03   -0.260460538373365580E+03
    0.205881226702217290E+02    0.112905699075378263E+01    0.299970689901039584E+02    0.555373108788542747E+08    0.520921076746731160E+03   -0.260460538373365580E+03
    0.383161633485792095E+02    0.112806126933680551E+01    0.409033895149545685E+02    0.337797329821737930E+08    0.520908851854489626E+03   -0.260454425927244813E+03
    0.323757073017158490E+02    0.113159233821363547E+01    0.315534696145539542E+02    0.433828201062766686E+08    0.520897129510691002E+03   -0.260448564755345501E+03
    0.321248514284387170E+02    0.112430975282157619E+01    0.235275250726154077E+02    0.342659988616694808E+08    0.520867731086531421E+03   -0.260433865543265711E+03
    0.250511440462175550E+02    0.112730952326728096E+01    0.314121578977910545E+02    0.294642529927913323E+08    0.520855559416614710E+03   -0.260427779708307355E+03
    0.461888125977155966E+02    0.112604445566811640E+01    0.290316856973176840E+02    0.354275781417211145E+08    0.520849776061900002E+03   -0.260424888030950001E+03
    0.375371524151456413E+02    0.113012749591956396E+01    0.324611789898432903E+02    0.288832613578706682E+08    0.520844204849247944E+03   -0.260422102424623972E+03
    0.304488130769507137E+02    0.112514996791937905E+01    0.308370933487694714E+02    0.510475564816988185E+08    0.520829074061537085E+03   -0.260414537030768543E+03
    0.349646086063367107E+02    0.112978309893411599E+01    0.264364886171318041E+02    0.298809886119247824E+08    0.520828208915501818E+03   -0.260414104457750909E+03
    0.304874573980114825E+02    0.112582691543160540E+01    0.257538930226261407E+02    0.471323997812002823E+08    0.520819423412611172E+03   -0.260409711706305586E+03
    0.241912756129467326E+02    0.112861836264319448E+01    0.289414652364562670E+02    0.570576605361968726E+08    0.520815956322088937E+03   -0.260407978161044468E+03
    0.226524544832709260E+02    0.113098438082157737E+01    0.374859175848825998E+02    0.348077219728931636E+08    0.520793975239536280E+03   -0.260396987619768140E+03
    0.281544592639501872E+02    0.112683834117348836E+01    0.395506274818408414E+02    0.367804787307481468E+08    0.520791036763719489E+03   -0.260395518381859745E+03
    0.353938097984964770E+02    0.112790069981305452E+01    0.411163893425811366E+02    0.343258434172901139E+08    0.520787259368099740E+03   -0.260393629684049870E+03
    0.314085471395263021E+02    0.113162820180444545E+01    0.301766513964035852E+02    0.308294550714623183E+08    0.520773822989083328E+03   -0.260386911494541664E+03
    0.312501593682783927E+02    0.112986290300905234E+01    0.410836596580751561E+02    0.354998865984124988E+08    0.520763529706070130E+03   -0.260381764853035065E+03
    0.286434581109583277E+02    0.113056182615608392E+01    0.403584339731355968E+02    0.379763663648277670E+08    0.520761638010812021E+03   -0.260380819005406011E+03
    0.330593817864282187E+02    0.112585966945289839E+01    0.325935899634027990E+02    0.284849966785046682E+08    0.520749186917913789E+03   -0.260374593458956895E+03
    0.223434806867450746E+02    0.113105105197267175E+01    0.368258999895249701E+02    0.438921259483191520E+08    0.520739504702276349E+03   -0.260369752351138175E+03
    0.287449645646158380E+02    0.112784017778041212E+01    0.275131747181230395E+02    0.560437037821600288E+08    0.520731193714540609E+03   -0.260365596857270305E+03
    0.250246029163970540E+02    0.113053410103914143E+01    0.386786622994212053E+02    0.528139489936914742E+08    0.520700914516892453E+03   -0.260350457258446227E+03
    0.317775253888077103E+02    0.113004993230585526E+01    0.289773721057375084E+02    0.504036410925835446E+08    0.520692507789616457E+03   -0.260346253894808228E+03
    0.260737827080606195E+02    0.112595102677937153E+01    0.276344701548055944E+02    0.484498059228892401E+08    0.520680410507786746E+03   -0.260340205253893373E+03
    0.422992132234876479E+02    0.112798164332614426E+01    0.317359818540370711E+02    0.429288696680179089E+08    0.520671549331276424E+03   -0.260335774665638212E+03
    0.259594286874202496E+02    0.113139263907132404E+01    0.286706167090611181E+02    0.424933268229452446E+08    0.520660321318418710E+03   -0.260330160659209355E+03
    0.379372410419979715E+02    0.112817934285215049E+01    0.237984930122169054E+02    0.386723990810693726E+08    0.520637509517722606E+03   -0.260318754758861303E+03
    0.286058262002269714E+02    0.112640559233759507E+01    0.296273850294725598E+02    0.559046578859272152E+08    0.520635699342160933E+03   -0.260317849671080467E+03
    0.365351028304637069E+02    0.112803523365087766E+01    0.284464457353808378E+02    0.505658374103670493E+08    0.520628346209824485E+03   -0.260314173104912243E+03
    0.365351028304637069E+02    0.112803523365087766E+01    0.284464457353808378E+02    0.505658374103670493E+08    0.520628346209824485E+03   -0.260314173104912243E+03
    0.294723008621424256E+02    0.112930021642874712E+01    0.407080646908280954E+02    0.433341639068621993E+08    0.520619648559092639E+03   -0.260309824279546319E+03
    0.233788049394360087E+02    0.112667586833474598E+01    0.291994812983709657E+02    0.499754205682101548E+08    0.520614796244964054E+03   -0.260307398122482027E+03
    0.448878111649892375E+02    0.112956151480784506E+01    0.312041329734788135E+02    0.320454593967197388E+08    0.520608221703743652E+03   -0.260304110851871826E+03
    0.400366582025788560E+02    0.112970752515151251E+01    0.288638102653686488E+02    0.398002020573001951E+08    0.520578182155083027E+03   -0.260289091077541514E+03
    0.217464137297521525E+02    0.112727217527555013E+01    0.288173501304121515E+02    0.474812997598783895E+08    0.520551652269300575E+03   -0.260275826134650288E+03
    0.271881048245386161E+02    0.112750898977345027E+01    0.229819252383108115E+02    0.402421312292736992E+08    0.520546840036829394E+03   -0.260273420018414697E+03
    0.302066792356008094E+02    0.112950577553094256E+01    0.351592300787458996E+02    0.581399345017828122E+08    0.520530851928552920E+03   -0.260265425964276460E+03
    0.439131826124559339E+02    0.112534244592232402E+01    0.311103163456465701E+02    0.351653120010466725E+08    0.520516270023615448E+03   -0.260258135011807724E+03
    0.439131826124559339E+02    0.112534244592232402E+01    0.311103163456465701E+02    0.351653120010466725E+08    0.520516270023615448E+03   -0.260258135011807724E+03
    0.298879519049434208E+02    0.112605409839758708E+01    0.379656890997587624E+02    0.376314316959234402E+08    0.520504841687268026E+03   -0.260252420843634013E+03
    0.224205733540900063E+02    0.113129818053413156E+01    0.355737012066964198E+02    0.419640115968482196E+08    0.520489900897157895E+03   -0.260244950448578948E+03
    0.257525506738101591E+02    0.113095625020294888E+01    0.378296213688964968E+02    0.340907549308219552E+08    0.520467069306720532E+03   -0.260233534653360266E+03
    0.292299218516151527E+02    0.112539774575437157E+01    0.358809390753771638E+02    0.385716251782654971E+08    0.520445962615688927E+03   -0.260222981307844464E+03
    0.237065572157642848E+02    0.112656906200337237E+01    0.306531241436724002E+02    0.493820456893534958E+08    0.520416552682281690E+03   -0.260208276341140845E+03
    0.302018180237072151E+02    0.112460306927511522E+01    0.306743232572777842E+02    0.403869705027447492E+08    0.520394931114402311E+03   -0.260197465557201156E+03
    0.325140747809266415E+02    0.113012624671395967E+01    0.309536295221515445E+02    0.492640080965860337E+08    0.520390536980413913E+03   -0.260195268490206956E+03
    0.376531214713436100E+02    0.113000647875281901E+01    0.255422979004318975E+02    0.329626176604909375E+08    0.520389153099545865E+03   -0.260194576549772933E+03
    0.331492569100819807E+02    0.112968768716190771E+01    0.266613173911079286E+02    0.427964709159372151E+08    0.520365737338548797E+03   -0.260182868669274399E+03
    0.401199150693839783E+02    0.112839124448006345E+01    0.320205576562051704E+02    0.445994625542687550E+08    0.520360946788881733E+03   -0.260180473394440867E+03
    0.359735932415486204E+02    0.112587659422451192E+01    0.223948448086449439E+02    0.333677369392871596E+08    0.520331868375967474E+03   -0.260165934187983737E+03
    0.227402936904822681E+02    0.112692869663664919E+01    0.328304138457945527E+02    0.481537134369778559E+08    0.520321915005257210E+03   -0.260160957502628605E+03
    0.417818066516405224E+02    0.112537678103317873E+01    0.317843043235095948E+02    0.374979530237058550E+08    0.520320494051602964E+03   -0.260160247025801482E+03
    0.244601844417331229E+02    0.112663209845528911E+01    0.321477313168845171E+02    0.537964242470199168E+08    0.520302872950899086E+03   -0.260151436475449543E+03
    0.321755221436511007E+02    0.113060460953934383E+01    0.382143018992751280E+02    0.323583508713861741E+08    0.520289314055709269E+03   -0.260144657027854635E+03
    0.242506973036932862E+02    0.112745745174036238E+01    0.300253585993434271E+02    0.547901726863614097E+08    0.520283487274573872E+03   -0.260141743637286936E+03
    0.315123652913363799E+02    0.112643095581752961E+01    0.339696764854699254E+02    0.296861812897276320E+08    0.520229527588177461E+03   -0.260114763794088731E+03
    0.345529566532855767E+02    0.113058940700051846E+01    0.311241053760671953E+02    0.425450109516869485E+08    0.520223513215921571E+03   -0.260111756607960785E+03
    0.266298607783299168E+02    0.113038575507178107E+01    0.253973368583269838E+02    0.373454387116932571E+08    0.520212675511489351E+03   -0.260106337755744676E+03
    0.229588844222522610E+02    0.113032200853710818E+01    0.356864346290451735E+02    0.456264272664206401E+08    0.520206954954792764E+03   -0.260103477477396382E+03
    0.410943964818160197E+02    0.112647073681262810E+01    0.366943249985896927E+02    0.350502465786225051E+08    0.520201035888359911E+03   -0.260100517944179956E+03
    0.375804081993697991E+02    0.112687386511093446E+01    0.312747099627526239E+02    0.470890099436793625E+08    0.520186097405540636E+03   -0.260093048702770318E+03
    0.294305849195992550E+02    0.113127673095226200E+01    0.271386935055542118E+02    0.340656757185536474E+08    0.520159746709432738E+03   -0.260079873354716369E+03
    0.369631275362285479E+02    0.113051619570695605E+01    0.284960753626026957E+02    0.374067003492361382E+08    0.520135296931902985E+03   -0.260067648465951493E+03
    0.316672812786176223E+02    0.112456405993726527E+01    0.258212902929115522E+02    0.337473866063965932E+08    0.520121640845933825E+03   -0.260060820422966913E+03
    0.250864584112668894E+02    0.112681950411550114E+01    0.331301299456762450E+02    0.501871528805807978E+08    0.520116020825218357E+03   -0.260058010412609178E+03
    0.301784374164570082E+02    0.112980599938830539E+01    0.337130361398668583E+02    0.551880896730457693E+08    0.520113061042210802E+03   -0.260056530521105401E+03
    0.334324875361357812E+02    0.113151069801249493E+01    0.326030124965835526E+02    0.385104467502191961E+08    0.520105813652136362E+03   -0.260052906826068181E+03
    0.296671792409389106E+02    0.112853163671581158E+01    0.335517654577075106E+02    0.290651703717981465E+08    0.520090315607565572E+03   -0.260045157803782786E+03
    0.313959208213087635E+02    0.112796863284880478E+01    0.396178051677198653E+02    0.333854395230066031E+08    0.520089333399201109E+03   -0.260044666699600555E+03
    0.219560063451073120E+02    0.112674228467555060E+01    0.339673600303287841E+02    0.374536142451855615E+08    0.520081686028974559E+03   -0.260040843014487280E+03
    0.264360307786484725E+02    0.112823430671749914E+01    0.338048832107376001E+02    0.567806702961624041E+08    0.520069682261500361E+03   -0.260034841130750181E+03
    0.232288103850653975E+02    0.112989534378616630E+01    0.343845622789184731E+02    0.490291743581945226E+08    0.520065174481809777E+03   -0.260032587240904888E+03
    0.219556277752026396E+02    0.112988375929929385E+01    0.355668889141512352E+02    0.439970590916833356E+08    0.520054154790385610E+03   -0.260027077395192805E+03
    0.282946384012861820E+02    0.112638951933354492E+01    0.290088454643180995E+02    0.516687960465294421E+08    0.520053061110455701E+03   -0.260026530555227851E+03
    0.272159736166837583E+02    0.113021264879397987E+01    0.356089112668712247E+02    0.310927328973683789E+08    0.520048145378399795E+03   -0.260024072689199897E+03
    0.349192123714605742E+02    0.113084812134876200E+01    0.336744680374581904E+02    0.406233595209167749E+08    0.520046772131937701E+03   -0.260023386065968850E+03
    0.278852549347532666E+02    0.113197564292613273E+01    0.333605831677792111E+02    0.364529986598615348E+08    0.520043451652950580E+03   -0.260021725826475290E+03
    0.315176735656499822E+02    0.112973094444612276E+01    0.361647838070554926E+02    0.499292449028408751E+08    0.520038699910034325E+03   -0.260019349955017162E+03
    0.291105386956431857E+02    0.113052525621988664E+01    0.376588813471265738E+02    0.329537035435490496E+08    0.520013829034625815E+03   -0.260006914517312907E+03
    0.235222479390171308E+02    0.112898703844486192E+01    0.253640826299622688E+02    0.389554767118969560E+08    0.520000624034027737E+03   -0.260000312017013869E+03
    0.243031569780236794E+02    0.112748474101367036E+01    0.290558962698782217E+02    0.478225005427752212E+08    0.519981925913319742E+03   -0.259990962956659871E+03
    0.418550843026874020E+02    0.112713323653792052E+01    0.364242231527006624E+02    0.359057342517361566E+08    0.519977805996076995E+03   -0.259988902998038498E+03
    0.349922832054528357E+02    0.112629340893854568E+01    0.316161604666449882E+02    0.470008057459951714E+08    0.519976243819318711E+03   -0.259988121909659355E+03
    0.212651204306868422E+02    0.112745402224436475E+01    0.326174654559785395E+02    0.430297380404841602E+08    0.519957967879578973E+03   -0.259978983939789487E+03
    0.281663928990391206E+02    0.112588836012908966E+01    0.243685362914794297E+02    0.386886601177073717E+08    0.519952743821810373E+03   -0.259976371910905186E+03
    0.295880421142575010E+02    0.113007869885680567E+01    0.307167203022543482E+02    0.521077749266459346E+08    0.519951853657763877E+03   -0.259975926828881938E+03
    0.405015067736365211E+02    0.112851686113162342E+01    0.350922595835980147E+02    0.409699925796493068E+08    0.519946557758585300E+03   -0.259973278879292650E+03
    0.279015308300547211E+02    0.113162060169258294E+01    0.346867581701655183E+02    0.389402955621832386E+08    0.519943206798477945E+03   -0.259971603399238973E+03
    0.249573861913939758E+02    0.113056711318933956E+01    0.336496704173749066E+02    0.456156470578074083E+08    0.519940592060733707E+03   -0.259970296030366853E+03
    0.350258769702086283E+02    0.112829220410816822E+01    0.283771834400964167E+02    0.459296358940191492E+08    0.519936769936075393E+03   -0.259968384968037697E+03
    0.375712318958579701E+02    0.113042268486000097E+01    0.309261311735287379E+02    0.384521626585193127E+08    0.519934086518475624E+03   -0.259967043259237812E+03
    0.266258779845342559E+02    0.112566269905227601E+01    0.298440065742911997E+02    0.317439644862154648E+08    0.519923227043918587E+03   -0.259961613521959293E+03
    0.325310349372988696E+02    0.112466355190446965E+01    0.310798954684948434E+02    0.367305620173812956E+08    0.519915718432662857E+03   -0.259957859216331428E+03
    0.409497188736432207E+02    0.112823530650096049E+01    0.278006435027867909E+02    0.386191069107864350E+08    0.519913418357217779E+03   -0.259956709178608889E+03
    0.264527360844218542E+02    0.113147165749277634E+01    0.294468832245538223E+02    0.378020240624266341E+08    0.519901646015420170E+03   -0.259950823007710085E+03
    0.364760771382891207E+02    0.112643647175219064E+01    0.363546385142262096E+02    0.403934923956447020E+08    0.519891525918656043E+03   -0.259945762959328022E+03
    0.318004013027375478E+02    0.112692946182316356E+01    0.358040972662951873E+02    0.475536610154113695E+08    0.519878619597248075E+03   -0.259939309798624038E+03
    0.318308150680650250E+02    0.112785292155625316E+01    0.274430350944325170E+02    0.294838082625657022E+08    0.519876415538108176E+03   -0.259938207769054088E+03
    0.354085386947566363E+02    0.112634527359701986E+01    0.347854792369820203E+02    0.435534447895919755E+08    0.519870476740608069E+03   -0.259935238370304035E+03
    0.253007428578888529E+02    0.112947928896195537E+01    0.384394152340121735E+02    0.401432300447258502E+08    0.519853641596664033E+03   -0.259926820798332017E+03
    0.239000450161617479E+02    0.112648056229434212E+01    0.283604500395704235E+02    0.420402101665044352E+08    0.519844505325160981E+03   -0.259922252662580490E+03
    0.313684272258138712E+02    0.112751528259877398E+01    0.365927496749581493E+02    0.510464031411541179E+08    0.519842926426197891E+03   -0.259921463213098946E+03
    0.241244967243702781E+02    0.113103419551019058E+01    0.332951903863842631E+02    0.336193887548181638E+08    0.519842435795065398E+03   -0.259921217897532699E+03
    0.267691954077254586E+02    0.112844091411906255E+01    0.374641772034180818E+02    0.322576807788820900E+08    0.519828751955519238E+03   -0.259914375977759619E+03
    0.427137460493228218E+02    0.112913648454286153E+01    0.328793492827415790E+02    0.359503155720573068E+08    0.519804026276118293E+03   -0.259902013138059147E+03
    0.353361348694883404E+02    0.112767042756652947E+01    0.294087197369070417E+02    0.466336986485147625E+08    0.519798648132379640E+03   -0.259899324066189820E+03
    0.394802974314091699E+02    0.112754066526613106E+01    0.263398874274819619E+02    0.385557208604432717E+08    0.519793770902337542E+03   -0.259896885451168771E+03
    0.401862764061885755E+02    0.112929578287123844E+01    0.330233306092445673E+02    0.394534921145307049E+08    0.519770475501633996E+03   -0.259885237750816998E+03
    0.255143020493916879E+02    0.113058419228851559E+01    0.278810810178433464E+02    0.334803807386022471E+08    0.519766183715536613E+03   -0.259883091857768306E+03
    0.255952466094957209E+02    0.112886672204757277E+01    0.280081262368268469E+02    0.452974420770612732E+08    0.519755548910756715E+03   -0.259877774455378358E+03
    0.257242427609131532E+02    0.112963547985982715E+01    0.373132770017400617E+02    0.436255707335458994E+08    0.519750790918244661E+03   -0.259875395459122331E+03
    0.402816538061420459E+02    0.112892629831826374E+01    0.373286926541144268E+02    0.329266988269306123E+08    0.519744345416442229E+03   -0.259872172708221115E+03
    0.425743525530107050E+02    0.112938041150074175E+01    0.326631298365131642E+02    0.321484212180031836E+08    0.519722694333180243E+03   -0.259861347166590122E+03
    0.328475880030661997E+02    0.112674008599511333E+01    0.287899560698356112E+02    0.462125769652539641E+08    0.519715291401670811E+03   -0.259857645700835405E+03
    0.347525402072793881E+02    0.112628454238042264E+01    0.363730451447789349E+02    0.393171798910923749E+08    0.519713077185578186E+03   -0.259856538592789093E+03
    0.324713303542389440E+02    0.112539957101163512E+01    0.261315406109367139E+02    0.395674288367844746E+08    0.519703579452024769E+03   -0.259851789726012385E+03
    0.396513237092303967E+02    0.112663824407223379E+01    0.299497799203738140E+02    0.298609048650872968E+08    0.519691665954371388E+03   -0.259845832977185694E+03
    0.229760576246570487E+02    0.113101765637985552E+01    0.324343573210772433E+02    0.375032750335419029E+08    0.519691123938917485E+03   -0.259845561969458743E+03
    0.198834723569357372E+02    0.112873270819615024E+01    0.302562067157523806E+02    0.377893233984761834E+08    0.519677480102957588E+03   -0.259838740051478794E+03
    0.235545949483932588E+02    0.112954327591410508E+01    0.355260088175275186E+02    0.334827090838561468E+08    0.519676823100556703E+03   -0.259838411550278352E+03
    0.355385887642129390E+02    0.112683939838815306E+01    0.237789914151650237E+02    0.363862327074096128E+08    0.519668020914631938E+03   -0.259834010457315969E+03
    0.324074398767590779E+02    0.112721339843589963E+01    0.232023578051532944E+02    0.337923408487578109E+08    0.519644358902444651E+03   -0.259822179451222325E+03
    0.227175414275173324E+02    0.112647962380554079E+01    0.295542090046602546E+02    0.361247703987054378E+08    0.519628672842561173E+03   -0.259814336421280586E+03
    0.250372660560797904E+02    0.113027530960526401E+01    0.294425598663580885E+02    0.417254376959949732E+08    0.519625967123509895E+03   -0.259812983561754947E+03
    0.228422359859550106E+02    0.113041584284259922E+01    0.347082792212817353E+02    0.388028366343028098E+08    0.519610123534932882E+03   -0.259805061767466441E+03
    0.325023971371186207E+02    0.113029261115090196E+01    0.325299760277160814E+02    0.307026302721358016E+08    0.519605381057235036E+03   -0.259802690528617518E+03
    0.299738251712866735E+02    0.112523294772983418E+01    0.264525341509334666E+02    0.329914925941465795E+08    0.519597869839836790E+03   -0.259798934919918395E+03
    0.331944863286105658E+02    0.112954008301904252E+01    0.269991309397066388E+02    0.351242090840180218E+08    0.518912877580711779E+03   -0.259456438790355890E+03
    0.309392292125481738E+02    0.112559753735596435E+01    0.307896192464044773E+02    0.377707466129873320E+08    0.518960308583738993E+03   -0.259480154291869496E+03
    0.341278606995211220E+02    0.112623290061632519E+01    0.296973203766533587E+02    0.365767044392261878E+08    0.518416285748564519E+03   -0.259208142874282260E+03
    0.331912967504151482E+02    0.112747719401456714E+01    0.287916083765007649E+02    0.374466169362125695E+08    0.518149382122329484E+03   -0.259074691061164742E+03
    0.300553562439906585E+02    0.112859279962057202E+01    0.303946976909098225E+02    0.298543991279419623E+08    0.519530842322011381E+03   -0.259765421161005690E+03
    0.352789187749341622E+02    0.112888608599458640E+01    0.277597614005990820E+02    0.403179294471956939E+08    0.519293454137210347E+03   -0.259646727068605173E+03
    0.364371495869349218E+02    0.112839978146430542E+01    0.287136899155255811E+02    0.335109160130153075E+08    0.518250744489124031E+03   -0.259125372244562016E+03
    0.279591830794801268E+02    0.112733824870701183E+01    0.291392658083017437E+02    0.424067930425250158E+08    0.518931129885725682E+03   -0.259465564942862841E+03
    0.256427936934820266E+02    0.112748504810063799E+01    0.318422750368266065E+02    0.404029877635492682E+08    0.518717672350389194E+03   -0.259358836175194597E+03
    0.357227995831892358E+02    0.112889262995736273E+01    0.309185277139384596E+02    0.445420871158271059E+08    0.519572453374281622E+03   -0.259786226687140811E+03
    0.373984205084613848E+02    0.112724287429385406E+01    0.352515158407014297E+02    0.384753446224661097E+08    0.519027554092839409E+03   -0.259513777046419705E+03
    0.341206582113920973E+02    0.112710806113476836E+01    0.346400016550682750E+02    0.326677502682146654E+08    0.518597237360275585E+03   -0.259298618680137793E+03
    0.266626160956428961E+02    0.112973939945214319E+01    0.330966764935946429E+02    0.456469540432991385E+08    0.519369730528688706E+03   -0.259684865264344353E+03
    0.279329078476260690E+02    0.113141628693575091E+01    0.333786629467119340E+02    0.344202517406214699E+08    0.519584567387659263E+03   -0.259792283693829631E+03
    0.243824754276241364E+02    0.113023765716426561E+01    0.335679567168388076E+02    0.379046571627308950E+08    0.519109370757995976E+03   -0.259554685378997988E+03
    0.266240600889344137E+02    0.112823563160644480E+01    0.377978313891127868E+02    0.402534303105728328E+08    0.519450392689244609E+03   -0.259725196344622304E+03
    0.357680588129751342E+02    0.112588161206173676E+01    0.303737261661321583E+02    0.396570855563734993E+08    0.519143975285281044E+03   -0.259571987642640522E+03
    0.273572857004578083E+02    0.112949580735963351E+01    0.335311246343932083E+02    0.536637506532071456E+08    0.519550304390677297E+03   -0.259775152195338649E+03
    0.328227371895835773E+02    0.112685728325634771E+01    0.271427051413330744E+02    0.390279303129563481E+08    0.518779472347130081E+03   -0.259389736173565041E+03
    0.331377592234630853E+02    0.112808765852337545E+01    0.243807995336513557E+02    0.373721998764391392E+08    0.519428091994392616E+03   -0.259714045997196308E+03
    0.391884738900525207E+02    0.112653372268171204E+01    0.279176270401854012E+02    0.311727211195934974E+08    0.519161596034504328E+03   -0.259580798017252164E+03
    0.343233272029502885E+02    0.112821332227500726E+01    0.278543381327879693E+02    0.362046604033746123E+08    0.518266291153755446E+03   -0.259133145576877723E+03
    0.368552865449513760E+02    0.112791701698693880E+01    0.311657666889083025E+02    0.364652582009503990E+08    0.518149245881996194E+03   -0.259074622940998097E+03
    0.368552865449513760E+02    0.112791701698693880E+01    0.311657666889083025E+02    0.364652582009503990E+08    0.518149245881996194E+03   -0.259074622940998097E+03
    0.298004172410159747E+02    0.112732090842855071E+01    0.341309041518769476E+02    0.501449924542365819E+08    0.519597128638703225E+03   -0.259798564319351613E+03
    0.310587794307438365E+02    0.112858396591843158E+01    0.350580937591605135E+02    0.346479337703493685E+08    0.518191122064517913E+03   -0.259095561032258956E+03
    0.432202218933014066E+02    0.112637541365117633E+01    0.293619952238986954E+02    0.328700760438459441E+08    0.519560201121014188E+03   -0.259780100560507094E+03
    0.280539533788737288E+02    0.113054467731236241E+01    0.311602596073623346E+02    0.398098882391640767E+08    0.519152764965081246E+03   -0.259576382482540623E+03
    0.298732637447698188E+02    0.112922173339944765E+01    0.283207139345125647E+02    0.372205652484325320E+08    0.518435545798177259E+03   -0.259217772899088629E+03
    0.257795570241530783E+02    0.112872101998334773E+01    0.352007717429507565E+02    0.371424737990901768E+08    0.518674514614599275E+03   -0.259337257307299637E+03
    0.408496361571365227E+02    0.112717084639508980E+01    0.327469300433279571E+02    0.356398004777994230E+08    0.518950807045933630E+03   -0.259475403522966815E+03
    0.274472147233597390E+02    0.112779152784235670E+01    0.286364621996956608E+02    0.424563047307693437E+08    0.518978848431661845E+03   -0.259489424215830923E+03
    0.299600649475634313E+02    0.112729159262461121E+01    0.325313418959060883E+02    0.519863575262045413E+08    0.519338811513647215E+03   -0.259669405756823608E+03
    0.254811910333864908E+02    0.112736587726190995E+01    0.334713335874599380E+02    0.351667482403979227E+08    0.518831389853227392E+03   -0.259415694926613696E+03
    0.282071288392045325E+02    0.112886673183571373E+01    0.322351736330957621E+02    0.454711301557240337E+08    0.518987547705174507E+03   -0.259493773852587253E+03
    0.364029740339977934E+02    0.112836323792259630E+01    0.309475990476745295E+02    0.413470526922805235E+08    0.518928557480947575E+03   -0.259464278740473787E+03
    0.256976379826528500E+02    0.112668739360818915E+01    0.290881745119916815E+02    0.329332227207100615E+08    0.519163887642472901E+03   -0.259581943821236450E+03
    0.296410347144677999E+02    0.112859990344820882E+01    0.318139388526235010E+02    0.336175320038472936E+08    0.517961448954261527E+03   -0.258980724477130764E+03
    0.296410347144677999E+02    0.112859990344820882E+01    0.318139388526235010E+02    0.336175320038472936E+08    0.517961448954261527E+03   -0.258980724477130764E+03
    0.310286447721242205E+02    0.112647283662376285E+01    0.363986840456542637E+02    0.338490229895245060E+08    0.519540564861335724E+03   -0.259770282430667862E+03
    0.301602717518981578E+02    0.112666353588444657E+01    0.297542217897996188E+02    0.441228067226834744E+08    0.519235094549973269E+03   -0.259617547274986634E+03
    0.289272175145290760E+02    0.112741730389710493E+01    0.293648332989941068E+02    0.358890588207280934E+08    0.518087992369084986E+03   -0.259043996184542493E+03
    0.289272175145290760E+02    0.112741730389710493E+01    0.293648332989941068E+02    0.358890588207280934E+08    0.518087992369084986E+03   -0.259043996184542493E+03
    0.299756836789585961E+02    0.112697122195865340E+01    0.332269583304432672E+02    0.414879037735088468E+08    0.518758107554075536E+03   -0.259379053777037768E+03
    0.247000884844041195E+02    0.112701338132664008E+01    0.342168578570584714E+02    0.414649133874654397E+08    0.519460083336719322E+03   -0.259730041668359661E+03
    0.260792046599962646E+02    0.112868665972237081E+01    0.297406096039968304E+02    0.321675379541234672E+08    0.518781013856078971E+03   -0.259390506928039486E+03
    0.279191008183049547E+02    0.112673959187473627E+01    0.320293487443887415E+02    0.421712998380725831E+08    0.519002211448765934E+03   -0.259501105724382967E+03
    0.309244526734438949E+02    0.112798374448878991E+01    0.243351431689967121E+02    0.384989901475433484E+08    0.519516247994979153E+03   -0.259758123997489577E+03
    0.301721707918916415E+02    0.112574768252250812E+01    0.288790162307279381E+02    0.340935729963657632E+08    0.518814936663110529E+03   -0.259407468331555265E+03
    0.245078089940328603E+02    0.112881357648987457E+01    0.327588655753963209E+02    0.376114428596686795E+08    0.518547129612224921E+03   -0.259273564806112461E+03
    0.268311011479192238E+02    0.113040894875183029E+01    0.339604549285268291E+02    0.417808878747754842E+08    0.519322668063805622E+03   -0.259661334031902811E+03
    0.302580652160588883E+02    0.112641763713351994E+01    0.317002697025663913E+02    0.358947564506895244E+08    0.518406320627482614E+03   -0.259203160313741307E+03
    0.328837391091375721E+02    0.112857656447178045E+01    0.265334909563814669E+02    0.356952027698932141E+08    0.518569174497598624E+03   -0.259284587248799312E+03
    0.251935292375190905E+02    0.112881224820500758E+01    0.272244590181067281E+02    0.340169048089831695E+08    0.519024659821739533E+03   -0.259512329910869767E+03
    0.277249579645089277E+02    0.112786038833861935E+01    0.310357661295746041E+02    0.490400756794257537E+08    0.519399641383338349E+03   -0.259699820691669174E+03
    0.323073194852244399E+02    0.112822299594760889E+01    0.347472943776532617E+02    0.470988203336190581E+08    0.519276129435305393E+03   -0.259638064717652696E+03
    0.328889683102472219E+02    0.112910830596258172E+01    0.267218984592904008E+02    0.370828654915607795E+08    0.518876326048045826E+03   -0.259438163024022913E+03
    0.345999031464272164E+02    0.112902639760440970E+01    0.352627857296837490E+02    0.432876979501392320E+08    0.519279617973070458E+03   -0.259639808986535229E+03
    0.317598410919903564E+02    0.112960049758852410E+01    0.346208027907888862E+02    0.333062321034134403E+08    0.518520249839068583E+03   -0.259260124919534292E+03
    0.361996137477618305E+02    0.112904858654453477E+01    0.347075722472445207E+02    0.373965899238415956E+08    0.518602464424764776E+03   -0.259301232212382388E+03
    0.350423787757923577E+02    0.112917747976754490E+01    0.313995210231315269E+02    0.383809585013917461E+08    0.518461458703186281E+03   -0.259230729351593141E+03
    0.370452258908748746E+02    0.112886249194309185E+01    0.383445882368416164E+02    0.341740420812896937E+08    0.519509034759488145E+03   -0.259754517379744073E+03
    0.298426769011115702E+02    0.112944508219752082E+01    0.333223774807132926E+02    0.395189123782545626E+08    0.518405959521231352E+03   -0.259202979760615676E+03
    0.339710541272538364E+02    0.112823502195906156E+01    0.388298350628647739E+02    0.347164555727310255E+08    0.519438246073679920E+03   -0.259719123036839960E+03
    0.260902009023274637E+02    0.112957480811617494E+01    0.350917402955712063E+02    0.370302889873528853E+08    0.518776078786491780E+03   -0.259388039393245890E+03
    0.311355819829913614E+02    0.113030395642803749E+01    0.273537942855170080E+02    0.330620303654838242E+08    0.519395149846832169E+03   -0.259697574923416084E+03
    0.388762246295040299E+02    0.112919360005671932E+01    0.355824689330891246E+02    0.346349442478811890E+08    0.519078648414390159E+03   -0.259539324207195079E+03
    0.274626254498058451E+02    0.112963017280941047E+01    0.323368041998812075E+02    0.335186717132613622E+08    0.518525562187543983E+03   -0.259262781093771991E+03
    0.284181882160918846E+02    0.112659910603335334E+01    0.316140160443547806E+02    0.401994712038408071E+08    0.518756669007928053E+03   -0.259378334503964027E+03
    0.302494166977076979E+02    0.112638086334312892E+01    0.302747443399430480E+02    0.392450234401422441E+08    0.518612873060207562E+03   -0.259306436530103781E+03
    0.270899460512797425E+02    0.112546820237654654E+01    0.310275501315638031E+02    0.392569191061562151E+08    0.519586095068076361E+03   -0.259793047534038180E+03
    0.347016641759841207E+02    0.112817328588298404E+01    0.244362049748925045E+02    0.335842001993816048E+08    0.519295571281202001E+03   -0.259647785640601001E+03
    0.306422501066599366E+02    0.113070077786419132E+01    0.307542041371720600E+02    0.354004594133797511E+08    0.518960779743610829E+03   -0.259480389871805414E+03
    0.303326255414924120E+02    0.112745954095605883E+01    0.338503827232507959E+02    0.374872454692085162E+08    0.518215148617352952E+03   -0.259107574308676476E+03
    0.327561992247637548E+02    0.112713296288799314E+01    0.340312082438810322E+02    0.303236522322853059E+08    0.519393198225452238E+03   -0.259696599112726119E+03
    0.349842670492002483E+02    0.113049079529065222E+01    0.294174798057321176E+02    0.367923391685772091E+08    0.519451263742972969E+03   -0.259725631871486485E+03
    0.318396959598703582E+02    0.112838050914176846E+01    0.256127278642917950E+02    0.361750036449734718E+08    0.518819101345301419E+03   -0.259409550672650710E+03
    0.284060715803585353E+02    0.112697720838245652E+01    0.358862477270897244E+02    0.350500331699354798E+08    0.519164504337768449E+03   -0.259582252168884224E+03
    0.292119288379950675E+02    0.112925314473741256E+01    0.284247756317009319E+02    0.376724820196294263E+08    0.518483452462679907E+03   -0.259241726231339953E+03
    0.292119288379950675E+02    0.112925314473741256E+01    0.284247756317009319E+02    0.376724820196294263E+08    0.518483452462679907E+03   -0.259241726231339953E+03
    0.310679662163696548E+02    0.112820473780033681E+01    0.322090014933206135E+02    0.394736736705648452E+08    0.518080426481256154E+03   -0.259040213240628077E+03
    0.281324012099831258E+02    0.112599022528206150E+01    0.325346808431441232E+02    0.348504456121436059E+08    0.519086631765562288E+03   -0.259543315882781144E+03
    0.308769110766562882E+02    0.112650628390573249E+01    0.263342045063973629E+02    0.388451688087465763E+08    0.519014407260574217E+03   -0.259507203630287108E+03
    0.377648312408389586E+02    0.112978597813063653E+01    0.336490841679073753E+02    0.309865944334058091E+08    0.519447110073765202E+03   -0.259723555036882601E+03
