    0.113767920722335901E+03    0.111722057356023452E+01    0.647384445039778598E+02    0.108989170828628168E+09    0.546008693935126871E+03   -0.273004346967563436E+03
    0.106501431734747868E+03    0.111501961942862460E+01    0.828868820344085719E+02    0.901985509058779627E+08    0.541966587300694528E+03   -0.270983293650347264E+03
    0.880840361042521920E+02    0.110976910527568284E+01    0.841819706327575545E+02    0.342305339694072664E+09    0.540442295727537157E+03   -0.270221147863768579E+03
    0.970478491463269677E+02    0.111718205315608654E+01    0.819805438000257993E+02    0.214729845065196633E+09    0.539640868384092300E+03   -0.269820434192046150E+03
    0.989266407612580423E+02    0.111585287309258963E+01    0.760636392553712568E+02    0.322833921144074559E+09    0.539248644215722152E+03   -0.269624322107861076E+03
    0.112393061616925920E+03    0.111600291033510368E+01    0.733957350817321554E+02    0.101054857352762535E+09    0.539102714911398039E+03   -0.269551357455699019E+03
    0.905271321847762067E+02    0.111471117922638085E+01    0.755757046074566574E+02    0.359562924719328403E+09    0.538924959171823048E+03   -0.269462479585911524E+03
    0.940237644218723005E+02    0.111329224425155116E+01    0.919929360031445924E+02    0.425589485836957037E+09    0.538920566864001216E+03   -0.269460283432000608E+03
    0.952963950964883253E+02    0.111387082274904659E+01    0.960367076124201304E+02    0.408177100464762807E+09    0.538859970277299681E+03   -0.269429985138649840E+03
    0.805856838314551993E+02    0.111505538155362327E+01    0.919493315895534238E+02    0.277168900468335271E+09    0.538114399731715366E+03   -0.269057199865857683E+03
    0.899783910743066713E+02    0.111544629645123594E+01    0.694824848562427491E+02    0.232846723939158648E+09    0.537635972153820944E+03   -0.268817986076910472E+03
    0.989049964974405640E+02    0.111461014148718518E+01    0.616995232558139932E+02    0.168987591999657094E+09    0.537132863274156989E+03   -0.268566431637078495E+03
    0.114071743639361046E+03    0.111614052756550586E+01    0.722824379323566291E+02    0.151532614364226013E+09    0.537091192134012090E+03   -0.268545596067006045E+03
    0.113505244507837887E+03    0.111317655769499013E+01    0.755517615392525101E+02    0.278335896373468220E+09    0.536865492045802057E+03   -0.268432746022901028E+03
    0.106144994331418218E+03    0.111146042611907570E+01    0.710126960017697115E+02    0.238662592514096349E+09    0.536845960261739492E+03   -0.268422980130869746E+03
    0.116321618112281755E+03    0.111497753831591773E+01    0.761529082815659422E+02    0.251431632652708530E+09    0.536803828492539651E+03   -0.268401914246269826E+03
    0.876747769329419100E+02    0.110998950902178373E+01    0.869348065156810890E+02    0.296817741451038539E+09    0.536792855423819788E+03   -0.268396427711909894E+03
    0.102277266810394167E+03    0.111341191299397324E+01    0.830670828892233573E+02    0.110514905879090175E+09    0.536732160917115152E+03   -0.268366080458557576E+03
    0.924083863921851218E+02    0.111518766245219969E+01    0.897142188266018934E+02    0.364718732490852416E+09    0.536694247152717139E+03   -0.268347123576358570E+03
    0.879653560575517588E+02    0.111307841823538034E+01    0.868142557076723591E+02    0.399373920397051334E+09    0.536634853267673407E+03   -0.268317426633836703E+03
    0.866014764230869076E+02    0.111441763778847891E+01    0.688370700115248439E+02    0.133661020971998155E+09    0.536606325379670125E+03   -0.268303162689835062E+03
    0.109186367822030476E+03    0.111508681181413727E+01    0.666444407275018449E+02    0.816006937811145037E+08    0.536578902446615302E+03   -0.268289451223307651E+03
    0.996174647300165077E+02    0.111509683184107078E+01    0.772544868536841136E+02    0.101908297826849774E+09    0.536525881604129722E+03   -0.268262940802064861E+03
    0.103399931650231096E+03    0.111507999271487224E+01    0.946829806041566684E+02    0.204452846542693436E+09    0.536294754554226984E+03   -0.268147377277113492E+03
    0.962533160865204138E+02    0.111479926618680225E+01    0.862284023637523092E+02    0.377828035996320188E+09    0.535989158350565503E+03   -0.267994579175282752E+03
    0.952800445227586579E+02    0.111113236505140534E+01    0.711737853880344602E+02    0.234434219261701018E+09    0.535910164551813750E+03   -0.267955082275906875E+03
    0.991216254567226827E+02    0.111598684335134135E+01    0.700977872705930452E+02    0.196787880082959682E+09    0.535851326875877135E+03   -0.267925663437938567E+03
    0.974492728046790546E+02    0.111101039892054443E+01    0.808273278762681571E+02    0.323532948530527234E+09    0.535834466886604559E+03   -0.267917233443302280E+03
    0.988880600146778477E+02    0.111441694116900014E+01    0.850703393209518879E+02    0.131303705827450320E+09    0.535657129743581322E+03   -0.267828564871790661E+03
    0.111234898441220921E+03    0.111510175258064104E+01    0.755356854775098583E+02    0.264726653715245068E+09    0.535365426695608676E+03   -0.267682713347804338E+03
    0.894425307220640633E+02    0.111515315380059854E+01    0.860036941445897014E+02    0.344189797237615764E+09    0.535289985407332665E+03   -0.267644992703666333E+03
    0.988390014010946203E+02    0.111379368479995366E+01    0.905674812686332160E+02    0.382523577664269090E+09    0.535228578744361585E+03   -0.267614289372180792E+03
    0.887202479594047730E+02    0.111291071977269418E+01    0.867337316454384251E+02    0.158905788474849850E+09    0.535176366746273629E+03   -0.267588183373136815E+03
    0.846424089225055098E+02    0.111080173370774160E+01    0.821250661043357582E+02    0.233095116758014351E+09    0.535150712085947816E+03   -0.267575356042973908E+03
    0.972241362859673188E+02    0.111632395666785955E+01    0.764026296118775861E+02    0.228487017395624936E+09    0.535143017852502908E+03   -0.267571508926251454E+03
    0.976606191393831295E+02    0.111593363975824644E+01    0.729129506044741191E+02    0.235300813187709451E+09    0.535120023821080395E+03   -0.267560011910540197E+03
    0.921286380270304619E+02    0.111193572170375088E+01    0.988738525265133177E+02    0.243749135525638998E+09    0.535055980680465382E+03   -0.267527990340232691E+03
    0.886295552923773045E+02    0.111048833928889423E+01    0.874369691268996831E+02    0.222451679395127565E+09    0.535045300889252189E+03   -0.267522650444626095E+03
    0.115768511446681799E+03    0.111348477168148641E+01    0.728285364428791269E+02    0.958859527996415347E+08    0.534980095157921710E+03   -0.267490047578960855E+03
    0.935848905768823727E+02    0.111624626869633659E+01    0.839013328412134456E+02    0.233615179887221098E+09    0.534936766465154165E+03   -0.267468383232577082E+03
    0.942460340000819485E+02    0.111319842397678048E+01    0.641685905843755080E+02    0.162813664428227276E+09    0.534901968364506274E+03   -0.267450984182253137E+03
    0.113960175216906578E+03    0.111547181333278966E+01    0.754499680000150050E+02    0.199107096878127038E+09    0.534721471630730775E+03   -0.267360735815365388E+03
    0.104952146748816006E+03    0.111260847842676691E+01    0.671964255422080896E+02    0.195814468077016920E+09    0.534612648963832953E+03   -0.267306324481916477E+03
    0.103747602191867813E+03    0.111028622517643605E+01    0.900065690904303892E+02    0.257636633656147987E+09    0.534506981177379203E+03   -0.267253490588689601E+03
    0.102736200892793136E+03    0.111568974867620874E+01    0.749819115050707694E+02    0.127749487794860974E+09    0.534399191069320068E+03   -0.267199595534660034E+03
    0.119478770049632232E+03    0.111323812793169963E+01    0.840760493438742458E+02    0.203439635639710099E+09    0.534393641355217255E+03   -0.267196820677608628E+03
    0.912709973042647960E+02    0.111587179725378061E+01    0.782747562252982902E+02    0.251884781956497431E+09    0.534361759960327504E+03   -0.267180879980163752E+03
    0.101444299050784338E+03    0.111602695640099547E+01    0.887499464412857151E+02    0.279765151680807173E+09    0.534220742040195660E+03   -0.267110371020097830E+03
    0.900927199605883260E+02    0.111551296588346371E+01    0.754739652702537285E+02    0.244546995920801640E+09    0.534219565796993379E+03   -0.267109782898496690E+03
    0.102526471046893718E+03    0.111614661478663124E+01    0.745270996893966213E+02    0.152713666037530571E+09    0.534156764490220326E+03   -0.267078382245110163E+03
    0.104312302721025617E+03    0.111150887636557849E+01    0.747385880853161524E+02    0.116578113040094957E+09    0.534121718225732820E+03   -0.267060859112866410E+03
    0.104013869878826483E+03    0.111539754426553350E+01    0.664613764288894799E+02    0.164031144832605600E+09    0.534118175220653029E+03   -0.267059087610326515E+03
    0.113595924999687767E+03    0.111135534113155376E+01    0.806845785313199571E+02    0.195726956970133811E+09    0.534079429337267356E+03   -0.267039714668633678E+03
    0.115370276033232912E+03    0.111518914529240099E+01    0.863266909942308445E+02    0.218156087570250541E+09    0.534034227343674274E+03   -0.267017113671837137E+03
    0.110064142837670715E+03    0.111520174822340756E+01    0.878274619401249907E+02    0.180910060552924931E+09    0.534030956837371605E+03   -0.267015478418685802E+03
    0.983666056334595851E+02    0.111311121283789793E+01    0.662498673785243284E+02    0.101865574231730565E+09    0.534024105196328037E+03   -0.267012052598164018E+03
    0.111982938835906666E+03    0.111444212925187136E+01    0.715079224191434690E+02    0.218799954551715046E+09    0.533969652345951204E+03   -0.266984826172975602E+03
    0.117103836681042040E+03    0.111239165895564462E+01    0.803951472676038179E+02    0.218030612795377165E+09    0.533952297108530388E+03   -0.266976148554265194E+03
    0.841587197220573984E+02    0.111467346376190446E+01    0.888026076918529554E+02    0.305498817035389245E+09    0.533922449266437525E+03   -0.266961224633218762E+03
    0.860787916255908954E+02    0.111456866249604669E+01    0.939709634425075535E+02    0.264610994589845836E+09    0.533858521795703041E+03   -0.266929260897851520E+03
    0.102610618102071783E+03    0.111575253613727332E+01    0.754197662345773381E+02    0.250391451354683667E+09    0.533791617944296377E+03   -0.266895808972148188E+03
    0.107721072622725785E+03    0.111174359957271518E+01    0.970663189855256121E+02    0.259060606164295763E+09    0.533734761889299079E+03   -0.266867380944649540E+03
    0.107768226259522649E+03    0.111401032003291900E+01    0.943958233304650918E+02    0.318394940646628380E+09    0.533690407395393549E+03   -0.266845203697696775E+03
    0.102586548391727561E+03    0.111327771267679076E+01    0.655682296460052783E+02    0.100458185397344813E+09    0.533647696982473462E+03   -0.266823848491236731E+03
    0.973352165505178988E+02    0.111225172035128805E+01    0.766846568903908690E+02    0.307036756548387349E+09    0.533645189195562466E+03   -0.266822594597781233E+03
    0.118514357687107406E+03    0.111337582493110432E+01    0.769314602620776498E+02    0.140823805157798886E+09    0.533640839918732354E+03   -0.266820419959366177E+03
    0.105601453009914323E+03    0.111383176936777883E+01    0.990667024047708793E+02    0.240816276506539553E+09    0.533613092941938817E+03   -0.266806546470969408E+03
    0.102969098930938912E+03    0.111257939679524731E+01    0.960568318875636749E+02    0.213195566861877143E+09    0.533542372369018722E+03   -0.266771186184509361E+03
    0.844859061261286115E+02    0.111136770619599967E+01    0.862324076101538424E+02    0.283547913114288211E+09    0.533483165009441677E+03   -0.266741582504720839E+03
    0.968521105903346182E+02    0.111607172395438181E+01    0.798872237384524055E+02    0.250101435160827249E+09    0.533465441415222244E+03   -0.266732720707611122E+03
    0.841488295472847625E+02    0.111183721302220095E+01    0.908102973981385730E+02    0.255211198031723887E+09    0.533449459165592202E+03   -0.266724729582796101E+03
    0.953147910184612783E+02    0.111062623325073973E+01    0.789777325018509799E+02    0.164284364726102769E+09    0.533443940578449656E+03   -0.266721970289224828E+03
    0.105208040421999442E+03    0.111212896497721347E+01    0.980909172896127046E+02    0.244570295564527541E+09    0.533346637743028396E+03   -0.266673318871514198E+03
    0.100719419855274936E+03    0.111325668113512877E+01    0.747611158162387568E+02    0.982798903295394629E+08    0.533312734684913153E+03   -0.266656367342456576E+03
    0.100968618696451955E+03    0.111307519581885472E+01    0.698770401923944036E+02    0.936846522897040248E+08    0.533258837601408118E+03   -0.266629418800704059E+03
    0.100968618696451955E+03    0.111307519581885472E+01    0.698770401923944036E+02    0.936846522897040248E+08    0.533258837601408118E+03   -0.266629418800704059E+03
    0.986756850064176234E+02    0.111187915747410226E+01    0.675515498760492363E+02    0.146467329495358139E+09    0.533247085363383349E+03   -0.266623542681691674E+03
    0.108767506050008450E+03    0.111451988018353521E+01    0.881145629140998210E+02    0.160665124446479708E+09    0.533246324343455967E+03   -0.266623162171727984E+03
    0.996229952290550216E+02    0.111165710442789223E+01    0.912279115619936647E+02    0.331321798501497686E+09    0.533219256731290216E+03   -0.266609628365645108E+03
    0.899898101947460987E+02    0.111466626518465239E+01    0.960582381381625510E+02    0.286826415702650726E+09    0.533188356174271348E+03   -0.266594178087135674E+03
    0.968518986302896110E+02    0.111588379541941918E+01    0.788388236936887381E+02    0.170355191348468602E+09    0.533182275706244468E+03   -0.266591137853122234E+03
    0.957278052996760778E+02    0.111441680508970409E+01    0.692108266062648454E+02    0.219673650012358040E+09    0.533158304937885305E+03   -0.266579152468942652E+03
    0.110390783400383555E+03    0.111353524421305616E+01    0.687179971623373262E+02    0.100120456787726238E+09    0.533065044695548636E+03   -0.266532522347774318E+03
    0.115934098032042442E+03    0.111268469300048700E+01    0.823515003562858254E+02    0.156159585366244227E+09    0.533045660537565482E+03   -0.266522830268782741E+03
    0.115934098032042442E+03    0.111268469300048700E+01    0.823515003562858254E+02    0.156159585366244227E+09    0.533045660537565482E+03   -0.266522830268782741E+03
    0.904957308264059179E+02    0.111268064990586191E+01    0.704620292287675909E+02    0.141472669950865835E+09    0.532955867443641978E+03   -0.266477933721820989E+03
    0.103963881720365322E+03    0.111263060240520861E+01    0.698346837054282901E+02    0.102218664009170115E+09    0.532946105780006519E+03   -0.266473052890003260E+03
    0.103963881720365322E+03    0.111263060240520861E+01    0.698346837054282901E+02    0.102218664009170115E+09    0.532946105780006519E+03   -0.266473052890003260E+03
    0.106895874421186207E+03    0.111577614176277318E+01    0.772562122293090283E+02    0.152287973480519176E+09    0.532915011494899545E+03   -0.266457505747449773E+03
    0.898171205681318980E+02    0.111528022995379872E+01    0.793504789020381054E+02    0.179443995162858665E+09    0.532848351334307836E+03   -0.266424175667153918E+03
    0.943204202735880699E+02    0.111090057984663337E+01    0.930216321859709723E+02    0.289806681378108203E+09    0.532836408351698537E+03   -0.266418204175849269E+03
    0.835411925753725342E+02    0.111333829471299373E+01    0.872839176180153657E+02    0.311350850122275114E+09    0.532816336865219682E+03   -0.266408168432609841E+03
    0.964837170978247372E+02    0.111485755417476184E+01    0.886762789864900043E+02    0.335413859624689221E+09    0.532752240990965333E+03   -0.266376120495482667E+03
    0.973011710146066093E+02    0.111097621684751058E+01    0.771442934498061277E+02    0.247290343432376504E+09    0.532709620283198092E+03   -0.266354810141599046E+03
    0.989268911999731841E+02    0.111205738287784928E+01    0.918605721851014891E+02    0.194614876263242573E+09    0.532707800039422182E+03   -0.266353900019711091E+03
    0.101968355740451656E+03    0.111321223791154256E+01    0.681918934070409932E+02    0.198117114877486885E+09    0.532649810569210331E+03   -0.266324905284605165E+03
    0.979510401851286616E+02    0.111329303443831584E+01    0.903942098978768911E+02    0.173229116072678208E+09    0.532595159026879514E+03   -0.266297579513439757E+03
    0.100699386520431986E+03    0.111276355436668140E+01    0.660246556825486266E+02    0.141738183753703475E+09    0.532581758237768327E+03   -0.266290879118884163E+03
    0.986923141550305445E+02    0.111484902819730713E+01    0.845670159916971755E+02    0.329338812205359101E+09    0.532577998965112556E+03   -0.266288999482556278E+03
    0.986923141550305445E+02    0.111484902819730713E+01    0.845670159916971755E+02    0.329338812205359101E+09    0.532577998965112556E+03   -0.266288999482556278E+03
    0.101947386665168480E+03    0.111263063175792776E+01    0.697117425775971071E+02    0.204253497616391540E+09    0.532547319062862812E+03   -0.266273659531431406E+03
    0.944533625422013046E+02    0.111332708424070947E+01    0.681441550176178765E+02    0.130455617837974772E+09    0.532518420028133733E+03   -0.266259210014066866E+03
    0.101336414242534559E+03    0.111377503746330886E+01    0.758315836936988603E+02    0.296437452459836483E+09    0.532511576097347302E+03   -0.266255788048673651E+03
    0.908832422390823638E+02    0.111101567549767966E+01    0.785721027954140681E+02    0.232999287639769495E+09    0.532494554608111798E+03   -0.266247277304055899E+03
    0.106483977623247554E+03    0.111549547501452673E+01    0.830307357136778563E+02    0.276308875916422784E+09    0.532478914557657163E+03   -0.266239457278828581E+03
    0.899785007806276980E+02    0.111482827026646558E+01    0.793821786270474519E+02    0.159018131315561503E+09    0.532478882474914371E+03   -0.266239441237457186E+03
    0.877579341725525097E+02    0.111477417508077625E+01    0.798423034110306986E+02    0.197445629403948396E+09    0.532430910164133593E+03   -0.266215455082066796E+03
    0.111352272742596938E+03    0.111268781301820807E+01    0.920776660678373418E+02    0.214508594780208737E+09    0.532400883791669230E+03   -0.266200441895834615E+03
    0.117023969515555848E+03    0.111318656635963431E+01    0.844901367201289872E+02    0.227286748264684767E+09    0.532374796393266024E+03   -0.266187398196633012E+03
    0.107457647101331631E+03    0.111578210619319917E+01    0.779956722368967235E+02    0.179674802852531791E+09    0.532356728646477677E+03   -0.266178364323238839E+03
    0.107075923122860019E+03    0.111467624434928014E+01    0.678812928427768014E+02    0.179579279184861779E+09    0.532355690663327664E+03   -0.266177845331663832E+03
    0.986913259457136434E+02    0.111193835119619489E+01    0.980065128207482559E+02    0.256604605746809125E+09    0.532347645433811181E+03   -0.266173822716905590E+03
    0.832159849693125864E+02    0.111360347854180874E+01    0.867338491848934154E+02    0.245835992726779580E+09    0.532305580217180818E+03   -0.266152790108590409E+03
    0.995172155603818993E+02    0.111356787280882874E+01    0.970110343584318144E+02    0.228927883823593140E+09    0.532257125730033067E+03   -0.266128562865016534E+03
    0.101667328953859624E+03    0.111334926191841221E+01    0.739917336329815214E+02    0.104138600753754169E+09    0.532249672336274898E+03   -0.266124836168137449E+03
    0.899660340503830298E+02    0.111408521381615566E+01    0.745714356206285345E+02    0.140768468328196168E+09    0.532231421367172175E+03   -0.266115710683586087E+03
    0.835788816072175962E+02    0.111401234694075968E+01    0.820542562138890190E+02    0.265900790763639212E+09    0.532219254357599766E+03   -0.266109627178799883E+03
    0.930185823237158331E+02    0.111522371326733150E+01    0.772464138866724568E+02    0.267788119465148002E+09    0.532167082397521995E+03   -0.266083541198760997E+03
    0.861402157427341706E+02    0.111363047867115661E+01    0.767135218600960940E+02    0.197494376644136548E+09    0.532116393839135185E+03   -0.266058196919567592E+03
    0.919660764399019968E+02    0.111329964484784250E+01    0.864170604868577925E+02    0.348021673233362794E+09    0.532102061993366874E+03   -0.266051030996683437E+03
    0.107467780243683507E+03    0.111109396247067527E+01    0.859865555421645382E+02    0.249031088296296418E+09    0.532072361071217983E+03   -0.266036180535608992E+03
    0.103926801905974088E+03    0.111134019089265457E+01    0.938358510297242958E+02    0.247882121917033494E+09    0.532050718474665700E+03   -0.266025359237332850E+03
    0.938941320188627202E+02    0.111378271250135064E+01    0.985661567737594311E+02    0.284055575803255618E+09    0.532008181670582189E+03   -0.266004090835291095E+03
    0.113431266993122208E+03    0.111484131796503627E+01    0.781400218268924505E+02    0.206628883591967463E+09    0.531821465525353688E+03   -0.265910732762676844E+03
    0.943663122693265564E+02    0.111545208426128784E+01    0.836086376053094114E+02    0.211792636419133812E+09    0.531785592442779262E+03   -0.265892796221389631E+03
    0.993764136443272292E+02    0.111470319834476173E+01    0.689686331704104418E+02    0.128459877806555212E+09    0.531784232545625173E+03   -0.265892116272812586E+03
    0.993764136443272292E+02    0.111470319834476173E+01    0.689686331704104418E+02    0.128459877806555212E+09    0.531784232545625173E+03   -0.265892116272812586E+03
    0.113938032390407614E+03    0.111236730091771374E+01    0.839481919279132995E+02    0.190768022133979678E+09    0.531771317765688877E+03   -0.265885658882844439E+03
    0.100294520682846496E+03    0.111564554517619419E+01    0.765975451359443014E+02    0.156857798195953667E+09    0.531766974490667053E+03   -0.265883487245333527E+03
    0.100294520682846496E+03    0.111564554517619419E+01    0.765975451359443014E+02    0.156857798195953667E+09    0.531766974490667053E+03   -0.265883487245333527E+03
    0.112081296385658646E+03    0.111273952560545175E+01    0.714053586564117921E+02    0.167072978854925513E+09    0.531757093970587903E+03   -0.265878546985293951E+03
    0.104216080130648493E+03    0.111457478824053324E+01    0.719395935135981404E+02    0.112057607917461887E+09    0.531747646588954922E+03   -0.265873823294477461E+03
    0.107164773971224605E+03    0.111483625370516570E+01    0.785570699312870317E+02    0.132351192941781253E+09    0.531711172514635109E+03   -0.265855586257317555E+03
    0.104450093477019635E+03    0.111557941909279323E+01    0.769808589027124412E+02    0.205502353605843216E+09    0.531699713435761169E+03   -0.265849856717880584E+03
    0.861673999241018009E+02    0.111409248315379505E+01    0.906767003175193196E+02    0.296842151214213371E+09    0.531687614397431389E+03   -0.265843807198715695E+03
    0.101823774916439930E+03    0.111440958911052923E+01    0.976238753537032977E+02    0.267483986363817602E+09    0.531676354776003905E+03   -0.265838177388001952E+03
    0.101823774916439930E+03    0.111440958911052923E+01    0.976238753537032977E+02    0.267483986363817602E+09    0.531676354776003905E+03   -0.265838177388001952E+03
    0.106370269819740798E+03    0.111482193575218980E+01    0.749085334883098142E+02    0.123515492723124623E+09    0.531655262811906255E+03   -0.265827631405953127E+03
    0.106370269819740798E+03    0.111482193575218980E+01    0.749085334883098142E+02    0.123515492723124623E+09    0.531655262811906255E+03   -0.265827631405953127E+03
    0.102103595397639722E+03    0.111526570646020784E+01    0.894887298096869586E+02    0.294305343161248147E+09    0.531649838816218221E+03   -0.265824919408109110E+03
    0.102103595397639722E+03    0.111526570646020784E+01    0.894887298096869586E+02    0.294305343161248147E+09    0.531649838816218221E+03   -0.265824919408109110E+03
    0.929089500539783870E+02    0.111492263443949247E+01    0.712241475310873255E+02    0.159201167626906902E+09    0.531645668625914368E+03   -0.265822834312957184E+03
    0.929089500539783870E+02    0.111492263443949247E+01    0.712241475310873255E+02    0.159201167626906902E+09    0.531645668625914368E+03   -0.265822834312957184E+03
    0.948402270049912772E+02    0.111121883421291434E+01    0.774601419326172476E+02    0.161987568131287634E+09    0.531640068942567837E+03   -0.265820034471283918E+03
    0.112495904926746675E+03    0.111392834489947723E+01    0.715244631801748767E+02    0.128495074167745814E+09    0.531636326789088912E+03   -0.265818163394544456E+03
    0.112495904926746675E+03    0.111392834489947723E+01    0.715244631801748767E+02    0.128495074167745814E+09    0.531636326789088912E+03   -0.265818163394544456E+03
    0.110190138247838007E+03    0.111423542373880791E+01    0.936740665488688933E+02    0.276138521466587961E+09    0.531633872964496504E+03   -0.265816936482248252E+03
    0.883728684351294049E+02    0.111172177902695646E+01    0.785981256510781776E+02    0.234604707667631060E+09    0.531629292302324984E+03   -0.265814646151162492E+03
    0.957086210594397784E+02    0.111447999696327704E+01    0.773658913959027785E+02    0.133309636625548989E+09    0.531598051148208356E+03   -0.265799025574104178E+03
    0.108403432369501346E+03    0.111246325365893184E+01    0.736156279984407007E+02    0.207939829530162126E+09    0.531594705374213845E+03   -0.265797352687106923E+03
    0.108403432369501346E+03    0.111246325365893184E+01    0.736156279984407007E+02    0.207939829530162126E+09    0.531594705374213845E+03   -0.265797352687106923E+03
    0.116783933931011063E+03    0.111391995438543101E+01    0.779031549333896152E+02    0.177417002933647126E+09    0.531578056706146754E+03   -0.265789028353073377E+03
    0.106198564456001733E+03    0.111552915932899754E+01    0.765447438645714016E+02    0.195229667685180277E+09    0.531550744963842817E+03   -0.265775372481921409E+03
    0.106198564456001733E+03    0.111552915932899754E+01    0.765447438645714016E+02    0.195229667685180277E+09    0.531550744963842817E+03   -0.265775372481921409E+03
    0.890919963988605019E+02    0.111168445766918134E+01    0.849777815172069353E+02    0.213922541903615087E+09    0.531459321136703011E+03   -0.265729660568351505E+03
    0.102933930604244651E+03    0.111506948595273592E+01    0.904320973916594113E+02    0.217007501415558159E+09    0.531450547110414618E+03   -0.265725273555207309E+03
    0.101180721541147193E+03    0.111491118308554826E+01    0.779294695007497324E+02    0.133978892467224002E+09    0.531446295825891752E+03   -0.265723147912945876E+03
    0.103393555855151519E+03    0.111474171979649017E+01    0.688659686369463202E+02    0.129932523325786471E+09    0.531440128059983408E+03   -0.265720064029991704E+03
    0.909130969213237989E+02    0.111514914977833413E+01    0.895178683685081324E+02    0.262260469449753195E+09    0.531426875585282687E+03   -0.265713437792641344E+03
    0.852465004752456394E+02    0.111411208580431231E+01    0.805398093722644859E+02    0.241056026699843436E+09    0.531414389239657112E+03   -0.265707194619828556E+03
    0.944725996286885845E+02    0.111075843982079236E+01    0.855188784631877610E+02    0.247084393097950906E+09    0.531399393706328738E+03   -0.265699696853164369E+03
    0.106894971017074184E+03    0.111347365269772491E+01    0.933742904354829477E+02    0.303686508431209505E+09    0.531381204055009448E+03   -0.265690602027504724E+03
    0.886231663943830057E+02    0.111226091588911014E+01    0.754496959675964973E+02    0.186968823104727000E+09    0.531365394158360800E+03   -0.265682697079180400E+03
    0.886231663943830057E+02    0.111226091588911014E+01    0.754496959675964973E+02    0.186968823104727000E+09    0.531365394158360800E+03   -0.265682697079180400E+03
    0.113888114448361449E+03    0.111414073176938166E+01    0.866021856840714435E+02    0.261342420785310030E+09    0.531349688235196936E+03   -0.265674844117598468E+03
    0.983816117452928864E+02    0.111424432129607798E+01    0.769020664564915393E+02    0.126109277845766321E+09    0.531333907984277175E+03   -0.265666953992138588E+03
    0.983816117452928864E+02    0.111424432129607798E+01    0.769020664564915393E+02    0.126109277845766321E+09    0.531333907984277175E+03   -0.265666953992138588E+03
    0.110230642146918655E+03    0.111248184539803319E+01    0.906308700112577412E+02    0.215407125693843812E+09    0.531325762782837501E+03   -0.265662881391418750E+03
    0.110230642146918655E+03    0.111248184539803319E+01    0.906308700112577412E+02    0.215407125693843812E+09    0.531325762782837501E+03   -0.265662881391418750E+03
    0.115039770634734140E+03    0.111385966087291055E+01    0.752460637799587460E+02    0.141837307568344474E+09    0.531321248079402039E+03   -0.265660624039701020E+03
    0.115039770634734140E+03    0.111385966087291055E+01    0.752460637799587460E+02    0.141837307568344474E+09    0.531321248079402039E+03   -0.265660624039701020E+03
    0.103785806789389198E+03    0.111414753727951354E+01    0.771829209850413207E+02    0.121032935493267372E+09    0.531278253539396246E+03   -0.265639126769698123E+03
    0.964425965669255874E+02    0.111398061431688600E+01    0.865997107198817559E+02    0.337724694287254572E+09    0.531258507890056535E+03   -0.265629253945028267E+03
    0.964425965669255874E+02    0.111398061431688600E+01    0.865997107198817559E+02    0.337724694287254572E+09    0.531258507890056535E+03   -0.265629253945028267E+03
    0.968597903503932116E+02    0.111190677685510497E+01    0.920138343507172607E+02    0.216692085900766194E+09    0.531251508726649263E+03   -0.265625754363324631E+03
    0.968597903503932116E+02    0.111190677685510497E+01    0.920138343507172607E+02    0.216692085900766194E+09    0.531251508726649263E+03   -0.265625754363324631E+03
    0.966386149874572169E+02    0.111525048753778511E+01    0.915601451546570360E+02    0.278302134078822076E+09    0.531243596912371004E+03   -0.265621798456185502E+03
    0.977972602297229088E+02    0.111310144216664586E+01    0.707061175725187070E+02    0.207655733549901515E+09    0.531229327459913975E+03   -0.265614663729956987E+03
    0.977972602297229088E+02    0.111310144216664586E+01    0.707061175725187070E+02    0.207655733549901515E+09    0.531229327459913975E+03   -0.265614663729956987E+03
    0.105999362121695896E+03    0.111557350136976119E+01    0.850463724106956533E+02    0.240683889050246626E+09    0.531227414857023064E+03   -0.265613707428511532E+03
    0.941942600205345428E+02    0.111537792982028017E+01    0.770949209887665603E+02    0.184248839136622608E+09    0.531211965444437624E+03   -0.265605982722218812E+03
    0.923032403460601500E+02    0.111134148678707190E+01    0.804333988102539053E+02    0.206064911791196734E+09    0.531194539976949727E+03   -0.265597269988474864E+03
    0.865720301390457649E+02    0.111304255181294698E+01    0.866419022386194086E+02    0.308838083102320492E+09    0.531179770253600623E+03   -0.265589885126800311E+03
    0.865720301390457649E+02    0.111304255181294698E+01    0.866419022386194086E+02    0.308838083102320492E+09    0.531179770253600623E+03   -0.265589885126800311E+03
    0.111025336518844441E+03    0.111487130149016367E+01    0.790086213040042935E+02    0.146087832888473958E+09    0.531175895837316148E+03   -0.265587947918658074E+03
    0.113685204102707985E+03    0.111278085061346377E+01    0.788361305546604569E+02    0.199701108560052633E+09    0.531155130719384260E+03   -0.265577565359692130E+03
    0.113685204102707985E+03    0.111278085061346377E+01    0.788361305546604569E+02    0.199701108560052633E+09    0.531155130719384260E+03   -0.265577565359692130E+03
    0.103593090292893677E+03    0.111412480479388720E+01    0.843797838012683741E+02    0.146551486131718487E+09    0.531103860791350826E+03   -0.265551930395675413E+03
    0.870089419902478056E+02    0.111416249620739505E+01    0.782206404254312133E+02    0.228138960356850624E+09    0.531004104588639166E+03   -0.265502052294319583E+03
    0.870089419902478056E+02    0.111416249620739505E+01    0.782206404254312133E+02    0.228138960356850624E+09    0.531004104588639166E+03   -0.265502052294319583E+03
    0.101202023538658196E+03    0.111307413671361055E+01    0.723306511203518312E+02    0.117550323290136158E+09    0.530998849274244776E+03   -0.265499424637122388E+03
    0.107919437058753786E+03    0.111297558544150865E+01    0.814782608129414996E+02    0.283442752315842390E+09    0.530964481172043861E+03   -0.265482240586021931E+03
    0.955795611265432257E+02    0.111453853341937337E+01    0.691074132011802078E+02    0.173142286067012846E+09    0.530930064817157700E+03   -0.265465032408578850E+03
    0.955795611265432257E+02    0.111453853341937337E+01    0.691074132011802078E+02    0.173142286067012846E+09    0.530930064817157700E+03   -0.265465032408578850E+03
    0.918293848863560527E+02    0.111298092138836346E+01    0.850264753417780241E+02    0.171500980197286427E+09    0.530925996797363268E+03   -0.265462998398681634E+03
    0.109929844565792692E+03    0.111392337821429810E+01    0.849194299099883807E+02    0.156890409930102617E+09    0.530904078686357593E+03   -0.265452039343178797E+03
    0.108546830975999910E+03    0.111404889496454151E+01    0.837342362368447652E+02    0.291582911970184326E+09    0.530899398495729088E+03   -0.265449699247864544E+03
    0.109823073809029609E+03    0.111192906905172340E+01    0.845586780798648192E+02    0.188955586858428031E+09    0.530885246078719547E+03   -0.265442623039359773E+03
    0.933804000083690084E+02    0.111099975584369060E+01    0.869883471289068666E+02    0.246098743834362328E+09    0.530884927716007724E+03   -0.265442463858003862E+03
    0.100957313039307280E+03    0.111382695406684817E+01    0.706190615139048816E+02    0.117387320988843977E+09    0.530875607224907640E+03   -0.265437803612453820E+03
    0.105467024813608262E+03    0.111177520579918387E+01    0.751665553072301833E+02    0.144612474275722295E+09    0.530846850824372268E+03   -0.265423425412186134E+03
    0.954919456543158418E+02    0.111314960098802551E+01    0.892518946331217364E+02    0.188912380593323737E+09    0.530846553205902410E+03   -0.265423276602951205E+03
    0.107349110388257245E+03    0.111527432922356784E+01    0.779028387747676732E+02    0.223239182078153998E+09    0.530814294323883701E+03   -0.265407147161941850E+03
    0.108506821879551026E+03    0.111390725456893458E+01    0.798228359596784571E+02    0.276083088196235597E+09    0.530797290714945348E+03   -0.265398645357472674E+03
    0.108506821879551026E+03    0.111390725456893458E+01    0.798228359596784571E+02    0.276083088196235597E+09    0.530797290714945348E+03   -0.265398645357472674E+03
    0.941179908553267950E+02    0.111449115758279804E+01    0.761799092528291197E+02    0.270044857801680982E+09    0.530793999316850659E+03   -0.265396999658425329E+03
    0.941179908553267950E+02    0.111449115758279804E+01    0.761799092528291197E+02    0.270044857801680982E+09    0.530793999316850659E+03   -0.265396999658425329E+03
    0.102944904389760282E+03    0.111191269637051304E+01    0.731636205606273222E+02    0.140916914497584313E+09    0.530787044809921099E+03   -0.265393522404960549E+03
    0.971552191256208317E+02    0.111160422876827103E+01    0.828855121193221862E+02    0.292086460812364280E+09    0.530779819042970644E+03   -0.265389909521485322E+03
    0.112044008510606432E+03    0.111359028028667906E+01    0.711312837704412999E+02    0.146779017188364834E+09    0.530759224817724999E+03   -0.265379612408862499E+03
    0.109912946895401461E+03    0.111191645338181777E+01    0.883546072821427515E+02    0.242872746137578696E+09    0.530755882398217409E+03   -0.265377941199108704E+03
    0.109912946895401461E+03    0.111191645338181777E+01    0.883546072821427515E+02    0.242872746137578696E+09    0.530755882398217409E+03   -0.265377941199108704E+03
    0.101415318275165234E+03    0.111399213488312476E+01    0.950451913276556013E+02    0.304344555776335299E+09    0.530744674541425184E+03   -0.265372337270712592E+03
    0.930290361637811003E+02    0.111492992881857167E+01    0.732296045015726236E+02    0.177502182236149758E+09    0.530662815857888972E+03   -0.265331407928944486E+03
    0.953540075886962768E+02    0.111434362613105353E+01    0.726562560877417098E+02    0.226565554828944683E+09    0.530628342288325484E+03   -0.265314171144162742E+03
    0.953540075886962768E+02    0.111434362613105353E+01    0.726562560877417098E+02    0.226565554828944683E+09    0.530628342288325484E+03   -0.265314171144162742E+03
    0.975767189161283994E+02    0.111242644824732384E+01    0.885397145912362049E+02    0.185016495265171081E+09    0.530619681576389894E+03   -0.265309840788194947E+03
    0.102891191392874774E+03    0.111289323998949308E+01    0.782997783519074346E+02    0.130137160736524582E+09    0.530607184150714033E+03   -0.265303592075357017E+03
    0.102645791033216000E+03    0.111370495294638450E+01    0.679558940945394880E+02    0.170941895883782923E+09    0.530525445347055211E+03   -0.265262722673527605E+03
    0.102645791033216000E+03    0.111370495294638450E+01    0.679558940945394880E+02    0.170941895883782923E+09    0.530525445347055211E+03   -0.265262722673527605E+03
    0.865272776264499868E+02    0.111419781183962763E+01    0.872988599520157038E+02    0.273066306719756246E+09    0.530511349185459949E+03   -0.265255674592729974E+03
    0.865272776264499868E+02    0.111419781183962763E+01    0.872988599520157038E+02    0.273066306719756246E+09    0.530511349185459949E+03   -0.265255674592729974E+03
    0.104861562335844226E+03    0.111279745548011300E+01    0.748652392765076939E+02    0.240713548269193977E+09    0.530472693295507611E+03   -0.265236346647753805E+03
    0.104861562335844226E+03    0.111279745548011300E+01    0.748652392765076939E+02    0.240713548269193977E+09    0.530472693295507611E+03   -0.265236346647753805E+03
    0.103209715184510912E+03    0.111548997986602849E+01    0.799003707543519965E+02    0.220057178690724373E+09    0.530452877282825511E+03   -0.265226438641412756E+03
    0.979820997970817160E+02    0.111477299962962872E+01    0.747957258280182771E+02    0.244612005513223857E+09    0.530391120745448575E+03   -0.265195560372724287E+03
    0.102240917480419753E+03    0.111228448313281580E+01    0.704034211286523401E+02    0.165396892515092194E+09    0.530387696107835040E+03   -0.265193848053917520E+03
    0.102240917480419753E+03    0.111228448313281580E+01    0.704034211286523401E+02    0.165396892515092194E+09    0.530387696107835040E+03   -0.265193848053917520E+03
    0.962024238847128430E+02    0.111494043999446935E+01    0.747569478031276162E+02    0.208468445973571002E+09    0.530377857778496491E+03   -0.265188928889248245E+03
    0.962024238847128430E+02    0.111494043999446935E+01    0.747569478031276162E+02    0.208468445973571002E+09    0.530377857778496491E+03   -0.265188928889248245E+03
    0.910909402043630223E+02    0.111461297835655926E+01    0.812054319744080146E+02    0.202896386822373152E+09    0.530368085920134149E+03   -0.265184042960067075E+03
    0.102092380665644001E+03    0.111185174186584690E+01    0.814304742894544802E+02    0.154629805103131682E+09    0.530328686316348353E+03   -0.265164343158174177E+03
    0.985418594674452066E+02    0.111486245003602469E+01    0.724650736059784180E+02    0.141610593073917896E+09    0.530316881287403248E+03   -0.265158440643701624E+03
    0.985418594674452066E+02    0.111486245003602469E+01    0.724650736059784180E+02    0.141610593073917896E+09    0.530316881287403248E+03   -0.265158440643701624E+03
    0.106210723692909426E+03    0.111488228228489095E+01    0.859475922844659976E+02    0.195337219952684045E+09    0.530261391584264857E+03   -0.265130695792132428E+03
    0.112520935379209604E+03    0.111373692410807679E+01    0.861345101012332890E+02    0.205425692216735452E+09    0.530249586955058135E+03   -0.265124793477529067E+03
    0.901618095660648180E+02    0.111428413411767924E+01    0.821865144844298214E+02    0.293800610712471783E+09    0.530216752987163090E+03   -0.265108376493581545E+03
    0.103009220465596769E+03    0.111495839850058731E+01    0.792034689203859728E+02    0.147140831861277461E+09    0.530211124106683883E+03   -0.265105562053341941E+03
    0.103720542143222403E+03    0.111185813581212201E+01    0.810214129911879155E+02    0.155578962974391878E+09    0.530189376094802242E+03   -0.265094688047401121E+03
    0.954538952872437250E+02    0.111411163398321866E+01    0.908829991754806343E+02    0.316754907434530437E+09    0.530183628566971947E+03   -0.265091814283485974E+03
    0.105698228411960656E+03    0.111536794035378661E+01    0.824890585142303792E+02    0.237494523572050393E+09    0.530160756553427518E+03   -0.265080378276713759E+03
    0.111912947522988262E+03    0.111470772202550794E+01    0.822163633349589134E+02    0.221571989783424348E+09    0.530153501594327054E+03   -0.265076750797163527E+03
    0.111912947522988262E+03    0.111470772202550794E+01    0.822163633349589134E+02    0.221571989783424348E+09    0.530153501594327054E+03   -0.265076750797163527E+03
    0.904133535792419281E+02    0.111244928694485856E+01    0.828672063010271245E+02    0.188389793626605988E+09    0.530150085804799573E+03   -0.265075042902399787E+03
    0.872621428763087863E+02    0.111370949810009012E+01    0.795011596037166157E+02    0.238811192256275386E+09    0.530149826785740515E+03   -0.265074913392870258E+03
    0.872621428763087863E+02    0.111370949810009012E+01    0.795011596037166157E+02    0.238811192256275386E+09    0.530149826785740515E+03   -0.265074913392870258E+03
    0.982637950301035659E+02    0.111112049019561376E+01    0.833136957175074429E+02    0.247982740502683163E+09    0.530139975526204353E+03   -0.265069987763102176E+03
    0.982637950301035659E+02    0.111112049019561376E+01    0.833136957175074429E+02    0.247982740502683163E+09    0.530139975526204353E+03   -0.265069987763102176E+03
    0.112575615628980714E+03    0.111446032570006848E+01    0.822740069935214962E+02    0.180711712846064895E+09    0.530139139035756784E+03   -0.265069569517878392E+03
    0.112575615628980714E+03    0.111446032570006848E+01    0.822740069935214962E+02    0.180711712846064895E+09    0.530139139035756784E+03   -0.265069569517878392E+03
    0.913259204330947654E+02    0.111459737015986837E+01    0.773293824226516335E+02    0.212386241286637038E+09    0.530138145255633958E+03   -0.265069072627816979E+03
    0.913259204330947654E+02    0.111459737015986837E+01    0.773293824226516335E+02    0.212386241286637038E+09    0.530138145255633958E+03   -0.265069072627816979E+03
    0.102353597556176339E+03    0.111514300714532055E+01    0.744708910143468898E+02    0.147869189059740245E+09    0.530101232051277066E+03   -0.265050616025638533E+03
    0.114084605756868712E+03    0.111384415022031846E+01    0.764972894382248398E+02    0.168557170700257927E+09    0.530089872039448665E+03   -0.265044936019724332E+03
    0.999670028456800139E+02    0.111271455582844525E+01    0.936363256226742493E+02    0.304421871367178679E+09    0.530078510317717019E+03   -0.265039255158858509E+03
    0.999670028456800139E+02    0.111271455582844525E+01    0.936363256226742493E+02    0.304421871367178679E+09    0.530078510317717019E+03   -0.265039255158858509E+03
    0.112371699022891988E+03    0.111410340316444945E+01    0.737735900200807748E+02    0.173969299939919889E+09    0.530047284373808907E+03   -0.265023642186904453E+03
    0.105505648568787720E+03    0.111323993324684123E+01    0.904612371708481504E+02    0.300234170551597178E+09    0.529975563553080519E+03   -0.264987781776540260E+03
    0.883340228464391259E+02    0.111309319024418896E+01    0.795164209322204982E+02    0.255983834605665177E+09    0.529973585711278020E+03   -0.264986792855639010E+03
    0.883340228464391259E+02    0.111309319024418896E+01    0.795164209322204982E+02    0.255983834605665177E+09    0.529973585711278020E+03   -0.264986792855639010E+03
    0.102801152154528239E+03    0.111542590359210858E+01    0.817074059598700444E+02    0.237983178042983979E+09    0.529964206252041436E+03   -0.264982103126020718E+03
    0.102801152154528239E+03    0.111542590359210858E+01    0.817074059598700444E+02    0.237983178042983979E+09    0.529964206252041436E+03   -0.264982103126020718E+03
    0.105720377976482453E+03    0.111166938190031650E+01    0.885225606546827777E+02    0.255775155804425716E+09    0.529951965210539356E+03   -0.264975982605269678E+03
    0.104692847927227618E+03    0.111324784470000671E+01    0.768039915233490404E+02    0.130459047373367816E+09    0.529895515463960692E+03   -0.264947757731980346E+03
    0.104692847927227618E+03    0.111324784470000671E+01    0.768039915233490404E+02    0.130459047373367816E+09    0.529895515463960692E+03   -0.264947757731980346E+03
    0.989787057827895893E+02    0.111440293411060409E+01    0.947387419265960204E+02    0.255986508414673388E+09    0.529875771489766407E+03   -0.264937885744883204E+03
    0.102489700241035052E+03    0.111229032044838494E+01    0.830129517965881831E+02    0.288466141412050009E+09    0.529873849616224334E+03   -0.264936924808112167E+03
    0.909850353510136927E+02    0.111406602974422775E+01    0.753325144706900289E+02    0.164302726215843499E+09    0.529845828379185150E+03   -0.264922914189592575E+03
    0.101393846946373046E+03    0.111347527409781888E+01    0.915438448789775379E+02    0.210727510407767981E+09    0.529833364060229428E+03   -0.264916682030114714E+03
    0.102322885250972803E+03    0.111330395809764782E+01    0.706546956391028971E+02    0.133706094054762900E+09    0.529821319408777413E+03   -0.264910659704388706E+03
    0.110496879619317809E+03    0.111392796466456301E+01    0.725632206407212550E+02    0.141670491362704813E+09    0.529811077828768589E+03   -0.264905538914384294E+03
    0.104943412357718557E+03    0.111421607647658183E+01    0.715135811311688627E+02    0.131898939709212095E+09    0.529794956438511690E+03   -0.264897478219255845E+03
    0.105619610916281729E+03    0.111182523490321938E+01    0.764059139373671599E+02    0.163730956735237360E+09    0.529753401003663384E+03   -0.264876700501831692E+03
    0.105619610916281729E+03    0.111182523490321938E+01    0.764059139373671599E+02    0.163730956735237360E+09    0.529753401003663384E+03   -0.264876700501831692E+03
    0.100800515447168053E+03    0.111438094813334798E+01    0.707416429056263354E+02    0.187663590148265630E+09    0.529725863690548863E+03   -0.264862931845274431E+03
    0.965089135392366444E+02    0.111452126059842316E+01    0.710283180885754746E+02    0.159662957260044068E+09    0.529682674160333363E+03   -0.264841337080166682E+03
    0.965089135392366444E+02    0.111452126059842316E+01    0.710283180885754746E+02    0.159662957260044068E+09    0.529682674160333363E+03   -0.264841337080166682E+03
    0.103766175903539065E+03    0.111165821541373888E+01    0.794248267032595123E+02    0.210335155970739514E+09    0.529658543842720292E+03   -0.264829271921360146E+03
    0.103766175903539065E+03    0.111165821541373888E+01    0.794248267032595123E+02    0.210335155970739514E+09    0.529658543842720292E+03   -0.264829271921360146E+03
    0.101918993133644094E+03    0.111388858668510338E+01    0.745155346073884317E+02    0.129173706207468525E+09    0.529649288238254485E+03   -0.264824644119127242E+03
    0.107170851144925635E+03    0.111353211077115688E+01    0.922808376292527726E+02    0.228067861936072975E+09    0.529593549173508109E+03   -0.264796774586754054E+03
    0.110193313880608812E+03    0.111420940479801756E+01    0.895491154428167420E+02    0.234485432622336298E+09    0.529552394859554511E+03   -0.264776197429777255E+03
    0.948708623975189909E+02    0.111367842265401307E+01    0.748300732576436189E+02    0.142656038732172847E+09    0.529546128537936738E+03   -0.264773064268968369E+03
    0.101933545431126731E+03    0.111186804583137877E+01    0.921773539471023611E+02    0.249561938164131224E+09    0.529544488811234942E+03   -0.264772244405617471E+03
    0.108512923646555635E+03    0.111448897076361875E+01    0.745156487242287824E+02    0.140890506631346822E+09    0.529531174825183143E+03   -0.264765587412591572E+03
    0.956446852521347211E+02    0.111408226807505062E+01    0.785783608174478729E+02    0.147396256959693462E+09    0.529512231216233431E+03   -0.264756115608116716E+03
    0.105560930373034878E+03    0.111402915999949981E+01    0.901036440310609095E+02    0.292096900319052756E+09    0.529473656981151407E+03   -0.264736828490575704E+03
    0.105560930373034878E+03    0.111402915999949981E+01    0.901036440310609095E+02    0.292096900319052756E+09    0.529473656981151407E+03   -0.264736828490575704E+03
    0.944581939923438512E+02    0.111445691614733233E+01    0.844413435014153464E+02    0.300821491808387101E+09    0.529455217315840741E+03   -0.264727608657920371E+03
    0.944581939923438512E+02    0.111445691614733233E+01    0.844413435014153464E+02    0.300821491808387101E+09    0.529455217315840741E+03   -0.264727608657920371E+03
    0.108826385815312889E+03    0.111441054464444611E+01    0.836869737854467246E+02    0.264941460613268763E+09    0.529402677385168772E+03   -0.264701338692584386E+03
    0.100411399677461461E+03    0.111481865139295322E+01    0.882930409097632918E+02    0.217907245089999825E+09    0.529395812822938524E+03   -0.264697906411469262E+03
    0.927535845577683773E+02    0.111445762853129704E+01    0.772515600959619917E+02    0.209993622714870125E+09    0.529393823203785701E+03   -0.264696911601892850E+03
    0.909407208291059845E+02    0.111438288575212896E+01    0.792440005627726407E+02    0.218180020051965892E+09    0.529328857002901259E+03   -0.264664428501450629E+03
    0.916750147314042607E+02    0.111290513026149163E+01    0.926196727288606638E+02    0.256746761611370921E+09    0.529326977111955216E+03   -0.264663488555977608E+03
    0.916750147314042607E+02    0.111290513026149163E+01    0.926196727288606638E+02    0.256746761611370921E+09    0.529326977111955216E+03   -0.264663488555977608E+03
    0.998030560169471102E+02    0.111425354687097600E+01    0.734859596512538360E+02    0.216398086103152603E+09    0.529321927751519411E+03   -0.264660963875759705E+03
    0.882839734986945501E+02    0.111291761143591161E+01    0.874372660103843486E+02    0.247184816959141850E+09    0.529319173697166434E+03   -0.264659586848583217E+03
    0.882839734986945501E+02    0.111291761143591161E+01    0.874372660103843486E+02    0.247184816959141850E+09    0.529319173697166434E+03   -0.264659586848583217E+03
    0.105893774612784298E+03    0.111303545028720019E+01    0.712991048352342602E+02    0.151631152121242523E+09    0.529297829520069854E+03   -0.264648914760034927E+03
    0.106749996431480056E+03    0.111292195224528667E+01    0.883191860776502295E+02    0.205787361650133401E+09    0.529293057914806013E+03   -0.264646528957403007E+03
    0.106087303459440705E+03    0.111438636556280612E+01    0.802144000944803821E+02    0.147894122715642869E+09    0.529278112169349697E+03   -0.264639056084674849E+03
    0.106087303459440705E+03    0.111438636556280612E+01    0.802144000944803821E+02    0.147894122715642869E+09    0.529278112169349697E+03   -0.264639056084674849E+03
    0.111502460049670717E+03    0.111377115092192214E+01    0.746449101504115475E+02    0.172103708404401392E+09    0.529267584266493714E+03   -0.264633792133246857E+03
    0.109621357122371251E+03    0.111370134357163519E+01    0.775507160688761132E+02    0.142667760853087425E+09    0.529253454087302430E+03   -0.264626727043651215E+03
    0.109621357122371251E+03    0.111370134357163519E+01    0.775507160688761132E+02    0.142667760853087425E+09    0.529253454087302430E+03   -0.264626727043651215E+03
    0.108410416215551137E+03    0.111489515727077104E+01    0.765036113601397858E+02    0.168264666045790970E+09    0.529253285028122718E+03   -0.264626642514061359E+03
    0.914473022718021014E+02    0.111242700320758470E+01    0.916488458576064602E+02    0.269804140363721669E+09    0.529252370146355361E+03   -0.264626185073177680E+03
    0.102574778912037459E+03    0.111169168035463883E+01    0.773450318017279130E+02    0.173125822620072961E+09    0.529242416430190588E+03   -0.264621208215095294E+03
    0.907634939237123319E+02    0.111342512731822829E+01    0.802022488927251516E+02    0.200596263420025527E+09    0.529209762473476530E+03   -0.264604881236738265E+03
    0.907634939237123319E+02    0.111342512731822829E+01    0.802022488927251516E+02    0.200596263420025527E+09    0.529209762473476530E+03   -0.264604881236738265E+03
    0.108572168465580191E+03    0.111358678871188954E+01    0.770738836364915443E+02    0.140134580658100218E+09    0.529202919170095697E+03   -0.264601459585047849E+03
    0.111300368528480774E+03    0.111297320630166552E+01    0.811751962136413141E+02    0.176184555791633278E+09    0.529193305983237110E+03   -0.264596652991618555E+03
    0.106978024185287069E+03    0.111498245931721152E+01    0.840412402707991362E+02    0.244261777211306125E+09    0.529190449784681846E+03   -0.264595224892340923E+03
    0.108914481128928799E+03    0.111334924177070915E+01    0.883862499301912123E+02    0.271424601420015872E+09    0.529166307697241109E+03   -0.264583153848620555E+03
    0.108914481128928799E+03    0.111334924177070915E+01    0.883862499301912123E+02    0.271424601420015872E+09    0.529166307697241109E+03   -0.264583153848620555E+03
    0.969843022719410328E+02    0.111265534660168997E+01    0.945407709635559996E+02    0.269842068072829962E+09    0.529162660706030238E+03   -0.264581330353015119E+03
    0.930947914033802277E+02    0.111191960927760647E+01    0.848197896415825454E+02    0.278088216478108823E+09    0.529151401532418845E+03   -0.264575700766209422E+03
    0.934417749209400910E+02    0.111208898742008588E+01    0.852130558938639808E+02    0.213213715037650526E+09    0.529147785235042306E+03   -0.264573892617521153E+03
    0.894484115746147666E+02    0.111326141252447264E+01    0.893671445368561876E+02    0.285026407625603795E+09    0.529145504871387175E+03   -0.264572752435693587E+03
    0.105596882198916049E+03    0.111372832036423608E+01    0.727018325169422184E+02    0.135813623040682465E+09    0.529129374609278216E+03   -0.264564687304639108E+03
    0.108576443916815364E+03    0.111328290682557762E+01    0.724904900138277952E+02    0.164551139369385988E+09    0.529124731122121602E+03   -0.264562365561060801E+03
    0.100920010888040949E+03    0.111449405482322828E+01    0.795999216468999578E+02    0.149067856828050911E+09    0.529112181354937093E+03   -0.264556090677468546E+03
    0.887417204989327075E+02    0.111288401077139176E+01    0.843778035100814776E+02    0.232692769306461364E+09    0.529089914314070711E+03   -0.264544957157035356E+03
    0.100669107172324416E+03    0.111419907543647190E+01    0.750711425861827735E+02    0.238990058159058720E+09    0.529055605385060971E+03   -0.264527802692530486E+03
    0.100669107172324416E+03    0.111419907543647190E+01    0.750711425861827735E+02    0.238990058159058720E+09    0.529055605385060971E+03   -0.264527802692530486E+03
    0.948470288811645048E+02    0.111256544227450593E+01    0.739793325826879595E+02    0.185535051095369756E+09    0.529052489311619638E+03   -0.264526244655809819E+03
    0.948470288811645048E+02    0.111256544227450593E+01    0.739793325826879595E+02    0.185535051095369756E+09    0.529052489311619638E+03   -0.264526244655809819E+03
    0.105606327543437686E+03    0.111483325687987311E+01    0.777315085759987170E+02    0.210634486815230519E+09    0.529051542668486945E+03   -0.264525771334243473E+03
    0.108186964705050585E+03    0.111358019939775987E+01    0.759748445127240331E+02    0.139829455008337140E+09    0.529045349250930030E+03   -0.264522674625465015E+03
    0.997292060060675709E+02    0.111369457912687064E+01    0.871363067442661077E+02    0.183478734991718113E+09    0.529040289826358048E+03   -0.264520144913179024E+03
    0.997292060060675709E+02    0.111369457912687064E+01    0.871363067442661077E+02    0.183478734991718113E+09    0.529040289826358048E+03   -0.264520144913179024E+03
    0.107588040172827462E+03    0.111413223915074666E+01    0.853239509722718168E+02    0.181966218070679873E+09    0.529016152176667902E+03   -0.264508076088333951E+03
    0.107588040172827462E+03    0.111413223915074666E+01    0.853239509722718168E+02    0.181966218070679873E+09    0.529016152176667902E+03   -0.264508076088333951E+03
    0.111207862471698562E+03    0.111399011883249477E+01    0.800143400710165196E+02    0.163097452982735276E+09    0.529011501043136491E+03   -0.264505750521568245E+03
    0.893814510559133168E+02    0.111268991901492575E+01    0.885528584401205308E+02    0.258618673658039242E+09    0.529003192296514840E+03   -0.264501596148257420E+03
    0.104014305451212508E+03    0.111188950570413470E+01    0.835086581476276280E+02    0.205959692856422126E+09    0.528997930025165829E+03   -0.264498965012582914E+03
    0.104014305451212508E+03    0.111188950570413470E+01    0.835086581476276280E+02    0.205959692856422126E+09    0.528997930025165829E+03   -0.264498965012582914E+03
    0.977906210957031305E+02    0.111403282711709206E+01    0.874471635962205625E+02    0.202000041449929923E+09    0.528994391972005474E+03   -0.264497195986002737E+03
    0.977906210957031305E+02    0.111403282711709206E+01    0.874471635962205625E+02    0.202000041449929923E+09    0.528994391972005474E+03   -0.264497195986002737E+03
    0.952257385766707074E+02    0.111424650276328929E+01    0.729355873656489706E+02    0.184565696507353157E+09    0.528940722509717489E+03   -0.264470361254858744E+03
    0.104950728415634160E+03    0.111488781778416413E+01    0.767080199415792379E+02    0.156845796747064948E+09    0.528917888632200516E+03   -0.264458944316100258E+03
    0.961394097330202300E+02    0.111385352386351943E+01    0.811919680105654749E+02    0.157795146056291997E+09    0.528916551657913487E+03   -0.264458275828956744E+03
    0.956206773917777042E+02    0.111282421108061014E+01    0.859952962213059777E+02    0.194174993095042259E+09    0.528903403919033508E+03   -0.264451701959516754E+03
    0.956206773917777042E+02    0.111282421108061014E+01    0.859952962213059777E+02    0.194174993095042259E+09    0.528903403919033508E+03   -0.264451701959516754E+03
    0.108426021062007933E+03    0.111318516199596695E+01    0.734845290451819011E+02    0.157064039036870360E+09    0.528859264333186502E+03   -0.264429632166593251E+03
    0.954751340382777016E+02    0.111310871356423813E+01    0.895437448650744017E+02    0.217196370826271176E+09    0.528850035278822247E+03   -0.264425017639411124E+03
    0.103217550698547612E+03    0.111295987864582901E+01    0.933278091453984047E+02    0.245014509067370981E+09    0.528849919267947143E+03   -0.264424959633973572E+03
    0.963917942699417836E+02    0.111196735873772368E+01    0.824229145104697807E+02    0.193958125440909714E+09    0.528840298188857673E+03   -0.264420149094428837E+03
    0.106014870484736022E+03    0.111284456324870229E+01    0.727705068719595687E+02    0.167349809554999173E+09    0.528831472766494812E+03   -0.264415736383247406E+03
    0.106014870484736022E+03    0.111284456324870229E+01    0.727705068719595687E+02    0.167349809554999173E+09    0.528831472766494812E+03   -0.264415736383247406E+03
    0.970975517768016232E+02    0.111323564786692342E+01    0.777653058066693603E+02    0.265530781690257698E+09    0.528825031641878809E+03   -0.264412515820939404E+03
    0.983965976143266801E+02    0.111156786980672218E+01    0.822878362836313499E+02    0.238218508586305469E+09    0.528823587873311226E+03   -0.264411793936655613E+03
    0.983965976143266801E+02    0.111156786980672218E+01    0.822878362836313499E+02    0.238218508586305469E+09    0.528823587873311226E+03   -0.264411793936655613E+03
    0.108092220402914151E+03    0.111342549012745606E+01    0.911505145592238222E+02    0.252136453059132993E+09    0.528817505355475191E+03   -0.264408752677737596E+03
    0.107972616358132072E+03    0.111314644176057165E+01    0.883233561763715898E+02    0.270069748070557475E+09    0.528811393937321327E+03   -0.264405696968660664E+03
    0.102054406345277783E+03    0.111408351319622900E+01    0.705009159856747090E+02    0.163557416762139618E+09    0.528809415498688622E+03   -0.264404707749344311E+03
    0.110757434480487106E+03    0.111374573965406776E+01    0.809545771540246193E+02    0.167758449205013305E+09    0.528796040427476782E+03   -0.264398020213738391E+03
    0.105661477232568956E+03    0.111390747540811752E+01    0.797279555971301335E+02    0.145871408335456491E+09    0.528768970181944610E+03   -0.264384485090972305E+03
    0.961169463238657755E+02    0.111346881502284512E+01    0.832336760736383496E+02    0.167704352994715005E+09    0.528757269370307085E+03   -0.264378634685153543E+03
    0.911135648261368516E+02    0.111276224975421112E+01    0.855276513966899472E+02    0.221953849920667559E+09    0.528716952887607931E+03   -0.264358476443803966E+03
    0.976975631554223014E+02    0.111377985662252343E+01    0.761171777548064057E+02    0.248273392593140751E+09    0.528710213080736821E+03   -0.264355106540368411E+03
    0.109993343614804786E+03    0.111351264656437632E+01    0.793134495402737798E+02    0.212784064645127267E+09    0.528703549317161446E+03   -0.264351774658580723E+03
    0.109993343614804786E+03    0.111351264656437632E+01    0.793134495402737798E+02    0.212784064645127267E+09    0.528703549317161446E+03   -0.264351774658580723E+03
    0.960698903918114269E+02    0.111411133676067831E+01    0.877818184000354478E+02    0.302276178324205399E+09    0.528701787594678763E+03   -0.264350893797339381E+03
    0.995140201991094955E+02    0.111309292121656900E+01    0.901826630875158344E+02    0.215647170207937270E+09    0.528693514830934873E+03   -0.264346757415467437E+03
    0.103147779783883962E+03    0.111403774835737712E+01    0.729880171391423431E+02    0.139828194601067364E+09    0.528677049648068191E+03   -0.264338524824034096E+03
    0.103147779783883962E+03    0.111403774835737712E+01    0.729880171391423431E+02    0.139828194601067364E+09    0.528677049648068191E+03   -0.264338524824034096E+03
    0.900338095293212461E+02    0.111336237647826852E+01    0.815389314188639247E+02    0.221312716098269403E+09    0.528663893522113540E+03   -0.264331946761056770E+03
    0.100370175038215180E+03    0.111348071355208122E+01    0.792323068603559761E+02    0.145150794614168406E+09    0.528662936805115464E+03   -0.264331468402557732E+03
    0.938020885723480404E+02    0.111457069938837217E+01    0.812717121009404480E+02    0.213001799966856599E+09    0.528657454201168321E+03   -0.264328727100584160E+03
    0.101205327352255651E+03    0.111271588250110787E+01    0.754885398793514071E+02    0.210357849043159366E+09    0.528657284352360080E+03   -0.264328642176180040E+03
    0.985138874656977777E+02    0.111376808512749514E+01    0.774073945999773656E+02    0.261086311701444417E+09    0.528629399361474270E+03   -0.264314699680737135E+03
    0.106575613451681264E+03    0.111243443987469637E+01    0.836011329300036437E+02    0.190639993172199279E+09    0.528621696450336003E+03   -0.264310848225168002E+03
    0.104474859165497662E+03    0.111267377826998470E+01    0.856339504585481563E+02    0.186642702568472892E+09    0.528616662313156553E+03   -0.264308331156578276E+03
    0.108718258104792866E+03    0.111354292017546475E+01    0.796297495478856661E+02    0.154433310742386401E+09    0.528579958018544289E+03   -0.264289979009272145E+03
    0.970800287325680245E+02    0.111493917666832254E+01    0.843669132582807890E+02    0.265356506689876348E+09    0.528573014639200665E+03   -0.264286507319600332E+03
    0.106495431029671465E+03    0.111412861753814774E+01    0.724012130495990789E+02    0.173680568010790437E+09    0.528568217409034332E+03   -0.264284108704517166E+03
    0.103187675131524429E+03    0.111204199638087764E+01    0.777300175668185176E+02    0.189510784821167171E+09    0.528568090718654503E+03   -0.264284045359327251E+03
    0.105172394589356642E+03    0.111399070713023662E+01    0.828427019175029642E+02    0.160642582532617062E+09    0.528563424351969616E+03   -0.264281712175984808E+03
    0.108202255404505649E+03    0.111382019404557919E+01    0.799888466993916154E+02    0.154189223645380110E+09    0.528549108617654156E+03   -0.264274554308827078E+03
    0.105103263278798138E+03    0.111395044761018336E+01    0.744789258846563484E+02    0.140380662504544228E+09    0.528530245424708369E+03   -0.264265122712354184E+03
    0.900608245167705803E+02    0.111292666348002900E+01    0.841326700793004818E+02    0.229557496187395602E+09    0.528524551926159575E+03   -0.264262275963079787E+03
    0.974370676263144588E+02    0.111297782105070242E+01    0.821700565201194593E+02    0.287431794235536456E+09    0.528523606496171624E+03   -0.264261803248085812E+03
    0.953530182911283362E+02    0.111237514063808685E+01    0.774427558716658524E+02    0.169760092659815043E+09    0.528520101287567286E+03   -0.264260050643783643E+03
    0.102583703783707406E+03    0.111463470118821828E+01    0.752481945103201610E+02    0.151431656980128020E+09    0.528496068232138555E+03   -0.264248034116069277E+03
    0.998387645539522879E+02    0.111307194277290211E+01    0.893131031553543693E+02    0.212710640081509650E+09    0.528487657789030891E+03   -0.264243828894515445E+03
    0.100501011112966424E+03    0.111427022338578308E+01    0.786378032385032668E+02    0.149709216497212708E+09    0.528467418480698825E+03   -0.264233709240349413E+03
    0.106487763955229440E+03    0.111464164908045449E+01    0.792120167560664328E+02    0.213372911743390828E+09    0.528456029904506977E+03   -0.264228014952253488E+03
    0.899275168942312035E+02    0.111288769545675059E+01    0.843484315399360867E+02    0.237460410029353112E+09    0.528439355137563439E+03   -0.264219677568781719E+03
    0.104635075700155781E+03    0.111244978833573693E+01    0.754000899805311775E+02    0.184596887230225593E+09    0.528414490025674695E+03   -0.264207245012837348E+03
    0.936232560942120386E+02    0.111366934039592791E+01    0.828047718590127602E+02    0.184938878494340092E+09    0.528410742661580343E+03   -0.264205371330790172E+03
    0.958222557005526170E+02    0.111285548211853502E+01    0.787050934043835042E+02    0.256628137424974442E+09    0.528405049223227934E+03   -0.264202524611613967E+03
    0.105292057822622482E+03    0.111248729599231377E+01    0.899130079230436365E+02    0.254459387464193374E+09    0.528400954291411949E+03   -0.264200477145705975E+03
    0.952221853586536469E+02    0.111231836106083470E+01    0.815461589163437992E+02    0.181387841438237756E+09    0.528388295903063295E+03   -0.264194147951531647E+03
    0.946990968274567280E+02    0.111268748807846629E+01    0.907773169112094536E+02    0.240507690290806860E+09    0.528378604804343468E+03   -0.264189302402171734E+03
    0.100711814011248180E+03    0.111468458190126540E+01    0.895389803373327595E+02    0.268677692926229239E+09    0.528378119298735896E+03   -0.264189059649367948E+03
    0.950482339458084198E+02    0.111309250465489340E+01    0.927971246322442767E+02    0.273558789651207268E+09    0.528371004800710352E+03   -0.264185502400355176E+03
    0.939950703139288777E+02    0.111313976800927050E+01    0.800802505754221414E+02    0.269687309602852643E+09    0.528355465919106678E+03   -0.264177732959553339E+03
    0.106177864658902948E+03    0.111462916666134348E+01    0.804104724877695247E+02    0.237614495301447898E+09    0.528319766354637068E+03   -0.264159883177318534E+03
    0.942922057577517307E+02    0.111297774109009673E+01    0.811088914410648840E+02    0.275225952464831591E+09    0.528316315864899593E+03   -0.264158157932449797E+03
    0.107524053065001922E+03    0.111277392286540544E+01    0.830418700499924398E+02    0.205166612249727786E+09    0.528304862954765781E+03   -0.264152431477382891E+03
    0.926994230544083422E+02    0.111452761860298333E+01    0.859819443566219519E+02    0.245520028398024082E+09    0.528301913227500791E+03   -0.264150956613750395E+03
    0.992704094376533988E+02    0.111412070162517840E+01    0.734285610044099997E+02    0.149946427764765292E+09    0.528300854601552146E+03   -0.264150427300776073E+03
    0.105835641926314480E+03    0.111267016498231541E+01    0.899128743572166655E+02    0.245973917639006555E+09    0.528271536772491231E+03   -0.264135768386245616E+03
    0.104383138819871760E+03    0.111446331530106768E+01    0.794741686451455109E+02    0.247450671291978210E+09    0.528237321164988657E+03   -0.264118660582494329E+03
    0.107252750822853500E+03    0.111445063744453599E+01    0.843556815189407274E+02    0.213723850750146568E+09    0.528237200430361895E+03   -0.264118600215180948E+03
    0.101773601181634348E+03    0.111254945034685848E+01    0.741440505981193922E+02    0.182328674301480383E+09    0.528225897914751386E+03   -0.264112948957375693E+03
    0.106417006995069798E+03    0.111246662033565480E+01    0.809836072806307783E+02    0.216789270581840277E+09    0.528219690063617804E+03   -0.264109845031808902E+03
    0.102680225032772540E+03    0.111429957746418484E+01    0.722783124970377600E+02    0.168651438684585750E+09    0.528212153126281123E+03   -0.264106076563140562E+03
    0.103421130405127272E+03    0.111371138914640633E+01    0.750958095630641225E+02    0.142269156276275635E+09    0.528199274554662907E+03   -0.264099637277331453E+03
    0.995815826616250774E+02    0.111472703145815522E+01    0.806927028132794533E+02    0.196320574261471301E+09    0.528192477150282343E+03   -0.264096238575141172E+03
    0.936049235962246655E+02    0.111382432889477601E+01    0.800791684038809137E+02    0.175383722182390481E+09    0.528190388918668305E+03   -0.264095194459334152E+03
    0.100823901164827788E+03    0.111202469031226836E+01    0.834167233851672449E+02    0.256507190623257637E+09    0.528187933201947772E+03   -0.264093966600973886E+03
    0.104142029862698692E+03    0.111354377034948748E+01    0.811145380416682400E+02    0.268622183089603066E+09    0.528174409500944535E+03   -0.264087204750472267E+03
    0.103610028790897886E+03    0.111466864915787833E+01    0.839618395163165587E+02    0.263489169978399158E+09    0.528161857204100443E+03   -0.264080928602050221E+03
    0.100249706059271190E+03    0.111393988385878462E+01    0.906446441223934869E+02    0.226970686298809767E+09    0.528161718781456784E+03   -0.264080859390728392E+03
    0.107882469553036955E+03    0.111276555138212641E+01    0.813636981889770396E+02    0.185778791663677841E+09    0.528142788784134041E+03   -0.264071394392067020E+03
    0.966550295554565508E+02    0.111421429621557611E+01    0.764574216221050307E+02    0.221168829090226561E+09    0.528138866455762923E+03   -0.264069433227881461E+03
    0.988538699488845651E+02    0.111235761107908759E+01    0.903744297282303677E+02    0.237966210907514185E+09    0.528131748734203256E+03   -0.264065874367101628E+03
    0.105504363166227861E+03    0.111235438553813615E+01    0.813155419833846196E+02    0.217763647485215515E+09    0.528110085285131959E+03   -0.264055042642565979E+03
    0.104135370986592008E+03    0.111301851943512253E+01    0.916200333299426859E+02    0.249112551297106534E+09    0.528097786229384724E+03   -0.264048893114692362E+03
    0.939705181061773516E+02    0.111398017563306517E+01    0.863905329369207493E+02    0.289134644425842226E+09    0.528094336838546496E+03   -0.264047168419273248E+03
    0.953362258121648836E+02    0.111397903461624548E+01    0.772255966523837714E+02    0.209413757213103592E+09    0.528061009887059072E+03   -0.264030504943529536E+03
    0.106433152223666042E+03    0.111351984824578176E+01    0.895667484785436443E+02    0.264888836267188132E+09    0.528057936930098322E+03   -0.264028968465049161E+03
    0.979179231978338294E+02    0.111395930885065453E+01    0.824899941688147891E+02    0.170538215871749759E+09    0.528043235188716153E+03   -0.264021617594358077E+03
    0.101381238197293939E+03    0.111477275516495111E+01    0.858156160258716483E+02    0.263434010657504171E+09    0.528024151119146836E+03   -0.264012075559573418E+03
    0.920343341434973468E+02    0.111266903819490048E+01    0.868901560694804829E+02    0.271141361489506781E+09    0.528002121667768620E+03   -0.264001060833884310E+03
    0.109373379622296042E+03    0.111330841231988842E+01    0.784708025649251368E+02    0.177858876995361447E+09    0.527984116251823593E+03   -0.263992058125911797E+03
    0.941993581668294837E+02    0.111294023342354009E+01    0.801384238295388229E+02    0.194472991300353497E+09    0.527980405350595333E+03   -0.263990202675297667E+03
    0.920376360301133047E+02    0.111365756057155063E+01    0.868466254020600701E+02    0.281119770889902294E+09    0.527969298268508965E+03   -0.263984649134254482E+03
    0.108254010777658721E+03    0.111401198139665780E+01    0.867023067327797037E+02    0.247084608253628135E+09    0.527967260335144147E+03   -0.263983630167572073E+03
    0.101685159711554931E+03    0.111436935635836587E+01    0.812293985551805662E+02    0.166244672613301963E+09    0.527957938034054905E+03   -0.263978969017027453E+03
    0.967664489527719383E+02    0.111455763408685793E+01    0.874035834978372606E+02    0.273746249233307660E+09    0.527936008177325903E+03   -0.263968004088662951E+03
    0.108114617844187549E+03    0.111309219912161272E+01    0.799944547474564160E+02    0.191614997273212790E+09    0.527928663927409843E+03   -0.263964331963704922E+03
    0.932561224601530228E+02    0.111251653156446317E+01    0.886744385859015267E+02    0.256627217786935061E+09    0.527919630338722300E+03   -0.263959815169361150E+03
    0.104085998412034058E+03    0.111437652543487964E+01    0.805190586627092131E+02    0.164109816214170218E+09    0.527917148098084112E+03   -0.263958574049042056E+03
    0.939703138684440944E+02    0.111334225480680282E+01    0.779871443585329729E+02    0.219950331368522316E+09    0.527910366881491427E+03   -0.263955183440745714E+03
    0.104827265977581675E+03    0.111256332383815093E+01    0.794903401436205144E+02    0.196366213643952042E+09    0.527903842220199408E+03   -0.263951921110099704E+03
    0.107243730436011674E+03    0.111310610725575798E+01    0.881882613181803663E+02    0.234583677104223043E+09    0.527899642083914955E+03   -0.263949821041957478E+03
    0.102197596092288677E+03    0.111441621627207410E+01    0.876639780807303879E+02    0.221599400098222643E+09    0.527896342189568486E+03   -0.263948171094784243E+03
    0.105993558393490332E+03    0.111336495803658742E+01    0.898325720961241387E+02    0.260431780280130059E+09    0.527896021881342676E+03   -0.263948010940671338E+03
    0.106757370347299101E+03    0.111346866185681415E+01    0.842665603529040368E+02    0.200222851374373287E+09    0.527894678941148754E+03   -0.263947339470574377E+03
    0.101763564725513632E+03    0.111195744767219273E+01    0.847842886377932103E+02    0.232798841695848256E+09    0.527893314263597176E+03   -0.263946657131798588E+03
    0.107852593535007628E+03    0.111391059449906682E+01    0.821872213941197600E+02    0.198559607684440017E+09    0.527892746598683516E+03   -0.263946373299341758E+03
    0.975899794239238787E+02    0.111217936531218031E+01    0.872228072159487908E+02    0.226661437276371092E+09    0.527890834580069850E+03   -0.263945417290034925E+03
    0.101290677636091431E+03    0.111335723031844269E+01    0.725683114579280328E+02    0.172408321459758729E+09    0.527887317092609919E+03   -0.263943658546304960E+03
    0.106398235042116397E+03    0.111312385171553685E+01    0.788176312836949506E+02    0.221614366349878371E+09    0.527879887472586802E+03   -0.263939943736293401E+03
    0.102275011486921670E+03    0.111268755430879351E+01    0.815787786957544796E+02    0.168955928386434495E+09    0.527843188181714595E+03   -0.263921594090857297E+03
    0.107855430410209749E+03    0.111300448376436978E+01    0.816583137945108462E+02    0.225167594240792692E+09    0.527842702198990992E+03   -0.263921351099495496E+03
    0.100111245004831119E+03    0.111239180747893363E+01    0.784416856695209361E+02    0.168943617574994743E+09    0.527828916914796423E+03   -0.263914458457398212E+03
    0.102984213228979542E+03    0.111381739317574335E+01    0.913897076788940552E+02    0.246307159973021924E+09    0.527786495604656920E+03   -0.263893247802328460E+03
    0.107838436402768409E+03    0.111405741984411510E+01    0.793673750175231731E+02    0.192797707705166310E+09    0.527782840800128042E+03   -0.263891420400064021E+03
    0.100242932107452958E+03    0.111197969172589395E+01    0.856631434067620603E+02    0.241591840381220669E+09    0.527746228045197881E+03   -0.263873114022598941E+03
    0.927348318359576211E+02    0.111314829795995607E+01    0.892276907752902275E+02    0.257268269800300837E+09    0.527724799123123717E+03   -0.263862399561561858E+03
    0.107698222732477120E+03    0.111378255879186883E+01    0.820629748492289082E+02    0.182840530633673549E+09    0.527670812818279842E+03   -0.263835406409139921E+03
    0.989978018537534865E+02    0.111233938944281840E+01    0.821283675630128016E+02    0.248923483541174561E+09    0.527489515094276385E+03   -0.263744757547138192E+03
    0.100682211362837975E+03    0.111291239077835669E+01    0.760355755933365600E+02    0.161985803234229863E+09    0.527516279660563214E+03   -0.263758139830281607E+03
    0.969826440281817383E+02    0.111431322260828813E+01    0.775057644223867896E+02    0.184776545629866362E+09    0.527499085008366137E+03   -0.263749542504183069E+03
    0.947764055358205297E+02    0.111312906000852685E+01    0.813989051170793090E+02    0.223365415922893465E+09    0.527057502315925717E+03   -0.263528751157962859E+03
    0.948544535756244187E+02    0.111315039350198663E+01    0.783787374603350742E+02    0.182751154166263551E+09    0.527474384582684252E+03   -0.263737192291342126E+03
    0.925625535409098035E+02    0.111361253597855203E+01    0.830141356555590448E+02    0.223125314136844963E+09    0.527580307535215752E+03   -0.263790153767607876E+03
    0.100702004775600770E+03    0.111350348834156154E+01    0.866078738607266416E+02    0.243923314350546032E+09    0.526253803030659014E+03   -0.263126901515329507E+03
    0.956344362665868317E+02    0.111344260467845468E+01    0.775540347385304614E+02    0.168404955155721009E+09    0.527609486264489192E+03   -0.263804743132244596E+03
    0.105879649009874313E+03    0.111406490593201446E+01    0.790402900391272283E+02    0.186118788595199287E+09    0.527160042589710770E+03   -0.263580021294855385E+03
    0.994732475449741429E+02    0.111269001655527400E+01    0.806023182840100105E+02    0.241649297002705187E+09    0.527172906313988847E+03   -0.263586453156994423E+03
    0.978305589049267610E+02    0.111427922733761253E+01    0.855271943449519227E+02    0.252578733803699493E+09    0.526784321469066185E+03   -0.263392160734533093E+03
    0.952798711620881278E+02    0.111368334523747281E+01    0.849859066629550171E+02    0.263174603336835802E+09    0.526762705525440651E+03   -0.263381352762720326E+03
    0.103200868911510142E+03    0.111343292321824783E+01    0.827484524497317011E+02    0.224948860867779523E+09    0.526376060423746935E+03   -0.263188030211873468E+03
    0.963457693268072433E+02    0.111403615440896675E+01    0.867246325467431234E+02    0.245886310326382399E+09    0.526755604225752222E+03   -0.263377802112876111E+03
    0.103595759033713406E+03    0.111331328196391177E+01    0.858579958862824526E+02    0.274057038419886768E+09    0.527486287155586069E+03   -0.263743143577793035E+03
    0.104231815714740563E+03    0.111294734497745007E+01    0.800633774353710663E+02    0.189947809793615669E+09    0.527142527546008751E+03   -0.263571263773004375E+03
    0.101288989591375014E+03    0.111331801416430820E+01    0.831167832259037453E+02    0.190275343477190644E+09    0.527065796512015936E+03   -0.263532898256007968E+03
    0.924329277521443231E+02    0.111352146625595272E+01    0.835302131486073307E+02    0.255947337785279036E+09    0.527382270905026189E+03   -0.263691135452513095E+03
    0.953378452528637723E+02    0.111341481706535750E+01    0.752569166034302270E+02    0.178883128216522247E+09    0.527639800771621481E+03   -0.263819900385810740E+03
    0.103782625793767906E+03    0.111319096942619322E+01    0.826073662130160074E+02    0.175346169107000142E+09    0.527437838903715942E+03   -0.263718919451857971E+03
    0.108133581379899283E+03    0.111350052889818030E+01    0.831815272732355737E+02    0.239397215494060457E+09    0.527660908058344603E+03   -0.263830454029172301E+03
    0.985959420325214779E+02    0.111380041617633330E+01    0.854402370107217450E+02    0.248486463245604336E+09    0.526240371933421784E+03   -0.263120185966710892E+03
    0.105308339334224456E+03    0.111312584426181460E+01    0.816309558377452902E+02    0.198090716668891221E+09    0.527371909620745782E+03   -0.263685954810372891E+03
    0.948144452619389426E+02    0.111312373505167117E+01    0.829689331271063963E+02    0.246103451711942673E+09    0.526819614287176478E+03   -0.263409807143588239E+03
    0.921851346089511026E+02    0.111348917939436398E+01    0.837031018234980877E+02    0.228041847601404399E+09    0.527540147728721649E+03   -0.263770073864360825E+03
    0.100159868172207823E+03    0.111361800152763024E+01    0.806141025048010817E+02    0.191192742277355283E+09    0.526696029768581866E+03   -0.263348014884290933E+03
    0.958810438616894203E+02    0.111221460327434651E+01    0.867681086259756569E+02    0.250210982299486816E+09    0.527568813653778989E+03   -0.263784406826889494E+03
    0.101270352209602848E+03    0.111350526738024413E+01    0.831688548000464181E+02    0.277222790206163645E+09    0.527563401915052850E+03   -0.263781700957526425E+03
    0.100102727370444427E+03    0.111345105561443791E+01    0.835167545626036798E+02    0.188157460002842009E+09    0.527204863934421610E+03   -0.263602431967210805E+03
    0.100527767085387055E+03    0.111354169245264156E+01    0.882634495278537372E+02    0.256221531880209565E+09    0.526557856748216068E+03   -0.263278928374108034E+03
    0.102657694393575227E+03    0.111365167807670051E+01    0.822631497999681898E+02    0.197722386623849511E+09    0.526941614385200182E+03   -0.263470807192600091E+03
    0.935702468596515899E+02    0.111368309521346620E+01    0.839387881879917046E+02    0.218177358448914647E+09    0.527575338046573961E+03   -0.263787669023286981E+03
    0.998814539479830614E+02    0.111369932880890410E+01    0.765855092591482816E+02    0.171704726678473353E+09    0.526810145849824153E+03   -0.263405072924912076E+03
    0.990781465582264218E+02    0.111318271554434634E+01    0.851445964539733922E+02    0.222353728504577756E+09    0.526542097998126451E+03   -0.263271048999063225E+03
    0.100663790843262149E+03    0.111399205472125895E+01    0.878824409840811569E+02    0.241747197187596142E+09    0.526682217547883397E+03   -0.263341108773941698E+03
    0.956843274767260255E+02    0.111345741132400855E+01    0.913534388807372295E+02    0.263451081899750143E+09    0.527626386667783891E+03   -0.263813193333891945E+03
    0.102075260404415985E+03    0.111436225990082316E+01    0.794273970488839325E+02    0.181959003465996623E+09    0.527049629005007887E+03   -0.263524814502503943E+03
    0.100401911658884202E+03    0.111387785497854508E+01    0.799425920143641520E+02    0.248942395188131154E+09    0.527066331323904478E+03   -0.263533165661952239E+03
    0.104677134539827136E+03    0.111400082176352311E+01    0.842196531719450832E+02    0.206312184320982009E+09    0.527461380293458546E+03   -0.263730690146729273E+03
    0.104148185862366745E+03    0.111377918703653456E+01    0.798760070710011973E+02    0.205198685439516604E+09    0.527110275184338889E+03   -0.263555137592169444E+03
    0.103246335498943608E+03    0.111387832744871274E+01    0.869832222219709621E+02    0.244064029660417527E+09    0.526625667558467057E+03   -0.263312833779233529E+03
    0.100676417795334544E+03    0.111411038878896340E+01    0.905167618119821356E+02    0.267117141129295707E+09    0.527540577412176390E+03   -0.263770288706088195E+03
    0.926763715715520817E+02    0.111357760951872753E+01    0.840485146958677660E+02    0.261859355199589342E+09    0.527339496572781513E+03   -0.263669748286390757E+03
    0.102443478626265403E+03    0.111318577536701468E+01    0.752257073108864773E+02    0.164949223865191042E+09    0.527302357295156298E+03   -0.263651178647578149E+03
    0.101020079236900955E+03    0.111216256928909041E+01    0.859143074154401347E+02    0.230584173805988103E+09    0.527530618293182670E+03   -0.263765309146591335E+03
    0.988172558273220858E+02    0.111329322864454294E+01    0.898371518600267649E+02    0.231590744019733578E+09    0.527435489222758292E+03   -0.263717744611379146E+03
    0.968144594459464400E+02    0.111333710742968428E+01    0.872616730953692041E+02    0.253851187718814522E+09    0.526525770344490184E+03   -0.263262885172245092E+03
    0.101966274912299937E+03    0.111427793844234335E+01    0.764408474019640352E+02    0.191369024621696979E+09    0.527445533261998662E+03   -0.263722766630999331E+03
    0.100722026766420996E+03    0.111289383165018840E+01    0.830234313804081410E+02    0.261425203862266213E+09    0.527115053428665419E+03   -0.263557526714332710E+03
    0.998609449716101949E+02    0.111346372387319081E+01    0.871291817555536596E+02    0.216621731234866321E+09    0.527207865984612681E+03   -0.263603932992306341E+03
    0.101278693069285765E+03    0.111252046880465039E+01    0.876245333507460060E+02    0.239879184105950207E+09    0.527154657358186341E+03   -0.263577328679093171E+03
    0.971446195023308547E+02    0.111397554927797549E+01    0.884533522488663948E+02    0.245866050866033107E+09    0.526937809906591838E+03   -0.263468904953295919E+03
    0.944322899396623967E+02    0.111304936916644914E+01    0.835765486639426740E+02    0.250089323808280259E+09    0.526932154310094006E+03   -0.263466077155047003E+03
    0.970718342728761314E+02    0.111280695095379012E+01    0.810320509700668481E+02    0.253976559747302055E+09    0.527388602872566025E+03   -0.263694301436283013E+03
    0.101842504433179059E+03    0.111422391285413092E+01    0.875088636988444506E+02    0.268644794369205356E+09    0.527269149443243805E+03   -0.263634574721621902E+03
    0.106453674661167227E+03    0.111445324073228913E+01    0.842741610341379186E+02    0.232856988049005449E+09    0.527628232780376607E+03   -0.263814116390188303E+03
    0.100874515828516607E+03    0.111459856235967436E+01    0.825332267587706383E+02    0.211832159686324179E+09    0.527627738731597447E+03   -0.263813869365798723E+03
    0.105179272917563125E+03    0.111324101872486292E+01    0.793459051482182360E+02    0.179799448090606272E+09    0.526899595025856343E+03   -0.263449797512928171E+03
    0.103387868515340770E+03    0.111340938336588713E+01    0.795960991735242089E+02    0.221600158445654899E+09    0.526852837215262980E+03   -0.263426418607631490E+03
    0.101017442221173070E+03    0.111226361471881519E+01    0.849027951155930083E+02    0.257503173495056301E+09    0.527595596989202704E+03   -0.263797798494601352E+03
    0.984633653204624153E+02    0.111387321227879221E+01    0.867227652137409990E+02    0.227094122107927799E+09    0.526743457951021924E+03   -0.263371728975510962E+03
    0.941644204713854123E+02    0.111269329748765822E+01    0.852430165171929133E+02    0.249716745282675058E+09    0.527191949470250620E+03   -0.263595974735125310E+03
    0.103656966481093761E+03    0.111310055803117769E+01    0.785877636377135644E+02    0.180682079994199634E+09    0.526769891938530236E+03   -0.263384945969265118E+03
    0.966995231136005771E+02    0.111319019135589747E+01    0.881731793913345427E+02    0.238811248665234149E+09    0.526891556092545784E+03   -0.263445778046272892E+03
    0.956567515657882126E+02    0.111297513994348707E+01    0.862800683416476772E+02    0.261480874637173593E+09    0.526835116990353299E+03   -0.263417558495176650E+03
    0.103520402091312974E+03    0.111353034247951310E+01    0.895353104875873385E+02    0.258275550599978715E+09    0.527175930543410232E+03   -0.263587965271705116E+03
    0.991706456755096752E+02    0.111370797499270457E+01    0.836944161025938769E+02    0.233009387833200485E+09    0.526117516353018459E+03   -0.263058758176509230E+03
    0.965558703976629147E+02    0.111396384496024092E+01    0.804220788556565793E+02    0.197888508225129515E+09    0.527423061191666648E+03   -0.263711530595833324E+03
    0.949731942520300976E+02    0.111399590790939595E+01    0.866674217473106410E+02    0.250223984229858756E+09    0.526941950007191849E+03   -0.263470975003595925E+03
    0.989514793526404191E+02    0.111414860180433761E+01    0.834700758277604677E+02    0.255004516625226080E+09    0.526696184993580005E+03   -0.263348092496790002E+03
    0.103190900725070136E+03    0.111439608553356195E+01    0.885966472751166236E+02    0.249554198175421923E+09    0.527530132808738017E+03   -0.263765066404369009E+03
    0.995681486202283565E+02    0.111375709480359575E+01    0.756969052138669412E+02    0.185244184931978881E+09    0.527030271598516833E+03   -0.263515135799258417E+03
    0.995573429970759491E+02    0.111429344241685846E+01    0.860836087511745518E+02    0.280369663923715115E+09    0.527661493966013268E+03   -0.263830746983006634E+03
    0.993480091438985511E+02    0.111463377471202163E+01    0.831384395724554111E+02    0.225940664025781721E+09    0.527302092876491542E+03   -0.263651046438245771E+03
    0.102858584856200892E+03    0.111257460178095990E+01    0.781234111571251617E+02    0.169786221710609794E+09    0.527565564897811555E+03   -0.263782782448905778E+03
    0.106285319804610779E+03    0.111397725285821236E+01    0.855467881197356803E+02    0.226229161837588131E+09    0.527185435849284772E+03   -0.263592717924642386E+03
    0.964519364108881661E+02    0.111437574404957562E+01    0.798315313945238358E+02    0.223519321943144590E+09    0.527414337715682791E+03   -0.263707168857841395E+03
    0.101268045823038364E+03    0.111312537919590637E+01    0.854242025560004947E+02    0.252764970016953468E+09    0.526472456961344733E+03   -0.263236228480672366E+03
    0.101834967178373475E+03    0.111261739525045678E+01    0.806858434416776049E+02    0.178974287401906222E+09    0.527255831763409901E+03   -0.263627915881704951E+03
    0.103423581963103985E+03    0.111354235082650277E+01    0.787953740848883797E+02    0.194857022301767230E+09    0.526919553734507758E+03   -0.263459776867253879E+03
    0.997749423231859680E+02    0.111401002462115573E+01    0.877544778574739865E+02    0.247972718041777849E+09    0.526617846450074694E+03   -0.263308923225037347E+03
