    0.109857850823118724E+03    0.114305002400021305E+01    0.996770994030983388E+02    0.832996709084372073E+08    0.128617946736064368E+03   -0.643089733680321842E+02
    0.785192183099267282E+02    0.114833296100637239E+01    0.961506856729322124E+02    0.283203449734118916E+08    0.125396512539149526E+03   -0.626982562695747632E+02
    0.920643007900675912E+02    0.115221800753402737E+01    0.983399382546398613E+02    0.122231951127479244E+08    0.124974177672014520E+03   -0.624870888360072598E+02
    0.143398153009681920E+03    0.114919034409020271E+01    0.945496062289857235E+02    0.568867651539324522E+08    0.124760343229358341E+03   -0.623801716146791705E+02
    0.139415828583199101E+03    0.114871967540739828E+01    0.998597865863986840E+02    0.138158144501365274E+08    0.124576539918680538E+03   -0.622882699593402691E+02
    0.109298588937195987E+03    0.115172403486705210E+01    0.824691748710371826E+02    0.583130390714522600E+08    0.123179515953754645E+03   -0.615897579768773227E+02
    0.552922654859776941E+02    0.114808409017335666E+01    0.948213793388220836E+02    0.118810311118701681E+09    0.122781281560312692E+03   -0.613906407801563461E+02
    0.808047937294561791E+02    0.114458687187063202E+01    0.996046928923093589E+02    0.485598709952379018E+08    0.122737248344963433E+03   -0.613686241724817165E+02
    0.125701970507392090E+03    0.114787914605588637E+01    0.973464364407453786E+02    0.296282038983628564E+08    0.122586901821322527E+03   -0.612934509106612637E+02
    0.718508200440799953E+02    0.114513178802796078E+01    0.984430035049344525E+02    0.501110292495559230E+08    0.122358427185976211E+03   -0.611792135929881056E+02
    0.776617284234881424E+02    0.115369199102562003E+01    0.849034259456438463E+02    0.605182500032881722E+08    0.122302063161359428E+03   -0.611510315806797138E+02
    0.123432664442054602E+03    0.114851831172066143E+01    0.897436497011840260E+02    0.419959503340739608E+08    0.121824886151792299E+03   -0.609124430758961495E+02
    0.101006904693384357E+03    0.115340880434092297E+01    0.934760596779971706E+02    0.126661732206481114E+09    0.121824065485994822E+03   -0.609120327429974111E+02
    0.570874354565985058E+02    0.115032244278814688E+01    0.898895515196376067E+02    0.691067747923636287E+08    0.121532179452292993E+03   -0.607660897261464967E+02
    0.714317100569533636E+02    0.115047631221247593E+01    0.847635064853520106E+02    0.722163146111079007E+08    0.121280866279255122E+03   -0.606404331396275609E+02
    0.909944901675690687E+02    0.114455342643794555E+01    0.976240792350223501E+02    0.541961470170904920E+08    0.121232028039905018E+03   -0.606160140199525088E+02
    0.119636716564954455E+03    0.115023880920208232E+01    0.899597421033400622E+02    0.822059463816589564E+08    0.121082022674646467E+03   -0.605410113373232335E+02
    0.939748799654569638E+02    0.114529446522237621E+01    0.975355668115704475E+02    0.420276703878803030E+08    0.120939188481231696E+03   -0.604695942406158480E+02
    0.538005399897459640E+02    0.114911247153716634E+01    0.947080523030640933E+02    0.831655412312989980E+08    0.120899706506184543E+03   -0.604498532530922716E+02
    0.723958291326951553E+02    0.115595547362509943E+01    0.990257116653736347E+02    0.104844989825157344E+09    0.120893794213560525E+03   -0.604468971067802627E+02
    0.509613212216140283E+02    0.114842138105915681E+01    0.986900843299526684E+02    0.856373927728641182E+08    0.120893766618453853E+03   -0.604468833092269264E+02
    0.111973317247410066E+03    0.115199793197786504E+01    0.867962914219192072E+02    0.632734468122481182E+08    0.120842489733205610E+03   -0.604212448666028052E+02
    0.124874518082885430E+03    0.115201200024107209E+01    0.904978894037673456E+02    0.547695892109858319E+08    0.120750232312595642E+03   -0.603751161562978211E+02
    0.898046512470097724E+02    0.115284508116013629E+01    0.929373334359691086E+02    0.130863916290437296E+09    0.120732559000305230E+03   -0.603662795001526149E+02
    0.860937426885791410E+02    0.115352981405458466E+01    0.935271102210133165E+02    0.126877971461228937E+09    0.120668754257077552E+03   -0.603343771285387760E+02
    0.719419275356209766E+02    0.114891227497479376E+01    0.886261216618421486E+02    0.953468917940127403E+08    0.120655201901654920E+03   -0.603276009508274598E+02
    0.122075683697228328E+03    0.114568436268588658E+01    0.996958765647245286E+02    0.499665966775523499E+08    0.120577856671553519E+03   -0.602889283357767596E+02
    0.102566163423656619E+03    0.115305629770554541E+01    0.993901832807477348E+02    0.151691673465189517E+09    0.120541003119976551E+03   -0.602705015599882756E+02
    0.106842988911769027E+03    0.115399196394760972E+01    0.887431912123441577E+02    0.521352759391722679E+08    0.120497218247489357E+03   -0.602486091237446786E+02
    0.110979938179411690E+03    0.114940399318486164E+01    0.990878750433133177E+02    0.154170354815951884E+09    0.120348165884973625E+03   -0.601740829424868124E+02
    0.118683122533935176E+03    0.114887785098709805E+01    0.905145778781664063E+02    0.790899905048556775E+08    0.120306836034337465E+03   -0.601534180171687325E+02
    0.969973519236798580E+02    0.114929436028655996E+01    0.975371594474832619E+02    0.167196337952167124E+09    0.120291014927014785E+03   -0.601455074635073927E+02
    0.113665016439222299E+03    0.114892127139352285E+01    0.884545927695093326E+02    0.353367719497770891E+08    0.120256035943213476E+03   -0.601280179716067380E+02
    0.591833836691746029E+02    0.114828565915434444E+01    0.941227142820361564E+02    0.525360292001823038E+08    0.120171622450902049E+03   -0.600858112254510246E+02
    0.933161619908040336E+02    0.115293795244316422E+01    0.859988896646767813E+02    0.502687932295678928E+08    0.120101044327842004E+03   -0.600505221639210021E+02
    0.800301253108609245E+02    0.115391853693001933E+01    0.988758963286659167E+02    0.145511138696263373E+09    0.119994621686938046E+03   -0.599973108434690232E+02
    0.808670055246665385E+02    0.115056079032084346E+01    0.926319116633538897E+02    0.136495748028901815E+09    0.119954654860237326E+03   -0.599773274301186632E+02
    0.757279448229959513E+02    0.114532443967490050E+01    0.992556971238358017E+02    0.899974493146221787E+08    0.119886669822534429E+03   -0.599433349112672147E+02
    0.116846232677463519E+03    0.114998699874173060E+01    0.905951736281985376E+02    0.315876496086299494E+08    0.119669269379022467E+03   -0.598346346895112333E+02
    0.102966222956358891E+03    0.115321706872893004E+01    0.891929673690178504E+02    0.749349274164545089E+08    0.119575217723596609E+03   -0.597876088617983044E+02
    0.934273228645847382E+02    0.114817629250778053E+01    0.867480556627717192E+02    0.761269798027880788E+08    0.119456136041768531E+03   -0.597280680208842654E+02
    0.104456199750265540E+03    0.114555928589979583E+01    0.955740491901553071E+02    0.512991099555306733E+08    0.119401886178185094E+03   -0.597009430890925472E+02
    0.753701426267470254E+02    0.114909487429434054E+01    0.881831071993210571E+02    0.834035795703108460E+08    0.119346297066592427E+03   -0.596731485332962137E+02
    0.987486630025319840E+02    0.115263026363722365E+01    0.864779833560386919E+02    0.518177295045982599E+08    0.119262564823960133E+03   -0.596312824119800666E+02
    0.532987040700718282E+02    0.115230192733966730E+01    0.973798264754172038E+02    0.744296889798200279E+08    0.119238741090359738E+03   -0.596193705451798692E+02
    0.110377093986855130E+03    0.114722728499360871E+01    0.944394617119036184E+02    0.332255848648454398E+08    0.119010450714763294E+03   -0.595052253573816472E+02
    0.108731811295119329E+03    0.114621522619818306E+01    0.964483511852564135E+02    0.883874300772337615E+08    0.118972098162955689E+03   -0.594860490814778444E+02
    0.636971035537015311E+02    0.115513684782533610E+01    0.994227740610763675E+02    0.750629407754425704E+08    0.118918081155134516E+03   -0.594590405775672579E+02
    0.915728648340709981E+02    0.114969823452571918E+01    0.874417341437681159E+02    0.411849430428222269E+08    0.118889875614183225E+03   -0.594449378070916126E+02
    0.936745681251839670E+02    0.115533506016782828E+01    0.941594424522810982E+02    0.667837532184397131E+08    0.118850825057985944E+03   -0.594254125289929718E+02
    0.123080463787572981E+03    0.114678753771214792E+01    0.987662998469921405E+02    0.757096055205185562E+08    0.118736324414057691E+03   -0.593681622070288455E+02
    0.661761999549665489E+02    0.114963229964682578E+01    0.904198025884513754E+02    0.754993875998554081E+08    0.118708715697217770E+03   -0.593543578486088848E+02
    0.808773376147195364E+02    0.114941757371934039E+01    0.892106794154921516E+02    0.431823411427934691E+08    0.118642214029789869E+03   -0.593211070148949347E+02
    0.113537449145136137E+03    0.114729345753143819E+01    0.933895375423518743E+02    0.779333105716678649E+08    0.118636392201425622E+03   -0.593181961007128109E+02
    0.118057984577287996E+03    0.114788647196508653E+01    0.956206100291478407E+02    0.869628805294955969E+08    0.118575707173852763E+03   -0.592878535869263814E+02
    0.125286722212859857E+03    0.115056512610198181E+01    0.932523454424876377E+02    0.598080611826682165E+08    0.118575555810490982E+03   -0.592877779052454912E+02
    0.592830263154107797E+02    0.115201297362466559E+01    0.962888805892089863E+02    0.910961869869028330E+08    0.118534140679200931E+03   -0.592670703396004654E+02
    0.708979037003533961E+02    0.115073089077727686E+01    0.915419872751634642E+02    0.999134022396827191E+08    0.118444529092775724E+03   -0.592222645463878621E+02
    0.124201774738553098E+03    0.114766057974895674E+01    0.971427304347123624E+02    0.477320007450817153E+08    0.118404316684346654E+03   -0.592021583421733268E+02
    0.118580816134564103E+03    0.115050400050860202E+01    0.918228338636828454E+02    0.341635249343881011E+08    0.118396860698402946E+03   -0.591984303492014732E+02
    0.790403547343913715E+02    0.114934216718714444E+01    0.881452446572179298E+02    0.793078345114954859E+08    0.118346944822878640E+03   -0.591734724114393202E+02
    0.105799299318914393E+03    0.114626739055630478E+01    0.939439483207926003E+02    0.681774824865365773E+08    0.118331831178630722E+03   -0.591659155893153610E+02
    0.130289711201161197E+03    0.115069936524004834E+01    0.996989229193462023E+02    0.805276233515827060E+08    0.118284435596431862E+03   -0.591422177982159312E+02
    0.786057951521396063E+02    0.114992244666537902E+01    0.903495806615320305E+02    0.413586080323550105E+08    0.118203981700284203E+03   -0.591019908501421014E+02
    0.133758764646523446E+03    0.115126212343554202E+01    0.996802443839879260E+02    0.591885693468724862E+08    0.118176886033037562E+03   -0.590884430165187808E+02
    0.679422805835833543E+02    0.114684593389471612E+01    0.963357741072988603E+02    0.693459426179125756E+08    0.118149940406498231E+03   -0.590749702032491157E+02
    0.882936846386785987E+02    0.115306394221314257E+01    0.954820949894951809E+02    0.122914964607071042E+09    0.118101676902656834E+03   -0.590508384513284170E+02
    0.102483306798205916E+03    0.114945055041278210E+01    0.894794236195298822E+02    0.357696213518530577E+08    0.118087366223569802E+03   -0.590436831117849010E+02
    0.115797608360973442E+03    0.115221565764665201E+01    0.976930320209029333E+02    0.102965984112363011E+09    0.118019143506632105E+03   -0.590095717533160524E+02
    0.113567303990997814E+03    0.114763572683741732E+01    0.965989723806259377E+02    0.968497674461394697E+08    0.117964901800054207E+03   -0.589824509000271036E+02
    0.647552901750965191E+02    0.115096682297796660E+01    0.991475644701311296E+02    0.372603495778083503E+08    0.117964363790853781E+03   -0.589821818954268906E+02
    0.103712114549934242E+03    0.114701839757037427E+01    0.926733915104199895E+02    0.487452591593782678E+08    0.117949448101492607E+03   -0.589747240507463033E+02
    0.864137517327406357E+02    0.114648763510809792E+01    0.925467213810342457E+02    0.528084873777021468E+08    0.117928157743462037E+03   -0.589640788717310187E+02
    0.780860542765342700E+02    0.115368819733833416E+01    0.913921734403373733E+02    0.696642815906489789E+08    0.117919544174439693E+03   -0.589597720872198465E+02
    0.727815590165615447E+02    0.114946639395365358E+01    0.894595156075571651E+02    0.647616999948893636E+08    0.117890290597777948E+03   -0.589451452988889741E+02
    0.866547166313374078E+02    0.115377640780694457E+01    0.934248524941926348E+02    0.394644430464057997E+08    0.117841210675003452E+03   -0.589206053375017262E+02
    0.107542069903388736E+03    0.115018823246437840E+01    0.898676351512598899E+02    0.402070751467110589E+08    0.117756802047157350E+03   -0.588784010235786752E+02
    0.105722224592921648E+03    0.114827450100590345E+01    0.922753467734487458E+02    0.355592104281428754E+08    0.117730181000754357E+03   -0.588650905003771783E+02
    0.109946305220969876E+03    0.114907980756212158E+01    0.934976132344684601E+02    0.952147893557869792E+08    0.117713457455113058E+03   -0.588567287275565292E+02
    0.115850717345634592E+03    0.115352826229803451E+01    0.946322877181929556E+02    0.551798379852525815E+08    0.117665269911340673E+03   -0.588326349556703363E+02
    0.129640378575257074E+03    0.115048839274687231E+01    0.982487175405620121E+02    0.689365289277198613E+08    0.117658725402897971E+03   -0.588293627014489857E+02
    0.903388702155887557E+02    0.114892777984056083E+01    0.969355373752727019E+02    0.140899212752321810E+09    0.117611480397849306E+03   -0.588057401989246529E+02
    0.105059178640038851E+03    0.114951924138762296E+01    0.879503745362560352E+02    0.585630933482851759E+08    0.117584822507754325E+03   -0.587924112538771624E+02
    0.792558768675300769E+02    0.114992972087577239E+01    0.881269293568697947E+02    0.667658775834754556E+08    0.117572272961374736E+03   -0.587861364806873681E+02
    0.739861878082698183E+02    0.115278689900199471E+01    0.906932802572568306E+02    0.573502601334979832E+08    0.117472923168732933E+03   -0.587364615843664666E+02
    0.839033824412806268E+02    0.114781446714909219E+01    0.976534454621420167E+02    0.339351841542571336E+08    0.117409198735477020E+03   -0.587045993677385098E+02
    0.872689458719657978E+02    0.115107337658973807E+01    0.982116926684365552E+02    0.148160438179689258E+09    0.117403564684176928E+03   -0.587017823420884639E+02
    0.773291021768257991E+02    0.115018661950072687E+01    0.979954945493895337E+02    0.144519222544076204E+09    0.117379445669255674E+03   -0.586897228346278368E+02
    0.961418925539758220E+02    0.114701772079518793E+01    0.998834336324227081E+02    0.133858695018658176E+09    0.117376663352023698E+03   -0.586883316760118490E+02
    0.113509511167975447E+03    0.115184362283772979E+01    0.908525597065526682E+02    0.560272065573680997E+08    0.117365162617523339E+03   -0.586825813087616694E+02
    0.686785770339769073E+02    0.115366793002816448E+01    0.966569112090758722E+02    0.496145129820669144E+08    0.117352395763749755E+03   -0.586761978818748773E+02
    0.941705437045008722E+02    0.115161880462166000E+01    0.915369719282134184E+02    0.942774584224478006E+08    0.117211626388874691E+03   -0.586058131944373457E+02
    0.113702425684879302E+03    0.114755356933965436E+01    0.942497616161976879E+02    0.715591002508517653E+08    0.117208948434074756E+03   -0.586044742170373780E+02
    0.113706131901411226E+03    0.114676529012464123E+01    0.970481833392328355E+02    0.746665703973644525E+08    0.117173894423365084E+03   -0.585869472116825420E+02
    0.956512850554995282E+02    0.114872520182951354E+01    0.908298720417625134E+02    0.863847320715737641E+08    0.117129704557233310E+03   -0.585648522786166552E+02
    0.681031830853175961E+02    0.115064584807715975E+01    0.940674687063537220E+02    0.939300488372531831E+08    0.117086042119478535E+03   -0.585430210597392673E+02
    0.126818987272677234E+03    0.114830955735970974E+01    0.986749573155562416E+02    0.498501824906836599E+08    0.117076777715886180E+03   -0.585383888579430902E+02
    0.996275668465381443E+02    0.114784900220025587E+01    0.929885650425221542E+02    0.881054298997889906E+08    0.117049012884036117E+03   -0.585245064420180583E+02
    0.127623416137828372E+03    0.114860406574105900E+01    0.979995060655959378E+02    0.580278211791695207E+08    0.117027930148908325E+03   -0.585139650744541626E+02
    0.108921453402324275E+03    0.115294492362807666E+01    0.994439669236262205E+02    0.115006077925813079E+09    0.117027204094381460E+03   -0.585136020471907301E+02
    0.608438899442564249E+02    0.115119493773479897E+01    0.998216573190668868E+02    0.469784578911180198E+08    0.116997576880135654E+03   -0.584987884400678269E+02
    0.116393894894465788E+03    0.115153357414801460E+01    0.940075632382760773E+02    0.354670796544269770E+08    0.116958309788893175E+03   -0.584791548944465873E+02
    0.116393894894465788E+03    0.115153357414801460E+01    0.940075632382760773E+02    0.354670796544269770E+08    0.116958309788893175E+03   -0.584791548944465873E+02
    0.108250789940092801E+03    0.115278922739736500E+01    0.934850098730311032E+02    0.449497228763501793E+08    0.116954784247671256E+03   -0.584773921238356280E+02
    0.117424707637015914E+03    0.114914667470785314E+01    0.927419732980319509E+02    0.595936903152954876E+08    0.116868224789920703E+03   -0.584341123949603514E+02
    0.813173456326182418E+02    0.115044450621016159E+01    0.959748076561097463E+02    0.130697038044261888E+09    0.116839872303298137E+03   -0.584199361516490683E+02
    0.108155825912606062E+03    0.115246129288665600E+01    0.941960342289740709E+02    0.332103446050767377E+08    0.116815734479060225E+03   -0.584078672395301126E+02
    0.960057370369380720E+02    0.114739214390684752E+01    0.920688222157944836E+02    0.760733051314197630E+08    0.116805493203552231E+03   -0.584027466017761157E+02
    0.880564625301145156E+02    0.114983777752562877E+01    0.924948636555385235E+02    0.345883096662851200E+08    0.116802340855661896E+03   -0.584011704278309480E+02
    0.109431806530758564E+03    0.114797434754967198E+01    0.946160181769558477E+02    0.841190416356381178E+08    0.116801580686083724E+03   -0.584007903430418622E+02
    0.973101647694696936E+02    0.114778282416653443E+01    0.994090828316831363E+02    0.314234448538073301E+08    0.116734910052956124E+03   -0.583674550264780621E+02
    0.935726798449754398E+02    0.114905471664576297E+01    0.918669270286285098E+02    0.373164533830212653E+08    0.116726983421369667E+03   -0.583634917106848334E+02
    0.704792670211664216E+02    0.115245827948448620E+01    0.972555140401095741E+02    0.416659546621913388E+08    0.116715616394279721E+03   -0.583578081971398603E+02
    0.562047439341918533E+02    0.115053930124823856E+01    0.998947339436773944E+02    0.604194446875130162E+08    0.116702147934568046E+03   -0.583510739672840231E+02
    0.114068366552600594E+03    0.115143592238983872E+01    0.935941093062995861E+02    0.366494053843369409E+08    0.116675932725514926E+03   -0.583379663627574629E+02
    0.112935745254025164E+03    0.115317110570766035E+01    0.983306427222485695E+02    0.847921966657573879E+08    0.116675084078833208E+03   -0.583375420394166042E+02
    0.109897167839643956E+03    0.114722327769789190E+01    0.984430262515103749E+02    0.362073896754975393E+08    0.116674094552980733E+03   -0.583370472764903667E+02
    0.918007662677884895E+02    0.114697641664921868E+01    0.941116537513196363E+02    0.826160404662097096E+08    0.116647601282393168E+03   -0.583238006411965841E+02
    0.668697837216860336E+02    0.114900667187439010E+01    0.944835132770461996E+02    0.622777752339595407E+08    0.116529131801332184E+03   -0.582645659006660921E+02
    0.957179649937001074E+02    0.114687652347835933E+01    0.947546573564188321E+02    0.821585060880353898E+08    0.116511364950412542E+03   -0.582556824752062710E+02
    0.859187245368957520E+02    0.115049821158514076E+01    0.924408197402954102E+02    0.105466275261441246E+09    0.116487715592700354E+03   -0.582438577963501771E+02
    0.105104845662481182E+03    0.114941162113316997E+01    0.957329676571934414E+02    0.115731094013479427E+09    0.116442496176287619E+03   -0.582212480881438097E+02
    0.100592985200228611E+03    0.114938516113751787E+01    0.942837243008604275E+02    0.317808499406639971E+08    0.116424734342309222E+03   -0.582123671711546109E+02
    0.803845371552969681E+02    0.114801154949000050E+01    0.945348438760495782E+02    0.955230590695775747E+08    0.116376284531687944E+03   -0.581881422658439718E+02
    0.803845371552969681E+02    0.114801154949000050E+01    0.945348438760495782E+02    0.955230590695775747E+08    0.116376284531687944E+03   -0.581881422658439718E+02
    0.126034428910698495E+03    0.114960504782383310E+01    0.988798963627306478E+02    0.392867766645074189E+08    0.116343207344402117E+03   -0.581716036722010585E+02
    0.117146788568397469E+03    0.115213106786757002E+01    0.968175371321924274E+02    0.770774707553959638E+08    0.116314240904701293E+03   -0.581571204523506466E+02
    0.110067860943145106E+03    0.115074597220875496E+01    0.918042428403261965E+02    0.715854391053992361E+08    0.116301744580183453E+03   -0.581508722900917263E+02
    0.841334933045123421E+02    0.114605640095528249E+01    0.985975928501792680E+02    0.764910680157301128E+08    0.116205085935178886E+03   -0.581025429675894429E+02
    0.744417250521286320E+02    0.115110146157183046E+01    0.932915912251117874E+02    0.886405300591040254E+08    0.116200412614151730E+03   -0.581002063070758652E+02
    0.737137141191836207E+02    0.115362350832046845E+01    0.950167338941344752E+02    0.574155601156861931E+08    0.116099504171209162E+03   -0.580497520856045810E+02
    0.102046343858666546E+03    0.115343876014419000E+01    0.959059238583121783E+02    0.390897100277714655E+08    0.116022313002072821E+03   -0.580111565010364103E+02
    0.102046343858666546E+03    0.115343876014419000E+01    0.959059238583121783E+02    0.390897100277714655E+08    0.116022313002072821E+03   -0.580111565010364103E+02
    0.622259911743724459E+02    0.115111202865781914E+01    0.966436679734698032E+02    0.685981461733552366E+08    0.115962441000661855E+03   -0.579812205003309273E+02
    0.622259911743724459E+02    0.115111202865781914E+01    0.966436679734698032E+02    0.685981461733552366E+08    0.115962441000661855E+03   -0.579812205003309273E+02
    0.976471710704171159E+02    0.114824763570870836E+01    0.942293125244963790E+02    0.403903324678288028E+08    0.115944275201936648E+03   -0.579721376009683240E+02
    0.648491098423878185E+02    0.115164961765130025E+01    0.964898932294752427E+02    0.517584597132571489E+08    0.115926780120950866E+03   -0.579633900604754331E+02
    0.648491098423878185E+02    0.115164961765130025E+01    0.964898932294752427E+02    0.517584597132571489E+08    0.115926780120950866E+03   -0.579633900604754331E+02
    0.995047049824701588E+02    0.115298548179922000E+01    0.934227099313789182E+02    0.482543004172833338E+08    0.115903574205811196E+03   -0.579517871029055982E+02
    0.822518792503285567E+02    0.115026765654955976E+01    0.942114384481141514E+02    0.115314315479821131E+09    0.115903450108768112E+03   -0.579517250543840561E+02
    0.881874808724889334E+02    0.114663753936930690E+01    0.972351239438314536E+02    0.858234343074360788E+08    0.115892243306342607E+03   -0.579461216531713035E+02
    0.967235197520771095E+02    0.114918308922538204E+01    0.918505564078959651E+02    0.457206829653168023E+08    0.115884932344748975E+03   -0.579424661723744876E+02
    0.910756087574147699E+02    0.114820482837696081E+01    0.933975223971068544E+02    0.470490969976471886E+08    0.115860644984330889E+03   -0.579303224921654447E+02
    0.910756087574147699E+02    0.114820482837696081E+01    0.933975223971068544E+02    0.470490969976471886E+08    0.115860644984330889E+03   -0.579303224921654447E+02
    0.654163685684875844E+02    0.115347218496891801E+01    0.991693508584810246E+02    0.543565094572213814E+08    0.115832949692863181E+03   -0.579164748464315906E+02
    0.801506329932322075E+02    0.114786912410882125E+01    0.932130381454540071E+02    0.590234051026760414E+08    0.115777747328524384E+03   -0.578888736642621922E+02
    0.820257958682595643E+02    0.115129479648960298E+01    0.961292068915281561E+02    0.121314620477511108E+09    0.115770258727582160E+03   -0.578851293637910800E+02
    0.920949893423059933E+02    0.115052812463739995E+01    0.918176124001257961E+02    0.424041175542470962E+08    0.115747886949590281E+03   -0.578739434747951407E+02
    0.101016238067080081E+03    0.114739272822515481E+01    0.952603173435904296E+02    0.817672361390674710E+08    0.115735749435489709E+03   -0.578678747177448543E+02
    0.733300304018702889E+02    0.115172144983448788E+01    0.958997837322256430E+02    0.103342140305515572E+09    0.115713285966656983E+03   -0.578566429833284914E+02
    0.733300304018702889E+02    0.115172144983448788E+01    0.958997837322256430E+02    0.103342140305515572E+09    0.115713285966656983E+03   -0.578566429833284914E+02
    0.115456134142463199E+03    0.114887622512621634E+01    0.958813102530593824E+02    0.763956037706803977E+08    0.115641716221732295E+03   -0.578208581108661477E+02
    0.115456134142463199E+03    0.114887622512621634E+01    0.958813102530593824E+02    0.763956037706803977E+08    0.115641716221732295E+03   -0.578208581108661477E+02
    0.628994372610949242E+02    0.114895869430166231E+01    0.988260154506335908E+02    0.588433191391115859E+08    0.115635864782315252E+03   -0.578179323911576262E+02
    0.628994372610949242E+02    0.114895869430166231E+01    0.988260154506335908E+02    0.588433191391115859E+08    0.115635864782315252E+03   -0.578179323911576262E+02
    0.760694633092282970E+02    0.114902580262017251E+01    0.925393019599067230E+02    0.624892381372468472E+08    0.115599770440896833E+03   -0.577998852204484166E+02
    0.760694633092282970E+02    0.114902580262017251E+01    0.925393019599067230E+02    0.624892381372468472E+08    0.115599770440896833E+03   -0.577998852204484166E+02
    0.810295814834934589E+02    0.114734351898740394E+01    0.952534789806569080E+02    0.649934364302211702E+08    0.115498273019011876E+03   -0.577491365095059379E+02
    0.923100935814022989E+02    0.115192617089973726E+01    0.925837747804861664E+02    0.823405741619771868E+08    0.115454321638418875E+03   -0.577271608192094376E+02
    0.866430680570329343E+02    0.114663586829239161E+01    0.966611765048099585E+02    0.563629900985467955E+08    0.115392058611267515E+03   -0.576960293056337576E+02
    0.800154986378617963E+02    0.114697599887300594E+01    0.997558636564479855E+02    0.112806135183946162E+09    0.115373333133625977E+03   -0.576866665668129883E+02
    0.800154986378617963E+02    0.114697599887300594E+01    0.997558636564479855E+02    0.112806135183946162E+09    0.115373333133625977E+03   -0.576866665668129883E+02
    0.907984127752596635E+02    0.115013554880564239E+01    0.905186682478183968E+02    0.504092664119512513E+08    0.115341709584519833E+03   -0.576708547922599166E+02
    0.109306927545965991E+03    0.114652286662223868E+01    0.993069442990765765E+02    0.531009463509291783E+08    0.115332863271246651E+03   -0.576664316356233257E+02
    0.109306927545965991E+03    0.114652286662223868E+01    0.993069442990765765E+02    0.531009463509291783E+08    0.115332863271246651E+03   -0.576664316356233257E+02
    0.108421991356191683E+03    0.114868514127905752E+01    0.975814529471765013E+02    0.328308991360206418E+08    0.115308664790323760E+03   -0.576543323951618802E+02
    0.108421991356191683E+03    0.114868514127905752E+01    0.975814529471765013E+02    0.328308991360206418E+08    0.115308664790323760E+03   -0.576543323951618802E+02
    0.972481564276365873E+02    0.114865386189751661E+01    0.940599279634230925E+02    0.435615044110564739E+08    0.115286063665374314E+03   -0.576430318326871571E+02
    0.972481564276365873E+02    0.114865386189751661E+01    0.940599279634230925E+02    0.435615044110564739E+08    0.115286063665374314E+03   -0.576430318326871571E+02
    0.926298005698040328E+02    0.115032146371169497E+01    0.906907920684046331E+02    0.742173001670117080E+08    0.115270157205922573E+03   -0.576350786029612863E+02
    0.926298005698040328E+02    0.115032146371169497E+01    0.906907920684046331E+02    0.742173001670117080E+08    0.115270157205922573E+03   -0.576350786029612863E+02
    0.924711768507141869E+02    0.115313836214754839E+01    0.978564975716714827E+02    0.346426042981083021E+08    0.115265373952271347E+03   -0.576326869761356733E+02
    0.906499307140442312E+02    0.114690461662053811E+01    0.958305777306765663E+02    0.645624408442575932E+08    0.115262500945634457E+03   -0.576312504728172286E+02
    0.885438290062624560E+02    0.114763794158562971E+01    0.967920156544220873E+02    0.997152902430637032E+08    0.115221952003558954E+03   -0.576109760017794770E+02
    0.100281414994561388E+03    0.115428954899852654E+01    0.992641171046803521E+02    0.470571963697646037E+08    0.115209424810590264E+03   -0.576047124052951318E+02
    0.120816421186611720E+03    0.115014590419201812E+01    0.983209880479395792E+02    0.371850732522092313E+08    0.115196150170110201E+03   -0.575980750850551004E+02
    0.806325185264321505E+02    0.114726785118253294E+01    0.961608423499963862E+02    0.613972980169275552E+08    0.115176343441790522E+03   -0.575881717208952608E+02
    0.806325185264321505E+02    0.114726785118253294E+01    0.961608423499963862E+02    0.613972980169275552E+08    0.115176343441790522E+03   -0.575881717208952608E+02
    0.999489331876755500E+02    0.114867998474788591E+01    0.919517242692211596E+02    0.512824493355834186E+08    0.115171061416983093E+03   -0.575855307084915466E+02
    0.999489331876755500E+02    0.114867998474788591E+01    0.919517242692211596E+02    0.512824493355834186E+08    0.115171061416983093E+03   -0.575855307084915466E+02
    0.110064448467300423E+03    0.115010263658572143E+01    0.945350622151998579E+02    0.441336563678644523E+08    0.115108221395396058E+03   -0.575541106976980288E+02
    0.973323799712742215E+02    0.115013808118497862E+01    0.899024668833904457E+02    0.547144587309716865E+08    0.115104483539559524E+03   -0.575522417697797621E+02
    0.105491541410870440E+03    0.115071120118595815E+01    0.937916913089893569E+02    0.418145237581815645E+08    0.115075631742603690E+03   -0.575378158713018450E+02
    0.105491541410870440E+03    0.115071120118595815E+01    0.937916913089893569E+02    0.418145237581815645E+08    0.115075631742603690E+03   -0.575378158713018450E+02
    0.946243677256610169E+02    0.114791293712847597E+01    0.936022126179438203E+02    0.749743596342585087E+08    0.115027678999052000E+03   -0.575138394995260001E+02
    0.946243677256610169E+02    0.114791293712847597E+01    0.936022126179438203E+02    0.749743596342585087E+08    0.115027678999052000E+03   -0.575138394995260001E+02
    0.893665888761246094E+02    0.115141936771315923E+01    0.984134844137315952E+02    0.126640427118804306E+09    0.115022035304841026E+03   -0.575110176524205130E+02
    0.933108896540298929E+02    0.114717073440260942E+01    0.949524737628279922E+02    0.591079376209265292E+08    0.115011286014782939E+03   -0.575056430073914697E+02
    0.684911950677156369E+02    0.115104013407805073E+01    0.951445019264169503E+02    0.555276135737525299E+08    0.114916904897673959E+03   -0.574584524488369794E+02
    0.684911950677156369E+02    0.115104013407805073E+01    0.951445019264169503E+02    0.555276135737525299E+08    0.114916904897673959E+03   -0.574584524488369794E+02
    0.879236534436886643E+02    0.114970257510536600E+01    0.904068036813057176E+02    0.546224992311393097E+08    0.114878347371840619E+03   -0.574391736859203093E+02
    0.879236534436886643E+02    0.114970257510536600E+01    0.904068036813057176E+02    0.546224992311393097E+08    0.114878347371840619E+03   -0.574391736859203093E+02
    0.903435133359982956E+02    0.114816937470933067E+01    0.928144502600710695E+02    0.609654966176411361E+08    0.114870631047899934E+03   -0.574353155239499671E+02
    0.903435133359982956E+02    0.114816937470933067E+01    0.928144502600710695E+02    0.609654966176411361E+08    0.114870631047899934E+03   -0.574353155239499671E+02
    0.115446439359035935E+03    0.114863893281567075E+01    0.984906624853867640E+02    0.429958731142763793E+08    0.114860975371659791E+03   -0.574304876858298954E+02
    0.686427405812187033E+02    0.114962046485949809E+01    0.965135407648960069E+02    0.816271241902785003E+08    0.114849433749074564E+03   -0.574247168745372818E+02
    0.816420461797638524E+02    0.114793643710371773E+01    0.947007215273006722E+02    0.650711560434147790E+08    0.114839454854253688E+03   -0.574197274271268441E+02
    0.816420461797638524E+02    0.114793643710371773E+01    0.947007215273006722E+02    0.650711560434147790E+08    0.114839454854253688E+03   -0.574197274271268441E+02
    0.107835275739908226E+03    0.115280053943708527E+01    0.962205103974016538E+02    0.706711851254319847E+08    0.114833616872466393E+03   -0.574168084362331967E+02
    0.107835275739908226E+03    0.115280053943708527E+01    0.962205103974016538E+02    0.706711851254319847E+08    0.114833616872466393E+03   -0.574168084362331967E+02
    0.629238166873456848E+02    0.115094522341633843E+01    0.994349283993839208E+02    0.833817979515650570E+08    0.114809381771686333E+03   -0.574046908858431664E+02
    0.629238166873456848E+02    0.115094522341633843E+01    0.994349283993839208E+02    0.833817979515650570E+08    0.114809381771686333E+03   -0.574046908858431664E+02
    0.117323823421567070E+03    0.115145317961503091E+01    0.983376851407315513E+02    0.367103283309438676E+08    0.114805081329532442E+03   -0.574025406647662209E+02
    0.956918357525542973E+02    0.114965507423631386E+01    0.943298336604610199E+02    0.379005746821996123E+08    0.114801881577549551E+03   -0.574009407887747756E+02
    0.956918357525542973E+02    0.114965507423631386E+01    0.943298336604610199E+02    0.379005746821996123E+08    0.114801881577549551E+03   -0.574009407887747756E+02
    0.106779437319386446E+03    0.115245611503385592E+01    0.964366221805803292E+02    0.434640539561987072E+08    0.114739500885934433E+03   -0.573697504429672165E+02
    0.106779437319386446E+03    0.115245611503385592E+01    0.964366221805803292E+02    0.434640539561987072E+08    0.114739500885934433E+03   -0.573697504429672165E+02
    0.963761196490133472E+02    0.114637078323479491E+01    0.990040452833083009E+02    0.542262335670028031E+08    0.114731378231385946E+03   -0.573656891156929731E+02
    0.963761196490133472E+02    0.114637078323479491E+01    0.990040452833083009E+02    0.542262335670028031E+08    0.114731378231385946E+03   -0.573656891156929731E+02
    0.102623495561428328E+03    0.115208003747834375E+01    0.970269380927378222E+02    0.918204514115469307E+08    0.114716431476461111E+03   -0.573582157382305553E+02
    0.106431364849436079E+03    0.115031232847425402E+01    0.980645428285984053E+02    0.110279616395026013E+09    0.114701528532395940E+03   -0.573507642661979702E+02
    0.106431364849436079E+03    0.115031232847425402E+01    0.980645428285984053E+02    0.110279616395026013E+09    0.114701528532395940E+03   -0.573507642661979702E+02
    0.102694340255980734E+03    0.115088467137273120E+01    0.928299957624402765E+02    0.740278554980983734E+08    0.114699380188454427E+03   -0.573496900942272134E+02
    0.102694340255980734E+03    0.115088467137273120E+01    0.928299957624402765E+02    0.740278554980983734E+08    0.114699380188454427E+03   -0.573496900942272134E+02
    0.936199089194013681E+02    0.114949762072007289E+01    0.981592979435765756E+02    0.124163556206061378E+09    0.114673921774009713E+03   -0.573369608870048566E+02
    0.102433305798440912E+03    0.114801078357097230E+01    0.938052925661451837E+02    0.566495117470385730E+08    0.114650784975609525E+03   -0.573253924878047627E+02
    0.906583266742495368E+02    0.114907234801278446E+01    0.942962045620330542E+02    0.458047817911577225E+08    0.114614832868570460E+03   -0.573074164342852299E+02
    0.115717812115173032E+03    0.115170837862034392E+01    0.986915120390635252E+02    0.357085871471550688E+08    0.114588337583450965E+03   -0.572941687917254825E+02
    0.115717812115173032E+03    0.115170837862034392E+01    0.986915120390635252E+02    0.357085871471550688E+08    0.114588337583450965E+03   -0.572941687917254825E+02
    0.103728895382939285E+03    0.115191003425253680E+01    0.992297904200867720E+02    0.112920063411154285E+09    0.114581513157593207E+03   -0.572907565787966035E+02
    0.733466874017047701E+02    0.115160667995279575E+01    0.993977896226174380E+02    0.418817417337815613E+08    0.114561720673715158E+03   -0.572808603368575788E+02
    0.733466874017047701E+02    0.115160667995279575E+01    0.993977896226174380E+02    0.418817417337815613E+08    0.114561720673715158E+03   -0.572808603368575788E+02
    0.919746316700009174E+02    0.115261871121924719E+01    0.995548301728400986E+02    0.329025114241066650E+08    0.114524587500777571E+03   -0.572622937503887854E+02
    0.919746316700009174E+02    0.115261871121924719E+01    0.995548301728400986E+02    0.329025114241066650E+08    0.114524587500777571E+03   -0.572622937503887854E+02
    0.770142697766134745E+02    0.114872411161259058E+01    0.975112091543320219E+02    0.103039730993842989E+09    0.114504620908152020E+03   -0.572523104540760102E+02
    0.770142697766134745E+02    0.114872411161259058E+01    0.975112091543320219E+02    0.103039730993842989E+09    0.114504620908152020E+03   -0.572523104540760102E+02
    0.896108655484659806E+02    0.114676814680874628E+01    0.981177840899524796E+02    0.638560185715257227E+08    0.114492483054484239E+03   -0.572462415272421197E+02
    0.825395956688688415E+02    0.114898261314703554E+01    0.957401292467304188E+02    0.949021243819634616E+08    0.114477799837078834E+03   -0.572388999185394169E+02
    0.825395956688688415E+02    0.114898261314703554E+01    0.957401292467304188E+02    0.949021243819634616E+08    0.114477799837078834E+03   -0.572388999185394169E+02
    0.667453506306033262E+02    0.115134488512787581E+01    0.995526901994418125E+02    0.940231941089833975E+08    0.114469545975714908E+03   -0.572347729878574540E+02
    0.101598256333881693E+03    0.115064088843874246E+01    0.945854580464529420E+02    0.388459124921052754E+08    0.114463519963617472E+03   -0.572317599818087359E+02
    0.811103775809437337E+02    0.115029052320756731E+01    0.999555633120017291E+02    0.342477178132058457E+08    0.114450657698981729E+03   -0.572253288494908645E+02
    0.811103775809437337E+02    0.115029052320756731E+01    0.999555633120017291E+02    0.342477178132058457E+08    0.114450657698981729E+03   -0.572253288494908645E+02
    0.913419382610729258E+02    0.114801289439682130E+01    0.989138658726255642E+02    0.392433754929931685E+08    0.114444208327984427E+03   -0.572221041639922134E+02
    0.913419382610729258E+02    0.114801289439682130E+01    0.989138658726255642E+02    0.392433754929931685E+08    0.114444208327984427E+03   -0.572221041639922134E+02
    0.114281776989390323E+03    0.115148040685373432E+01    0.979174467940911626E+02    0.378758233444460332E+08    0.114431391687652336E+03   -0.572156958438261682E+02
    0.952757835992830877E+02    0.114991331921106155E+01    0.910642878683894992E+02    0.532652728477704972E+08    0.114402331195644010E+03   -0.572011655978220048E+02
    0.749219117847923997E+02    0.114993359744147639E+01    0.945402572033031987E+02    0.782519745684806108E+08    0.114382782227386826E+03   -0.571913911136934132E+02
    0.105126061409302721E+03    0.115180982238572516E+01    0.943875301054707734E+02    0.707933682641724050E+08    0.114370679012981839E+03   -0.571853395064909193E+02
    0.101131784983996383E+03    0.114797664547214850E+01    0.971531524509543658E+02    0.863410439586547464E+08    0.114350175158808625E+03   -0.571750875794043125E+02
    0.101131784983996383E+03    0.114797664547214850E+01    0.971531524509543658E+02    0.863410439586547464E+08    0.114350175158808625E+03   -0.571750875794043125E+02
    0.113736420876010484E+03    0.114890085051574076E+01    0.973933890637273691E+02    0.761393697688970715E+08    0.114339739277437687E+03   -0.571698696387188434E+02
    0.781535396699572544E+02    0.115148683025262244E+01    0.964511272569782818E+02    0.958675131999171674E+08    0.114336316934795462E+03   -0.571681584673977312E+02
    0.100562298140530899E+03    0.115084473172935509E+01    0.971004048620490323E+02    0.105947421523729086E+09    0.114332254639940885E+03   -0.571661273199704425E+02
    0.890482310950871323E+02    0.114976424918641262E+01    0.943836498606702889E+02    0.449946860984700546E+08    0.114322776067503781E+03   -0.571613880337518907E+02
    0.105433208273859989E+03    0.114826631861639417E+01    0.991402124416751747E+02    0.364472851116929576E+08    0.114309979316692704E+03   -0.571549896583463521E+02
    0.105433208273859989E+03    0.114826631861639417E+01    0.991402124416751747E+02    0.364472851116929576E+08    0.114309979316692704E+03   -0.571549896583463521E+02
    0.101245871990935072E+03    0.115157297087496313E+01    0.944477389911087926E+02    0.786605264367181808E+08    0.114299187670430712E+03   -0.571495938352153559E+02
    0.101245871990935072E+03    0.115157297087496313E+01    0.944477389911087926E+02    0.786605264367181808E+08    0.114299187670430712E+03   -0.571495938352153559E+02
    0.974063656220544658E+02    0.114984446947952024E+01    0.937086288310067062E+02    0.473206952516226768E+08    0.114245155053169270E+03   -0.571225775265846352E+02
    0.121203152052936176E+03    0.114914914737024354E+01    0.994929353158870100E+02    0.621548667985887006E+08    0.114233394145230221E+03   -0.571166970726151106E+02
    0.121203152052936176E+03    0.114914914737024354E+01    0.994929353158870100E+02    0.621548667985887006E+08    0.114233394145230221E+03   -0.571166970726151106E+02
    0.734502834692269033E+02    0.114946486607496645E+01    0.978146130492266082E+02    0.990577698806569576E+08    0.114227342494406741E+03   -0.571136712472033707E+02
    0.734502834692269033E+02    0.114946486607496645E+01    0.978146130492266082E+02    0.990577698806569576E+08    0.114227342494406741E+03   -0.571136712472033707E+02
    0.113072755428579839E+03    0.115291038976430227E+01    0.994199436094314279E+02    0.663375630432742015E+08    0.114218029564713106E+03   -0.571090147823565530E+02
    0.817224976227187625E+02    0.114830642049675657E+01    0.955275422202308278E+02    0.784387531001854539E+08    0.114122884168169492E+03   -0.570614420840847458E+02
    0.119330713362313872E+03    0.114950766358909418E+01    0.996458147064813460E+02    0.472167072351406589E+08    0.114122429578092678E+03   -0.570612147890463390E+02
    0.119330713362313872E+03    0.114950766358909418E+01    0.996458147064813460E+02    0.472167072351406589E+08    0.114122429578092678E+03   -0.570612147890463390E+02
    0.101210902904982916E+03    0.114810061210097669E+01    0.967944112066924589E+02    0.823740484487623572E+08    0.114017006066045099E+03   -0.570085030330225493E+02
    0.101210902904982916E+03    0.114810061210097669E+01    0.967944112066924589E+02    0.823740484487623572E+08    0.114017006066045099E+03   -0.570085030330225493E+02
    0.833182261798017407E+02    0.115124164360383152E+01    0.975604894653268104E+02    0.115178802665640727E+09    0.113975432059620573E+03   -0.569877160298102865E+02
    0.879443988245635637E+02    0.115166988900252143E+01    0.960798208214706477E+02    0.414044002434872910E+08    0.113957550687938550E+03   -0.569787753439692750E+02
    0.879443988245635637E+02    0.115166988900252143E+01    0.960798208214706477E+02    0.414044002434872910E+08    0.113957550687938550E+03   -0.569787753439692750E+02
    0.700265418936170221E+02    0.115084215153819436E+01    0.986620329917576413E+02    0.902040420251701027E+08    0.113947117340879998E+03   -0.569735586704399992E+02
    0.770349072213119683E+02    0.114815941965635315E+01    0.976963416520700605E+02    0.813157046154617369E+08    0.113925145756703898E+03   -0.569625728783519492E+02
    0.107706954236637102E+03    0.114707584908207560E+01    0.992451049027387739E+02    0.557739226672457755E+08    0.113921371225180749E+03   -0.569606856125903747E+02
    0.102955228627917222E+03    0.115098634082151707E+01    0.986545995276643879E+02    0.319520019774956629E+08    0.113894292126126103E+03   -0.569471460630630517E+02
    0.102955228627917222E+03    0.115098634082151707E+01    0.986545995276643879E+02    0.319520019774956629E+08    0.113894292126126103E+03   -0.569471460630630517E+02
    0.904532269843960961E+02    0.114889325419456401E+01    0.936396751888766659E+02    0.741284050222585350E+08    0.113867951294511613E+03   -0.569339756472558065E+02
    0.904532269843960961E+02    0.114889325419456401E+01    0.936396751888766659E+02    0.741284050222585350E+08    0.113867951294511613E+03   -0.569339756472558065E+02
    0.865559268041083669E+02    0.115148916077851426E+01    0.926642519423031388E+02    0.584422549583926722E+08    0.113865983438163823E+03   -0.569329917190819117E+02
    0.865559268041083669E+02    0.115148916077851426E+01    0.926642519423031388E+02    0.584422549583926722E+08    0.113865983438163823E+03   -0.569329917190819117E+02
    0.105561864619760968E+03    0.115210009500281840E+01    0.973476696359834648E+02    0.416923917245120481E+08    0.113856877232849911E+03   -0.569284386164249554E+02
    0.703352788389395869E+02    0.114896511869697560E+01    0.978205856594987324E+02    0.737631905187709183E+08    0.113839761300691436E+03   -0.569198806503457178E+02
    0.108862788072016869E+03    0.114823509518146505E+01    0.978411122885853359E+02    0.768127892651931643E+08    0.113839638926954052E+03   -0.569198194634770260E+02
    0.824565948726433078E+02    0.115094139632870096E+01    0.932498231848113051E+02    0.713954514469636679E+08    0.113828212761744012E+03   -0.569141063808720062E+02
    0.973789311882202639E+02    0.114852044691004385E+01    0.953544735244528994E+02    0.796968884591289908E+08    0.113816442600254490E+03   -0.569082213001272450E+02
    0.943446725202571628E+02    0.114689436251404286E+01    0.984960296351324160E+02    0.573861598358029202E+08    0.113801313808881247E+03   -0.569006569044406234E+02
    0.846654250417542613E+02    0.115425916716218890E+01    0.994510677556472587E+02    0.593922726230074912E+08    0.113792806206949194E+03   -0.568964031034745972E+02
    0.724817602226992221E+02    0.114837526937881718E+01    0.981402573665014160E+02    0.720634898838433027E+08    0.113792253544270196E+03   -0.568961267721350978E+02
    0.100159350481631094E+03    0.115245549030956829E+01    0.954902822672474798E+02    0.723997489521420598E+08    0.113788233733752222E+03   -0.568941168668761108E+02
    0.100159350481631094E+03    0.115245549030956829E+01    0.954902822672474798E+02    0.723997489521420598E+08    0.113788233733752222E+03   -0.568941168668761108E+02
    0.972588226519380328E+02    0.114959558228068315E+01    0.969908535641261693E+02    0.101430661812701449E+09    0.113783311898335867E+03   -0.568916559491679337E+02
    0.679204931683274822E+02    0.114923186297243585E+01    0.989748551931904643E+02    0.758025986432981491E+08    0.113727024486329753E+03   -0.568635122431648767E+02
    0.737185961398350003E+02    0.115309730291656143E+01    0.989100001977941190E+02    0.636590958579813018E+08    0.113700217230452964E+03   -0.568501086152264818E+02
    0.737185961398350003E+02    0.115309730291656143E+01    0.989100001977941190E+02    0.636590958579813018E+08    0.113700217230452964E+03   -0.568501086152264818E+02
    0.851064543578141439E+02    0.114783600687302578E+01    0.960120349482777442E+02    0.555919168372639492E+08    0.113695112420752281E+03   -0.568475562103761405E+02
    0.851064543578141439E+02    0.114783600687302578E+01    0.960120349482777442E+02    0.555919168372639492E+08    0.113695112420752281E+03   -0.568475562103761405E+02
    0.731697389898356931E+02    0.114936084932410587E+01    0.965551594897787169E+02    0.759192506320834905E+08    0.113688923685308708E+03   -0.568444618426543542E+02
    0.996973036277504434E+02    0.115095306477046444E+01    0.945437339612262235E+02    0.780212429171768278E+08    0.113675254739145657E+03   -0.568376273695728287E+02
    0.996973036277504434E+02    0.115095306477046444E+01    0.945437339612262235E+02    0.780212429171768278E+08    0.113675254739145657E+03   -0.568376273695728287E+02
    0.114910435068368386E+03    0.115103490758648541E+01    0.979763687755941959E+02    0.492523509869033322E+08    0.113589667116272722E+03   -0.567948335581363608E+02
    0.114910435068368386E+03    0.115103490758648541E+01    0.979763687755941959E+02    0.492523509869033322E+08    0.113589667116272722E+03   -0.567948335581363608E+02
    0.794889743094410477E+02    0.115000019801465303E+01    0.953315855161185084E+02    0.822594434288196862E+08    0.113587963587137750E+03   -0.567939817935688751E+02
    0.714211572156516610E+02    0.115083199316914464E+01    0.997716606155259029E+02    0.107837062963309288E+09    0.113551217652087232E+03   -0.567756088260436158E+02
    0.714211572156516610E+02    0.115083199316914464E+01    0.997716606155259029E+02    0.107837062963309288E+09    0.113551217652087232E+03   -0.567756088260436158E+02
    0.877213158717902814E+02    0.115047750655555614E+01    0.974526744401410525E+02    0.114046459963432103E+09    0.113538657170418688E+03   -0.567693285852093439E+02
    0.877213158717902814E+02    0.115047750655555614E+01    0.974526744401410525E+02    0.114046459963432103E+09    0.113538657170418688E+03   -0.567693285852093439E+02
    0.112367190961045168E+03    0.114950512824575735E+01    0.971346144101227225E+02    0.494451789234814420E+08    0.113517781751902817E+03   -0.567588908759514084E+02
    0.112367190961045168E+03    0.114950512824575735E+01    0.971346144101227225E+02    0.494451789234814420E+08    0.113517781751902817E+03   -0.567588908759514084E+02
    0.828546323734956900E+02    0.115124832296409729E+01    0.939347285871615725E+02    0.703680865568570942E+08    0.113495290167164001E+03   -0.567476450835820003E+02
    0.789973542360228862E+02    0.114861094333822544E+01    0.961325761341929308E+02    0.691828568985207081E+08    0.113477051401243841E+03   -0.567385257006219206E+02
    0.789973542360228862E+02    0.114861094333822544E+01    0.961325761341929308E+02    0.691828568985207081E+08    0.113477051401243841E+03   -0.567385257006219206E+02
    0.768487397336632085E+02    0.115133695960925730E+01    0.950501260152756942E+02    0.585419107861042246E+08    0.113455430462786822E+03   -0.567277152313934110E+02
    0.932084139778381058E+02    0.115130424159081768E+01    0.947557617927541855E+02    0.800913579136035889E+08    0.113453891206105055E+03   -0.567269456030525276E+02
    0.932084139778381058E+02    0.115130424159081768E+01    0.947557617927541855E+02    0.800913579136035889E+08    0.113453891206105055E+03   -0.567269456030525276E+02
    0.769733022227123627E+02    0.115278976670024003E+01    0.973868444739086101E+02    0.695415876850084215E+08    0.113447074504610498E+03   -0.567235372523052490E+02
    0.916149046257484798E+02    0.114997612605967348E+01    0.991178671193278831E+02    0.120697397709481657E+09    0.113445840931659006E+03   -0.567229204658295032E+02
    0.110540081315269262E+03    0.115045714714443381E+01    0.962016456679908316E+02    0.639621854453437030E+08    0.113403528209228568E+03   -0.567017641046142842E+02
    0.936830964944121689E+02    0.115124569441933344E+01    0.937035118051304607E+02    0.713484567356056273E+08    0.113385717240081590E+03   -0.566928586200407949E+02
    0.882220882056987250E+02    0.115175089513646167E+01    0.979883175662387060E+02    0.102606479710548669E+09    0.113380012157931333E+03   -0.566900060789656663E+02
    0.882220882056987250E+02    0.115175089513646167E+01    0.979883175662387060E+02    0.102606479710548669E+09    0.113380012157931333E+03   -0.566900060789656663E+02
    0.108398198476095104E+03    0.114887127630052155E+01    0.998557155029979810E+02    0.900256758847380579E+08    0.113376356102979486E+03   -0.566881780514897429E+02
    0.108398198476095104E+03    0.114887127630052155E+01    0.998557155029979810E+02    0.900256758847380579E+08    0.113376356102979486E+03   -0.566881780514897429E+02
    0.969661192877334628E+02    0.115007013673017955E+01    0.934090356071225898E+02    0.629217394299790189E+08    0.113374398910889354E+03   -0.566871994554446772E+02
    0.913821860831009758E+02    0.115180389853101661E+01    0.986355899653787702E+02    0.360730166415033713E+08    0.113365184401314735E+03   -0.566825922006573677E+02
    0.913821860831009758E+02    0.115180389853101661E+01    0.986355899653787702E+02    0.360730166415033713E+08    0.113365184401314735E+03   -0.566825922006573677E+02
    0.888108510626149581E+02    0.115273994913975741E+01    0.987997560722656516E+02    0.428276918734582961E+08    0.113364708039812427E+03   -0.566823540199062137E+02
    0.963279259428242369E+02    0.115342627787715091E+01    0.970288404364837049E+02    0.561288880062888488E+08    0.113356966582799032E+03   -0.566784832913995160E+02
    0.940129184317428610E+02    0.115347089923428814E+01    0.982851190815076166E+02    0.740359519903226942E+08    0.113350213306218365E+03   -0.566751066531091823E+02
    0.898883314789091941E+02    0.114858497778613100E+01    0.949757540160266842E+02    0.664952231841047928E+08    0.113299175327267022E+03   -0.566495876636335112E+02
    0.898883314789091941E+02    0.114858497778613100E+01    0.949757540160266842E+02    0.664952231841047928E+08    0.113299175327267022E+03   -0.566495876636335112E+02
    0.998942305996103386E+02    0.114808261935891576E+01    0.979845471651527191E+02    0.487474136929370612E+08    0.113284560223881783E+03   -0.566422801119408916E+02
    0.998942305996103386E+02    0.114808261935891576E+01    0.979845471651527191E+02    0.487474136929370612E+08    0.113284560223881783E+03   -0.566422801119408916E+02
    0.900503240212065776E+02    0.114983641097783074E+01    0.930105529435292908E+02    0.531977701572555974E+08    0.113266379963455648E+03   -0.566331899817278241E+02
    0.992393557485529385E+02    0.114972276071220914E+01    0.964153712750254073E+02    0.434470033004202992E+08    0.113265850195739262E+03   -0.566329250978696308E+02
    0.956573964481595311E+02    0.114945584570465020E+01    0.972957655954537870E+02    0.397376714003577605E+08    0.113265357750692800E+03   -0.566326788753464001E+02
    0.958085043381628765E+02    0.115033278571426023E+01    0.964659098696308348E+02    0.405551553679318726E+08    0.113256050195332875E+03   -0.566280250976664377E+02
    0.776931195732692856E+02    0.115014738856136822E+01    0.987394176499558824E+02    0.112298312247872591E+09    0.113246278832780774E+03   -0.566231394163903872E+02
    0.776931195732692856E+02    0.115014738856136822E+01    0.987394176499558824E+02    0.112298312247872591E+09    0.113246278832780774E+03   -0.566231394163903872E+02
    0.735342363381534483E+02    0.115027163928454002E+01    0.997535817563128546E+02    0.112177353273749143E+09    0.113235861679904943E+03   -0.566179308399524714E+02
    0.735342363381534483E+02    0.115027163928454002E+01    0.997535817563128546E+02    0.112177353273749143E+09    0.113235861679904943E+03   -0.566179308399524714E+02
    0.812955785460513454E+02    0.114987763034894330E+01    0.989722219299166710E+02    0.420059666445501372E+08    0.113224785678145480E+03   -0.566123928390727400E+02
    0.825687872193108632E+02    0.115379883751094336E+01    0.990779385439445406E+02    0.553898227594871670E+08    0.113203306823520876E+03   -0.566016534117604380E+02
    0.813276949069910984E+02    0.115068963517993383E+01    0.992350707202957096E+02    0.117553282370005280E+09    0.113194775085199495E+03   -0.565973875425997477E+02
    0.908598906831187634E+02    0.115088490273876176E+01    0.937533862460814760E+02    0.649195934192552865E+08    0.113172651467009459E+03   -0.565863257335047294E+02
    0.987759290695494059E+02    0.114785086869252839E+01    0.972006577300334840E+02    0.637054939436764270E+08    0.113169653448857076E+03   -0.565848267244285381E+02
    0.107914305260465540E+03    0.114869044654731711E+01    0.995921870025442075E+02    0.860185594771624207E+08    0.113165461259653554E+03   -0.565827306298267771E+02
    0.112414082676209276E+03    0.115169984860493102E+01    0.985103146466409783E+02    0.669814616815343723E+08    0.113161553514467414E+03   -0.565807767572337070E+02
    0.927099924869662289E+02    0.114864590184807569E+01    0.971813406452712343E+02    0.869284662381777167E+08    0.113146286941074152E+03   -0.565731434705370759E+02
    0.927099924869662289E+02    0.114864590184807569E+01    0.971813406452712343E+02    0.869284662381777167E+08    0.113146286941074152E+03   -0.565731434705370759E+02
    0.731814601016466924E+02    0.115223149948330272E+01    0.980339869202149146E+02    0.584149666382383406E+08    0.113126664772308928E+03   -0.565633323861544639E+02
    0.731814601016466924E+02    0.115223149948330272E+01    0.980339869202149146E+02    0.584149666382383406E+08    0.113126664772308928E+03   -0.565633323861544639E+02
    0.928850071703254656E+02    0.114922899372895415E+01    0.964697982313541900E+02    0.468197388244892806E+08    0.113123644086259134E+03   -0.565618220431295669E+02
    0.865893667462145089E+02    0.114878748253650431E+01    0.946993081976878841E+02    0.565198919288357645E+08    0.113118675518114983E+03   -0.565593377590574917E+02
    0.753685850367581054E+02    0.115043981218019065E+01    0.962652646300765440E+02    0.642242612738356367E+08    0.113104165527329485E+03   -0.565520827636647425E+02
    0.107731892783045780E+03    0.114846846733309071E+01    0.971449595829457024E+02    0.596095792765166834E+08    0.113080318641188541E+03   -0.565401593205942703E+02
    0.107731892783045780E+03    0.114846846733309071E+01    0.971449595829457024E+02    0.596095792765166834E+08    0.113080318641188541E+03   -0.565401593205942703E+02
    0.922798092803986094E+02    0.115336237417172827E+01    0.979944228243965938E+02    0.675446033561751992E+08    0.113074490755000070E+03   -0.565372453775000352E+02
    0.107804049779142289E+03    0.114924350158066280E+01    0.988699951023558299E+02    0.424653787559473440E+08    0.113057719031615946E+03   -0.565288595158079730E+02
    0.831020665245852683E+02    0.115282369043302690E+01    0.970974939228383960E+02    0.644972890544419587E+08    0.113040142404103563E+03   -0.565200712020517813E+02
    0.831020665245852683E+02    0.115282369043302690E+01    0.970974939228383960E+02    0.644972890544419587E+08    0.113040142404103563E+03   -0.565200712020517813E+02
    0.107708960557132968E+03    0.114748462598433654E+01    0.997468594511204998E+02    0.563727741918686256E+08    0.113038643819171384E+03   -0.565193219095856918E+02
    0.911867785491387792E+02    0.115101866000059894E+01    0.990449267610805038E+02    0.356217818887258023E+08    0.113029569049005389E+03   -0.565147845245026943E+02
    0.826048625670863004E+02    0.115013564828394022E+01    0.974586422888433361E+02    0.955372319319758862E+08    0.113021799429159501E+03   -0.565108997145797503E+02
    0.981957681087507837E+02    0.115280034524700525E+01    0.997582907591188217E+02    0.417555158683585599E+08    0.112992780138758860E+03   -0.564963900693794301E+02
    0.981957681087507837E+02    0.115280034524700525E+01    0.997582907591188217E+02    0.417555158683585599E+08    0.112992780138758860E+03   -0.564963900693794301E+02
    0.100778953516979300E+03    0.115321326085904419E+01    0.986047260169523554E+02    0.628668364904922619E+08    0.112975626668995119E+03   -0.564878133344975595E+02
    0.996260065013079412E+02    0.114948231335370554E+01    0.945460673034085630E+02    0.515589773844550326E+08    0.112959256920127004E+03   -0.564796284600635019E+02
    0.829427885210948403E+02    0.115263140450805301E+01    0.979929303871787027E+02    0.811401284715161324E+08    0.112942322396929413E+03   -0.564711611984647064E+02
    0.895444023682286030E+02    0.115194110667020522E+01    0.978512593764748857E+02    0.437528016172381043E+08    0.112931656993297494E+03   -0.564658284966487471E+02
    0.895444023682286030E+02    0.115194110667020522E+01    0.978512593764748857E+02    0.437528016172381043E+08    0.112931656993297494E+03   -0.564658284966487471E+02
    0.977208597564141144E+02    0.115329911654272710E+01    0.986085072821947364E+02    0.658523085889174640E+08    0.112929057064681231E+03   -0.564645285323406156E+02
    0.753166666952117936E+02    0.114906186873639360E+01    0.974145172888141104E+02    0.709775640864811093E+08    0.112912740589472492E+03   -0.564563702947362458E+02
    0.903672047067128830E+02    0.115176722467756010E+01    0.943621795368843408E+02    0.585258287393049523E+08    0.112912064141175279E+03   -0.564560320705876393E+02
    0.873310431637835052E+02    0.115325958194094547E+01    0.975458041866025241E+02    0.580450649811266586E+08    0.112891265869663783E+03   -0.564456329348318917E+02
    0.752846702775550654E+02    0.114976182052847742E+01    0.998352801659481059E+02    0.105991029961747423E+09    0.112889002676852726E+03   -0.564445013384263632E+02
    0.889307453759358424E+02    0.114804224069619543E+01    0.979705691004465962E+02    0.811450062183818519E+08    0.112888837859154876E+03   -0.564444189295774379E+02
    0.916229817842282586E+02    0.115008235386137359E+01    0.932825221115002563E+02    0.551178871788201630E+08    0.112880606869165405E+03   -0.564403034345827024E+02
    0.855913345505666996E+02    0.115126407331134373E+01    0.969815888486232893E+02    0.874119540208842307E+08    0.112853168537681427E+03   -0.564265842688407133E+02
    0.810789779011971348E+02    0.115202315418592982E+01    0.968312164362196768E+02    0.775986646441501677E+08    0.112840547084628980E+03   -0.564202735423144901E+02
    0.788177788939200497E+02    0.115166985256945376E+01    0.963930906992056435E+02    0.737574316783326417E+08    0.112815529828849179E+03   -0.564077649144245896E+02
    0.913100492236892194E+02    0.115138032668254597E+01    0.992761600436067795E+02    0.367358659969675466E+08    0.112783197621388325E+03   -0.563915988106941626E+02
    0.117612729944160861E+03    0.114987228671106578E+01    0.999989805908000307E+02    0.621068121795879677E+08    0.112777757238434930E+03   -0.563888786192174649E+02
    0.789744929227629058E+02    0.115071795722869785E+01    0.966614698149232368E+02    0.508597901592622623E+08    0.112750024521987513E+03   -0.563750122609937563E+02
    0.979449448797720947E+02    0.115201438593000072E+01    0.979509897632381552E+02    0.834918114334703833E+08    0.112737320167060432E+03   -0.563686600835302158E+02
    0.979449448797720947E+02    0.115201438593000072E+01    0.979509897632381552E+02    0.834918114334703833E+08    0.112737320167060432E+03   -0.563686600835302158E+02
    0.105967891369438846E+03    0.115095289114248600E+01    0.994043931125643212E+02    0.363907818356311396E+08    0.112711518013751146E+03   -0.563557590068755729E+02
    0.941515417622662056E+02    0.114897845264740717E+01    0.996890805145025212E+02    0.396094400662485361E+08    0.112689811992713260E+03   -0.563449059963566299E+02
    0.866170657870402607E+02    0.114885172196234486E+01    0.955318372689737600E+02    0.543618694694346488E+08    0.112598854812529012E+03   -0.562994274062645061E+02
    0.882798964144354699E+02    0.115086094398205097E+01    0.943219024904885117E+02    0.526811250191985145E+08    0.112597421227289431E+03   -0.562987106136447153E+02
    0.882798964144354699E+02    0.115086094398205097E+01    0.943219024904885117E+02    0.526811250191985145E+08    0.112597421227289431E+03   -0.562987106136447153E+02
    0.785098015182616820E+02    0.115033096823203440E+01    0.979821479331104115E+02    0.868215593895554096E+08    0.112596188039357898E+03   -0.562980940196789490E+02
    0.109871886253536715E+03    0.114956839626160701E+01    0.969719810368578408E+02    0.584224202291002125E+08    0.112589340876307517E+03   -0.562946704381537586E+02
    0.109871886253536715E+03    0.114956839626160701E+01    0.969719810368578408E+02    0.584224202291002125E+08    0.112589340876307517E+03   -0.562946704381537586E+02
    0.883169316826047037E+02    0.114915091024592830E+01    0.968361248368561576E+02    0.494667359153201953E+08    0.112575469894321301E+03   -0.562877349471606507E+02
    0.883169316826047037E+02    0.114915091024592830E+01    0.968361248368561576E+02    0.494667359153201953E+08    0.112575469894321301E+03   -0.562877349471606507E+02
    0.101551784545835133E+03    0.115276315665367868E+01    0.992975744562918692E+02    0.757267540126321167E+08    0.112549797961204703E+03   -0.562748989806023516E+02
    0.877721633443497637E+02    0.115233035894439495E+01    0.964932332825017625E+02    0.676083279511491358E+08    0.112539391643790225E+03   -0.562696958218951124E+02
    0.899757778391256409E+02    0.115275402298189311E+01    0.989073529588439158E+02    0.483707447063130215E+08    0.112534342364132641E+03   -0.562671711820663205E+02
    0.102982320607121096E+03    0.114801336326550807E+01    0.984666131307470209E+02    0.608079287159958631E+08    0.112504218417326712E+03   -0.562521092086633558E+02
    0.765877229040057870E+02    0.114904293898282184E+01    0.979179842300388259E+02    0.731305823252481520E+08    0.112502280100441340E+03   -0.562511400502206698E+02
    0.858517294108903144E+02    0.114876715528017770E+01    0.964371465187173698E+02    0.683179213184492886E+08    0.112485975743090393E+03   -0.562429878715451963E+02
    0.108098184044462840E+03    0.115015339478717360E+01    0.989254985504485660E+02    0.817609409694623649E+08    0.112482056588378953E+03   -0.562410282941894764E+02
    0.103271981818797912E+03    0.115076877063797434E+01    0.954605424937758897E+02    0.586813111255039722E+08    0.112464895224389394E+03   -0.562324476121946972E+02
    0.115016065891467036E+03    0.114965596436506079E+01    0.996713805809929454E+02    0.629817503029862195E+08    0.112461843041813182E+03   -0.562309215209065911E+02
    0.768928331213438412E+02    0.115194691198384613E+01    0.976439381588223085E+02    0.537020695664096400E+08    0.112461836424973995E+03   -0.562309182124869977E+02
    0.813302715855885197E+02    0.115010190899410558E+01    0.960029771330075192E+02    0.520511301884994358E+08    0.112460719527886880E+03   -0.562303597639434400E+02
    0.873731151049818635E+02    0.114949439199618886E+01    0.952842229681292707E+02    0.705667791966405362E+08    0.112452086213464185E+03   -0.562260431067320923E+02
    0.812849864141118275E+02    0.114903751817218502E+01    0.994652415939677041E+02    0.920359362712996304E+08    0.112391581063056435E+03   -0.561957905315282176E+02
    0.983146438448986402E+02    0.114879587157536234E+01    0.964737350590705205E+02    0.704645595744729489E+08    0.112390619468270017E+03   -0.561953097341350087E+02
    0.983146438448986402E+02    0.114879587157536234E+01    0.964737350590705205E+02    0.704645595744729489E+08    0.112390619468270017E+03   -0.561953097341350087E+02
    0.982835313258868268E+02    0.114934427053750299E+01    0.981482247030952522E+02    0.458481319634056389E+08    0.112360769777440254E+03   -0.561803848887201269E+02
    0.830659463777771805E+02    0.114808857426348521E+01    0.989408793937479345E+02    0.667959946672269180E+08    0.112348822813070541E+03   -0.561744114065352704E+02
    0.789239464953113838E+02    0.114927879505404085E+01    0.996713834609035416E+02    0.911990563564484417E+08    0.112343856835417512E+03   -0.561719284177087559E+02
    0.847807729182817837E+02    0.115048257759861250E+01    0.954471131607750181E+02    0.627710614215479419E+08    0.112325818198071460E+03   -0.561629090990357298E+02
    0.806470857515173378E+02    0.114901279820432345E+01    0.999358395266534814E+02    0.948017214964162558E+08    0.112317332061786260E+03   -0.561586660308931300E+02
    0.903784474985672404E+02    0.114975525184515193E+01    0.993303369112870485E+02    0.406398687026903704E+08    0.112315743338953467E+03   -0.561578716694767337E+02
    0.797986054381293002E+02    0.115000724321304237E+01    0.965342358106202880E+02    0.620305245889666229E+08    0.112286390640738574E+03   -0.561431953203692871E+02
    0.824496076143026357E+02    0.114889537716530499E+01    0.973430387685971823E+02    0.648962792824580893E+08    0.112285217198964403E+03   -0.561426085994822017E+02
    0.103257618672649627E+03    0.114980091431709819E+01    0.967560627406435572E+02    0.500588548308349922E+08    0.112268376032691435E+03   -0.561341880163457176E+02
    0.874682994000119862E+02    0.114771125932125151E+01    0.997155596577911325E+02    0.647659199098967984E+08    0.112257521953467517E+03   -0.561287609767337585E+02
    0.933130449970653046E+02    0.115055096754658370E+01    0.974360971565432976E+02    0.462484534929975346E+08    0.112251574652003541E+03   -0.561257873260017703E+02
    0.868192230489053287E+02    0.115059021630093228E+01    0.974899827121802360E+02    0.866048122252880931E+08    0.112238217650225721E+03   -0.561191088251128605E+02
    0.983341373730046655E+02    0.114869730825846328E+01    0.965408411658698782E+02    0.590276284328616485E+08    0.112235572636047067E+03   -0.561177863180235335E+02
    0.105946618969045360E+03    0.115063399120510712E+01    0.976551635301878349E+02    0.492330802189148888E+08    0.112217918081957961E+03   -0.561089590409789807E+02
    0.755620117264355144E+02    0.114955114501818167E+01    0.984325324777184250E+02    0.618587295272260383E+08    0.112212914404845435E+03   -0.561064572024227175E+02
    0.100209862221554062E+03    0.114938904020888222E+01    0.981247857208695677E+02    0.474517242569787055E+08    0.112211327958066107E+03   -0.561056639790330536E+02
    0.955349517778547437E+02    0.114863498424877641E+01    0.973657733205968441E+02    0.757470910480490327E+08    0.112192311877756566E+03   -0.560961559388782831E+02
    0.740971872931914533E+02    0.114961267482142748E+01    0.994126394601087497E+02    0.802630197016250491E+08    0.112186688015529882E+03   -0.560933440077649408E+02
    0.956520368401490941E+02    0.115148901009213334E+01    0.975769144431675670E+02    0.813074264222478122E+08    0.112152761625970413E+03   -0.560763808129852066E+02
    0.946220375487008027E+02    0.115055292880168891E+01    0.949533241377880870E+02    0.587945050948517695E+08    0.112149043798759578E+03   -0.560745218993797891E+02
    0.925958074923948118E+02    0.114921379700076365E+01    0.997040597256226562E+02    0.101519751047191203E+09    0.112146469646524594E+03   -0.560732348232622968E+02
    0.902044252449638151E+02    0.114945648566035596E+01    0.954016485886761672E+02    0.586426154601125941E+08    0.112139591735833662E+03   -0.560697958679168309E+02
    0.891259538028559888E+02    0.115071416059194265E+01    0.978573783903627543E+02    0.467692700878529996E+08    0.112137198766746309E+03   -0.560685993833731544E+02
    0.107080852095583992E+03    0.115107286771980144E+01    0.983302413991884237E+02    0.737060236197259426E+08    0.112130365497970118E+03   -0.560651827489850589E+02
    0.106775949158914756E+03    0.115126427630674355E+01    0.968848281324364109E+02    0.537118573344327435E+08    0.112128321512672400E+03   -0.560641607563362001E+02
    0.995730952894500376E+02    0.115141503318460336E+01    0.960131747683685290E+02    0.594815276153305098E+08    0.112125685696860785E+03   -0.560628428484303925E+02
    0.755599066112534246E+02    0.114951666641306693E+01    0.983753238679566948E+02    0.556970413683112115E+08    0.112121348067572896E+03   -0.560606740337864480E+02
    0.946463220873901321E+02    0.115160948111111483E+01    0.993694520971617408E+02    0.414349416178385913E+08    0.112108677747317813E+03   -0.560543388736589066E+02
    0.963744429806409926E+02    0.115078390718805990E+01    0.993820799120618119E+02    0.962999280426598489E+08    0.112094880662556704E+03   -0.560474403312783522E+02
    0.104080474575651067E+03    0.115059655704863584E+01    0.963333383869221223E+02    0.518427581732423455E+08    0.112092473967032618E+03   -0.560462369835163088E+02
    0.940431841380663514E+02    0.115088667726507987E+01    0.985982294300959836E+02    0.429275071983212829E+08    0.112086108162429099E+03   -0.560430540812145495E+02
    0.854174729816108567E+02    0.114991514118793781E+01    0.990440312552494362E+02    0.970453604530449957E+08    0.112077570040420142E+03   -0.560387850202100708E+02
    0.886284196019380062E+02    0.114961800596091868E+01    0.980658530544235560E+02    0.479584843365867883E+08    0.112064974092493117E+03   -0.560324870462465583E+02
    0.845161189386795257E+02    0.114810987297305078E+01    0.996986997095919065E+02    0.791722057572187036E+08    0.112061354185885108E+03   -0.560306770929425539E+02
    0.958469723935389482E+02    0.115205364289767598E+01    0.989680239896217984E+02    0.467825589445355609E+08    0.112057369536955079E+03   -0.560286847684775395E+02
    0.737130963664534704E+02    0.114955594842559261E+01    0.996839435654815702E+02    0.782642783754798323E+08    0.112054756059214270E+03   -0.560273780296071351E+02
    0.830283915369979155E+02    0.114815006337002434E+01    0.992470451055987439E+02    0.734275531374613792E+08    0.112043487758888318E+03   -0.560217438794441591E+02
    0.809499780702026754E+02    0.115117481446549186E+01    0.970539646642699978E+02    0.740899064209250957E+08    0.112018707757379502E+03   -0.560093538786897511E+02
    0.833940239720558480E+02    0.114893531535673810E+01    0.988263188537069084E+02    0.505162085433962345E+08    0.112015933002807657E+03   -0.560079665014038284E+02
    0.946681291736405228E+02    0.115147064792070375E+01    0.995968131566552586E+02    0.926544196471357644E+08    0.112011220842397805E+03   -0.560056104211989023E+02
    0.820693022983606824E+02    0.115279335694046314E+01    0.992263327674379525E+02    0.703481665678198487E+08    0.111989629533002670E+03   -0.559948147665013352E+02
    0.106128005979618933E+03    0.114937909919207026E+01    0.972862679111988484E+02    0.586889346781202406E+08    0.111988259526530825E+03   -0.559941297632654127E+02
    0.869636698203396179E+02    0.115087049665825969E+01    0.985264640160003751E+02    0.467952625069791749E+08    0.111984123861878544E+03   -0.559920619309392720E+02
    0.833159596704113738E+02    0.115041226938148933E+01    0.975614849048621835E+02    0.824814340949154347E+08    0.111982904360850739E+03   -0.559914521804253695E+02
    0.969767710103812135E+02    0.114914898347166350E+01    0.961216672026998395E+02    0.584749871196506694E+08    0.111977561195030859E+03   -0.559887805975154293E+02
    0.990188491845549521E+02    0.114872520242663589E+01    0.994067829443657587E+02    0.844419461312891096E+08    0.111972806006411332E+03   -0.559864030032056661E+02
    0.901503993920374285E+02    0.115090991445623358E+01    0.965182653385965494E+02    0.768691627817831635E+08    0.111943869668809967E+03   -0.559719348344049834E+02
    0.911733824359247649E+02    0.115130559185928050E+01    0.963435050004722484E+02    0.733698490515431464E+08    0.111938369030567785E+03   -0.559691845152838923E+02
    0.855820291087758704E+02    0.114998925921702022E+01    0.987837189068828962E+02    0.475596807826368213E+08    0.111931984980616122E+03   -0.559659924903080608E+02
    0.874358742074982587E+02    0.115127652009215953E+01    0.963436169669077742E+02    0.644799181853095964E+08    0.111925797889778693E+03   -0.559628989448893464E+02
    0.106174242084883630E+03    0.114959992442378756E+01    0.979003241260383135E+02    0.667723920601257011E+08    0.111906614464396384E+03   -0.559533072321981919E+02
    0.758847668073241692E+02    0.115185774450749201E+01    0.991588347274984301E+02    0.537317663165394664E+08    0.111900880136894315E+03   -0.559504400684471577E+02
    0.955874799408235560E+02    0.115013238806502227E+01    0.989762563697307343E+02    0.430360127778251022E+08    0.111899243448361091E+03   -0.559496217241805454E+02
    0.101218506421398516E+03    0.114933421230170763E+01    0.965942085970405913E+02    0.591844571209690943E+08    0.111890408523283668E+03   -0.559452042616418339E+02
    0.915082752037111646E+02    0.114813611311728003E+01    0.987991191340430674E+02    0.665093600299611688E+08    0.111856496410284734E+03   -0.559282482051423671E+02
    0.100489833547281108E+03    0.115243029268767438E+01    0.997214530136501338E+02    0.489595415469916612E+08    0.111854807542917101E+03   -0.559274037714585504E+02
    0.851108627213522624E+02    0.114848118149562506E+01    0.993205464274960264E+02    0.807763550361034423E+08    0.111846420915408032E+03   -0.559232104577040161E+02
    0.993233353700402404E+02    0.115100821330726388E+01    0.995827468315480218E+02    0.414879612266757265E+08    0.111832628999842456E+03   -0.559163144999212278E+02
    0.843366743794937435E+02    0.114861622253905726E+01    0.985684312701172445E+02    0.758480149789646715E+08    0.111823752395141042E+03   -0.559118761975705212E+02
    0.967200730353689977E+02    0.115089060059915127E+01    0.962340773870404149E+02    0.628071471168626621E+08    0.111808866103295358E+03   -0.559044330516476791E+02
    0.106836535523524702E+03    0.115130929448461572E+01    0.987098987368194827E+02    0.680335110846171528E+08    0.111804476778049604E+03   -0.559022383890248022E+02
    0.920822361148332647E+02    0.115048835822475248E+01    0.960244572487637669E+02    0.669892061189761758E+08    0.111790596084359692E+03   -0.558952980421798458E+02
    0.914049536347945235E+02    0.115123663316977876E+01    0.985655890227204736E+02    0.862097115315556675E+08    0.111788648802809348E+03   -0.558943244014046741E+02
    0.108595809591581883E+03    0.114911300423745866E+01    0.984683998240399774E+02    0.565337462636840045E+08    0.111787078494989885E+03   -0.558935392474949424E+02
    0.873757512307070954E+02    0.114954169749632085E+01    0.965660655922455220E+02    0.729890914346684217E+08    0.111782621033899147E+03   -0.558913105169495736E+02
    0.882715484046375565E+02    0.115062381394252178E+01    0.956546452379141670E+02    0.535113456818328351E+08    0.111773937249811667E+03   -0.558869686249058333E+02
    0.968008007530647347E+02    0.114989891364283836E+01    0.990194563113701633E+02    0.450187839782815203E+08    0.111760293334355055E+03   -0.558801466671775273E+02
    0.976154017707080186E+02    0.115141638036897698E+01    0.992661643598375747E+02    0.452052484903854802E+08    0.111758935027875935E+03   -0.558794675139379677E+02
    0.100296632692760525E+03    0.115055841202390696E+01    0.967858261433492402E+02    0.641829476660855338E+08    0.111748486172677673E+03   -0.558742430863388364E+02
    0.954257852211303970E+02    0.115040532910828719E+01    0.956444557336740218E+02    0.525045733299502581E+08    0.111744134779637136E+03   -0.558720673898185680E+02
    0.900462193055342794E+02    0.115139952369383880E+01    0.966205577581130797E+02    0.682730863528299034E+08    0.111737089057700956E+03   -0.558685445288504781E+02
    0.788577805737118496E+02    0.115063178603313743E+01    0.978086387391863781E+02    0.609047266406449825E+08    0.111690495760847710E+03   -0.558452478804238552E+02
    0.764613618338510577E+02    0.114933983301206255E+01    0.995185561090188457E+02    0.753688182662891150E+08    0.111650185126177774E+03   -0.558250925630888872E+02
    0.837975481763107979E+02    0.114940017902087099E+01    0.970251716294548316E+02    0.553874904531993046E+08    0.111622774783531611E+03   -0.558113873917658054E+02
    0.101547860666720524E+03    0.114912601560685479E+01    0.978548165608146689E+02    0.629559295763488263E+08    0.111613205874981503E+03   -0.558066029374907515E+02
    0.985476116557247366E+02    0.115114648037560685E+01    0.962975214753766977E+02    0.565527705967359394E+08    0.111611362131201247E+03   -0.558056810656006235E+02
    0.829417400931477005E+02    0.115103072392277483E+01    0.972365678537586291E+02    0.689588957044634670E+08    0.111602034096838594E+03   -0.558010170484192969E+02
    0.868779422383706930E+02    0.114975546969450382E+01    0.973899466649619114E+02    0.777796174158343673E+08    0.111598201626937424E+03   -0.557991008134687121E+02
    0.832267244927470244E+02    0.114847203092206485E+01    0.995249431542606828E+02    0.611596287494009063E+08    0.111597942270919930E+03   -0.557989711354599649E+02
    0.872695313000867259E+02    0.115007137350555810E+01    0.965446673771369603E+02    0.696009653851417750E+08    0.111595583243258403E+03   -0.557977916216292016E+02
    0.886969000215313343E+02    0.115034573952700359E+01    0.996260508215550402E+02    0.452082544088140279E+08    0.111592944845488319E+03   -0.557964724227441593E+02
    0.961324291288944579E+02    0.115223224853125150E+01    0.983619964521616055E+02    0.512101478308067322E+08    0.111553435775938055E+03   -0.557767178879690277E+02
    0.981757931575650531E+02    0.115254028907242989E+01    0.995527612912734412E+02    0.542378720401937887E+08    0.111019572733986337E+03   -0.555097863669931684E+02
    0.880865956274204081E+02    0.115029078999267576E+01    0.986461025997798799E+02    0.822049001795314699E+08    0.111155706893379829E+03   -0.555778534466899146E+02
    0.973041005605781208E+02    0.115007381020179600E+01    0.982133548419720626E+02    0.690707246523805559E+08    0.110784273875148628E+03   -0.553921369375743140E+02
    0.940099395676470948E+02    0.114993501058240888E+01    0.998647384637354776E+02    0.753904050635332018E+08    0.110086592673698831E+03   -0.550432963368494157E+02
    0.940099395676470948E+02    0.114993501058240888E+01    0.998647384637354776E+02    0.753904050635332018E+08    0.110086592673698831E+03   -0.550432963368494157E+02
    0.915187418554522196E+02    0.115199092444307638E+01    0.992829630272587735E+02    0.670811504583330601E+08    0.110778246473195537E+03   -0.553891232365977686E+02
    0.101855660103697204E+03    0.114981890116883556E+01    0.999277168539926919E+02    0.501663252385261953E+08    0.110614907253962471E+03   -0.553074536269812356E+02
    0.101008754740017523E+03    0.115172983389697503E+01    0.993502681925085227E+02    0.519535726008336544E+08    0.110782536663850038E+03   -0.553912683319250192E+02
    0.971873663659884244E+02    0.115073176179045467E+01    0.995969711135440576E+02    0.759424302529679686E+08    0.110423764249837149E+03   -0.552118821249185743E+02
    0.814659825375949254E+02    0.115110551162246710E+01    0.999152898207572235E+02    0.768086976657644212E+08    0.110685672741498962E+03   -0.553428363707494810E+02
    0.986385015670913674E+02    0.114891432949877803E+01    0.986849264332284690E+02    0.637788676059672236E+08    0.111218509074310504E+03   -0.556092545371552518E+02
    0.936655393806191938E+02    0.115154743387026626E+01    0.986580585127970977E+02    0.705718568091499805E+08    0.110789275964124258E+03   -0.553946379820621289E+02
    0.104565902871048380E+03    0.115018243372871787E+01    0.998904656951673360E+02    0.529167529596240744E+08    0.110228841399156096E+03   -0.551144206995780479E+02
    0.104565902871048380E+03    0.115018243372871787E+01    0.998904656951673360E+02    0.529167529596240744E+08    0.110228841399156096E+03   -0.551144206995780479E+02
    0.846033423971915681E+02    0.115110608280692928E+01    0.993019444428379359E+02    0.543966871024370864E+08    0.110305256149686187E+03   -0.551526280748430935E+02
    0.846033423971915681E+02    0.115110608280692928E+01    0.993019444428379359E+02    0.543966871024370864E+08    0.110305256149686187E+03   -0.551526280748430935E+02
    0.993096758845724565E+02    0.114937587160908783E+01    0.997088391655657915E+02    0.572013837319302559E+08    0.110152628623040229E+03   -0.550763143115201146E+02
    0.102220753609616494E+03    0.115003896488546120E+01    0.992247618153931086E+02    0.792202095541041493E+08    0.111246570047006855E+03   -0.556232850235034277E+02
    0.878746734338157864E+02    0.115181602804796546E+01    0.993495235455356323E+02    0.643528160740392804E+08    0.110703559100275868E+03   -0.553517795501379339E+02
    0.867277693417684361E+02    0.115063641996625710E+01    0.972027553081992863E+02    0.597139228671665415E+08    0.111160123442829047E+03   -0.555800617214145234E+02
    0.844192141821020812E+02    0.114999053324539435E+01    0.980749000050525126E+02    0.712754959941539913E+08    0.110967592670436602E+03   -0.554837963352183010E+02
    0.105461906068253455E+03    0.115092382694484741E+01    0.998897105058091341E+02    0.782972332637206018E+08    0.111401639713422057E+03   -0.557008198567110284E+02
    0.856021582702440327E+02    0.115232076101038317E+01    0.998163481932897412E+02    0.685021755950400531E+08    0.110965546435396988E+03   -0.554827732176984938E+02
    0.869552804404626158E+02    0.115129429402703631E+01    0.999669887386254317E+02    0.776229382871931344E+08    0.110424616317918876E+03   -0.552123081589594378E+02
    0.832157770854584840E+02    0.115163336883659029E+01    0.981191964966978816E+02    0.521386904992647320E+08    0.111447638130011427E+03   -0.557238190650057135E+02
    0.941938400379546579E+02    0.114918331319981903E+01    0.976216483277062963E+02    0.547390345042116046E+08    0.110991051764936287E+03   -0.554955258824681437E+02
    0.771018355333724088E+02    0.114954649758962835E+01    0.993573296828387953E+02    0.696364538664742708E+08    0.111411407722613617E+03   -0.557057038613068087E+02
    0.970349167709509857E+02    0.115163478163131083E+01    0.997789174087795061E+02    0.697494294745057225E+08    0.110445210668267720E+03   -0.552226053341338599E+02
    0.884144921864284896E+02    0.115307633604222537E+01    0.998600908770496147E+02    0.559147033596268967E+08    0.111456622771602696E+03   -0.557283113858013479E+02
    0.847507614083207983E+02    0.114955203151839291E+01    0.990251775839423942E+02    0.756050354499182254E+08    0.110833320740761508E+03   -0.554166603703807539E+02
    0.915226234610539393E+02    0.114910090129875297E+01    0.984830771333674733E+02    0.589963444885183126E+08    0.110829037808962141E+03   -0.554145189044810706E+02
    0.932826001472469386E+02    0.115160571252595689E+01    0.977556964195100022E+02    0.607219130389250517E+08    0.111111671798679922E+03   -0.555558358993399608E+02
    0.834859354094654549E+02    0.115103147248762938E+01    0.977845206647415637E+02    0.524350840684878230E+08    0.111268599023970935E+03   -0.556342995119854677E+02
    0.957693987851323527E+02    0.115077404691236262E+01    0.978089320522911123E+02    0.755100401872271150E+08    0.111235973076815696E+03   -0.556179865384078482E+02
    0.862296306550949794E+02    0.114876253674991369E+01    0.999277855852755437E+02    0.627512767292732522E+08    0.110871816408489138E+03   -0.554359082042445692E+02
    0.109828625789374243E+03    0.114930796056336426E+01    0.994726988552118172E+02    0.574833022336285561E+08    0.111429339866356116E+03   -0.557146699331780582E+02
    0.966236185425462821E+02    0.114893947338918512E+01    0.987181971658314836E+02    0.677318065691946894E+08    0.111056397200254281E+03   -0.555281986001271406E+02
    0.101139789169257810E+03    0.115081580837023600E+01    0.994076028015530540E+02    0.502007159868718311E+08    0.110750574245515708E+03   -0.553752871227578538E+02
    0.849725801667111540E+02    0.115039768985679491E+01    0.989515662515498349E+02    0.681496739151114523E+08    0.110518081465289939E+03   -0.552590407326449693E+02
    0.783220316191365242E+02    0.114915523039105771E+01    0.997782713767894904E+02    0.725835451873620152E+08    0.111259686221702168E+03   -0.556298431108510840E+02
    0.103442273403025482E+03    0.114948724793722867E+01    0.999006688238279565E+02    0.562327665415181145E+08    0.110259360441403942E+03   -0.551296802207019709E+02
    0.103442273403025482E+03    0.114948724793722867E+01    0.999006688238279565E+02    0.562327665415181145E+08    0.110259360441403942E+03   -0.551296802207019709E+02
    0.886811018416282195E+02    0.114993686977735110E+01    0.975652537596865272E+02    0.719158718539363891E+08    0.111009855994192549E+03   -0.555049279970962743E+02
    0.917252083677995955E+02    0.115119993095023565E+01    0.979686868152758308E+02    0.689089118842576146E+08    0.110933184910088698E+03   -0.554665924550443492E+02
    0.858760050992390660E+02    0.114982304589176287E+01    0.999288844718014531E+02    0.493280110048774034E+08    0.110987873679729177E+03   -0.554939368398645883E+02
    0.856937283997713450E+02    0.114871463005082153E+01    0.994693272118878866E+02    0.653566849252630547E+08    0.111166768212925618E+03   -0.555833841064628089E+02
    0.816814482338926098E+02    0.115034808164912605E+01    0.999536460433118208E+02    0.492666193144722655E+08    0.111324562654789105E+03   -0.556622813273945525E+02
    0.825049465918476272E+02    0.115130842727200999E+01    0.989269644296706190E+02    0.580850907284945473E+08    0.110794985285089936E+03   -0.553974926425449681E+02
    0.907622135636148926E+02    0.115036470622284392E+01    0.997992148351659552E+02    0.792107447155214101E+08    0.110307084419162223E+03   -0.551535422095811114E+02
    0.874584940033619205E+02    0.115159331147408994E+01    0.994401907071615341E+02    0.702919824160314947E+08    0.110467649799179497E+03   -0.552338248995897487E+02
    0.898690889784788851E+02    0.114924903394206890E+01    0.998818000469285749E+02    0.619564494849217162E+08    0.110236660289497863E+03   -0.551183301447489313E+02
    0.841795077406036540E+02    0.115097408376869281E+01    0.983768982151846529E+02    0.531973954276613593E+08    0.110829902341913495E+03   -0.554149511709567477E+02
    0.863853901776065953E+02    0.115112832767702722E+01    0.981514955502047428E+02    0.741551626180225462E+08    0.111046853705146304E+03   -0.555234268525731522E+02
    0.956187525135051573E+02    0.115137291677702480E+01    0.993157441240191616E+02    0.468060284129396379E+08    0.111479189387641412E+03   -0.557395946938207061E+02
    0.976189938584706738E+02    0.115109119480628186E+01    0.977011440095022579E+02    0.641071610651534870E+08    0.111224571259029219E+03   -0.556122856295146093E+02
    0.817394713412801082E+02    0.115133562158030722E+01    0.993111623468271603E+02    0.575784032885454521E+08    0.110704528209549693E+03   -0.553522641047748465E+02
    0.885021186319748665E+02    0.114947857324484004E+01    0.971974480231876470E+02    0.536530935985169932E+08    0.111234279912946789E+03   -0.556171399564733946E+02
    0.976780584903383442E+02    0.114916072242604539E+01    0.979917224551034280E+02    0.581443315857894048E+08    0.111045196591676742E+03   -0.555225982958383710E+02
    0.881305285391406699E+02    0.115035343923005651E+01    0.988655934394466414E+02    0.714416436779953241E+08    0.110337624193294715E+03   -0.551688120966473576E+02
    0.105440671346381350E+03    0.115043942207206218E+01    0.991858591199854374E+02    0.489432902698166072E+08    0.111466331498844752E+03   -0.557331657494223762E+02
    0.854790909827211607E+02    0.115030998364995352E+01    0.998587405295050132E+02    0.546757855687784627E+08    0.109888425976792377E+03   -0.549442129883961883E+02
    0.854790909827211607E+02    0.115030998364995352E+01    0.998587405295050132E+02    0.546757855687784627E+08    0.109888425976792377E+03   -0.549442129883961883E+02
    0.977869761469048484E+02    0.115124400258639770E+01    0.975932690196622161E+02    0.660460435373327956E+08    0.111354912068327565E+03   -0.556774560341637823E+02
    0.883479517236044387E+02    0.115122346679644028E+01    0.977039983872243880E+02    0.526800012038488910E+08    0.110963144287471664E+03   -0.554815721437358320E+02
    0.104859963932722721E+03    0.115092812903254171E+01    0.985038798550762920E+02    0.648741407225959823E+08    0.111427820001572172E+03   -0.557139100007860861E+02
    0.100593178558515987E+03    0.115107208989292142E+01    0.989525888443995711E+02    0.508627606695920229E+08    0.110845162702088345E+03   -0.554225813510441725E+02
    0.108705126584217680E+03    0.114993233614764345E+01    0.991779427161298344E+02    0.589964744845203385E+08    0.111226862600061011E+03   -0.556134313000305056E+02
    0.893003613853093015E+02    0.115169907234232372E+01    0.991761715765608045E+02    0.556122081053964198E+08    0.110313189512244264E+03   -0.551565947561221321E+02
    0.947957108326848328E+02    0.115235938322827147E+01    0.997681461303617851E+02    0.625336329024446011E+08    0.110890824412644662E+03   -0.554454122063223309E+02
    0.921914186345277642E+02    0.115006461525771764E+01    0.993700977990197316E+02    0.716418369939186275E+08    0.110049979493370643E+03   -0.550249897466853213E+02
    0.927449693660908991E+02    0.114795277363762871E+01    0.999395425311740127E+02    0.596361968352811337E+08    0.111500656861489304E+03   -0.557503284307446521E+02
    0.996531682005482935E+02    0.115012806885683694E+01    0.994038685608332457E+02    0.571641803266684115E+08    0.110038586281121610E+03   -0.550192931405608050E+02
    0.918426886541626715E+02    0.114995043333021441E+01    0.964760392436062375E+02    0.588494320071911961E+08    0.111355804183252062E+03   -0.556779020916260308E+02
    0.968586884865583500E+02    0.114921079262886194E+01    0.987708953132548260E+02    0.494729663303920925E+08    0.111414646506350749E+03   -0.557073232531753746E+02
    0.892562791365689492E+02    0.115097249314801719E+01    0.999063536300625259E+02    0.522551426981148049E+08    0.109939603740827948E+03   -0.549698018704139741E+02
    0.949759701758680421E+02    0.114990605845071214E+01    0.975417393327190183E+02    0.704260519285158068E+08    0.111049372235219067E+03   -0.555246861176095337E+02
    0.107179628075617970E+03    0.115024936590293669E+01    0.996435414040883813E+02    0.556823747645354941E+08    0.110569937529796036E+03   -0.552849687648980179E+02
    0.967769894258225918E+02    0.115017993606895086E+01    0.991271427412774244E+02    0.714084519412154555E+08    0.110285969418839997E+03   -0.551429847094199985E+02
    0.914823850038173134E+02    0.114945478583027749E+01    0.982176836221439657E+02    0.757572829819409996E+08    0.111058637079361048E+03   -0.555293185396805242E+02
    0.972587316305493061E+02    0.114884227969528263E+01    0.999873064946455514E+02    0.715281496123038679E+08    0.110530525156365329E+03   -0.552652625781826643E+02
    0.948865997538292731E+02    0.114992222630810570E+01    0.990347376875362357E+02    0.500360544530927986E+08    0.110758354933432656E+03   -0.553791774667163281E+02
    0.849852098413383743E+02    0.115078756090819678E+01    0.975929602325463748E+02    0.545890788781143203E+08    0.110957503890788047E+03   -0.554787519453940234E+02
    0.848988158029038544E+02    0.114926438364119665E+01    0.987631184587474280E+02    0.647547100691642016E+08    0.111077979803238321E+03   -0.555389899016191606E+02
    0.945591164957010477E+02    0.115054989561936849E+01    0.957590099145394191E+02    0.552326892261323333E+08    0.111507515024461583E+03   -0.557537575122307913E+02
    0.849522418829805446E+02    0.115051213090290205E+01    0.991803987687762856E+02    0.824638794370706826E+08    0.111042606130257383E+03   -0.555213030651286914E+02
    0.865914467653265092E+02    0.114823497123232010E+01    0.998116382447687016E+02    0.547084925126452968E+08    0.111344053948636486E+03   -0.556720269743182428E+02
    0.971349962425149016E+02    0.115213589398240468E+01    0.996247282325505381E+02    0.618882248553995565E+08    0.110803864226476179E+03   -0.554019321132380895E+02
