    0.637523176537553056E+02    0.115266564467495414E+01    0.551893515346017693E+02    0.118412568568272367E+09    0.752304160901910706E+02   -0.376152080450955353E+02
    0.118715951893171763E+03    0.114948580919814458E+01    0.822885076966802984E+02    0.164455348443949282E+09    0.744907265204030580E+02   -0.372453632602015290E+02
    0.581578483932130581E+02    0.114669121628532067E+01    0.768788599305243707E+02    0.300540453456313461E+08    0.732640162014998282E+02   -0.366320081007499141E+02
    0.754882133059000324E+02    0.114617056924226968E+01    0.706840421902411862E+02    0.437192205987801626E+08    0.729179107710803578E+02   -0.364589553855401789E+02
    0.979659524937857071E+02    0.116101711108609140E+01    0.611090015403987579E+02    0.240566539362756498E+08    0.720443828069741272E+02   -0.360221914034870636E+02
    0.700681899548506379E+02    0.116247409594843298E+01    0.846670705028281105E+02    0.234188497974499345E+09    0.720418187552282916E+02   -0.360209093776141458E+02
    0.118279115798654473E+03    0.116192236983240438E+01    0.662438565165796689E+02    0.155275007516302671E+08    0.719156888564142207E+02   -0.359578444282071104E+02
    0.115272684908153504E+02    0.115528981468683645E+01    0.773216443365281521E+02    0.404291109856259748E+08    0.714526065232481642E+02   -0.357263032616240821E+02
    0.795857953503570315E+02    0.115612585839722670E+01    0.586496994550931490E+02    0.936249891657907069E+08    0.712502729192165418E+02   -0.356251364596082709E+02
    0.812636194922802559E+02    0.116020188963685444E+01    0.860426253846345617E+02    0.259292595481353104E+09    0.710905087447853816E+02   -0.355452543723926908E+02
    0.798750829310739334E+02    0.114651864268475912E+01    0.834646660842505099E+02    0.628425827775771469E+08    0.699208701943813367E+02   -0.349604350971906683E+02
    0.745774727681620675E+02    0.114810010874057022E+01    0.726447146786480715E+02    0.492543468338155299E+08    0.699028968691633565E+02   -0.349514484345816783E+02
    0.564578591991785643E+02    0.116564888053095128E+01    0.920328360306652939E+02    0.246385234101316668E+08    0.698402063855068604E+02   -0.349201031927534302E+02
    0.110053993101521257E+03    0.115815421439315713E+01    0.601360708607016292E+02    0.312680397283146009E+08    0.696384295913762799E+02   -0.348192147956881399E+02
    0.513620648429622761E+02    0.114960292460023727E+01    0.715066397507660696E+02    0.478659259378964230E+08    0.696356453494068433E+02   -0.348178226747034216E+02
    0.879936445267132115E+02    0.115571832943323805E+01    0.784949151642772875E+02    0.206806611675423354E+09    0.695796000263284782E+02   -0.347898000131642391E+02
    0.956632556098368951E+02    0.115071856052660570E+01    0.990589253917498809E+02    0.244970588937020868E+09    0.694889191817920420E+02   -0.347444595908960210E+02
    0.108231474564060647E+03    0.116010747811720472E+01    0.622397868271556618E+02    0.323960565370994285E+08    0.694378563521529486E+02   -0.347189281760764743E+02
    0.390575075079764389E+02    0.114829953217545055E+01    0.950434675835077911E+02    0.103666422299577847E+09    0.693733097566724268E+02   -0.346866548783362134E+02
    0.976306566114476908E+02    0.114721570465260214E+01    0.954268974266567511E+02    0.759533187532868385E+08    0.691845476289733767E+02   -0.345922738144866884E+02
    0.245670650687394492E+02    0.115160925141329762E+01    0.892763913192620890E+02    0.370587437385563776E+08    0.690389662371178758E+02   -0.345194831185589379E+02
    0.820317798689086004E+02    0.115786026999210434E+01    0.681943595664878472E+02    0.103463295106751770E+08    0.689482977877466112E+02   -0.344741488938733056E+02
    0.304239386096178102E+02    0.115448313183592499E+01    0.739723720438951204E+02    0.928373050540770590E+08    0.689316853876865139E+02   -0.344658426938432569E+02
    0.101985146990314973E+03    0.114941222687493805E+01    0.785844623603680787E+02    0.291107835103245713E+08    0.688815231945591506E+02   -0.344407615972795753E+02
    0.812436379389927623E+02    0.115195797700098423E+01    0.702574034136367231E+02    0.127989410766900964E+08    0.688503632531069343E+02   -0.344251816265534671E+02
    0.106791338083249158E+03    0.114968115423118689E+01    0.782620599390110527E+02    0.666932678365018964E+08    0.686827449839970541E+02   -0.343413724919985270E+02
    0.872140716533506861E+02    0.115200748371759909E+01    0.819967084453152637E+02    0.173098718401430041E+09    0.685275230390824817E+02   -0.342637615195412408E+02
    0.131885444111933339E+03    0.115213532067804691E+01    0.816888668483641425E+02    0.168088005697007626E+08    0.685199494666623821E+02   -0.342599747333311910E+02
    0.543531886034501426E+02    0.115355600370325240E+01    0.704223215462456125E+02    0.116319644524346575E+09    0.684338332633055302E+02   -0.342169166316527651E+02
    0.134583831436799414E+03    0.115349055573093584E+01    0.798021120039261973E+02    0.493812338453134373E+08    0.681585688382433545E+02   -0.340792844191216773E+02
    0.421695438899374864E+02    0.115581573927042358E+01    0.718640566592981855E+02    0.108773560469883502E+09    0.680198447841734151E+02   -0.340099223920867075E+02
    0.915515995217427445E+02    0.115678720589245376E+01    0.680387290514121901E+02    0.996151426031672060E+08    0.679689604531818219E+02   -0.339844802265909109E+02
    0.741603205427241647E+02    0.114762308812165892E+01    0.954631425621745819E+02    0.431661100769165084E+08    0.678862280494310397E+02   -0.339431140247155199E+02
    0.158869240425744955E+02    0.115397193062502623E+01    0.907923065818511503E+02    0.537009028814469054E+08    0.677746374420580651E+02   -0.338873187210290325E+02
    0.123606284955258914E+03    0.115092271299821269E+01    0.899651056300900365E+02    0.223342294771733806E+08    0.677656140696710878E+02   -0.338828070348355439E+02
    0.601891735752751345E+02    0.115135183700226840E+01    0.967329119357877403E+02    0.189777684597689956E+08    0.676867840866773918E+02   -0.338433920433386959E+02
    0.240309738686334953E+02    0.115787836653966192E+01    0.931006738223883161E+02    0.143214264926888570E+08    0.676231520597016953E+02   -0.338115760298508476E+02
    0.105938898112843987E+03    0.116324222018463885E+01    0.821767262219696306E+02    0.555534249710389823E+08    0.676050116695965215E+02   -0.338025058347982608E+02
    0.149197645363439023E+03    0.115387287143916928E+01    0.966719225499867605E+02    0.483551215747418851E+08    0.675872237975473809E+02   -0.337936118987736904E+02
    0.620231628417968750E+02    0.116446097626153877E+01    0.814815759658813477E+02    0.718652472738512903E+08    0.675445172323658198E+02   -0.337722586161829099E+02
    0.104329378319147935E+03    0.115561875191123220E+01    0.763935174031956592E+02    0.122365346148787692E+09    0.674104226787514449E+02   -0.337052113393757224E+02
    0.468630252453364733E+02    0.115419213253118391E+01    0.677273926836105886E+02    0.572289911710029319E+08    0.673209169774865757E+02   -0.336604584887432878E+02
    0.879292442405663337E+02    0.114810596208699467E+01    0.885835443107300620E+02    0.535923859261465371E+08    0.673044283580258025E+02   -0.336522141790129012E+02
    0.265333006817630306E+02    0.115465251150484494E+01    0.797767329486252663E+02    0.468296271516338065E+08    0.672743774204401461E+02   -0.336371887102200731E+02
    0.474072913398421463E+02    0.115375462395316264E+01    0.846131127677086141E+02    0.166917673272156734E+08    0.672362505353457038E+02   -0.336181252676728519E+02
    0.132726698939541564E+03    0.115379059497059444E+01    0.790420860548577480E+02    0.282227846438518353E+08    0.671853242621160973E+02   -0.335926621310580487E+02
    0.982731513520219124E+02    0.115150686983347095E+01    0.796508504216969442E+02    0.230536292311357372E+08    0.671812106009338663E+02   -0.335906053004669332E+02
    0.818457590770291574E+02    0.114848916822989411E+01    0.886922746418116503E+02    0.339440150108078569E+08    0.670296491741514444E+02   -0.335148245870757222E+02
    0.101494624114500951E+03    0.115266519804405743E+01    0.951337910391090844E+02    0.190547643353343964E+09    0.667171115432148980E+02   -0.333585557716074490E+02
    0.467506754168796590E+02    0.115630293856037514E+01    0.891682088270230935E+02    0.105507278486433178E+08    0.665615568417000247E+02   -0.332807784208500124E+02
    0.727868584203931732E+02    0.115229684159994705E+01    0.845932286756248715E+02    0.154003840546570063E+09    0.662058424509995547E+02   -0.331029212254997773E+02
    0.116182639202177810E+03    0.115305936200027115E+01    0.814588108475520158E+02    0.171783378840775341E+08    0.661187191497089657E+02   -0.330593595748544828E+02
    0.509016068621590136E+02    0.115836609292833015E+01    0.859915261612467958E+02    0.177505744920566738E+09    0.660834118972838098E+02   -0.330417059486419049E+02
    0.109219837257360325E+03    0.115143068678064475E+01    0.796226086774271664E+02    0.410139738588666916E+08    0.660812422935644719E+02   -0.330406211467822359E+02
    0.513399379208655517E+02    0.115009028248300460E+01    0.949978102542007719E+02    0.347028402958888263E+08    0.660735582980936300E+02   -0.330367791490468150E+02
    0.388096723798550016E+02    0.115467678767810455E+01    0.903703716021161654E+02    0.166490999924221724E+09    0.660648185935815775E+02   -0.330324092967907887E+02
    0.833328402081685908E+02    0.114861927826461430E+01    0.941045123943360693E+02    0.556266949029953778E+08    0.659277079025680592E+02   -0.329638539512840296E+02
    0.553699610483839990E+02    0.115535858048277040E+01    0.789073934568486663E+02    0.161573414760663752E+08    0.659090845518204844E+02   -0.329545422759102422E+02
    0.768036488694771720E+02    0.115254878347848622E+01    0.787207387744803100E+02    0.116344005733440056E+09    0.658309839368485257E+02   -0.329154919684242628E+02
    0.137628988721212608E+03    0.115968258545112501E+01    0.855682951831636700E+02    0.150495938144142609E+08    0.658084789026964927E+02   -0.329042394513482463E+02
    0.637849694894150616E+02    0.115032073495772980E+01    0.815096962622234287E+02    0.412748197902228385E+08    0.657436564109149799E+02   -0.328718282054574900E+02
    0.739380798560824246E+02    0.115181421226374270E+01    0.734907743221623662E+02    0.445990642660975009E+08    0.657206084729622546E+02   -0.328603042364811273E+02
    0.121139390226581497E+03    0.115392780395165317E+01    0.820344926954521867E+02    0.702290963994501233E+08    0.657076070254097289E+02   -0.328538035127048644E+02
    0.733431901190194679E+02    0.114967710532300016E+01    0.902253245125806131E+02    0.981487914757965356E+08    0.656151024952996806E+02   -0.328075512476498403E+02
    0.487952318005430641E+02    0.115707189159757351E+01    0.946190375919304643E+02    0.218091278010321975E+09    0.655665058497181832E+02   -0.327832529248590916E+02
    0.683300715396062657E+02    0.115039394155089991E+01    0.797963525614223244E+02    0.498312145310150161E+08    0.655532263304584859E+02   -0.327766131652292430E+02
    0.485974793938436633E+02    0.116110930012644364E+01    0.775695615444999476E+02    0.773154052589931935E+08    0.655409522216586140E+02   -0.327704761108293070E+02
    0.124960576061336695E+03    0.115831199016119180E+01    0.777218914865368049E+02    0.276336437072329037E+08    0.655274178136648260E+02   -0.327637089068324130E+02
    0.541309019115135612E+02    0.114994926021191390E+01    0.875909628146799975E+02    0.581304958794325814E+08    0.654982861352049213E+02   -0.327491430676024606E+02
    0.791198496095628201E+02    0.115426352371846441E+01    0.800430532822097547E+02    0.136748584549694061E+09    0.654975577671321645E+02   -0.327487788835660822E+02
    0.569494335533775526E+02    0.115315526139168978E+01    0.959691615597017886E+02    0.208861977860948481E+08    0.654793524128872662E+02   -0.327396762064436331E+02
    0.985117241018841696E+02    0.115393114832845489E+01    0.942882378846392299E+02    0.185896953338459730E+09    0.654741553687915285E+02   -0.327370776843957643E+02
    0.939272126553307487E+02    0.115391630658873989E+01    0.713260315995120635E+02    0.640352298046681061E+08    0.654481365659576824E+02   -0.327240682829788412E+02
    0.141786826312870744E+03    0.115742969278924468E+01    0.957501321881327812E+02    0.616472790504238755E+08    0.654366414046703682E+02   -0.327183207023351841E+02
    0.693835675422856752E+02    0.115610586031977114E+01    0.721279395126328353E+02    0.941491457059325427E+08    0.654145594790451810E+02   -0.327072797395225905E+02
    0.846605941594281433E+02    0.115281479342519866E+01    0.967385030154551231E+02    0.204085020692986876E+09    0.653530182974652547E+02   -0.326765091487326274E+02
    0.617005577954982343E+02    0.115034794452185807E+01    0.835590935783032620E+02    0.731950326444573402E+08    0.653453905904367929E+02   -0.326726952952183964E+02
    0.969666242599487305E+02    0.115034336285373295E+01    0.951235890388488770E+02    0.101033556187436238E+09    0.653196850348469269E+02   -0.326598425174234634E+02
    0.455912753233739210E+02    0.115936333257599133E+01    0.972304454472534161E+02    0.195207077176844999E+08    0.652900122812926185E+02   -0.326450061406463092E+02
    0.136870917314733788E+03    0.115277232511593053E+01    0.976853463895212712E+02    0.371714011015640423E+08    0.652847571754967646E+02   -0.326423785877483823E+02
    0.640151424890538010E+02    0.115768968119926474E+01    0.939595147309741350E+02    0.223414614019985765E+09    0.652133707947487267E+02   -0.326066853973743633E+02
    0.962594188360775860E+02    0.115079516470115495E+01    0.910620882109684970E+02    0.985607996143799573E+08    0.651985711710256624E+02   -0.325992855855128312E+02
    0.123021199015399347E+03    0.115692951678586242E+01    0.785362236239506188E+02    0.248407993722512722E+08    0.651579958309451683E+02   -0.325789979154725842E+02
    0.784274591965757111E+02    0.116193668245834059E+01    0.905884008224506942E+02    0.103175608699626084E+08    0.650512475725648613E+02   -0.325256237862824307E+02
    0.763434579607571777E+02    0.115667948752210537E+01    0.925187869556032041E+02    0.215188850032791197E+09    0.650474462067573285E+02   -0.325237231033786642E+02
    0.482631551769250038E+02    0.115254736183853690E+01    0.785314491306566680E+02    0.567779327971061692E+08    0.650055708361113460E+02   -0.325027854180556730E+02
    0.136603998527705045E+03    0.115719772902504436E+01    0.849073575311235942E+02    0.274578700775501542E+08    0.649741111418390460E+02   -0.324870555709195230E+02
    0.404443003868812667E+02    0.115195137881374876E+01    0.930257520243448681E+02    0.413764866729055196E+08    0.649699757032828558E+02   -0.324849878516414279E+02
    0.397076650503067938E+02    0.115193011448675775E+01    0.933040401665178507E+02    0.453878576812190488E+08    0.649377846251754391E+02   -0.324688923125877196E+02
    0.339932501336456738E+02    0.115329646397999341E+01    0.945829560776488592E+02    0.358156762468572631E+08    0.649155942786514970E+02   -0.324577971393257485E+02
    0.579011667748794352E+02    0.115641268231812866E+01    0.869895167533345699E+02    0.185426456768280640E+08    0.648449586247010927E+02   -0.324224793123505464E+02
    0.499173796741406761E+02    0.115457780936211019E+01    0.944613796579114080E+02    0.189757205341611296E+09    0.647979719328152584E+02   -0.323989859664076292E+02
    0.499173796741406761E+02    0.115457780936211019E+01    0.944613796579114080E+02    0.189757205341611296E+09    0.647979719328152584E+02   -0.323989859664076292E+02
    0.864463978748765385E+02    0.115159590940957690E+01    0.892150450499909482E+02    0.253536946847906746E+08    0.647289093794525598E+02   -0.323644546897262799E+02
    0.101219510338488888E+03    0.115986279862506581E+01    0.764623173419682018E+02    0.618686233253474683E+08    0.647145938020579763E+02   -0.323572969010289881E+02
    0.116151548875618403E+03    0.116230159532584998E+01    0.916412447254925127E+02    0.146508671611095108E+08    0.646790526269182067E+02   -0.323395263134591033E+02
    0.116151548875618403E+03    0.116230159532584998E+01    0.916412447254925127E+02    0.146508671611095108E+08    0.646790526269182067E+02   -0.323395263134591033E+02
    0.996621445703710549E+02    0.116248928322086020E+01    0.928340743331321221E+02    0.213429106896976680E+08    0.646567745056985075E+02   -0.323283872528492537E+02
    0.110550883737462996E+03    0.115099885671515767E+01    0.893971719392047390E+02    0.344846222095133439E+08    0.646504676235089875E+02   -0.323252338117544937E+02
    0.120695173397409462E+03    0.116041650062561308E+01    0.877244689030117684E+02    0.175531237819337957E+08    0.646335806446850114E+02   -0.323167903223425057E+02
    0.120695173397409462E+03    0.116041650062561308E+01    0.877244689030117684E+02    0.175531237819337957E+08    0.646335806446850114E+02   -0.323167903223425057E+02
    0.135314075417787677E+03    0.115728307969165312E+01    0.908123240235598530E+02    0.114581450789653789E+08    0.646120866750610787E+02   -0.323060433375305394E+02
    0.972180644101982239E+02    0.115275095374773806E+01    0.985015352795544317E+02    0.166684126526462048E+09    0.646112007753418425E+02   -0.323056003876709212E+02
    0.106263839452952567E+03    0.115678731279920188E+01    0.707389777267473789E+02    0.359028168434486613E+08    0.645887716354207413E+02   -0.322943858177103706E+02
    0.101930131148796363E+03    0.116277221027250555E+01    0.898842985235061747E+02    0.497802526415233910E+08    0.645765602904636040E+02   -0.322882801452318020E+02
    0.922206527016048767E+02    0.115806010517580615E+01    0.717716492101137931E+02    0.635306015862599835E+08    0.645748591327525361E+02   -0.322874295663762680E+02
    0.115947089356519371E+03    0.115754857833614189E+01    0.815798996228910767E+02    0.120575699387341812E+08    0.645614344501188810E+02   -0.322807172250594405E+02
    0.115947089356519371E+03    0.115754857833614189E+01    0.815798996228910767E+02    0.120575699387341812E+08    0.645614344501188810E+02   -0.322807172250594405E+02
    0.524861629139847352E+02    0.115528421005107274E+01    0.749101437212187165E+02    0.752297252491565049E+08    0.645216648446071872E+02   -0.322608324223035936E+02
    0.951642994622743998E+02    0.116270533682393307E+01    0.860243156425055986E+02    0.509646996570111811E+08    0.645002265064300957E+02   -0.322501132532150478E+02
    0.513410924022955157E+02    0.115638352358889196E+01    0.969833200403662374E+02    0.185568672562099136E+08    0.644998151637029622E+02   -0.322499075818514811E+02
    0.792357572280773468E+02    0.115092371451703523E+01    0.816421667185830273E+02    0.493962932813303396E+08    0.644931830952905898E+02   -0.322465915476452949E+02
    0.888743522588583232E+02    0.115639360757557030E+01    0.841310021446366676E+02    0.142255101537967682E+09    0.644841401133271290E+02   -0.322420700566635645E+02
    0.888743522588583232E+02    0.115639360757557030E+01    0.841310021446366676E+02    0.142255101537967682E+09    0.644841401133271290E+02   -0.322420700566635645E+02
    0.508917188553717921E+02    0.115487242436710491E+01    0.738298463169561217E+02    0.550056495230850950E+08    0.644728039628782170E+02   -0.322364019814391085E+02
    0.122518238249000220E+03    0.115185661906095893E+01    0.998833070532940610E+02    0.443062672990396023E+08    0.644213623983307571E+02   -0.322106811991653785E+02
    0.966796288209823871E+02    0.115542583372439522E+01    0.829899986585793954E+02    0.120323673904559970E+09    0.644121300550965401E+02   -0.322060650275482701E+02
    0.430130666675437254E+02    0.115189559315757850E+01    0.964075791215435203E+02    0.979487523645122051E+08    0.643656962674101720E+02   -0.321828481337050860E+02
    0.430130666675437254E+02    0.115189559315757850E+01    0.964075791215435203E+02    0.979487523645122051E+08    0.643656962674101720E+02   -0.321828481337050860E+02
    0.100772654336242937E+03    0.115576602714212373E+01    0.782390928032700117E+02    0.223181407713560201E+08    0.642475396986307459E+02   -0.321237698493153729E+02
    0.100334728558179705E+03    0.115829417557605874E+01    0.719233370800241829E+02    0.306763392087181695E+08    0.642335209745131976E+02   -0.321167604872565988E+02
    0.100334728558179705E+03    0.115829417557605874E+01    0.719233370800241829E+02    0.306763392087181695E+08    0.642335209745131976E+02   -0.321167604872565988E+02
    0.131812259380270092E+03    0.115521469331083182E+01    0.902342675674293844E+02    0.175311597361849621E+08    0.642303721907052676E+02   -0.321151860953526338E+02
    0.131568627712364190E+03    0.115838577696489020E+01    0.859351888351704218E+02    0.279619746202457100E+08    0.642003536801246355E+02   -0.321001768400623178E+02
    0.131568627712364190E+03    0.115838577696489020E+01    0.859351888351704218E+02    0.279619746202457100E+08    0.642003536801246355E+02   -0.321001768400623178E+02
    0.777766304789668510E+02    0.115262648587467376E+01    0.913284979744300358E+02    0.117793031228114367E+08    0.641815160289253726E+02   -0.320907580144626863E+02
    0.840484190488205059E+02    0.115472351165427489E+01    0.817616726633858804E+02    0.203278147627094649E+08    0.641667894890616992E+02   -0.320833947445308496E+02
    0.104747362344893844E+03    0.115289720314553423E+01    0.938026697098277111E+02    0.118761683455849081E+09    0.641111652325338213E+02   -0.320555826162669106E+02
    0.314091831430683968E+02    0.115801223974914458E+01    0.871088920757624976E+02    0.376296893720737770E+08    0.640986773888319163E+02   -0.320493386944159582E+02
    0.314091831430683968E+02    0.115801223974914458E+01    0.871088920757624976E+02    0.376296893720737770E+08    0.640986773888319163E+02   -0.320493386944159582E+02
    0.104635347539216127E+03    0.115078004458425842E+01    0.978969255013260096E+02    0.673226526342078000E+08    0.640842349708446761E+02   -0.320421174854223381E+02
    0.649210336502225545E+02    0.116086592919427578E+01    0.911592155707180041E+02    0.175183904117658511E+08    0.640408308771605732E+02   -0.320204154385802866E+02
    0.115243818642815995E+03    0.115153502289155596E+01    0.980189522373250384E+02    0.471008681289887950E+08    0.640378769766330436E+02   -0.320189384883165218E+02
    0.115243818642815995E+03    0.115153502289155596E+01    0.980189522373250384E+02    0.471008681289887950E+08    0.640378769766330436E+02   -0.320189384883165218E+02
    0.875452482044830589E+02    0.115349997246914304E+01    0.825579593584941023E+02    0.244363442155206017E+08    0.640190800494703183E+02   -0.320095400247351591E+02
    0.931234689282927093E+02    0.115487889581159786E+01    0.933061308711927921E+02    0.168525447581211627E+09    0.640162936309119317E+02   -0.320081468154559659E+02
    0.341967982438074216E+02    0.115679233128787429E+01    0.825726602146359454E+02    0.540661291880162135E+08    0.639878310278698166E+02   -0.319939155139349083E+02
    0.769602536911015989E+02    0.116131565573516538E+01    0.844772207284200221E+02    0.248446117355394103E+08    0.639874451666763449E+02   -0.319937225833381724E+02
    0.444794534146021618E+02    0.115936582365505680E+01    0.911889008776827126E+02    0.148062169142021388E+08    0.639775922868204745E+02   -0.319887961434102372E+02
    0.642229194573860127E+02    0.115362585420849895E+01    0.954833965979328951E+02    0.217256809181164950E+08    0.639517505438106753E+02   -0.319758752719053376E+02
    0.642229194573860127E+02    0.115362585420849895E+01    0.954833965979328951E+02    0.217256809181164950E+08    0.639517505438106753E+02   -0.319758752719053376E+02
    0.720004862195830668E+02    0.116031470714781304E+01    0.869834635588316445E+02    0.196737350444312766E+08    0.639253697015616922E+02   -0.319626848507808461E+02
    0.617664361386676006E+02    0.115442404503923379E+01    0.854232823150922940E+02    0.132526782584962815E+09    0.638704593552441366E+02   -0.319352296776220683E+02
    0.800088819100677568E+02    0.115256290010351825E+01    0.996164903391389487E+02    0.206011598253146559E+08    0.637958434181198868E+02   -0.318979217090599434E+02
    0.800088819100677568E+02    0.115256290010351825E+01    0.996164903391389487E+02    0.206011598253146559E+08    0.637958434181198868E+02   -0.318979217090599434E+02
    0.744062177433525704E+02    0.115987118465636940E+01    0.803980181148972974E+02    0.934685135704709440E+08    0.637734263283777381E+02   -0.318867131641888690E+02
    0.801129616464474594E+02    0.116090797654163813E+01    0.936166215354634801E+02    0.101149045524547640E+08    0.636788526495863323E+02   -0.318394263247931661E+02
    0.897451624906503156E+02    0.115744022976493421E+01    0.741830532832181291E+02    0.139615684251015671E+08    0.636566771460733349E+02   -0.318283385730366675E+02
    0.604478266301965093E+02    0.115324392117759222E+01    0.783758968030602574E+02    0.369269501711795479E+08    0.636246991252825751E+02   -0.318123495626412875E+02
    0.604478266301965093E+02    0.115324392117759222E+01    0.783758968030602574E+02    0.369269501711795479E+08    0.636246991252825751E+02   -0.318123495626412875E+02
    0.855535080495197491E+02    0.116185565733930818E+01    0.862916994293134962E+02    0.758791377735568881E+08    0.636079288280443649E+02   -0.318039644140221824E+02
    0.526817437989576121E+02    0.115705629369067076E+01    0.753896485626564896E+02    0.424203105212874562E+08    0.636048074794697058E+02   -0.318024037397348529E+02
    0.102686373226864418E+03    0.115164978197907697E+01    0.862991163122183593E+02    0.352162190434590951E+08    0.636022462870178060E+02   -0.318011231435089030E+02
    0.102686373226864418E+03    0.115164978197907697E+01    0.862991163122183593E+02    0.352162190434590951E+08    0.636022462870178060E+02   -0.318011231435089030E+02
    0.991958737013763141E+02    0.115777984663331135E+01    0.746090319612546011E+02    0.541876492993326709E+08    0.635653656407295244E+02   -0.317826828203647622E+02
    0.991958737013763141E+02    0.115777984663331135E+01    0.746090319612546011E+02    0.541876492993326709E+08    0.635653656407295244E+02   -0.317826828203647622E+02
    0.527211679217878526E+02    0.115544279656026805E+01    0.896611174125461901E+02    0.128643219132460374E+08    0.635353364941676801E+02   -0.317676682470838401E+02
    0.527211679217878526E+02    0.115544279656026805E+01    0.896611174125461901E+02    0.128643219132460374E+08    0.635353364941676801E+02   -0.317676682470838401E+02
    0.897755534968092945E+02    0.115089296899583804E+01    0.895853621741264305E+02    0.495422008496306017E+08    0.634852219383167267E+02   -0.317426109691583633E+02
    0.439175053014496513E+02    0.115596297909056878E+01    0.905809148970840425E+02    0.128650958648066863E+09    0.634747431076995738E+02   -0.317373715538497869E+02
    0.439175053014496513E+02    0.115596297909056878E+01    0.905809148970840425E+02    0.128650958648066863E+09    0.634747431076995738E+02   -0.317373715538497869E+02
    0.111392327096347358E+03    0.115447203544523758E+01    0.926556473707990733E+02    0.104358045519130349E+09    0.634282481643329135E+02   -0.317141240821664567E+02
    0.575203519327688753E+02    0.116195581963437178E+01    0.927671231334274182E+02    0.101250077478648067E+09    0.634052080265409614E+02   -0.317026040132704807E+02
    0.562279782513791204E+02    0.115426969945372537E+01    0.985244307938751120E+02    0.181691188711961001E+09    0.633770658016700992E+02   -0.316885329008350496E+02
    0.601506212527457791E+02    0.115095945410998168E+01    0.925517287037548044E+02    0.541604309440327585E+08    0.633332867245315541E+02   -0.316666433622657770E+02
    0.561391605546610748E+02    0.116076035019180734E+01    0.816535103896120376E+02    0.682299223348253816E+08    0.632154789047620511E+02   -0.316077394523810256E+02
    0.524564886382520683E+02    0.115218869731067164E+01    0.876169648737088522E+02    0.547392707674133107E+08    0.631579888197728749E+02   -0.315789944098864375E+02
    0.524564886382520683E+02    0.115218869731067164E+01    0.876169648737088522E+02    0.547392707674133107E+08    0.631579888197728749E+02   -0.315789944098864375E+02
    0.488038490080670684E+02    0.115531818114386153E+01    0.829900200690535570E+02    0.843816622522588968E+08    0.631054760241607937E+02   -0.315527380120803969E+02
    0.488038490080670684E+02    0.115531818114386153E+01    0.829900200690535570E+02    0.843816622522588968E+08    0.631054760241607937E+02   -0.315527380120803969E+02
    0.102868751863727567E+03    0.115842605894651274E+01    0.820882121809606957E+02    0.230367857760965712E+08    0.631026862847112611E+02   -0.315513431423556305E+02
    0.102028182529977087E+03    0.115328291458116561E+01    0.965436737169749648E+02    0.181349890882684067E+08    0.630597065196182882E+02   -0.315298532598091441E+02
    0.597318161673616501E+02    0.115408964971578332E+01    0.793182275078218595E+02    0.713070353550217450E+08    0.630477551310321545E+02   -0.315238775655160772E+02
    0.670033409710712391E+02    0.115161965939998501E+01    0.900382554716335761E+02    0.339923821748006716E+08    0.630293488242087392E+02   -0.315146744121043696E+02
    0.670033409710712391E+02    0.115161965939998501E+01    0.900382554716335761E+02    0.339923821748006716E+08    0.630293488242087392E+02   -0.315146744121043696E+02
    0.965243715852417665E+02    0.115844765171008168E+01    0.887186639818491045E+02    0.116739244001393840E+09    0.630216847203803496E+02   -0.315108423601901748E+02
    0.329852303696557883E+02    0.116016140721096406E+01    0.943667752179269996E+02    0.522118289363468960E+08    0.630099641433083946E+02   -0.315049820716541973E+02
    0.133246711211632032E+03    0.115531596128354486E+01    0.972262262200683409E+02    0.424808242354305834E+08    0.629898391233382711E+02   -0.314949195616691355E+02
    0.133246711211632032E+03    0.115531596128354486E+01    0.972262262200683409E+02    0.424808242354305834E+08    0.629898391233382711E+02   -0.314949195616691355E+02
    0.841348733994236682E+02    0.115217070062489180E+01    0.986871705903887459E+02    0.260460897773490883E+08    0.629539322578179252E+02   -0.314769661289089626E+02
    0.566320279908403350E+02    0.115899360520494388E+01    0.768875200355636252E+02    0.353458048831773773E+08    0.629338033556559679E+02   -0.314669016778279840E+02
    0.309827602428662452E+02    0.115660616147544504E+01    0.962317587589799075E+02    0.459146595183665156E+08    0.629243675451079838E+02   -0.314621837725539919E+02
    0.309827602428662452E+02    0.115660616147544504E+01    0.962317587589799075E+02    0.459146595183665156E+08    0.629243675451079838E+02   -0.314621837725539919E+02
    0.913591919641354480E+02    0.115109296095842017E+01    0.962064261976748583E+02    0.341278660378180668E+08    0.628033483676963300E+02   -0.314016741838481650E+02
    0.913591919641354480E+02    0.115109296095842017E+01    0.962064261976748583E+02    0.341278660378180668E+08    0.628033483676963300E+02   -0.314016741838481650E+02
    0.966310718425528705E+02    0.115591909491849965E+01    0.786270207419886447E+02    0.142010049940582123E+08    0.626246445444534316E+02   -0.313123222722267158E+02
    0.966310718425528705E+02    0.115591909491849965E+01    0.786270207419886447E+02    0.142010049940582123E+08    0.626246445444534316E+02   -0.313123222722267158E+02
    0.110513832738324240E+03    0.115355220881673026E+01    0.876197905225434681E+02    0.143168957068314068E+08    0.626093599984467417E+02   -0.313046799992233709E+02
    0.110513832738324240E+03    0.115355220881673026E+01    0.876197905225434681E+02    0.143168957068314068E+08    0.626093599984467417E+02   -0.313046799992233709E+02
    0.485610604121102014E+02    0.115678035693937420E+01    0.981122261506161948E+02    0.159690739944332540E+09    0.626062474014494228E+02   -0.313031237007247114E+02
    0.485610604121102014E+02    0.115678035693937420E+01    0.981122261506161948E+02    0.159690739944332540E+09    0.626062474014494228E+02   -0.313031237007247114E+02
    0.600925806418802679E+02    0.115944368877547310E+01    0.864083502868713111E+02    0.103455088298341095E+09    0.625605920967815337E+02   -0.312802960483907668E+02
    0.135773805326426640E+03    0.115698790199242874E+01    0.940289330076331140E+02    0.142303116272277776E+08    0.625470626071568745E+02   -0.312735313035784372E+02
    0.135773805326426640E+03    0.115698790199242874E+01    0.940289330076331140E+02    0.142303116272277776E+08    0.625470626071568745E+02   -0.312735313035784372E+02
    0.118650267507050955E+03    0.115880497393173010E+01    0.920644196496136971E+02    0.188660759713971391E+08    0.625286262452121377E+02   -0.312643131226060689E+02
    0.108972253123245025E+03    0.115605949878420611E+01    0.956672842883976529E+02    0.116946233762443855E+09    0.625262746608519819E+02   -0.312631373304259910E+02
    0.570298604828451374E+02    0.115453683424178388E+01    0.811280850457377625E+02    0.698397930324139148E+08    0.625190024361782051E+02   -0.312595012180891025E+02
    0.742568329731945198E+02    0.115547187892984149E+01    0.974187694010968102E+02    0.178317269490928710E+09    0.624809391433046102E+02   -0.312404695716523051E+02
    0.742568329731945198E+02    0.115547187892984149E+01    0.974187694010968102E+02    0.178317269490928710E+09    0.624809391433046102E+02   -0.312404695716523051E+02
    0.707611571962924870E+02    0.115296687954752697E+01    0.823069862390490385E+02    0.416376395295268893E+08    0.624504299982376310E+02   -0.312252149991188155E+02
    0.620691213657197665E+02    0.115407919271031090E+01    0.951314959272452967E+02    0.268660015460943989E+08    0.624252046951188646E+02   -0.312126023475594323E+02
    0.620691213657197665E+02    0.115407919271031090E+01    0.951314959272452967E+02    0.268660015460943989E+08    0.624252046951188646E+02   -0.312126023475594323E+02
    0.105780791961836002E+03    0.115449072236465589E+01    0.882608952045428623E+02    0.806651548327541053E+08    0.624240390630618975E+02   -0.312120195315309488E+02
    0.105780791961836002E+03    0.115449072236465589E+01    0.882608952045428623E+02    0.806651548327541053E+08    0.624240390630618975E+02   -0.312120195315309488E+02
    0.844386820399803071E+02    0.115529120932684526E+01    0.784735568780218529E+02    0.718670589356050789E+08    0.624102142817861676E+02   -0.312051071408930838E+02
    0.844386820399803071E+02    0.115529120932684526E+01    0.784735568780218529E+02    0.718670589356050789E+08    0.624102142817861676E+02   -0.312051071408930838E+02
    0.106355011685604239E+03    0.115427803621752934E+01    0.920895379268059457E+02    0.216057972224745005E+08    0.623926317469046268E+02   -0.311963158734523134E+02
    0.110322565043225353E+03    0.115290969868230087E+01    0.885569054859036129E+02    0.352077032060354501E+08    0.623857343264162267E+02   -0.311928671632081134E+02
    0.110322565043225353E+03    0.115290969868230087E+01    0.885569054859036129E+02    0.352077032060354501E+08    0.623857343264162267E+02   -0.311928671632081134E+02
    0.697601041058453006E+02    0.115268270487117874E+01    0.860542774938176933E+02    0.771884446772418469E+08    0.623781420795745163E+02   -0.311890710397872581E+02
    0.460330224412688480E+02    0.115445954943274454E+01    0.997584268809575434E+02    0.130780031483545378E+09    0.623680791741971348E+02   -0.311840395870985674E+02
    0.881949153836773547E+02    0.115470959368532644E+01    0.960110354958564045E+02    0.102657825838775411E+08    0.623556794323013577E+02   -0.311778397161506788E+02
    0.897777499810294444E+02    0.115198673712589872E+01    0.879067656818147896E+02    0.372464584911003262E+08    0.623524511878003125E+02   -0.311762255939001562E+02
    0.897777499810294444E+02    0.115198673712589872E+01    0.879067656818147896E+02    0.372464584911003262E+08    0.623524511878003125E+02   -0.311762255939001562E+02
    0.655914269809214545E+02    0.116096753382338402E+01    0.826373876198474164E+02    0.439618264818093777E+08    0.623428656597758319E+02   -0.311714328298879160E+02
    0.655914269809214545E+02    0.116096753382338402E+01    0.826373876198474164E+02    0.439618264818093777E+08    0.623428656597758319E+02   -0.311714328298879160E+02
    0.700324296590645048E+02    0.115161792359113835E+01    0.938078030357548158E+02    0.420770072053598613E+08    0.623187987297735617E+02   -0.311593993648867809E+02
    0.700324296590645048E+02    0.115161792359113835E+01    0.938078030357548158E+02    0.420770072053598613E+08    0.623187987297735617E+02   -0.311593993648867809E+02
    0.114374952190312598E+03    0.115640572622805227E+01    0.841216599259806230E+02    0.448854651400826275E+08    0.623077164354450872E+02   -0.311538582177225436E+02
    0.882018553823608613E+02    0.115667647404833995E+01    0.854843928459631144E+02    0.209927692314943448E+08    0.623063370329597319E+02   -0.311531685164798660E+02
    0.400552719633495897E+02    0.115650864277169951E+01    0.872524388732282716E+02    0.633916564497943968E+08    0.623039771906752833E+02   -0.311519885953376416E+02
    0.787732909459445949E+02    0.115754110337416227E+01    0.846361024671818285E+02    0.124586855281642713E+08    0.623031777189382581E+02   -0.311515888594691290E+02
    0.108157715733737575E+03    0.115535886736377269E+01    0.814315164757512804E+02    0.412076395704056323E+08    0.622935645653316925E+02   -0.311467822826658463E+02
    0.977345191900146943E+02    0.115216268310261172E+01    0.953043376073529629E+02    0.756967141846787333E+08    0.622722995705186406E+02   -0.311361497852593203E+02
    0.977345191900146943E+02    0.115216268310261172E+01    0.953043376073529629E+02    0.756967141846787333E+08    0.622722995705186406E+02   -0.311361497852593203E+02
    0.864014528502116548E+02    0.116158902567255740E+01    0.865815165387381569E+02    0.428670658568652272E+08    0.621562088924499250E+02   -0.310781044462249625E+02
    0.864014528502116548E+02    0.116158902567255740E+01    0.865815165387381569E+02    0.428670658568652272E+08    0.621562088924499250E+02   -0.310781044462249625E+02
    0.732954497118823411E+02    0.115879994102387829E+01    0.768954346171436498E+02    0.533243917602160275E+08    0.621534402633753160E+02   -0.310767201316876580E+02
    0.732954497118823411E+02    0.115879994102387829E+01    0.768954346171436498E+02    0.533243917602160275E+08    0.621534402633753160E+02   -0.310767201316876580E+02
    0.949984286435257843E+02    0.115189667752004743E+01    0.935811293185958561E+02    0.465239297212724015E+08    0.621455423158797373E+02   -0.310727711579398687E+02
    0.949984286435257843E+02    0.115189667752004743E+01    0.935811293185958561E+02    0.465239297212724015E+08    0.621455423158797373E+02   -0.310727711579398687E+02
    0.116057691551887615E+03    0.115713156132467843E+01    0.983146729361613154E+02    0.963777269692773819E+08    0.621434289258754546E+02   -0.310717144629377273E+02
    0.521766841756903546E+02    0.115606734147293100E+01    0.888263936089064714E+02    0.109364849676136732E+09    0.621429826444094431E+02   -0.310714913222047215E+02
    0.521766841756903546E+02    0.115606734147293100E+01    0.888263936089064714E+02    0.109364849676136732E+09    0.621429826444094431E+02   -0.310714913222047215E+02
    0.574824674096635633E+02    0.116072383855530381E+01    0.981721742482318831E+02    0.275175638822451904E+08    0.621321379490092198E+02   -0.310660689745046099E+02
    0.574824674096635633E+02    0.116072383855530381E+01    0.981721742482318831E+02    0.275175638822451904E+08    0.621321379490092198E+02   -0.310660689745046099E+02
    0.122063300710894623E+03    0.115595219237781066E+01    0.852770755253521600E+02    0.331151848223371245E+08    0.621309376319806645E+02   -0.310654688159903323E+02
    0.122063300710894623E+03    0.115595219237781066E+01    0.852770755253521600E+02    0.331151848223371245E+08    0.621309376319806645E+02   -0.310654688159903323E+02
    0.951805154560503865E+02    0.115620314466900753E+01    0.759357229358723345E+02    0.351210713882326633E+08    0.621084883135093975E+02   -0.310542441567546987E+02
    0.951805154560503865E+02    0.115620314466900753E+01    0.759357229358723345E+02    0.351210713882326633E+08    0.621084883135093975E+02   -0.310542441567546987E+02
    0.916028049833676050E+02    0.115277562256776522E+01    0.853413778923197412E+02    0.414917597208566070E+08    0.620912330161340336E+02   -0.310456165080670168E+02
    0.127345457288691563E+03    0.115839912008410129E+01    0.931801742005349354E+02    0.289036288569506593E+08    0.620818507664174177E+02   -0.310409253832087089E+02
    0.127345457288691563E+03    0.115839912008410129E+01    0.931801742005349354E+02    0.289036288569506593E+08    0.620818507664174177E+02   -0.310409253832087089E+02
    0.107772131148279755E+03    0.115936915687052933E+01    0.900338592504061239E+02    0.227621098247627281E+08    0.620755166807086312E+02   -0.310377583403543156E+02
    0.107772131148279755E+03    0.115936915687052933E+01    0.900338592504061239E+02    0.227621098247627281E+08    0.620755166807086312E+02   -0.310377583403543156E+02
    0.916883647528225509E+02    0.115898901640805851E+01    0.859829753552513978E+02    0.235522871219330281E+08    0.620433093487671314E+02   -0.310216546743835657E+02
    0.773570599768943907E+02    0.116175639917288365E+01    0.936291346719517179E+02    0.135752566657815184E+08    0.620362484760843600E+02   -0.310181242380421800E+02
    0.117486822380864254E+03    0.115483596713047487E+01    0.941467295699071656E+02    0.682624115930389613E+08    0.620184235224356399E+02   -0.310092117612178200E+02
    0.446900042563527791E+02    0.115602716551570062E+01    0.870898906454216899E+02    0.449453181069903970E+08    0.620137529890240415E+02   -0.310068764945120208E+02
    0.446900042563527791E+02    0.115602716551570062E+01    0.870898906454216899E+02    0.449453181069903970E+08    0.620137529890240415E+02   -0.310068764945120208E+02
    0.970319089810423350E+02    0.115910692731505249E+01    0.783697444317968177E+02    0.316810977023769133E+08    0.620107471212342887E+02   -0.310053735606171443E+02
    0.669787945489165395E+02    0.115862504731372717E+01    0.866535427387041750E+02    0.106537776691396549E+09    0.619875375624312781E+02   -0.309937687812156391E+02
    0.694265450940399091E+02    0.115219802124129522E+01    0.889977300328586409E+02    0.615742517364692986E+08    0.619548785191687585E+02   -0.309774392595843793E+02
    0.772835156750956145E+02    0.115437060197502550E+01    0.855017608881151574E+02    0.923254589749184400E+08    0.619434516115173963E+02   -0.309717258057586982E+02
    0.772835156750956145E+02    0.115437060197502550E+01    0.855017608881151574E+02    0.923254589749184400E+08    0.619434516115173963E+02   -0.309717258057586982E+02
    0.119305595823325419E+03    0.115687697491558006E+01    0.943243463244715059E+02    0.183135619387322702E+08    0.619312871124220692E+02   -0.309656435562110346E+02
    0.120865322287367178E+03    0.115638012026242665E+01    0.880585596638864985E+02    0.134359410017612260E+08    0.619250088165526691E+02   -0.309625044082763345E+02
    0.120865322287367178E+03    0.115638012026242665E+01    0.880585596638864985E+02    0.134359410017612260E+08    0.619250088165526691E+02   -0.309625044082763345E+02
    0.535091696641391579E+02    0.116157566927736977E+01    0.987023138428439495E+02    0.865610028008965999E+08    0.619027093330816243E+02   -0.309513546665408121E+02
    0.110701462095835453E+03    0.115395867483089454E+01    0.891951146190425845E+02    0.436999411294490173E+08    0.618695430533665771E+02   -0.309347715266832886E+02
    0.737737586470555158E+02    0.115891258429756294E+01    0.832131604293736302E+02    0.136325210207184758E+08    0.618544400891735577E+02   -0.309272200445867789E+02
    0.737737586470555158E+02    0.115891258429756294E+01    0.832131604293736302E+02    0.136325210207184758E+08    0.618544400891735577E+02   -0.309272200445867789E+02
    0.742487138625692040E+02    0.115416509249135313E+01    0.925374332076952726E+02    0.124880904662820160E+09    0.618482208270751954E+02   -0.309241104135375977E+02
    0.754235967769810713E+02    0.115919239163186427E+01    0.902024702471652944E+02    0.122747036220493838E+08    0.618318787394889853E+02   -0.309159393697444926E+02
    0.773347565294981507E+02    0.115848523506952339E+01    0.935759001011013396E+02    0.137907943798410863E+09    0.618269256524037516E+02   -0.309134628262018758E+02
    0.773347565294981507E+02    0.115848523506952339E+01    0.935759001011013396E+02    0.137907943798410863E+09    0.618269256524037516E+02   -0.309134628262018758E+02
    0.389699081380280745E+02    0.115768124446017207E+01    0.939627092777201938E+02    0.811620252865574062E+08    0.617848263714898280E+02   -0.308924131857449140E+02
    0.936055413903155227E+02    0.115391781124598158E+01    0.931066101513594191E+02    0.103564181373390943E+09    0.617844447132485612E+02   -0.308922223566242806E+02
    0.936055413903155227E+02    0.115391781124598158E+01    0.931066101513594191E+02    0.103564181373390943E+09    0.617844447132485612E+02   -0.308922223566242806E+02
    0.693854458868019037E+02    0.115601714526246524E+01    0.897378296360252676E+02    0.126679536072781365E+08    0.617173170625011451E+02   -0.308586585312505726E+02
    0.805102868255399358E+02    0.115803435552707223E+01    0.860078184038409006E+02    0.164267936330431662E+08    0.616966335031827384E+02   -0.308483167515913692E+02
    0.700533972042682933E+02    0.115691875515265430E+01    0.823350381710606740E+02    0.850014316552258134E+08    0.616965938636793112E+02   -0.308482969318396556E+02
    0.880476716959444019E+02    0.115798798270649650E+01    0.916651644310803135E+02    0.119818883661866024E+09    0.616567932613991161E+02   -0.308283966306995580E+02
    0.125504410242917842E+03    0.115675180700966362E+01    0.893706282912707763E+02    0.328843120761356689E+08    0.616536372245289215E+02   -0.308268186122644607E+02
    0.862664454798663343E+02    0.115744468645871956E+01    0.795104089218245633E+02    0.300676571769867800E+08    0.616458206749370774E+02   -0.308229103374685387E+02
    0.507938753955043083E+02    0.115387414370654962E+01    0.923145068337871209E+02    0.454056878743240386E+08    0.616059838725062647E+02   -0.308029919362531324E+02
    0.107680118172777895E+03    0.115674338338814819E+01    0.902674071248218866E+02    0.173418393638358116E+08    0.615893967892378313E+02   -0.307946983946189157E+02
    0.946755196398817844E+02    0.115782563536934302E+01    0.875078721421294574E+02    0.225564548340432495E+08    0.615837119452967343E+02   -0.307918559726483672E+02
    0.937667929219586966E+02    0.115413141093678773E+01    0.908777307782251000E+02    0.260034148747669794E+08    0.615746549832275321E+02   -0.307873274916137660E+02
    0.121586529240407472E+03    0.115708358604081707E+01    0.931836090768470342E+02    0.523817935122746602E+08    0.615724114646520206E+02   -0.307862057323260103E+02
    0.671403827689980801E+02    0.115184594748379965E+01    0.968466139281486562E+02    0.548892001659494489E+08    0.615587963362492516E+02   -0.307793981681246258E+02
    0.671403827689980801E+02    0.115184594748379965E+01    0.968466139281486562E+02    0.548892001659494489E+08    0.615587963362492516E+02   -0.307793981681246258E+02
    0.792414095680335180E+02    0.116010552082730989E+01    0.947371154742868242E+02    0.230405194535617866E+08    0.615533807330439444E+02   -0.307766903665219722E+02
    0.766678019929051544E+02    0.116013054202604171E+01    0.828126172014727899E+02    0.460150680209390372E+08    0.615016701505286321E+02   -0.307508350752643160E+02
    0.839594878565484208E+02    0.115451507599065928E+01    0.900548776232224810E+02    0.158597096541734301E+08    0.614615250739299341E+02   -0.307307625369649671E+02
    0.839594878565484208E+02    0.115451507599065928E+01    0.900548776232224810E+02    0.158597096541734301E+08    0.614615250739299341E+02   -0.307307625369649671E+02
    0.630267933991995477E+02    0.115235162149130010E+01    0.971117624932176113E+02    0.471810700872210264E+08    0.614612770676278473E+02   -0.307306385338139236E+02
    0.120412048204504131E+03    0.115936011657991633E+01    0.963947281488318026E+02    0.411253693003958687E+08    0.614597801374291919E+02   -0.307298900687145959E+02
    0.120412048204504131E+03    0.115936011657991633E+01    0.963947281488318026E+02    0.411253693003958687E+08    0.614597801374291919E+02   -0.307298900687145959E+02
    0.675263588874562686E+02    0.115610475885602226E+01    0.917092711495551924E+02    0.127011661304168031E+08    0.614535702390421790E+02   -0.307267851195210895E+02
    0.794809469097824746E+02    0.115294562798022970E+01    0.930375258210050617E+02    0.894499565699412674E+08    0.614511541408053574E+02   -0.307255770704026787E+02
    0.995757945398607944E+02    0.115877554052932652E+01    0.896313399041593897E+02    0.229727652023319900E+08    0.614509364070499799E+02   -0.307254682035249900E+02
    0.849997645449611099E+02    0.115658332706255362E+01    0.912173992733360990E+02    0.174738274518048055E+08    0.614150391861637104E+02   -0.307075195930818552E+02
    0.109389520260870540E+03    0.115675074796450228E+01    0.909250112423625438E+02    0.225530776908677965E+08    0.613878293589637281E+02   -0.306939146794818640E+02
    0.827652342303368158E+02    0.115278197273618743E+01    0.986561666686656764E+02    0.103119688390926212E+09    0.613848589328281946E+02   -0.306924294664140973E+02
    0.827652342303368158E+02    0.115278197273618743E+01    0.986561666686656764E+02    0.103119688390926212E+09    0.613848589328281946E+02   -0.306924294664140973E+02
    0.880646881171020368E+02    0.115738786921174519E+01    0.967497632449508984E+02    0.139726575081876755E+09    0.613760479961367622E+02   -0.306880239980683811E+02
    0.712749748670638041E+02    0.115420267560868672E+01    0.917004159729200978E+02    0.137034694105123561E+08    0.613553512665850462E+02   -0.306776756332925231E+02
    0.712749748670638041E+02    0.115420267560868672E+01    0.917004159729200978E+02    0.137034694105123561E+08    0.613553512665850462E+02   -0.306776756332925231E+02
    0.607994084891966295E+02    0.115272374419292301E+01    0.969830787090652109E+02    0.413396805224164575E+08    0.613482262391833260E+02   -0.306741131195916630E+02
    0.607994084891966295E+02    0.115272374419292301E+01    0.969830787090652109E+02    0.413396805224164575E+08    0.613482262391833260E+02   -0.306741131195916630E+02
    0.124893777745989794E+03    0.115955560300245275E+01    0.992072244462304411E+02    0.326813728150923625E+08    0.613471696601278111E+02   -0.306735848300639056E+02
    0.882543881775925456E+02    0.116089051267576693E+01    0.888051570440753437E+02    0.580323035370611548E+08    0.613406809974734841E+02   -0.306703404987367421E+02
    0.882543881775925456E+02    0.116089051267576693E+01    0.888051570440753437E+02    0.580323035370611548E+08    0.613406809974734841E+02   -0.306703404987367421E+02
    0.905974871755152691E+02    0.115781050153258813E+01    0.985659200866201957E+02    0.140439441732016116E+09    0.613390134849483886E+02   -0.306695067424741943E+02
    0.715826648631602040E+02    0.115253079770266997E+01    0.901385817576662305E+02    0.590455750832290128E+08    0.613249425411791336E+02   -0.306624712705895668E+02
    0.660237118985961899E+02    0.115424879533805069E+01    0.964144836033734407E+02    0.141552358705609739E+08    0.613188060844854732E+02   -0.306594030422427366E+02
    0.911757018464599298E+02    0.115817190142968096E+01    0.851435799266700570E+02    0.156418449018303193E+08    0.612819751181239951E+02   -0.306409875590619976E+02
    0.911757018464599298E+02    0.115817190142968096E+01    0.851435799266700570E+02    0.156418449018303193E+08    0.612819751181239951E+02   -0.306409875590619976E+02
    0.875899532091743254E+02    0.115636199422023922E+01    0.821924536428165027E+02    0.294520100379441902E+08    0.612580126085442629E+02   -0.306290063042721314E+02
    0.875899532091743254E+02    0.115636199422023922E+01    0.821924536428165027E+02    0.294520100379441902E+08    0.612580126085442629E+02   -0.306290063042721314E+02
    0.109686963075473088E+03    0.115697340281875483E+01    0.876230971374537262E+02    0.273247691541526057E+08    0.612376616502654656E+02   -0.306188308251327328E+02
    0.109686963075473088E+03    0.115697340281875483E+01    0.876230971374537262E+02    0.273247691541526057E+08    0.612376616502654656E+02   -0.306188308251327328E+02
    0.765027193770602736E+02    0.115312905467975324E+01    0.878995319570759222E+02    0.677487077704389542E+08    0.612371171041231577E+02   -0.306185585520615788E+02
    0.897559715255851245E+02    0.115453215764660921E+01    0.828584785396689796E+02    0.433730667315268666E+08    0.612295782713481529E+02   -0.306147891356740764E+02
    0.871619470772177038E+02    0.115369863270726536E+01    0.989007007344845164E+02    0.255400269490056112E+08    0.612113202535051641E+02   -0.306056601267525821E+02
    0.871619470772177038E+02    0.115369863270726536E+01    0.989007007344845164E+02    0.255400269490056112E+08    0.612113202535051641E+02   -0.306056601267525821E+02
    0.104485858358822540E+03    0.115386751111298791E+01    0.935851835429250940E+02    0.696984906958121508E+08    0.611912202729025836E+02   -0.305956101364512918E+02
    0.120898216769851047E+03    0.115861145857319126E+01    0.986924218075371584E+02    0.242732270163522474E+08    0.611813568965995884E+02   -0.305906784482997942E+02
    0.121954267861064864E+03    0.115852599903770903E+01    0.971882202584986601E+02    0.165773660855286401E+08    0.611812206728498609E+02   -0.305906103364249304E+02
    0.779389047083226103E+02    0.115284139722522783E+01    0.890980084459470021E+02    0.366259809679509252E+08    0.611519059468709116E+02   -0.305759529734354558E+02
    0.779389047083226103E+02    0.115284139722522783E+01    0.890980084459470021E+02    0.366259809679509252E+08    0.611519059468709116E+02   -0.305759529734354558E+02
    0.729101514490447755E+02    0.115238561709471576E+01    0.969055710094505685E+02    0.779011407968661040E+08    0.611323044736633250E+02   -0.305661522368316625E+02
    0.729101514490447755E+02    0.115238561709471576E+01    0.969055710094505685E+02    0.779011407968661040E+08    0.611323044736633250E+02   -0.305661522368316625E+02
    0.751514531129550107E+02    0.115888758805240877E+01    0.985402569288192751E+02    0.209592610686182156E+08    0.611231681565902818E+02   -0.305615840782951409E+02
    0.751514531129550107E+02    0.115888758805240877E+01    0.985402569288192751E+02    0.209592610686182156E+08    0.611231681565902818E+02   -0.305615840782951409E+02
    0.870610914257445927E+02    0.115544257700405018E+01    0.821402024844964131E+02    0.629044626931924373E+08    0.611220471040340811E+02   -0.305610235520170406E+02
    0.111643403143698720E+03    0.115678201646045276E+01    0.906337414704058659E+02    0.255119983469441980E+08    0.611173773701320613E+02   -0.305586886850660306E+02
    0.857497758085793009E+02    0.115467705811301347E+01    0.869305162421232609E+02    0.138317227897715662E+08    0.611154146151712894E+02   -0.305577073075856447E+02
    0.652631927147303799E+02    0.116175624854007808E+01    0.949533150827238472E+02    0.620406695966363847E+08    0.611008062992912144E+02   -0.305504031496456072E+02
    0.652631927147303799E+02    0.116175624854007808E+01    0.949533150827238472E+02    0.620406695966363847E+08    0.611008062992912144E+02   -0.305504031496456072E+02
    0.524518585899104153E+02    0.115613087398426662E+01    0.870439310671874722E+02    0.355546061265968159E+08    0.610788019637928841E+02   -0.305394009818964420E+02
    0.685374689521729437E+02    0.115851297255232399E+01    0.916261357184607306E+02    0.112706553357294798E+09    0.610731606236146334E+02   -0.305365803118073167E+02
    0.933261346877376496E+02    0.115928102389598453E+01    0.842371413899875847E+02    0.517060584440447167E+08    0.610696147319295406E+02   -0.305348073659647703E+02
    0.577535310951517360E+02    0.116115323477177768E+01    0.927191157945116231E+02    0.493416926660156399E+08    0.610679578012777284E+02   -0.305339789006388642E+02
    0.577535310951517360E+02    0.116115323477177768E+01    0.927191157945116231E+02    0.493416926660156399E+08    0.610679578012777284E+02   -0.305339789006388642E+02
    0.433542523345630286E+02    0.115691142864367058E+01    0.979533140610579096E+02    0.925088563867133707E+08    0.610404502186383553E+02   -0.305202251093191776E+02
    0.109396382425992030E+03    0.115547295058525035E+01    0.887572838114800504E+02    0.551233746113727763E+08    0.610381756574068959E+02   -0.305190878287034479E+02
    0.981716416774800251E+02    0.115622731851898219E+01    0.905728006845986471E+02    0.887709241576030254E+08    0.610339437664600126E+02   -0.305169718832300063E+02
    0.777380224894949947E+02    0.115688501854892367E+01    0.934364368837025410E+02    0.226417533207230642E+08    0.609923881464555109E+02   -0.304961940732277554E+02
    0.526838838703527301E+02    0.115385562258652996E+01    0.933383969529079565E+02    0.520169453397634476E+08    0.609831122768488427E+02   -0.304915561384244214E+02
    0.855884909482362559E+02    0.115230258209640035E+01    0.983396711180482725E+02    0.392350584980844855E+08    0.609216442311548008E+02   -0.304608221155774004E+02
    0.855884909482362559E+02    0.115230258209640035E+01    0.983396711180482725E+02    0.392350584980844855E+08    0.609216442311548008E+02   -0.304608221155774004E+02
    0.798160174284984976E+02    0.115734297756515847E+01    0.927614750547582076E+02    0.121250859710181784E+08    0.609044497880510960E+02   -0.304522248940255480E+02
    0.747337368035806264E+02    0.116138123709310870E+01    0.926300971138122264E+02    0.614646401251307130E+08    0.609038096797641515E+02   -0.304519048398820757E+02
    0.886475248807914511E+02    0.115692425466977156E+01    0.888783081607184045E+02    0.247192892903701775E+08    0.608917848584630903E+02   -0.304458924292315452E+02
    0.930350407788108811E+02    0.115816339875315366E+01    0.947619029571936693E+02    0.112977644113518000E+08    0.608629417796655261E+02   -0.304314708898327630E+02
    0.930350407788108811E+02    0.115816339875315366E+01    0.947619029571936693E+02    0.112977644113518000E+08    0.608629417796655261E+02   -0.304314708898327630E+02
    0.122404061654996070E+03    0.115574709504075135E+01    0.989418307589540120E+02    0.422723056800095886E+08    0.608579077365335195E+02   -0.304289538682667597E+02
    0.636877463114472349E+02    0.115872785856592397E+01    0.834396352642380492E+02    0.598709178401065916E+08    0.608576694553042827E+02   -0.304288347276521414E+02
    0.754023023818599682E+02    0.116078897330923780E+01    0.947482340582920983E+02    0.289818273807022758E+08    0.608519319779506134E+02   -0.304259659889753067E+02
    0.106737315712269151E+03    0.115841039319247474E+01    0.845119656312246121E+02    0.345975488345572278E+08    0.608395076164112609E+02   -0.304197538082056305E+02
    0.505714521918379631E+02    0.115388487276035279E+01    0.995734657402193477E+02    0.751821188874140382E+08    0.608248727382218846E+02   -0.304124363691109423E+02
    0.728299638956836617E+02    0.115856688459174761E+01    0.806637517173285659E+02    0.352707399552941248E+08    0.608118766204108283E+02   -0.304059383102054142E+02
    0.512902682988024878E+02    0.115437597095290245E+01    0.946693665365536390E+02    0.495392555182007775E+08    0.607638315981624118E+02   -0.303819157990812059E+02
    0.644501817226475708E+02    0.115634582406584441E+01    0.956906102067769098E+02    0.270383625030362383E+08    0.607476246478246367E+02   -0.303738123239123183E+02
    0.115628175767234524E+03    0.115626981682395269E+01    0.888830994833377730E+02    0.310106489184727073E+08    0.607057424148190208E+02   -0.303528712074095104E+02
    0.115628175767234524E+03    0.115626981682395269E+01    0.888830994833377730E+02    0.310106489184727073E+08    0.607057424148190208E+02   -0.303528712074095104E+02
    0.115369770088257894E+03    0.115609427040257895E+01    0.985371145900417957E+02    0.236775983902617395E+08    0.607012112111398494E+02   -0.303506056055699247E+02
    0.102982387678187436E+03    0.115799489516470722E+01    0.938116973046227969E+02    0.226571371496270224E+08    0.606766589190212215E+02   -0.303383294595106108E+02
    0.667290743018724299E+02    0.115744785220711366E+01    0.941290152985141333E+02    0.120083563434053972E+09    0.606748767109038312E+02   -0.303374383554519156E+02
    0.739670622628254790E+02    0.115635890346114523E+01    0.810931186976152674E+02    0.538899123349744454E+08    0.606652729292844413E+02   -0.303326364646422206E+02
    0.788202724202195810E+02    0.115439350990670997E+01    0.884255399254894030E+02    0.783732874120769054E+08    0.606651200595903930E+02   -0.303325600297951965E+02
    0.788202724202195810E+02    0.115439350990670997E+01    0.884255399254894030E+02    0.783732874120769054E+08    0.606651200595903930E+02   -0.303325600297951965E+02
    0.124933113238070078E+03    0.115719928380653947E+01    0.969561318095313283E+02    0.305705644083093517E+08    0.606639580052796816E+02   -0.303319790026398408E+02
    0.707369273419805040E+02    0.116032733509174624E+01    0.947783643250486421E+02    0.290483803795271069E+08    0.606597281613660044E+02   -0.303298640806830022E+02
    0.734823671406595480E+02    0.115305910351093255E+01    0.924456450536634122E+02    0.390458089950328916E+08    0.606513717651255746E+02   -0.303256858825627873E+02
    0.934833769878023730E+02    0.115364711714003088E+01    0.934690440422921967E+02    0.727940055514145494E+08    0.606075401892035615E+02   -0.303037700946017807E+02
    0.114887363364606088E+03    0.115752308425449701E+01    0.921944331736373215E+02    0.133897244474299587E+08    0.605781671259494772E+02   -0.302890835629747386E+02
    0.986609879341309437E+02    0.116080891200714009E+01    0.960223051204114597E+02    0.417932703043135256E+08    0.605261113979898653E+02   -0.302630556989949326E+02
    0.893728332577883577E+02    0.115841624026903300E+01    0.953771468559877462E+02    0.220910562280897424E+08    0.605200366236924481E+02   -0.302600183118462240E+02
    0.628569533246037935E+02    0.115772425500728238E+01    0.844367910716416645E+02    0.472224996937379763E+08    0.605143630719737331E+02   -0.302571815359868665E+02
    0.831542244276768656E+02    0.115757928511308239E+01    0.948920760588389101E+02    0.170387894410062172E+08    0.604800734016392596E+02   -0.302400367008196298E+02
    0.612859325709006626E+02    0.115791633375759484E+01    0.844458930937071841E+02    0.369974139469047859E+08    0.604736601529109521E+02   -0.302368300764554760E+02
    0.770322669782902096E+02    0.115344453133371028E+01    0.899423765743169241E+02    0.490917373139886409E+08    0.604661956123153175E+02   -0.302330978061576587E+02
    0.844037999044392109E+02    0.115629255408371501E+01    0.814291639242396030E+02    0.383304744441735595E+08    0.604634061228162807E+02   -0.302317030614081403E+02
    0.892316641105753661E+02    0.115541720453162244E+01    0.871418952576224370E+02    0.723169390463313162E+08    0.604519273089283473E+02   -0.302259636544641737E+02
    0.892316641105753661E+02    0.115541720453162244E+01    0.871418952576224370E+02    0.723169390463313162E+08    0.604519273089283473E+02   -0.302259636544641737E+02
    0.615483919801778185E+02    0.115799103614091425E+01    0.855609280594142518E+02    0.322989957839812636E+08    0.604390136280874586E+02   -0.302195068140437293E+02
    0.959114503335655684E+02    0.115312916225433026E+01    0.986779794464219577E+02    0.657453947802860364E+08    0.604256712480502358E+02   -0.302128356240251179E+02
    0.916959675914189063E+02    0.115504784719966258E+01    0.868222713094327645E+02    0.625113083592056036E+08    0.604249330472922352E+02   -0.302124665236461176E+02
    0.109144037770560530E+03    0.115730598190758860E+01    0.904537892495704767E+02    0.526009447158727795E+08    0.604152525800589189E+02   -0.302076262900294594E+02
    0.106556441551979248E+03    0.115682025116688325E+01    0.898493836546909534E+02    0.285000184263515174E+08    0.604104791796180649E+02   -0.302052395898090325E+02
    0.619204801004376009E+02    0.116084887033084105E+01    0.937663370968720926E+02    0.504481396976842433E+08    0.603954134902858044E+02   -0.301977067451429022E+02
    0.703546148106682665E+02    0.115391638766893334E+01    0.981157979033371959E+02    0.100922352231087521E+09    0.603828665814220571E+02   -0.301914332907110285E+02
    0.860039226771512944E+02    0.115419523652211553E+01    0.938996452607421190E+02    0.858392788760479540E+08    0.603744609100015737E+02   -0.301872304550007868E+02
    0.106092989169603001E+03    0.115383492822422418E+01    0.985004412966217444E+02    0.487024556772756130E+08    0.603498169695456141E+02   -0.301749084847728071E+02
    0.712819183587448038E+02    0.115394062519251062E+01    0.905468558025725372E+02    0.712748939229733199E+08    0.603294069509399549E+02   -0.301647034754699774E+02
    0.864739122635591855E+02    0.115293148690413783E+01    0.976993586922640418E+02    0.330358143299349248E+08    0.603241275300090365E+02   -0.301620637650045182E+02
    0.808310353392243996E+02    0.115359851087403897E+01    0.909138706394471399E+02    0.319046146763022244E+08    0.603213188557635931E+02   -0.301606594278817965E+02
    0.639170037110162426E+02    0.115680436277245402E+01    0.844782983391718147E+02    0.346875456595589593E+08    0.603066992612964725E+02   -0.301533496306482363E+02
    0.106326041110239970E+03    0.115579953000409885E+01    0.990801379506516469E+02    0.840170968670432866E+08    0.602972209640488259E+02   -0.301486104820244130E+02
    0.624295166228339511E+02    0.115397669302830885E+01    0.944186466472699664E+02    0.758628879531690925E+08    0.602818532343679436E+02   -0.301409266171839718E+02
    0.624999675277065450E+02    0.115414914705302407E+01    0.922071235186036375E+02    0.477155288646910265E+08    0.602717804575520759E+02   -0.301358902287760380E+02
    0.884492539333576957E+02    0.116103929347053692E+01    0.966343463972888088E+02    0.478563126624981165E+08    0.602561286552160382E+02   -0.301280643276080191E+02
    0.756015135156432621E+02    0.115315065689758733E+01    0.997092098960200701E+02    0.331083815954258442E+08    0.602221098646841000E+02   -0.301110549323420500E+02
    0.851784606035958944E+02    0.115647446915516361E+01    0.912736164542475308E+02    0.915094576032796949E+08    0.601952214310819755E+02   -0.300976107155409878E+02
    0.956001571248624771E+02    0.115461457034427695E+01    0.988580362317559462E+02    0.128499682403856162E+08    0.601671451951930862E+02   -0.300835725975965431E+02
    0.760667755588196570E+02    0.115631195820250388E+01    0.914720000255241814E+02    0.146136276986434218E+08    0.601520875207781742E+02   -0.300760437603890871E+02
    0.812411793943484923E+02    0.115458736055744815E+01    0.863736345159194343E+02    0.543641961077954024E+08    0.601431621760925168E+02   -0.300715810880462584E+02
    0.114255688493789251E+03    0.115708722487003746E+01    0.970961352259403441E+02    0.570722920618284643E+08    0.601289130032775887E+02   -0.300644565016387944E+02
    0.114255688493789251E+03    0.115708722487003746E+01    0.970961352259403441E+02    0.570722920618284643E+08    0.601289130032775887E+02   -0.300644565016387944E+02
    0.891924032948042651E+02    0.115803818633711164E+01    0.948954685937741118E+02    0.240451243935531043E+08    0.601244277693031250E+02   -0.300622138846515625E+02
    0.946796944884374057E+02    0.116035462573680714E+01    0.999891410741157785E+02    0.277789034015527852E+08    0.601140169334054093E+02   -0.300570084667027047E+02
    0.109073309613677893E+03    0.115558370273550137E+01    0.902676164134428944E+02    0.366626070073686838E+08    0.601003268812322275E+02   -0.300501634406161138E+02
    0.817019284255162148E+02    0.115785030953898893E+01    0.871795361512475750E+02    0.736485707513198107E+08    0.600972401521766457E+02   -0.300486200760883229E+02
    0.832210146407536797E+02    0.115380517709101693E+01    0.991856728430614680E+02    0.908506479004777819E+08    0.600910128637191860E+02   -0.300455064318595930E+02
    0.104202787948574596E+03    0.115527548341423869E+01    0.914760513989657227E+02    0.529550413466553390E+08    0.600819930267939952E+02   -0.300409965133969976E+02
    0.889932782163899958E+02    0.115372530731696799E+01    0.908928177587158501E+02    0.349233239396494105E+08    0.600701013416115330E+02   -0.300350506708057665E+02
    0.647416855709219732E+02    0.115401436163065751E+01    0.914545164359564779E+02    0.541138822519705892E+08    0.600618519588785986E+02   -0.300309259794392993E+02
    0.115630044994552790E+03    0.115747951777927671E+01    0.987405934936747656E+02    0.523345230229898170E+08    0.600416698162374374E+02   -0.300208349081187187E+02
    0.667608764526068654E+02    0.115725424181052539E+01    0.846128531802314399E+02    0.371088186156729385E+08    0.600326012125353543E+02   -0.300163006062676772E+02
    0.840549823412825390E+02    0.115811374384508725E+01    0.861883970655697169E+02    0.636291154335298687E+08    0.600314842865193867E+02   -0.300157421432596934E+02
    0.779893059100965047E+02    0.115759881033363543E+01    0.948886861549361242E+02    0.257689124544519149E+08    0.600197977307860810E+02   -0.300098988653930405E+02
    0.634156492627183113E+02    0.115415904566266958E+01    0.954401914214896152E+02    0.372466735222271383E+08    0.600018077555838900E+02   -0.300009038777919450E+02
    0.729886896537425827E+02    0.115718296317609393E+01    0.952728381021555180E+02    0.154608995956255458E+08    0.599969799563246724E+02   -0.299984899781623362E+02
    0.798587027133432770E+02    0.115481323140278036E+01    0.927635488320764807E+02    0.300256537465599850E+08    0.599711178813204242E+02   -0.299855589406602121E+02
    0.683701606025396416E+02    0.115595652715430819E+01    0.862602845828132132E+02    0.330716557686913945E+08    0.599559038460953815E+02   -0.299779519230476907E+02
    0.540138854096459085E+02    0.115745072535606397E+01    0.954121402386032429E+02    0.850351791414587051E+08    0.599543417179778970E+02   -0.299771708589889485E+02
    0.836215044733331894E+02    0.115456836818291686E+01    0.886708329695524782E+02    0.314665025999895558E+08    0.599478547837827875E+02   -0.299739273918913938E+02
    0.696084143875189341E+02    0.115621539806706930E+01    0.935846015543584997E+02    0.987004216244488358E+08    0.599457099000104279E+02   -0.299728549500052139E+02
    0.779809322000779019E+02    0.116060471190044256E+01    0.969669111248021238E+02    0.707749001016849130E+08    0.599326326838101977E+02   -0.299663163419050989E+02
    0.724838705831536174E+02    0.115485728236430729E+01    0.937084601670579218E+02    0.869050019308508933E+08    0.599270200495295171E+02   -0.299635100247647586E+02
    0.815496576522315166E+02    0.115329291610419427E+01    0.983520238348200024E+02    0.334014018318202794E+08    0.599186643139292343E+02   -0.299593321569646172E+02
    0.630572421731328276E+02    0.115925098317268427E+01    0.895649984172014371E+02    0.604739173337098137E+08    0.599022966986284402E+02   -0.299511483493142201E+02
    0.783564297502710900E+02    0.115485348538892829E+01    0.953223523071156507E+02    0.923376126527257860E+08    0.598905769097849685E+02   -0.299452884548924843E+02
    0.874927720855724687E+02    0.115671005483426126E+01    0.866870409267546052E+02    0.639709634202447385E+08    0.598785555339214710E+02   -0.299392777669607355E+02
    0.100756363889540012E+03    0.115447957871170148E+01    0.975590865670297802E+02    0.298120258852436543E+08    0.598613554509022521E+02   -0.299306777254511260E+02
    0.883022167596502214E+02    0.115483753661072708E+01    0.937691142935961466E+02    0.796620706218227297E+08    0.598459781954807823E+02   -0.299229890977403912E+02
    0.693832147354509488E+02    0.115496575895573095E+01    0.893378984373328962E+02    0.451086651770280227E+08    0.598455363357493368E+02   -0.299227681678746684E+02
    0.992953502478771384E+02    0.115728828983125953E+01    0.896503936342621017E+02    0.596758228405825198E+08    0.598414816008209911E+02   -0.299207408004104956E+02
    0.649636042259569422E+02    0.115790086579781892E+01    0.911242710712753023E+02    0.804420996878992319E+08    0.597990077424757018E+02   -0.298995038712378509E+02
    0.742049867447684335E+02    0.116108586286564108E+01    0.974918265745951089E+02    0.356252058618158922E+08    0.597944090802091424E+02   -0.298972045401045712E+02
    0.944460072783568165E+02    0.115448768859095496E+01    0.984533039566835271E+02    0.144040185303433258E+08    0.597943837012554411E+02   -0.298971918506277206E+02
    0.703671954928787642E+02    0.115546748573248959E+01    0.871390899147861973E+02    0.368146117474412024E+08    0.597909764115677831E+02   -0.298954882057838915E+02
    0.706630018330196492E+02    0.116109098888803675E+01    0.989907399833045929E+02    0.559611259960915595E+08    0.597804762933132992E+02   -0.298902381466566496E+02
    0.769693971317360308E+02    0.115819315048709481E+01    0.978962067037145260E+02    0.109602725921415389E+09    0.597621911419048288E+02   -0.298810955709524144E+02
    0.109642273452721398E+03    0.115538350741577767E+01    0.928434826831181681E+02    0.331305900253368728E+08    0.597424736289454472E+02   -0.298712368144727236E+02
    0.727198868832495293E+02    0.115767301157439073E+01    0.921584346424978804E+02    0.877771560764161348E+08    0.597324772081411908E+02   -0.298662386040705954E+02
    0.730059198684379567E+02    0.115623761243389911E+01    0.956938078121105633E+02    0.283985674668541886E+08    0.597190559979126903E+02   -0.298595279989563451E+02
    0.553950633978016853E+02    0.115604658557198636E+01    0.942036351205711782E+02    0.420410268485585973E+08    0.597056182037678127E+02   -0.298528091018839064E+02
    0.871585849619584252E+02    0.115485276609077259E+01    0.978602802616184846E+02    0.132911964177001212E+08    0.597026073086334321E+02   -0.298513036543167161E+02
    0.108551795735912137E+03    0.115557967991996002E+01    0.928410891836006158E+02    0.310882279401300699E+08    0.596967664775095344E+02   -0.298483832387547672E+02
    0.580980722202632691E+02    0.115431996364660905E+01    0.999358400875608623E+02    0.698695672317132503E+08    0.596933748377021729E+02   -0.298466874188510864E+02
    0.508009041289743024E+02    0.115663125000883626E+01    0.979677545429878904E+02    0.446912224226260707E+08    0.596635656415728377E+02   -0.298317828207864189E+02
    0.546172545293878997E+02    0.115776019093090410E+01    0.953839442775175144E+02    0.342768575516527891E+08    0.596497612663489605E+02   -0.298248806331744802E+02
    0.872128982770623793E+02    0.116020806486283656E+01    0.928518457348646393E+02    0.404225158407550007E+08    0.596449807071241054E+02   -0.298224903535620527E+02
    0.480887455526088203E+02    0.115658138008995248E+01    0.985312821791529529E+02    0.582866587472520769E+08    0.596409952991961916E+02   -0.298204976495980958E+02
    0.751095706812633637E+02    0.115349660681567112E+01    0.995442336056533179E+02    0.415743559198430106E+08    0.596155705418045727E+02   -0.298077852709022864E+02
    0.690479936875822204E+02    0.115493527066125212E+01    0.911246737739574542E+02    0.350029928038650975E+08    0.595983972469216781E+02   -0.297991986234608390E+02
    0.881107131337737144E+02    0.115894738237047368E+01    0.867109874081520076E+02    0.328071123377672136E+08    0.595974779318902819E+02   -0.297987389659451409E+02
    0.874902313183363418E+02    0.116018646931529057E+01    0.921080518833762198E+02    0.370997630406837240E+08    0.595856485989405087E+02   -0.297928242994702543E+02
    0.731369857851998404E+02    0.115544089163388630E+01    0.989101624356440823E+02    0.106537610278074160E+09    0.595821965346475224E+02   -0.297910982673237612E+02
    0.762819093081348996E+02    0.115482678206950262E+01    0.902035871709361743E+02    0.628878282957897037E+08    0.595759665217830374E+02   -0.297879832608915187E+02
    0.836784447003015686E+02    0.115491553277212855E+01    0.978867342729981260E+02    0.911247510728894323E+08    0.595753566371146448E+02   -0.297876783185573224E+02
    0.848767350756963168E+02    0.115844763999965639E+01    0.943242129814391319E+02    0.151592403048111908E+08    0.595554291993624787E+02   -0.297777145996812393E+02
    0.872103061283291083E+02    0.115998203578731629E+01    0.918133294316128570E+02    0.392148618502029479E+08    0.595461927154487540E+02   -0.297730963577243770E+02
    0.735345411226869743E+02    0.115466852799005149E+01    0.906425675025870561E+02    0.597279453459164500E+08    0.595373598325070503E+02   -0.297686799162535252E+02
    0.100773352879800370E+03    0.115572028700886564E+01    0.919816396026887872E+02    0.532011476632465795E+08    0.595308592906955383E+02   -0.297654296453477691E+02
    0.100295763083117023E+03    0.115868644937188403E+01    0.950176658128141867E+02    0.611264904072280899E+08    0.595253769256145802E+02   -0.297626884628072901E+02
    0.915074250634564663E+02    0.115887316260940265E+01    0.898123684980037638E+02    0.306754566835262738E+08    0.595025712323696396E+02   -0.297512856161848198E+02
    0.701997736749258934E+02    0.115604215125094179E+01    0.994051379136589901E+02    0.110904505485168487E+09    0.594953098405553433E+02   -0.297476549202776717E+02
    0.858896292510324741E+02    0.115416163768543845E+01    0.939582893487534108E+02    0.438404290449614674E+08    0.594776346248489389E+02   -0.297388173124244695E+02
    0.947526129317432577E+02    0.115840101034217580E+01    0.977371093473737176E+02    0.260553740828921311E+08    0.594627900106877760E+02   -0.297313950053438880E+02
    0.839548281407410428E+02    0.115814533724207913E+01    0.879967373103164334E+02    0.586387077875717804E+08    0.594624512134160028E+02   -0.297312256067080014E+02
    0.847741530640647198E+02    0.115878471821750351E+01    0.913419973952689332E+02    0.300805169206576161E+08    0.594557135296832229E+02   -0.297278567648416114E+02
    0.735291546951558104E+02    0.115927960158443266E+01    0.888150679150741382E+02    0.371290255648572519E+08    0.594459940627782899E+02   -0.297229970313891450E+02
    0.877001459066611915E+02    0.115720329804787481E+01    0.977591235381633652E+02    0.255405603064576574E+08    0.594432996057162129E+02   -0.297216498028581064E+02
    0.802421037908286081E+02    0.115993002104199139E+01    0.937600103236518834E+02    0.309096091662504300E+08    0.594335780847291204E+02   -0.297167890423645602E+02
    0.766582849860607212E+02    0.115933341809042667E+01    0.893584137094104989E+02    0.402411373282759041E+08    0.594298221599775758E+02   -0.297149110799887879E+02
    0.105062481569801875E+03    0.115902703245396776E+01    0.933080843000237792E+02    0.332295374956813194E+08    0.594217209341228880E+02   -0.297108604670614440E+02
    0.965572898344599082E+02    0.115897092366425558E+01    0.932559174826023138E+02    0.483022711264602914E+08    0.594096517892457854E+02   -0.297048258946228927E+02
    0.104861620386213843E+03    0.115628520472062246E+01    0.914141729979712920E+02    0.378752065275142714E+08    0.594046274963117966E+02   -0.297023137481558983E+02
    0.812983437739099344E+02    0.115448402667761796E+01    0.936635001462454539E+02    0.317181107387195788E+08    0.593731386384306035E+02   -0.296865693192153017E+02
    0.918987414007726642E+02    0.115614852621995712E+01    0.872998613144664120E+02    0.371750545117454380E+08    0.593602585631860933E+02   -0.296801292815930466E+02
    0.706378886774350008E+02    0.115928381746185671E+01    0.950563548064411492E+02    0.758512655219388455E+08    0.593408655780086534E+02   -0.296704327890043267E+02
    0.866353914525745665E+02    0.115518929460407427E+01    0.890132833312039224E+02    0.372183327312966287E+08    0.593400005447750090E+02   -0.296700002723875045E+02
    0.869585871696472168E+02    0.115479245646040574E+01    0.994882762432098389E+02    0.296258694294222333E+08    0.593336663551199308E+02   -0.296668331775599654E+02
    0.967460679698746588E+02    0.115603618064344915E+01    0.908169747297321521E+02    0.539116800416148752E+08    0.593335403526622827E+02   -0.296667701763311413E+02
    0.969058060024088945E+02    0.115987919659643612E+01    0.997983275906755978E+02    0.539255822971822172E+08    0.593196805054813439E+02   -0.296598402527406719E+02
    0.719609589852052665E+02    0.115727463718975088E+01    0.908452487237587718E+02    0.748477364582810253E+08    0.593131753416325438E+02   -0.296565876708162719E+02
    0.710477116860960507E+02    0.115944632751442445E+01    0.999633613864290282E+02    0.871413147524065524E+08    0.593023003963792661E+02   -0.296511501981896330E+02
    0.108705342694165935E+03    0.115814650994877466E+01    0.980163184757889923E+02    0.429396874044705778E+08    0.593012956609550059E+02   -0.296506478304775030E+02
    0.930305607478939010E+02    0.115416172090344937E+01    0.976918744803471384E+02    0.404337485897571519E+08    0.592315879698331287E+02   -0.296157939849165643E+02
    0.787582258888845956E+02    0.115961468803824341E+01    0.996655321730357713E+02    0.411220381581894234E+08    0.583687858334890848E+02   -0.291843929167445424E+02
    0.941763094819314830E+02    0.115748088704250818E+01    0.999748918994544482E+02    0.881734772452624291E+08    0.592130673914448096E+02   -0.296065336957224048E+02
    0.737479630994623960E+02    0.115991271627706594E+01    0.954824372077008547E+02    0.372971913944473118E+08    0.589561098023946641E+02   -0.294780549011973321E+02
    0.642567427828077768E+02    0.115806045125194945E+01    0.987991335089781160E+02    0.364441733652196899E+08    0.583967030402505856E+02   -0.291983515201252928E+02
    0.788323495405446693E+02    0.115891543249215800E+01    0.971525866824926965E+02    0.440565051001148596E+08    0.582602815326027610E+02   -0.291301407663013805E+02
    0.915603460235700197E+02    0.115693771233402587E+01    0.985989914021120342E+02    0.445028318344825879E+08    0.579536791768817352E+02   -0.289768395884408676E+02
    0.685039126242164684E+02    0.115761766260776788E+01    0.977226913192132827E+02    0.507276183829968050E+08    0.580278423361267812E+02   -0.290139211680633906E+02
    0.685039126242164684E+02    0.115761766260776788E+01    0.977226913192132827E+02    0.507276183829968050E+08    0.580278423361267812E+02   -0.290139211680633906E+02
    0.678885352061540743E+02    0.115831407322623470E+01    0.978239897334552921E+02    0.484234000148267969E+08    0.582312541184891614E+02   -0.291156270592445807E+02
    0.799671379928164754E+02    0.115594385458997695E+01    0.964059465757399465E+02    0.693313611794665158E+08    0.584038814792110728E+02   -0.292019407396055364E+02
    0.850533137390943068E+02    0.115639800599435083E+01    0.998128099648626517E+02    0.837475281693838984E+08    0.585676379481077092E+02   -0.292838189740538546E+02
    0.808080274907672873E+02    0.115561940534333574E+01    0.971125599534321822E+02    0.696020787790741026E+08    0.584520915413605948E+02   -0.292260457706802974E+02
    0.708138149298468420E+02    0.115626858685237588E+01    0.966824951247091491E+02    0.714433190859793723E+08    0.584287665774409959E+02   -0.292143832887204979E+02
    0.681919043615325791E+02    0.115572250907126195E+01    0.984485598529187200E+02    0.332908941847007312E+08    0.586932717677283833E+02   -0.293466358838641916E+02
    0.783780768809097168E+02    0.115652496921120984E+01    0.984928974774519617E+02    0.889391443181083500E+08    0.587879497896625054E+02   -0.293939748948312527E+02
    0.684743737066442293E+02    0.115817978255820031E+01    0.955242363479766254E+02    0.385325172502920702E+08    0.583883920527903655E+02   -0.291941960263951827E+02
    0.636230962655378889E+02    0.115722155367424917E+01    0.995212409051419797E+02    0.570252717159305364E+08    0.580711664327227624E+02   -0.290355832163613812E+02
    0.813387157992478933E+02    0.115678509101421723E+01    0.995925053575637520E+02    0.544548604984771237E+08    0.575839302729999076E+02   -0.287919651364999538E+02
    0.797116663600102555E+02    0.115733099853549448E+01    0.958711412647199097E+02    0.735043153358542025E+08    0.584737383056334039E+02   -0.292368691528167020E+02
    0.661727603875455372E+02    0.115933165505454139E+01    0.956832056380960125E+02    0.633148508244944140E+08    0.589948050953503440E+02   -0.294974025476751720E+02
    0.611105778616851509E+02    0.115557010672263938E+01    0.966653772080644274E+02    0.553254325861092359E+08    0.588298608113545711E+02   -0.294149304056772856E+02
    0.605705899234616467E+02    0.115688886031188054E+01    0.966700137378993247E+02    0.358494872711460665E+08    0.588756548459548270E+02   -0.294378274229774135E+02
    0.755220117002073010E+02    0.115822832228920669E+01    0.977229652263399942E+02    0.308175862353688665E+08    0.584288389382118609E+02   -0.292144194691059305E+02
    0.685816666387110843E+02    0.115952818631888444E+01    0.974115085848890061E+02    0.473208811673758179E+08    0.587863708134170011E+02   -0.293931854067085006E+02
    0.742796412507395729E+02    0.115595028026771995E+01    0.958255282951444514E+02    0.756030961934405863E+08    0.586992457293621896E+02   -0.293496228646810948E+02
    0.733692685900509503E+02    0.115931239129263397E+01    0.987142742514635927E+02    0.802021910035479963E+08    0.590569755770441063E+02   -0.295284877885220531E+02
    0.766303007133740834E+02    0.115865478985125625E+01    0.998349686392471085E+02    0.712783892623960376E+08    0.582483506481530071E+02   -0.291241753240765036E+02
    0.615185045472316219E+02    0.115541767003035623E+01    0.986602923514110728E+02    0.598153408536478356E+08    0.587632813453245149E+02   -0.293816406726622574E+02
    0.737291233669063502E+02    0.115741324882399987E+01    0.989434537995426382E+02    0.496918700206722692E+08    0.577548374311535611E+02   -0.288774187155767805E+02
    0.614532355059404196E+02    0.115833317476457176E+01    0.990984955402239081E+02    0.496600617763899341E+08    0.584452151124671104E+02   -0.292226075562335552E+02
    0.572631296382538650E+02    0.115806686682454374E+01    0.996464044598586156E+02    0.669974705184060559E+08    0.587426666266466384E+02   -0.293713333133233192E+02
    0.910448203380201591E+02    0.115965478413017720E+01    0.979962249922853488E+02    0.391571822564504519E+08    0.586889311849283928E+02   -0.293444655924641964E+02
    0.721526144482018310E+02    0.115829216877286667E+01    0.962392954405221843E+02    0.522819270160026029E+08    0.581411418342131157E+02   -0.290705709171065578E+02
    0.691561161748085169E+02    0.115927522257720761E+01    0.946367855449619810E+02    0.468623875573060885E+08    0.589317855523386527E+02   -0.294658927761693263E+02
    0.674945011074432415E+02    0.115489967854895137E+01    0.964881893260924528E+02    0.694870109799882621E+08    0.590643847333692449E+02   -0.295321923666846224E+02
    0.829389525878485756E+02    0.116052049642116306E+01    0.998739872789934395E+02    0.333565604471884966E+08    0.591175140488542894E+02   -0.295587570244271447E+02
    0.882067937640399151E+02    0.115918399066810762E+01    0.966974057957965698E+02    0.655257883106961176E+08    0.589441407970361695E+02   -0.294720703985180847E+02
    0.797067298639028508E+02    0.115669830277403429E+01    0.959112884621399218E+02    0.813822983356994241E+08    0.587991536612725554E+02   -0.293995768306362777E+02
    0.761324444330999484E+02    0.115597689286857630E+01    0.989428030944304027E+02    0.385245710843779892E+08    0.579680750331557704E+02   -0.289840375165778852E+02
    0.605369833145029759E+02    0.115705196235139463E+01    0.976765340381692795E+02    0.708317562756457329E+08    0.586895242145482072E+02   -0.293447621072741036E+02
    0.921978768809823492E+02    0.115836905807884016E+01    0.953762725805282798E+02    0.579635301420461759E+08    0.586523751379468337E+02   -0.293261875689734168E+02
    0.771135885380259509E+02    0.115665606013991784E+01    0.957815796993488391E+02    0.392796428506028205E+08    0.580265387885127524E+02   -0.290132693942563762E+02
    0.771135885380259509E+02    0.115665606013991784E+01    0.957815796993488391E+02    0.392796428506028205E+08    0.580265387885127524E+02   -0.290132693942563762E+02
    0.780593068283410503E+02    0.115468808977209303E+01    0.962291865306921750E+02    0.358771073535702527E+08    0.588438292922353838E+02   -0.294219146461176919E+02
    0.897529387606536488E+02    0.115626712505191054E+01    0.955055755116974439E+02    0.468615294289421141E+08    0.583444476859612990E+02   -0.291722238429806495E+02
    0.886659788476307256E+02    0.115541009206531586E+01    0.983521787982767961E+02    0.355457768993106335E+08    0.581814750224043280E+02   -0.290907375112021640E+02
    0.886659788476307256E+02    0.115541009206531586E+01    0.983521787982767961E+02    0.355457768993106335E+08    0.581814750224043280E+02   -0.290907375112021640E+02
    0.860918062423486390E+02    0.115483139557340597E+01    0.998008600947528350E+02    0.419933506837155074E+08    0.584686353798333087E+02   -0.292343176899166544E+02
    0.950892736454849228E+02    0.115544774670104333E+01    0.959477471094312193E+02    0.424273566481996328E+08    0.587334819466913700E+02   -0.293667409733456850E+02
    0.833726613681447617E+02    0.115560728636170373E+01    0.945154957623891789E+02    0.316909204378847294E+08    0.585836011175222779E+02   -0.292918005587611390E+02
    0.851110908841901335E+02    0.115467612804144837E+01    0.985690712075699764E+02    0.651848674926289171E+08    0.587417970550370825E+02   -0.293708985275185412E+02
    0.964891150247451606E+02    0.115708225926449071E+01    0.938429316270011924E+02    0.460027601292204559E+08    0.587804437167790397E+02   -0.293902218583895198E+02
    0.984334914043791258E+02    0.115599424674444240E+01    0.924558029632509175E+02    0.406241862888242453E+08    0.590502125895343966E+02   -0.295251062947671983E+02
    0.110539975735463130E+03    0.115789915693285006E+01    0.964559531449769452E+02    0.356411616406792551E+08    0.591343499513414557E+02   -0.295671749756707278E+02
    0.852640047718592200E+02    0.115576561434621650E+01    0.953727168678535833E+02    0.499040240024482906E+08    0.583316504031624063E+02   -0.291658252015812032E+02
    0.882842666679827204E+02    0.115834286450849988E+01    0.980767902703866525E+02    0.130389179891727418E+08    0.591565046048420413E+02   -0.295782523024210207E+02
    0.893669695201709260E+02    0.115765208520432705E+01    0.961055244268269604E+02    0.385597820953901410E+08    0.579730121944068628E+02   -0.289865060972034314E+02
    0.913540463064193773E+02    0.115838536019797944E+01    0.979460499375787208E+02    0.134160320745051056E+08    0.589184646792882063E+02   -0.294592323396441031E+02
    0.972997637584057316E+02    0.115667798502114683E+01    0.998214705832480007E+02    0.147976851831723601E+08    0.587094109499914083E+02   -0.293547054749957042E+02
    0.945135632270942097E+02    0.115700161806931123E+01    0.987044577196590609E+02    0.380575346622769535E+08    0.578523152879969444E+02   -0.289261576439984722E+02
    0.945135632270942097E+02    0.115700161806931123E+01    0.987044577196590609E+02    0.380575346622769535E+08    0.578523152879969444E+02   -0.289261576439984722E+02
    0.958600082020116560E+02    0.115686677081096678E+01    0.985054388773708496E+02    0.370584169925638363E+08    0.579037482261853640E+02   -0.289518741130926820E+02
    0.968589016431274104E+02    0.115714014130429188E+01    0.960742961704932270E+02    0.143793351529337429E+08    0.589483092731928977E+02   -0.294741546365964489E+02
    0.102182649413062435E+03    0.115660951794137246E+01    0.974800983696009382E+02    0.311168919090259820E+08    0.584486507136006281E+02   -0.292243253568003141E+02
    0.841565897430725727E+02    0.115786520455943953E+01    0.992046856157292183E+02    0.158372454089067057E+08    0.591727642675567935E+02   -0.295863821337783968E+02
    0.812696092638556706E+02    0.115727376139670413E+01    0.981174907534051073E+02    0.154757659790004473E+08    0.592216233844061151E+02   -0.296108116922030575E+02
    0.766474714197826756E+02    0.115471763120386894E+01    0.955478683327542910E+02    0.543594303778075725E+08    0.587389759047287612E+02   -0.293694879523643806E+02
    0.902195746145974198E+02    0.115995190115805213E+01    0.991933578017805360E+02    0.447722864531782195E+08    0.589838236262273554E+02   -0.294919118131136777E+02
    0.759595179148646338E+02    0.115458015470225628E+01    0.946810222067341840E+02    0.551677138867138550E+08    0.589208891214711059E+02   -0.294604445607355530E+02
    0.782367856602915168E+02    0.115723830919894954E+01    0.925027321779353713E+02    0.514020152902381346E+08    0.583816650439206555E+02   -0.291908325219603277E+02
    0.755769692728440248E+02    0.115820811587623895E+01    0.929755612418928621E+02    0.410334476170280576E+08    0.584845442832031068E+02   -0.292422721416015534E+02
    0.837769102184072096E+02    0.115568883939638467E+01    0.920475632557683809E+02    0.337264305867596418E+08    0.586569539166338672E+02   -0.293284769583169336E+02
    0.661046187050501715E+02    0.115705495073297793E+01    0.913106873796869678E+02    0.372989605204896331E+08    0.589576249585280863E+02   -0.294788124792640431E+02
    0.757950995721768095E+02    0.115666052735210023E+01    0.917882520422757580E+02    0.435403675091366544E+08    0.586342609291286934E+02   -0.293171304645643467E+02
    0.712221331242607647E+02    0.115526948339035807E+01    0.918054303784553980E+02    0.360450876613315269E+08    0.591780021134608347E+02   -0.295890010567304174E+02
    0.741814358001648628E+02    0.115693699644184189E+01    0.891489463087996228E+02    0.358073341599140018E+08    0.588897235272758763E+02   -0.294448617636379382E+02
    0.728606064979825021E+02    0.115637872671044661E+01    0.900604683506786188E+02    0.548350944359467626E+08    0.588455006238301337E+02   -0.294227503119150668E+02
    0.691838508481622512E+02    0.115664877072635797E+01    0.896847072806932744E+02    0.437630018764639348E+08    0.591741723965149049E+02   -0.295870861982574525E+02
    0.846562802120902660E+02    0.115553441130780610E+01    0.930977406546875272E+02    0.532080411664238572E+08    0.586434628766680248E+02   -0.293217314383340124E+02
    0.908923062531509203E+02    0.115730249049127698E+01    0.899906814971411677E+02    0.347820032512873858E+08    0.586795458851436251E+02   -0.293397729425718126E+02
    0.789647053427254093E+02    0.115598923454913693E+01    0.940388220689524701E+02    0.500848225650689527E+08    0.583672320172424151E+02   -0.291836160086212075E+02
    0.835770937622501293E+02    0.115567397725649679E+01    0.903267069570760697E+02    0.535852964103179649E+08    0.589752360568475922E+02   -0.294876180284237961E+02
