    0.440075952925788769E+02    0.113342800646781261E+01    0.389475383009577385E+02    0.981880642918810546E+08    0.277214895656782005E+03   -0.138607447828391003E+03
    0.424803876910834077E+02    0.112349906354917439E+01    0.351285002861569851E+02    0.476690274055708498E+08    0.275423831702089160E+03   -0.137711915851044580E+03
    0.311912741120793626E+02    0.112482597845103993E+01    0.410251397818177210E+02    0.135674196602770928E+08    0.275259154482257600E+03   -0.137629577241128800E+03
    0.266732839033639664E+02    0.112357979790542672E+01    0.263189770156260714E+02    0.409767590806553811E+08    0.274954138604693071E+03   -0.137477069302346536E+03
    0.549270042629010646E+02    0.112948630739338074E+01    0.540258222595635829E+02    0.104058004519236386E+08    0.274714339663162775E+03   -0.137357169831581388E+03
    0.665773462664711388E+02    0.113151421808298691E+01    0.357785142965050653E+02    0.533701106205260158E+08    0.273749148903937737E+03   -0.136874574451968869E+03
    0.230718152887837995E+02    0.113099553091412242E+01    0.349021767655292550E+02    0.189993504572962970E+08    0.273722428793920358E+03   -0.136861214396960179E+03
    0.536785770990768043E+02    0.113279017942361637E+01    0.317434046017669615E+02    0.644122336794030592E+08    0.273652171348350578E+03   -0.136826085674175289E+03
    0.453656855519971600E+02    0.111960811146620642E+01    0.244110250267750537E+02    0.359911105563780442E+08    0.273510406246909781E+03   -0.136755203123454891E+03
    0.226523486869126955E+02    0.113226248014540820E+01    0.229820828879300194E+02    0.215096277978853211E+08    0.272999408721948271E+03   -0.136499704360974135E+03
    0.227074386591969102E+02    0.113601543341908950E+01    0.255160941365888405E+02    0.364985652260304093E+08    0.272939429751562272E+03   -0.136469714875781136E+03
    0.526271790086757818E+02    0.112193882559347236E+01    0.365960647285226699E+02    0.115479407294903267E+08    0.272849302748042305E+03   -0.136424651374021153E+03
    0.522321082365784761E+02    0.113099616244478218E+01    0.521454334463872016E+02    0.150763443314813487E+08    0.272244468717403663E+03   -0.136122234358701832E+03
    0.795604589153008845E+02    0.113316038431397303E+01    0.211829187862229027E+02    0.189569032194625959E+08    0.272148935919304279E+03   -0.136074467959652139E+03
    0.577152328336854623E+02    0.112251280581465496E+01    0.323599192984881512E+02    0.200981254500798099E+08    0.272119222256119315E+03   -0.136059611128059657E+03
    0.459576943640157580E+02    0.113345881432517048E+01    0.413352669922547022E+02    0.518255263427300677E+08    0.271552267676618499E+03   -0.135776133838309249E+03
    0.747637669731876429E+02    0.113246180099416538E+01    0.472971248935934057E+02    0.222590292470712699E+08    0.271480701732028933E+03   -0.135740350866014467E+03
    0.331244394817388681E+02    0.112696835064092027E+01    0.377695290424625441E+02    0.206329922313818596E+08    0.271157569852988843E+03   -0.135578784926494421E+03
    0.572007124478947802E+02    0.112966483662458739E+01    0.243796088568789173E+02    0.522019953861410245E+08    0.271150870808544880E+03   -0.135575435404272440E+03
    0.709416836394072163E+02    0.113228746835708716E+01    0.480177067629570047E+02    0.102857114112197403E+08    0.271134649522319023E+03   -0.135567324761159512E+03
    0.740717220095589255E+02    0.112969724175085262E+01    0.171021530183414256E+02    0.108207743084820062E+08    0.270984006782947631E+03   -0.135492003391473816E+03
    0.626726932522520812E+02    0.112435299682854328E+01    0.345390277849302976E+02    0.105474190391162187E+08    0.270860028266832899E+03   -0.135430014133416449E+03
    0.674319114195188405E+02    0.113525905370576163E+01    0.238550512926567748E+02    0.147965011995199136E+08    0.270829642194261510E+03   -0.135414821097130755E+03
    0.664185545622492128E+02    0.113450809019876564E+01    0.470661309919333704E+02    0.120629960051786061E+08    0.270676384619923738E+03   -0.135338192309961869E+03
    0.336173187539664013E+02    0.113597430636244945E+01    0.351203740736007219E+02    0.108515393646631893E+08    0.270288824459522516E+03   -0.135144412229761258E+03
    0.612833794188355157E+02    0.112756882767495270E+01    0.458637900934366414E+02    0.144765822392387912E+08    0.270285028871732152E+03   -0.135142514435866076E+03
    0.540542514161984897E+02    0.112472466149929695E+01    0.158685194409642243E+02    0.253086148304299638E+08    0.270206463254655603E+03   -0.135103231627327801E+03
    0.282075722931836772E+02    0.113488780324044347E+01    0.199722664745679239E+02    0.312925517806194834E+08    0.270198923455721228E+03   -0.135099461727860614E+03
    0.755055564768023828E+02    0.112654989528926786E+01    0.283944519461077967E+02    0.129628514395496324E+08    0.270121530167089816E+03   -0.135060765083544908E+03
    0.525789622241917698E+02    0.113040880480219097E+01    0.334284883600439358E+02    0.560217008732448220E+08    0.269964419205868808E+03   -0.134982209602934404E+03
    0.761519236068554335E+02    0.113407929722512324E+01    0.379891701941062365E+02    0.220292343167198896E+08    0.269888346688728461E+03   -0.134944173344364231E+03
    0.292206934209772768E+02    0.113586257707654159E+01    0.361653750827625515E+02    0.327382484905148745E+08    0.269824695850225680E+03   -0.134912347925112840E+03
    0.555566094797052301E+02    0.112899470347369668E+01    0.465720229513964199E+02    0.187458424899270497E+08    0.269535964350396739E+03   -0.134767982175198370E+03
    0.395370006885087975E+02    0.113324095232570388E+01    0.428134683584267037E+02    0.180246412619209848E+08    0.269407687397855625E+03   -0.134703843698927813E+03
    0.376768085959997663E+02    0.112910173793091806E+01    0.298132437613055465E+02    0.531483181793496907E+08    0.269157734365311057E+03   -0.134578867182655529E+03
    0.613003324913256051E+02    0.112846800232687627E+01    0.367406551660798328E+02    0.411469109975036830E+08    0.269056196659357283E+03   -0.134528098329678642E+03
    0.346021093925810206E+02    0.113518596444656739E+01    0.389975029216402334E+02    0.242214951079963148E+08    0.269048445447102608E+03   -0.134524222723551304E+03
    0.265655149140868190E+02    0.112801799471019337E+01    0.319165498403794885E+02    0.122004856939196065E+08    0.269032961552986023E+03   -0.134516480776493012E+03
    0.379719043055182652E+02    0.113497901910860333E+01    0.386926936535648522E+02    0.106083106271057855E+08    0.269026299588588927E+03   -0.134513149794294463E+03
    0.390323204685474749E+02    0.112713029737408865E+01    0.408285703792773234E+02    0.137513297557763178E+08    0.268662388668767733E+03   -0.134331194334383866E+03
    0.726826401812543850E+02    0.113003820934744970E+01    0.437779882055794332E+02    0.104626576619606521E+08    0.268541190807263092E+03   -0.134270595403631546E+03
    0.541754887921148836E+02    0.112979821192033536E+01    0.293818263567155000E+02    0.484979181729808822E+08    0.268462579493136786E+03   -0.134231289746568393E+03
    0.295375297996791737E+02    0.113325491530828804E+01    0.401518162607808051E+02    0.126915976610572319E+08    0.268360040083183947E+03   -0.134180020041591973E+03
    0.572118804601828259E+02    0.113639865944902518E+01    0.324557402228617704E+02    0.283759577819147594E+08    0.268307019776595325E+03   -0.134153509888297663E+03
    0.490258693282380307E+02    0.112537942248125766E+01    0.218785189712995098E+02    0.106165023318568785E+08    0.268263706834866070E+03   -0.134131853417433035E+03
    0.567636888990466915E+02    0.112766342463181490E+01    0.152562821741348049E+02    0.269450755267705321E+08    0.267969164369634541E+03   -0.133984582184817270E+03
    0.330570912748078314E+02    0.112791381861816431E+01    0.378383704779397263E+02    0.258255088715449236E+08    0.267937310038189025E+03   -0.133968655019094513E+03
    0.580508193008526518E+02    0.113456064120862199E+01    0.358007820700332360E+02    0.361286344330965728E+08    0.267928696074683216E+03   -0.133964348037341608E+03
    0.740115095630483637E+02    0.113306490832397344E+01    0.273331593650751152E+02    0.287252367210461311E+08    0.267924045021439554E+03   -0.133962022510719777E+03
    0.691019653930548827E+02    0.113246247906053799E+01    0.265305506241108446E+02    0.346928346051619574E+08    0.267912841200992659E+03   -0.133956420600496330E+03
    0.281355807777467497E+02    0.113360522469319847E+01    0.237574823982110175E+02    0.289651723347879872E+08    0.267850228538261604E+03   -0.133925114269130802E+03
    0.632388056671640797E+02    0.113416260925616630E+01    0.409137487788516765E+02    0.306992311255957149E+08    0.267836659622910304E+03   -0.133918329811455152E+03
    0.438505676756889287E+02    0.113541020349550648E+01    0.373135967622844760E+02    0.202475821746929102E+08    0.267825999893863184E+03   -0.133912999946931592E+03
    0.316849058292953387E+02    0.113389144217931892E+01    0.255636894168372599E+02    0.227689347725638039E+08    0.267797627584453892E+03   -0.133898813792226946E+03
    0.729618395100965813E+02    0.112952111579961278E+01    0.204897758451140675E+02    0.239711623801368028E+08    0.267702932070751444E+03   -0.133851466035375722E+03
    0.382733061278570688E+02    0.112702266064698975E+01    0.331012739938797935E+02    0.164586706263616774E+08    0.267652696833316156E+03   -0.133826348416658078E+03
    0.668060200847109940E+02    0.113115833573497571E+01    0.482752224320223391E+02    0.120121170252706837E+08    0.267651365771583869E+03   -0.133825682885791934E+03
    0.435479324229946769E+02    0.112786353106911497E+01    0.436320465877228258E+02    0.292672244408343434E+08    0.267649073776381783E+03   -0.133824536888190892E+03
    0.607298187689774593E+02    0.112763960799554064E+01    0.444844143120101307E+02    0.129361721089505944E+08    0.267606093945005910E+03   -0.133803046972502955E+03
    0.406848540974427593E+02    0.112661955000252911E+01    0.214541090011954871E+02    0.370432473458659649E+08    0.267572908521384818E+03   -0.133786454260692409E+03
    0.291936341271880622E+02    0.112916971596570392E+01    0.252870708938533859E+02    0.247970725028144345E+08    0.267562653239443307E+03   -0.133781326619721654E+03
    0.364597854624046391E+02    0.113314447733071577E+01    0.386881704063535850E+02    0.159174000254845805E+08    0.267462231224492029E+03   -0.133731115612246015E+03
    0.459861915185507115E+02    0.112868198209880899E+01    0.424312507756732273E+02    0.164516078057971355E+08    0.267404559741520302E+03   -0.133702279870760151E+03
    0.459861915185507115E+02    0.112868198209880899E+01    0.424312507756732273E+02    0.164516078057971355E+08    0.267404559741520302E+03   -0.133702279870760151E+03
    0.750450693914481946E+02    0.112917860692884120E+01    0.285390050913495443E+02    0.160594288015984893E+08    0.267325340489775499E+03   -0.133662670244887750E+03
    0.402192563446940738E+02    0.112777952270493098E+01    0.373455877807768033E+02    0.388941831103323102E+08    0.267318930006585276E+03   -0.133659465003292638E+03
    0.759699721510806114E+02    0.113203836428240701E+01    0.255519381950996767E+02    0.186117579829129465E+08    0.267315073239541391E+03   -0.133657536619770696E+03
    0.355497776166511912E+02    0.112871845999928189E+01    0.293646508530906729E+02    0.426717164411076978E+08    0.267312918985556450E+03   -0.133656459492778225E+03
    0.556928595038672682E+02    0.113580536362231155E+01    0.261369842261463106E+02    0.296276636502706483E+08    0.267305789953018689E+03   -0.133652894976509344E+03
    0.513639702244005605E+02    0.112805065489019274E+01    0.271965136993468199E+02    0.424275928901218176E+08    0.267292379044479844E+03   -0.133646189522239922E+03
    0.362348783887029811E+02    0.113425219061315086E+01    0.255475602864927431E+02    0.152883380977785103E+08    0.267253741330042487E+03   -0.133626870665021244E+03
    0.773631611976018405E+02    0.112894215617687799E+01    0.285864809434418063E+02    0.215855968374927789E+08    0.267230003780226070E+03   -0.133615001890113035E+03
    0.382562297735067034E+02    0.112832535857697747E+01    0.354639741342277048E+02    0.411402064804493263E+08    0.267195767928436567E+03   -0.133597883964218283E+03
    0.644252185405834297E+02    0.112785424401820444E+01    0.392485584371952712E+02    0.318228476147185713E+08    0.267181352966373652E+03   -0.133590676483186826E+03
    0.581294755511567658E+02    0.112588305028635705E+01    0.347295085489438193E+02    0.320070493498782851E+08    0.267166736376204994E+03   -0.133583368188102497E+03
    0.307948102562222381E+02    0.112799659053774293E+01    0.353818542201267690E+02    0.332956077132728174E+08    0.267148301844785635E+03   -0.133574150922392818E+03
    0.553448006506891801E+02    0.113486767665614940E+01    0.403113050235265575E+02    0.140873675405220594E+08    0.267144200193117911E+03   -0.133572100096558955E+03
    0.723100352043170602E+02    0.112902597964468243E+01    0.376846868421717360E+02    0.153616832634918299E+08    0.267128988792561813E+03   -0.133564494396280907E+03
    0.376669329862473035E+02    0.112593105194573129E+01    0.219560705541771597E+02    0.282939335134767443E+08    0.267095509542228683E+03   -0.133547754771114342E+03
    0.312195055117933471E+02    0.112854543479999259E+01    0.292893230662285049E+02    0.114076303222667929E+08    0.267087220015439584E+03   -0.133543610007719792E+03
    0.558831688445437393E+02    0.112618931123714394E+01    0.300845964358032845E+02    0.358443351703263000E+08    0.267086834731949807E+03   -0.133543417365974904E+03
    0.415764665984024759E+02    0.112733745406632702E+01    0.181431749796165036E+02    0.128930849142973553E+08    0.267077236675557515E+03   -0.133538618337778757E+03
    0.330420737816520074E+02    0.112766201888841300E+01    0.353558209305404816E+02    0.131374506854895912E+08    0.267067427942732706E+03   -0.133533713971366353E+03
    0.653935291788587847E+02    0.112868048438229618E+01    0.187634500333958307E+02    0.195673373128927350E+08    0.267021617945036382E+03   -0.133510808972518191E+03
    0.708410818406938745E+02    0.113040037154315964E+01    0.442513332099817518E+02    0.113050870942420717E+08    0.266990365640770904E+03   -0.133495182820385452E+03
    0.356767155173571240E+02    0.113037139075463067E+01    0.417959486816501595E+02    0.253536759411199912E+08    0.266978862673029425E+03   -0.133489431336514713E+03
    0.316625123489388685E+02    0.112781108089432935E+01    0.337893551545907656E+02    0.271027861122864708E+08    0.266940754132003178E+03   -0.133470377066001589E+03
    0.567018880931050688E+02    0.113102504604072562E+01    0.454015688714373340E+02    0.171679306274391972E+08    0.266925273638566921E+03   -0.133462636819283460E+03
    0.562236691735756509E+02    0.112816713507795230E+01    0.160492908893860360E+02    0.263981521671637557E+08    0.266905191343205161E+03   -0.133452595671602580E+03
    0.505753652714414912E+02    0.112428845256303922E+01    0.291622300638373950E+02    0.123596991245980524E+08    0.266877690750940928E+03   -0.133438845375470464E+03
    0.459324711979718927E+02    0.112909654749564736E+01    0.423741264417174790E+02    0.202096901668426543E+08    0.266816315278351851E+03   -0.133408157639175926E+03
    0.429848042805367641E+02    0.112470675289935773E+01    0.297482766414908220E+02    0.320017152878907472E+08    0.266808722038494238E+03   -0.133404361019247119E+03
    0.571724954995735644E+02    0.112579775545402705E+01    0.296422609026672674E+02    0.159021853398720529E+08    0.266764303309517970E+03   -0.133382151654758985E+03
    0.500005953329159425E+02    0.113027909143185790E+01    0.439981219537074821E+02    0.176229542775854990E+08    0.266761595603284945E+03   -0.133380797801642473E+03
    0.667774944189446842E+02    0.113315896871061561E+01    0.384845141533799335E+02    0.317026929858044535E+08    0.266714353039467028E+03   -0.133357176519733514E+03
    0.416917889960583281E+02    0.112569815750354230E+01    0.339701728135599268E+02    0.274728771776846461E+08    0.266678390815002615E+03   -0.133339195407501307E+03
    0.647035968962737087E+02    0.112645445843553382E+01    0.286411337645424027E+02    0.296179634978935048E+08    0.266589484474315782E+03   -0.133294742237157891E+03
    0.645591707993602029E+02    0.112660207027731496E+01    0.266586494267945291E+02    0.110910251337082051E+08    0.266556956420507049E+03   -0.133278478210253525E+03
    0.376238100848498576E+02    0.112677901627981858E+01    0.231666962784169428E+02    0.122641176894438919E+08    0.266505792521527724E+03   -0.133252896260763862E+03
    0.393210751946553572E+02    0.112587186948235218E+01    0.218899268260004831E+02    0.315661716982056685E+08    0.266475219698425917E+03   -0.133237609849212959E+03
    0.393210751946553572E+02    0.112587186948235218E+01    0.218899268260004831E+02    0.315661716982056685E+08    0.266475219698425917E+03   -0.133237609849212959E+03
    0.528434157906930579E+02    0.113524047164754083E+01    0.290547941013656441E+02    0.185485365199865103E+08    0.266423516082423873E+03   -0.133211758041211937E+03
    0.528434157906930579E+02    0.113524047164754083E+01    0.290547941013656441E+02    0.185485365199865103E+08    0.266423516082423873E+03   -0.133211758041211937E+03
    0.464328872942486868E+02    0.113544874000508456E+01    0.341499319345062702E+02    0.109701107561491281E+08    0.266383167956301918E+03   -0.133191583978150959E+03
    0.436207913960449787E+02    0.112753690295527065E+01    0.279861533912228175E+02    0.102071069758760184E+08    0.266364815886278734E+03   -0.133182407943139367E+03
    0.465224964496036861E+02    0.113553158293090428E+01    0.289823888461424701E+02    0.143895283097675629E+08    0.266336888056675207E+03   -0.133168444028337603E+03
    0.361980776248279668E+02    0.112627613361675838E+01    0.318350796611817017E+02    0.313739007435984202E+08    0.266298767529706538E+03   -0.133149383764853269E+03
    0.607525261346960761E+02    0.112710792834522677E+01    0.388635989042900434E+02    0.111046428050743807E+08    0.266286922123374268E+03   -0.133143461061687134E+03
    0.462531985157440673E+02    0.112689761373486852E+01    0.198547912482672935E+02    0.232382144074185677E+08    0.266286735945872408E+03   -0.133143367972936204E+03
    0.560259717569873530E+02    0.112564161600039281E+01    0.245555885070820672E+02    0.226994224136668108E+08    0.266222367528671157E+03   -0.133111183764335578E+03
    0.560259717569873530E+02    0.112564161600039281E+01    0.245555885070820672E+02    0.226994224136668108E+08    0.266222367528671157E+03   -0.133111183764335578E+03
    0.505387765425016795E+02    0.113474878823315306E+01    0.402172343647005803E+02    0.238449107570942156E+08    0.266168600560739435E+03   -0.133084300280369717E+03
    0.510729033109120323E+02    0.112999227657305612E+01    0.240184979259696334E+02    0.407889427799502015E+08    0.266161791234234613E+03   -0.133080895617117307E+03
    0.604442705634827462E+02    0.113326825151382327E+01    0.415009322372119627E+02    0.150233920852121823E+08    0.266127073185426582E+03   -0.133063536592713291E+03
    0.556981437203906182E+02    0.112990974619773388E+01    0.166432468939164906E+02    0.215088748932571784E+08    0.266112886567561191E+03   -0.133056443283780595E+03
    0.336474215440075284E+02    0.112696070641164403E+01    0.286824702510188771E+02    0.335045439753232971E+08    0.266112525112781668E+03   -0.133056262556390834E+03
    0.735177138402938226E+02    0.113113156583950425E+01    0.287799781753665052E+02    0.159743811125960480E+08    0.266080622461240864E+03   -0.133040311230620432E+03
    0.754488396910084447E+02    0.113000732068155285E+01    0.292064229248837464E+02    0.265291813074117228E+08    0.266042946297879098E+03   -0.133021473148939549E+03
    0.471771128444080361E+02    0.112943109899327410E+01    0.414046406673533127E+02    0.167838170590171665E+08    0.266016344655153375E+03   -0.133008172327576688E+03
    0.478924488105982746E+02    0.113101565504804569E+01    0.442409926305249570E+02    0.332749421229195520E+08    0.265958068003648691E+03   -0.132979034001824346E+03
    0.478924488105982746E+02    0.113101565504804569E+01    0.442409926305249570E+02    0.332749421229195520E+08    0.265958068003648691E+03   -0.132979034001824346E+03
    0.561856144292246711E+02    0.113513657237454790E+01    0.355724058191064003E+02    0.111733965081601478E+08    0.265936354627070671E+03   -0.132968177313535335E+03
    0.339150071737441934E+02    0.112894512491461008E+01    0.358252694136184502E+02    0.117205603404016960E+08    0.265805426986790792E+03   -0.132902713493395396E+03
    0.460311843043568629E+02    0.112638649087147424E+01    0.268594865495342390E+02    0.152587714892961532E+08    0.265796955250417568E+03   -0.132898477625208784E+03
    0.358600603212237274E+02    0.112902267318474880E+01    0.279780981955760453E+02    0.205547380497444794E+08    0.265780580692599642E+03   -0.132890290346299821E+03
    0.669084214602497980E+02    0.113190935197583142E+01    0.206219210815010534E+02    0.257854736179557741E+08    0.265769652094086098E+03   -0.132884826047043049E+03
    0.442072551271946566E+02    0.113137712395618695E+01    0.192967840171757565E+02    0.199548843997281753E+08    0.265760028517359615E+03   -0.132880014258679807E+03
    0.479570858660985309E+02    0.112680198641883744E+01    0.382919180114832400E+02    0.279164522205276601E+08    0.265753253083063328E+03   -0.132876626541531664E+03
    0.422536884547475182E+02    0.113417545333163905E+01    0.293917754292531370E+02    0.189697021931322664E+08    0.265683637730804890E+03   -0.132841818865402445E+03
    0.422536884547475182E+02    0.113417545333163905E+01    0.293917754292531370E+02    0.189697021931322664E+08    0.265683637730804890E+03   -0.132841818865402445E+03
    0.708341723052555494E+02    0.113067940928735577E+01    0.221946725749883953E+02    0.225921502348391265E+08    0.265673779472011972E+03   -0.132836889736005986E+03
    0.579574802205817221E+02    0.112616335258672651E+01    0.277142328579044026E+02    0.143030658499423750E+08    0.265661950540195562E+03   -0.132830975270097781E+03
    0.501314262080664435E+02    0.112650976884544463E+01    0.266276405764776563E+02    0.107782267443206273E+08    0.265575797022878987E+03   -0.132787898511439494E+03
    0.522143620831170949E+02    0.113185361481956970E+01    0.452853772930804865E+02    0.259803576777522191E+08    0.265453998485287229E+03   -0.132726999242643615E+03
    0.522143620831170949E+02    0.113185361481956970E+01    0.452853772930804865E+02    0.259803576777522191E+08    0.265453998485287229E+03   -0.132726999242643615E+03
    0.463947414798578777E+02    0.113217234785825949E+01    0.174230345717426793E+02    0.299451598262983970E+08    0.265448457939389755E+03   -0.132724228969694877E+03
    0.463947414798578777E+02    0.113217234785825949E+01    0.174230345717426793E+02    0.299451598262983970E+08    0.265448457939389755E+03   -0.132724228969694877E+03
    0.619137508758270272E+02    0.113375225714526340E+01    0.242927612170638909E+02    0.196872552798154913E+08    0.265357812326851104E+03   -0.132678906163425552E+03
    0.554808282242243109E+02    0.112952731646269533E+01    0.171794504053787449E+02    0.284655079331334345E+08    0.265352152751361189E+03   -0.132676076375680594E+03
    0.386665176092844973E+02    0.112676232878962534E+01    0.304135756479118875E+02    0.121387921176964641E+08    0.265317008700812039E+03   -0.132658504350406020E+03
    0.656801935077961332E+02    0.113095419278710785E+01    0.407861237737223092E+02    0.151467542476077303E+08    0.265232117670847174E+03   -0.132616058835423587E+03
    0.656801935077961332E+02    0.113095419278710785E+01    0.407861237737223092E+02    0.151467542476077303E+08    0.265232117670847174E+03   -0.132616058835423587E+03
    0.442547480723727347E+02    0.113375767446856823E+01    0.258956558904631642E+02    0.189721964631645977E+08    0.265223621227108765E+03   -0.132611810613554383E+03
    0.442547480723727347E+02    0.113375767446856823E+01    0.258956558904631642E+02    0.189721964631645977E+08    0.265223621227108765E+03   -0.132611810613554383E+03
    0.533457818310474394E+02    0.112779768327636387E+01    0.208170241309183091E+02    0.200906803682003915E+08    0.265221952289278590E+03   -0.132610976144639295E+03
    0.684511453967481600E+02    0.112927676741078753E+01    0.290698643706889968E+02    0.323036514428803474E+08    0.265181032771322691E+03   -0.132590516385661346E+03
    0.684511453967481600E+02    0.112927676741078753E+01    0.290698643706889968E+02    0.323036514428803474E+08    0.265181032771322691E+03   -0.132590516385661346E+03
    0.346887616803240491E+02    0.112748778243047676E+01    0.288870753979403609E+02    0.332506580175570250E+08    0.265120721321190672E+03   -0.132560360660595336E+03
    0.407163145077161062E+02    0.112965712335373270E+01    0.340893423043710229E+02    0.180318767647239752E+08    0.265089810547411446E+03   -0.132544905273705723E+03
    0.407163145077161062E+02    0.112965712335373270E+01    0.340893423043710229E+02    0.180318767647239752E+08    0.265089810547411446E+03   -0.132544905273705723E+03
    0.461980300789481007E+02    0.113375720575911498E+01    0.260884960397112273E+02    0.180512536650860347E+08    0.265068083847837329E+03   -0.132534041923918664E+03
    0.358828800166603301E+02    0.113159013845859868E+01    0.279263839808657721E+02    0.152729640698461961E+08    0.265040738931108024E+03   -0.132520369465554012E+03
    0.618508659164158132E+02    0.112919841247155217E+01    0.394979355110466841E+02    0.181169006367563084E+08    0.265034381107127331E+03   -0.132517190553563665E+03
    0.618508659164158132E+02    0.112919841247155217E+01    0.394979355110466841E+02    0.181169006367563084E+08    0.265034381107127331E+03   -0.132517190553563665E+03
    0.474221629920045089E+02    0.112728732254452235E+01    0.367246153321894298E+02    0.111628720809106529E+08    0.265033372300077417E+03   -0.132516686150038709E+03
    0.474221629920045089E+02    0.112728732254452235E+01    0.367246153321894298E+02    0.111628720809106529E+08    0.265033372300077417E+03   -0.132516686150038709E+03
    0.603490679606608325E+02    0.113058220726977399E+01    0.184187371858802642E+02    0.238391038152203187E+08    0.265014309491994823E+03   -0.132507154745997411E+03
    0.398428915249038056E+02    0.113100522457583996E+01    0.234195185740380474E+02    0.108418778654072732E+08    0.265006564077479425E+03   -0.132503282038739712E+03
    0.398428915249038056E+02    0.113100522457583996E+01    0.234195185740380474E+02    0.108418778654072732E+08    0.265006564077479425E+03   -0.132503282038739712E+03
    0.643844453185925545E+02    0.113070987837821879E+01    0.219227786790761527E+02    0.170152610612212978E+08    0.265002220293228106E+03   -0.132501110146614053E+03
    0.643844453185925545E+02    0.113070987837821879E+01    0.219227786790761527E+02    0.170152610612212978E+08    0.265002220293228106E+03   -0.132501110146614053E+03
    0.480115591824531194E+02    0.112634768566141430E+01    0.248341062229422889E+02    0.137302445538631454E+08    0.264979872642197563E+03   -0.132489936321098781E+03
    0.480115591824531194E+02    0.112634768566141430E+01    0.248341062229422889E+02    0.137302445538631454E+08    0.264979872642197563E+03   -0.132489936321098781E+03
    0.577925311069262122E+02    0.113422133888130627E+01    0.365654359329257517E+02    0.202195898889114857E+08    0.264977197698907958E+03   -0.132488598849453979E+03
    0.657301398888345858E+02    0.113006103649827616E+01    0.222950099270949842E+02    0.109579568368815165E+08    0.264968347046008091E+03   -0.132484173523004046E+03
    0.396206474426246373E+02    0.113116507724536541E+01    0.411483652022314104E+02    0.134197903366324529E+08    0.264961000824776249E+03   -0.132480500412388125E+03
    0.586995645607791445E+02    0.113358478517521366E+01    0.226389418075588331E+02    0.215799212775545977E+08    0.264913874769426684E+03   -0.132456937384713342E+03
    0.349392715057534886E+02    0.112772630490031633E+01    0.261061327907718095E+02    0.330711520193914063E+08    0.264897932065427369E+03   -0.132448966032713685E+03
    0.487236433412981000E+02    0.113194532569035089E+01    0.220856746693062149E+02    0.366141172359643728E+08    0.264897293617379148E+03   -0.132448646808689574E+03
    0.608827341437337992E+02    0.113109374083289116E+01    0.414951005448886576E+02    0.158187570941447504E+08    0.264885519010173482E+03   -0.132442759505086741E+03
    0.353769790590045474E+02    0.112898822058692705E+01    0.364279149453875490E+02    0.281652346073198430E+08    0.264882567214866128E+03   -0.132441283607433064E+03
    0.353769790590045474E+02    0.112898822058692705E+01    0.364279149453875490E+02    0.281652346073198430E+08    0.264882567214866128E+03   -0.132441283607433064E+03
    0.401746043388389609E+02    0.112887975261752871E+01    0.231261847454041884E+02    0.220858181752723232E+08    0.264825037983545542E+03   -0.132412518991772771E+03
    0.401746043388389609E+02    0.112887975261752871E+01    0.231261847454041884E+02    0.220858181752723232E+08    0.264825037983545542E+03   -0.132412518991772771E+03
    0.494459947187206765E+02    0.113198526615021899E+01    0.191415352722746199E+02    0.138376151446721926E+08    0.264782540428578784E+03   -0.132391270214289392E+03
    0.494459947187206765E+02    0.113198526615021899E+01    0.191415352722746199E+02    0.138376151446721926E+08    0.264782540428578784E+03   -0.132391270214289392E+03
    0.448319222047362373E+02    0.113047978527762050E+01    0.184517808211547489E+02    0.331793301626674980E+08    0.264746764672975075E+03   -0.132373382336487538E+03
    0.448319222047362373E+02    0.113047978527762050E+01    0.184517808211547489E+02    0.331793301626674980E+08    0.264746764672975075E+03   -0.132373382336487538E+03
    0.519200160421475516E+02    0.113069086354797266E+01    0.444686542129927460E+02    0.133341534724468198E+08    0.264742280807920622E+03   -0.132371140403960311E+03
    0.519200160421475516E+02    0.113069086354797266E+01    0.444686542129927460E+02    0.133341534724468198E+08    0.264742280807920622E+03   -0.132371140403960311E+03
    0.407372933420233494E+02    0.113276747072587458E+01    0.357969013965331015E+02    0.202696918156781793E+08    0.264740286281429235E+03   -0.132370143140714617E+03
    0.407372933420233494E+02    0.113276747072587458E+01    0.357969013965331015E+02    0.202696918156781793E+08    0.264740286281429235E+03   -0.132370143140714617E+03
    0.455340879437490500E+02    0.113460485509994347E+01    0.375389783714169667E+02    0.273363666500233933E+08    0.264735966962078749E+03   -0.132367983481039374E+03
    0.455340879437490500E+02    0.113460485509994347E+01    0.375389783714169667E+02    0.273363666500233933E+08    0.264735966962078749E+03   -0.132367983481039374E+03
    0.522817659183060357E+02    0.113036770377291007E+01    0.175200014651149445E+02    0.289517798991788849E+08    0.264725882827997964E+03   -0.132362941413998982E+03
    0.406507516745430166E+02    0.113010351995293412E+01    0.207998795608376099E+02    0.236252515991760008E+08    0.264718892338021988E+03   -0.132359446169010994E+03
    0.382409695299872610E+02    0.113183904344578967E+01    0.319670007928019153E+02    0.163721115535565522E+08    0.264717657657778375E+03   -0.132358828828889187E+03
    0.350975714911276455E+02    0.113212587886311633E+01    0.246475066838428134E+02    0.253062546035700925E+08    0.264717251108964376E+03   -0.132358625554482188E+03
    0.673324847586856379E+02    0.112780217772079761E+01    0.317759249334892679E+02    0.253276307042467780E+08    0.264716786265921996E+03   -0.132358393132960998E+03
    0.673324847586856379E+02    0.112780217772079761E+01    0.317759249334892679E+02    0.253276307042467780E+08    0.264716786265921996E+03   -0.132358393132960998E+03
    0.530429555412380722E+02    0.113264569479594157E+01    0.199881414218939746E+02    0.136742496386980060E+08    0.264715610657956859E+03   -0.132357805328978429E+03
    0.530429555412380722E+02    0.113264569479594157E+01    0.199881414218939746E+02    0.136742496386980060E+08    0.264715610657956859E+03   -0.132357805328978429E+03
    0.682046070997186575E+02    0.112912975080146616E+01    0.383616982838728546E+02    0.132832216448732167E+08    0.264697631754317968E+03   -0.132348815877158984E+03
    0.682046070997186575E+02    0.112912975080146616E+01    0.383616982838728546E+02    0.132832216448732167E+08    0.264697631754317968E+03   -0.132348815877158984E+03
    0.731840685000596665E+02    0.113007237774843783E+01    0.332227252331419862E+02    0.245675334272302426E+08    0.264637394072169059E+03   -0.132318697036084529E+03
    0.336042011384767534E+02    0.113232412793513837E+01    0.364905120678834436E+02    0.305159281216736697E+08    0.264622293799052272E+03   -0.132311146899526136E+03
    0.361177850859093112E+02    0.112863391910872335E+01    0.240560892992112372E+02    0.340573858492747173E+08    0.264587947046797353E+03   -0.132293973523398677E+03
    0.361177850859093112E+02    0.112863391910872335E+01    0.240560892992112372E+02    0.340573858492747173E+08    0.264587947046797353E+03   -0.132293973523398677E+03
    0.440618572738618681E+02    0.112801603043249465E+01    0.298448335196283239E+02    0.193776741206252649E+08    0.264584688462655322E+03   -0.132292344231327661E+03
    0.440618572738618681E+02    0.112801603043249465E+01    0.298448335196283239E+02    0.193776741206252649E+08    0.264584688462655322E+03   -0.132292344231327661E+03
    0.462307747541044094E+02    0.113341407302373609E+01    0.414630083885295733E+02    0.130690343104218766E+08    0.264575416119304919E+03   -0.132287708059652459E+03
    0.349146618924868477E+02    0.113205478753197175E+01    0.351778780025346265E+02    0.116755776955158524E+08    0.264572542449147136E+03   -0.132286271224573568E+03
    0.349146618924868477E+02    0.113205478753197175E+01    0.351778780025346265E+02    0.116755776955158524E+08    0.264572542449147136E+03   -0.132286271224573568E+03
    0.640137585711587889E+02    0.113383946217609877E+01    0.281270808164882702E+02    0.258089840268807486E+08    0.264527012629388082E+03   -0.132263506314694041E+03
    0.548133505438594071E+02    0.112883077170167523E+01    0.192697759868987788E+02    0.237509754302195683E+08    0.264484934197484279E+03   -0.132242467098742139E+03
    0.585362858840599642E+02    0.112725947527939629E+01    0.325898583394959758E+02    0.201068821041987538E+08    0.264482300140194809E+03   -0.132241150070097405E+03
    0.432618662259219136E+02    0.113196305605345571E+01    0.384227124677233576E+02    0.106821049182419740E+08    0.264473489319667863E+03   -0.132236744659833931E+03
    0.383505135306494722E+02    0.113354198364023917E+01    0.237803973986027444E+02    0.282135115251514651E+08    0.264460263410952734E+03   -0.132230131705476367E+03
    0.363288996907638833E+02    0.112892819064948724E+01    0.337083592197749198E+02    0.349578702447268963E+08    0.264451256235230403E+03   -0.132225628117615202E+03
    0.363288996907638833E+02    0.112892819064948724E+01    0.337083592197749198E+02    0.349578702447268963E+08    0.264451256235230403E+03   -0.132225628117615202E+03
    0.571315222589853633E+02    0.113441256214956487E+01    0.262889650596135738E+02    0.248371146078393497E+08    0.264430061662439869E+03   -0.132215030831219934E+03
    0.571315222589853633E+02    0.113441256214956487E+01    0.262889650596135738E+02    0.248371146078393497E+08    0.264430061662439869E+03   -0.132215030831219934E+03
    0.553364471324212133E+02    0.113485107204302427E+01    0.329582995807540655E+02    0.263636817241756208E+08    0.264425873251413179E+03   -0.132212936625706590E+03
    0.556770455332673961E+02    0.113177862062825119E+01    0.407301874211071251E+02    0.174784602988732979E+08    0.264419392548982273E+03   -0.132209696274491137E+03
    0.459559559608339967E+02    0.113278722038826829E+01    0.198728759631051837E+02    0.304747583934497274E+08    0.264395875058128411E+03   -0.132197937529064205E+03
    0.386827320785258237E+02    0.112853445640601069E+01    0.237351711477773968E+02    0.253707362956266515E+08    0.264380422949268166E+03   -0.132190211474634083E+03
    0.676321584683659296E+02    0.112853660331198968E+01    0.300818444539288841E+02    0.111009417315027490E+08    0.264375278617099184E+03   -0.132187639308549592E+03
    0.449853691493702783E+02    0.113287998836452641E+01    0.385008308937529691E+02    0.147777404968048781E+08    0.264354413707806998E+03   -0.132177206853903499E+03
    0.449853691493702783E+02    0.113287998836452641E+01    0.385008308937529691E+02    0.147777404968048781E+08    0.264354413707806998E+03   -0.132177206853903499E+03
    0.473328345010499731E+02    0.113197249647421261E+01    0.419230673769543500E+02    0.232068498397485577E+08    0.264345232502174156E+03   -0.132172616251087078E+03
    0.662112857959188688E+02    0.113059370292912509E+01    0.374448121888496956E+02    0.162490303448494039E+08    0.264322440123181934E+03   -0.132161220061590967E+03
    0.552245295983528024E+02    0.112800365809410774E+01    0.376886196883517997E+02    0.212896734487791620E+08    0.264316122216945075E+03   -0.132158061108472538E+03
    0.684496252686441125E+02    0.112986295037809237E+01    0.325995373515117990E+02    0.155872852843760885E+08    0.264294614244835770E+03   -0.132147307122417885E+03
    0.485973536197892884E+02    0.113399957298584209E+01    0.226372686664257685E+02    0.278298050882303342E+08    0.264289929880445015E+03   -0.132144964940222508E+03
    0.602773324947553633E+02    0.113256012184325772E+01    0.244073298107955239E+02    0.157261175262417644E+08    0.264281445545627435E+03   -0.132140722772813717E+03
    0.602773324947553633E+02    0.113256012184325772E+01    0.244073298107955239E+02    0.157261175262417644E+08    0.264281445545627435E+03   -0.132140722772813717E+03
    0.680445720349263468E+02    0.113202853754843691E+01    0.284704011846920970E+02    0.106968181585850529E+08    0.264264933028139069E+03   -0.132132466514069534E+03
    0.402824362739883313E+02    0.112793477221814409E+01    0.267343197581662153E+02    0.236900905319333449E+08    0.264246710265682907E+03   -0.132123355132841453E+03
    0.439597551591659723E+02    0.113444742016595668E+01    0.250385625211838949E+02    0.288500547434222735E+08    0.264245298909599796E+03   -0.132122649454799898E+03
    0.483824870541599452E+02    0.112701948332981794E+01    0.282607538964146308E+02    0.145215158620345127E+08    0.264244505298029651E+03   -0.132122252649014825E+03
    0.483824870541599452E+02    0.112701948332981794E+01    0.282607538964146308E+02    0.145215158620345127E+08    0.264244505298029651E+03   -0.132122252649014825E+03
    0.664117539443249143E+02    0.112954822199722327E+01    0.236594336330302006E+02    0.133638925135140549E+08    0.264217057243222598E+03   -0.132108528621611299E+03
    0.573944981064628053E+02    0.112916919836295038E+01    0.217974637094650525E+02    0.149588915947312713E+08    0.264164348131396537E+03   -0.132082174065698268E+03
    0.547153113873502477E+02    0.113297804824273807E+01    0.366611997151427076E+02    0.103248947672220450E+08    0.264091094793267303E+03   -0.132045547396633651E+03
    0.565544312053946499E+02    0.113039237095724299E+01    0.427655819993174759E+02    0.287824944585183002E+08    0.264075841987137210E+03   -0.132037920993568605E+03
    0.565544312053946499E+02    0.113039237095724299E+01    0.427655819993174759E+02    0.287824944585183002E+08    0.264075841987137210E+03   -0.132037920993568605E+03
    0.401263811757049140E+02    0.112981280697115993E+01    0.264557078463946311E+02    0.152749128653728943E+08    0.264042100632855863E+03   -0.132021050316427932E+03
    0.401263811757049140E+02    0.112981280697115993E+01    0.264557078463946311E+02    0.152749128653728943E+08    0.264042100632855863E+03   -0.132021050316427932E+03
    0.521309236554288162E+02    0.113085333794003606E+01    0.402636224591538578E+02    0.159482515754006077E+08    0.264030206082099994E+03   -0.132015103041049997E+03
    0.577145605880275241E+02    0.113294964530971898E+01    0.288811738313946087E+02    0.346275492250707895E+08    0.264025713717143958E+03   -0.132012856858571979E+03
    0.419214446786012758E+02    0.112880493865572373E+01    0.334224545346395487E+02    0.211217542037471086E+08    0.264015763248703081E+03   -0.132007881624351540E+03
    0.419214446786012758E+02    0.112880493865572373E+01    0.334224545346395487E+02    0.211217542037471086E+08    0.264015763248703081E+03   -0.132007881624351540E+03
    0.613088095974901677E+02    0.113398671850141697E+01    0.289306213133451848E+02    0.262246351413757689E+08    0.263993992650904431E+03   -0.131996996325452216E+03
    0.613088095974901677E+02    0.113398671850141697E+01    0.289306213133451848E+02    0.262246351413757689E+08    0.263993992650904431E+03   -0.131996996325452216E+03
    0.405975363571145778E+02    0.113296152866763489E+01    0.320756490523415678E+02    0.148681616535522491E+08    0.263958391605461998E+03   -0.131979195802730999E+03
    0.374102797511627898E+02    0.113004318780447477E+01    0.221475219938549692E+02    0.297926032677165717E+08    0.263926965993834131E+03   -0.131963482996917065E+03
    0.341493774367036380E+02    0.113166820266281909E+01    0.288999103907704615E+02    0.346595208613228574E+08    0.263897362423414904E+03   -0.131948681211707452E+03
    0.341493774367036380E+02    0.113166820266281909E+01    0.288999103907704615E+02    0.346595208613228574E+08    0.263897362423414904E+03   -0.131948681211707452E+03
    0.551646953089882501E+02    0.113366033350573581E+01    0.375981520662474580E+02    0.217052437130217552E+08    0.263886819282364058E+03   -0.131943409641182029E+03
    0.522666399857896025E+02    0.113376272907495967E+01    0.278101742198437591E+02    0.108310601720210984E+08    0.263861333350770622E+03   -0.131930666675385311E+03
    0.522666399857896025E+02    0.113376272907495967E+01    0.278101742198437591E+02    0.108310601720210984E+08    0.263861333350770622E+03   -0.131930666675385311E+03
    0.589249474979845900E+02    0.113248993573358758E+01    0.376696260089003729E+02    0.182629380087463483E+08    0.263840470570186085E+03   -0.131920235285093042E+03
    0.375817256362934771E+02    0.113305931191711617E+01    0.350588844092149046E+02    0.267524597212675586E+08    0.263815326943122670E+03   -0.131907663471561335E+03
    0.608416546251336285E+02    0.112907984514637749E+01    0.247708813190675841E+02    0.154780836867586765E+08    0.263792644784406605E+03   -0.131896322392203302E+03
    0.608416546251336285E+02    0.112907984514637749E+01    0.247708813190675841E+02    0.154780836867586765E+08    0.263792644784406605E+03   -0.131896322392203302E+03
    0.368483668925284533E+02    0.113052385670157474E+01    0.234431107119631932E+02    0.274454526950543635E+08    0.263787976158970935E+03   -0.131893988079485467E+03
    0.440906527154083108E+02    0.112712404798552623E+01    0.269953026115850925E+02    0.132140161467084065E+08    0.263787607788265177E+03   -0.131893803894132589E+03
    0.448335748068083717E+02    0.113320233146693150E+01    0.373048371062331512E+02    0.140239194878114313E+08    0.263745110897296058E+03   -0.131872555448648029E+03
    0.564620283120639144E+02    0.112920673128583937E+01    0.202548262439797071E+02    0.279702362945170403E+08    0.263720594770092418E+03   -0.131860297385046209E+03
    0.624959102740088994E+02    0.113032469265021152E+01    0.235412480516153551E+02    0.109118732678381838E+08    0.263712288277833295E+03   -0.131856144138916648E+03
    0.628170725862678978E+02    0.113303239504288222E+01    0.372532707677749713E+02    0.219968398924272209E+08    0.263698855792453742E+03   -0.131849427896226871E+03
    0.497951391654675177E+02    0.113032494486154311E+01    0.203748298522084745E+02    0.221826374561043419E+08    0.263686641976954547E+03   -0.131843320988477274E+03
    0.541777276087337611E+02    0.113403927173257202E+01    0.263683495363221887E+02    0.132915323736250941E+08    0.263654678702514275E+03   -0.131827339351257137E+03
    0.575120982024990752E+02    0.112899549825305168E+01    0.232318605553438147E+02    0.109803385335173104E+08    0.263643096551342637E+03   -0.131821548275671319E+03
    0.555097722410412331E+02    0.113423333908134771E+01    0.312601160257981689E+02    0.221312017496756800E+08    0.263641165175067499E+03   -0.131820582587533750E+03
    0.375092165801903263E+02    0.112870983150788184E+01    0.311537319535175037E+02    0.262740477920118645E+08    0.263630750020753851E+03   -0.131815375010376926E+03
    0.451530237397617000E+02    0.113215199807053590E+01    0.373876751419388782E+02    0.149598957188917957E+08    0.263550135086080786E+03   -0.131775067543040393E+03
    0.451530237397617000E+02    0.113215199807053590E+01    0.373876751419388782E+02    0.149598957188917957E+08    0.263550135086080786E+03   -0.131775067543040393E+03
    0.532128169442990497E+02    0.112704933011044184E+01    0.262986096948487287E+02    0.252131388624396138E+08    0.263543125271699580E+03   -0.131771562635849790E+03
    0.438459258360125048E+02    0.113080081113763264E+01    0.377837933645433424E+02    0.215644184135993868E+08    0.263520074501418208E+03   -0.131760037250709104E+03
    0.508128988616561301E+02    0.112904925138440060E+01    0.203064987991082013E+02    0.307815708129885979E+08    0.263518216397252104E+03   -0.131759108198626052E+03
    0.535472252932626915E+02    0.112860315337328054E+01    0.351191140498248089E+02    0.105953192876737248E+08    0.263491476849946594E+03   -0.131745738424973297E+03
    0.535472252932626915E+02    0.112860315337328054E+01    0.351191140498248089E+02    0.105953192876737248E+08    0.263491476849946594E+03   -0.131745738424973297E+03
    0.456546453052892005E+02    0.113378228892596833E+01    0.366010465390519713E+02    0.116339240616026632E+08    0.263487125557340448E+03   -0.131743562778670224E+03
    0.617099282808948075E+02    0.113258676530424607E+01    0.356013873986370442E+02    0.189935316170707643E+08    0.263466719335044331E+03   -0.131733359667522166E+03
    0.624245649339794895E+02    0.113354401247342329E+01    0.335757174966987293E+02    0.238251794235803634E+08    0.263448185842609178E+03   -0.131724092921304589E+03
    0.585947515640931016E+02    0.112748372453086287E+01    0.308188239379497126E+02    0.227602267796394825E+08    0.263414776356987659E+03   -0.131707388178493829E+03
    0.478135114997305024E+02    0.112875199159296868E+01    0.365244958888247169E+02    0.217746685150859207E+08    0.263412447832408930E+03   -0.131706223916204465E+03
    0.676694615477223493E+02    0.113144564834735672E+01    0.355921157500327539E+02    0.110688117899838760E+08    0.263394849392817491E+03   -0.131697424696408746E+03
    0.676694615477223493E+02    0.113144564834735672E+01    0.355921157500327539E+02    0.110688117899838760E+08    0.263394849392817491E+03   -0.131697424696408746E+03
    0.372722076182401381E+02    0.113169272051917291E+01    0.317255300269573439E+02    0.354165099820942432E+08    0.263388513433976129E+03   -0.131694256716988065E+03
    0.372722076182401381E+02    0.113169272051917291E+01    0.317255300269573439E+02    0.354165099820942432E+08    0.263388513433976129E+03   -0.131694256716988065E+03
    0.465754994568833141E+02    0.113208659795664857E+01    0.405252680412133302E+02    0.307991409321330786E+08    0.263379524756439992E+03   -0.131689762378219996E+03
    0.465754994568833141E+02    0.113208659795664857E+01    0.405252680412133302E+02    0.307991409321330786E+08    0.263379524756439992E+03   -0.131689762378219996E+03
    0.532427781716393795E+02    0.113093951519501523E+01    0.201858019300884237E+02    0.308002534284082018E+08    0.263378237320263793E+03   -0.131689118660131896E+03
    0.532427781716393795E+02    0.113093951519501523E+01    0.201858019300884237E+02    0.308002534284082018E+08    0.263378237320263793E+03   -0.131689118660131896E+03
    0.529931512108815355E+02    0.113140004184911058E+01    0.201010196475479077E+02    0.290924628182600215E+08    0.263366246840175450E+03   -0.131683123420087725E+03
    0.426645783060179156E+02    0.112958646586674716E+01    0.212606547245748629E+02    0.282590705434270762E+08    0.263356641154185183E+03   -0.131678320577092592E+03
    0.518784549949368028E+02    0.113166028375599992E+01    0.236438677151560128E+02    0.160577890538051650E+08    0.263351932263587514E+03   -0.131675966131793757E+03
    0.518784549949368028E+02    0.113166028375599992E+01    0.236438677151560128E+02    0.160577890538051650E+08    0.263351932263587514E+03   -0.131675966131793757E+03
    0.391181459902386592E+02    0.112959167375972025E+01    0.301346870510841676E+02    0.231200092919154614E+08    0.263341379055160530E+03   -0.131670689527580265E+03
    0.391181459902386592E+02    0.112959167375972025E+01    0.301346870510841676E+02    0.231200092919154614E+08    0.263341379055160530E+03   -0.131670689527580265E+03
    0.560955939866725544E+02    0.112975720227270959E+01    0.401688009375802295E+02    0.302955836472029723E+08    0.263324469525290283E+03   -0.131662234762645141E+03
    0.418192944816260734E+02    0.112841506525561308E+01    0.359333203329247937E+02    0.120928498965059221E+08    0.263303084909882500E+03   -0.131651542454941250E+03
    0.431016984671087187E+02    0.112885193387582272E+01    0.359727555993194841E+02    0.246156177881896570E+08    0.263293335592160588E+03   -0.131646667796080294E+03
    0.436963703120310072E+02    0.113210670535248004E+01    0.286222486770146176E+02    0.159148329071615543E+08    0.263285998377808880E+03   -0.131642999188904440E+03
    0.415530968054987184E+02    0.113299590649015891E+01    0.237854890986002090E+02    0.289616187882553712E+08    0.263268784461382438E+03   -0.131634392230691219E+03
    0.415530968054987184E+02    0.113299590649015891E+01    0.237854890986002090E+02    0.289616187882553712E+08    0.263268784461382438E+03   -0.131634392230691219E+03
    0.590490470847553937E+02    0.113334741874999390E+01    0.288005546206090202E+02    0.309047385114798993E+08    0.263264849009320642E+03   -0.131632424504660321E+03
    0.658114848238780183E+02    0.113094876558474833E+01    0.327178108999084643E+02    0.170695581637935638E+08    0.263244691302160959E+03   -0.131622345651080479E+03
    0.676722512159755638E+02    0.113215058392775592E+01    0.307688040371054576E+02    0.132640387949224152E+08    0.263239150725642389E+03   -0.131619575362821195E+03
    0.499217815367543309E+02    0.113237018479651064E+01    0.211007489834331849E+02    0.287492173387899809E+08    0.263238952274653684E+03   -0.131619476137326842E+03
    0.394293254046100259E+02    0.113199603533921089E+01    0.370079607765971730E+02    0.265536707108951360E+08    0.263233579393774335E+03   -0.131616789696887167E+03
    0.543388624483120211E+02    0.112765214254257784E+01    0.332403418681260021E+02    0.316456607293885313E+08    0.263232145217742072E+03   -0.131616072608871036E+03
    0.545430714033408606E+02    0.113248125846247905E+01    0.383244164924572814E+02    0.146259737631637473E+08    0.263224492438039420E+03   -0.131612246219019710E+03
    0.690958873276138519E+02    0.113059593456296170E+01    0.352953261281358408E+02    0.129956787203315254E+08    0.263220072923871726E+03   -0.131610036461935863E+03
    0.476341444355832877E+02    0.113085486341607355E+01    0.287708391339723590E+02    0.377084813184148595E+08    0.263213029055699849E+03   -0.131606514527849924E+03
    0.459838017435503232E+02    0.112968267030220648E+01    0.329751362796858487E+02    0.105808260920499936E+08    0.263202153897944527E+03   -0.131601076948972263E+03
    0.660157634713190760E+02    0.113078653036864307E+01    0.376001136886603859E+02    0.272353590671503097E+08    0.263200334211137942E+03   -0.131600167105568971E+03
    0.473474948511362896E+02    0.113297154538737344E+01    0.342067809063310690E+02    0.200586281471263543E+08    0.263170990907111729E+03   -0.131585495453555865E+03
    0.473474948511362896E+02    0.113297154538737344E+01    0.342067809063310690E+02    0.200586281471263543E+08    0.263170990907111729E+03   -0.131585495453555865E+03
    0.528604047073610985E+02    0.112841039491004547E+01    0.381687854786595864E+02    0.114728270605805237E+08    0.263142177436153759E+03   -0.131571088718076879E+03
    0.551410807710076867E+02    0.113232251685158225E+01    0.258885955933462206E+02    0.173366560816357993E+08    0.263135402549139428E+03   -0.131567701274569714E+03
    0.551410807710076867E+02    0.113232251685158225E+01    0.258885955933462206E+02    0.173366560816357993E+08    0.263135402549139428E+03   -0.131567701274569714E+03
    0.580596145817555325E+02    0.113285322135237387E+01    0.284075758426840146E+02    0.329684344195609465E+08    0.263129959728482277E+03   -0.131564979864241138E+03
    0.580596145817555325E+02    0.113285322135237387E+01    0.284075758426840146E+02    0.329684344195609465E+08    0.263129959728482277E+03   -0.131564979864241138E+03
    0.468355290871229286E+02    0.113372015242654678E+01    0.274842921317357565E+02    0.330939237435987666E+08    0.263125391048247764E+03   -0.131562695524123882E+03
    0.436518460051077710E+02    0.112942067783200151E+01    0.217642450781003376E+02    0.281578098767789304E+08    0.263049712704268188E+03   -0.131524856352134094E+03
    0.646314865011978696E+02    0.113177506734498023E+01    0.257146481774436886E+02    0.274139399051182903E+08    0.263034298769387988E+03   -0.131517149384693994E+03
    0.669190373257053324E+02    0.113122072270531882E+01    0.364743703892943287E+02    0.220788644392702766E+08    0.263027082548652459E+03   -0.131513541274326229E+03
    0.458845818596501331E+02    0.113114716145439154E+01    0.361228615966082671E+02    0.154069349310388733E+08    0.263011317589937505E+03   -0.131505658794968753E+03
    0.526298385015349481E+02    0.112862783249361920E+01    0.353962547087260049E+02    0.332990094801925309E+08    0.263007548137521383E+03   -0.131503774068760691E+03
    0.366255545112232284E+02    0.113136411937926162E+01    0.324791232289448359E+02    0.129500488089737017E+08    0.262996255423155731E+03   -0.131498127711577865E+03
    0.499414208970791194E+02    0.113187235898748884E+01    0.257848617368772963E+02    0.165751158670105767E+08    0.262986007532296412E+03   -0.131493003766148206E+03
    0.525123243028390689E+02    0.112831651241044995E+01    0.348486053062626553E+02    0.143247174929614533E+08    0.262957356338819864E+03   -0.131478678169409932E+03
    0.525123243028390689E+02    0.112831651241044995E+01    0.348486053062626553E+02    0.143247174929614533E+08    0.262957356338819864E+03   -0.131478678169409932E+03
    0.610675758153179373E+02    0.112919131496647718E+01    0.319284656094955608E+02    0.154940789958824217E+08    0.262953355573966462E+03   -0.131476677786983231E+03
    0.610675758153179373E+02    0.112919131496647718E+01    0.319284656094955608E+02    0.154940789958824217E+08    0.262953355573966462E+03   -0.131476677786983231E+03
    0.459420575376892018E+02    0.113202170362234056E+01    0.281974918207659258E+02    0.192979423121746890E+08    0.262906782956185566E+03   -0.131453391478092783E+03
    0.580423322144745839E+02    0.113281067496446308E+01    0.319449848660305946E+02    0.152068396745411269E+08    0.262904449959385033E+03   -0.131452224979692517E+03
    0.443708144850169788E+02    0.113128705174014743E+01    0.245989052535559480E+02    0.113605220014794841E+08    0.262889905660765010E+03   -0.131444952830382505E+03
    0.443708144850169788E+02    0.113128705174014743E+01    0.245989052535559480E+02    0.113605220014794841E+08    0.262889905660765010E+03   -0.131444952830382505E+03
    0.605158917151554760E+02    0.113110983110342223E+01    0.227638135067853256E+02    0.226723628905498311E+08    0.262887910556501708E+03   -0.131443955278250854E+03
    0.466890944121564857E+02    0.113165970642223068E+01    0.293038240261476339E+02    0.184424100653047897E+08    0.262877141056341486E+03   -0.131438570528170743E+03
    0.449701366691238675E+02    0.113075111980833665E+01    0.404691296389785791E+02    0.118383684069197346E+08    0.262872118372960585E+03   -0.131436059186480293E+03
    0.427020683356320774E+02    0.112881722103318261E+01    0.317647542513820049E+02    0.140502537132637631E+08    0.262871535275778001E+03   -0.131435767637889001E+03
    0.471190391299317355E+02    0.113008648895571251E+01    0.348250106136133084E+02    0.106814630387308653E+08    0.262851988426710591E+03   -0.131425994213355295E+03
    0.431358770359385915E+02    0.113051487054134592E+01    0.361981435387247714E+02    0.228366076358916238E+08    0.262845201781753644E+03   -0.131422600890876822E+03
    0.570927693205734883E+02    0.113248105650654307E+01    0.339053740328325759E+02    0.183127569753908478E+08    0.262831044257698125E+03   -0.131415522128849062E+03
    0.560387905892416995E+02    0.112939386656601970E+01    0.325884989260630320E+02    0.345696286376744285E+08    0.262823079929011556E+03   -0.131411539964505778E+03
    0.560387905892416995E+02    0.112939386656601970E+01    0.325884989260630320E+02    0.345696286376744285E+08    0.262823079929011556E+03   -0.131411539964505778E+03
    0.540217128584334176E+02    0.113074575473949479E+01    0.208629083019223849E+02    0.261791035564122498E+08    0.262815024257085952E+03   -0.131407512128542976E+03
    0.540217128584334176E+02    0.113074575473949479E+01    0.208629083019223849E+02    0.261791035564122498E+08    0.262815024257085952E+03   -0.131407512128542976E+03
    0.537366443118196315E+02    0.112832857627360039E+01    0.258986452273681991E+02    0.329899869433989674E+08    0.262806622392734766E+03   -0.131403311196367383E+03
    0.537366443118196315E+02    0.112832857627360039E+01    0.258986452273681991E+02    0.329899869433989674E+08    0.262806622392734766E+03   -0.131403311196367383E+03
    0.610797047237316164E+02    0.113177652390748862E+01    0.290349719665469408E+02    0.161675263288600445E+08    0.262791708117103212E+03   -0.131395854058551606E+03
    0.519800628125952926E+02    0.113169790028626172E+01    0.340656355823666956E+02    0.357085338944565132E+08    0.262787331255705340E+03   -0.131393665627852670E+03
    0.541204431651897124E+02    0.113381478321126528E+01    0.304010280172215914E+02    0.118338207532433290E+08    0.262762300376480027E+03   -0.131381150188240014E+03
    0.504749904477823250E+02    0.112858118817374065E+01    0.302687388890384170E+02    0.152786282875542939E+08    0.262747596450731919E+03   -0.131373798225365960E+03
    0.545421962208427900E+02    0.113308495424092248E+01    0.310028987158242657E+02    0.148283978133840151E+08    0.262719780633108485E+03   -0.131359890316554242E+03
    0.516304073647472208E+02    0.113058802586300811E+01    0.355706399477040378E+02    0.177179224570598379E+08    0.262717384799732486E+03   -0.131358692399866243E+03
    0.666302561708244951E+02    0.113085821794981278E+01    0.291641068405576576E+02    0.280130965242265277E+08    0.262716335414130810E+03   -0.131358167707065405E+03
    0.501915944125992297E+02    0.112788290395455815E+01    0.309661281978442560E+02    0.140119623149872702E+08    0.262709933885259090E+03   -0.131354966942629545E+03
    0.556125792597304667E+02    0.113130864211994187E+01    0.221069191001255447E+02    0.231465780911222845E+08    0.262683973434442805E+03   -0.131341986717221403E+03
    0.598261805113879390E+02    0.112964168452540958E+01    0.333378435871314238E+02    0.178374175757971294E+08    0.262682542946425087E+03   -0.131341271473212544E+03
    0.392873738367757284E+02    0.113200173129289516E+01    0.304431014643749371E+02    0.345321317462398037E+08    0.262679289427848971E+03   -0.131339644713924486E+03
    0.429394834696828980E+02    0.112808304576491825E+01    0.313406055782615880E+02    0.123148889109239019E+08    0.262674127685428289E+03   -0.131337063842714144E+03
    0.400024248630785735E+02    0.112967118743279493E+01    0.353095929597473273E+02    0.122171060936696921E+08    0.262658043437503238E+03   -0.131329021718751619E+03
    0.388797215982086897E+02    0.112956951313219833E+01    0.246573951698432765E+02    0.316458794929943867E+08    0.262648885105522140E+03   -0.131324442552761070E+03
    0.602221756986052696E+02    0.113116974975749640E+01    0.347411762443939764E+02    0.164215927394340727E+08    0.262646322548599926E+03   -0.131323161274299963E+03
    0.677665617999094252E+02    0.113145379437834293E+01    0.314262944563509770E+02    0.239254609528021775E+08    0.262641670270771101E+03   -0.131320835135385551E+03
    0.584810248125735725E+02    0.113222458920490232E+01    0.347152656004473883E+02    0.326011181540611349E+08    0.262619940202537578E+03   -0.131309970101268789E+03
    0.558867069729763344E+02    0.113109067253707440E+01    0.406606317913317170E+02    0.113425852575192228E+08    0.262600883216513864E+03   -0.131300441608256932E+03
    0.547233491283314848E+02    0.112924808954694789E+01    0.273251334471087013E+02    0.156560675542638581E+08    0.262568397142118670E+03   -0.131284198571059335E+03
    0.548026181426664891E+02    0.113330081922434855E+01    0.258880738281223266E+02    0.263289658122980073E+08    0.262551390937561450E+03   -0.131275695468780725E+03
    0.538428811223849024E+02    0.113317121100629947E+01    0.369265046175669056E+02    0.246847850565727428E+08    0.262538645558609801E+03   -0.131269322779304900E+03
    0.422067571157235335E+02    0.113264777494427160E+01    0.284845280564038070E+02    0.118599533236870877E+08    0.262521208895956818E+03   -0.131260604447978409E+03
    0.486273426337534005E+02    0.113251036089097545E+01    0.335918969175405948E+02    0.346097977647765279E+08    0.262508918993660131E+03   -0.131254459496830066E+03
    0.417090320079267514E+02    0.113040488306573650E+01    0.372702728063728728E+02    0.304087621973205917E+08    0.262503227842591343E+03   -0.131251613921295672E+03
    0.516304824850097077E+02    0.113183546696030213E+01    0.349430085622126825E+02    0.105945809360766690E+08    0.262460158363107098E+03   -0.131230079181553549E+03
    0.431520795415515295E+02    0.113190939799837098E+01    0.307607571293057731E+02    0.353375440282861516E+08    0.262439852609438276E+03   -0.131219926304719138E+03
    0.392171000564852577E+02    0.113065735361536990E+01    0.342937498742170419E+02    0.130051796908065192E+08    0.262429276277891915E+03   -0.131214638138945958E+03
    0.425811916153093932E+02    0.112900413313865822E+01    0.240098321948866165E+02    0.319179434493770339E+08    0.262418128367171278E+03   -0.131209064183585639E+03
    0.425811916153093932E+02    0.112900413313865822E+01    0.240098321948866165E+02    0.319179434493770339E+08    0.262418128367171278E+03   -0.131209064183585639E+03
    0.526655689129757434E+02    0.113208554498489522E+01    0.272936760992012140E+02    0.189903866553240530E+08    0.262416818771901660E+03   -0.131208409385950830E+03
    0.437992463373773901E+02    0.112831572829285776E+01    0.328780678326234934E+02    0.319593985414958075E+08    0.262405142507428138E+03   -0.131202571253714069E+03
    0.522759605988561660E+02    0.113135120001655598E+01    0.229011333352185567E+02    0.225367078682426885E+08    0.262403094997053131E+03   -0.131201547498526566E+03
    0.549194314416010414E+02    0.113214743545896179E+01    0.232945496464915927E+02    0.244160019973620512E+08    0.262402484474612265E+03   -0.131201242237306133E+03
    0.594355594519399801E+02    0.112953955175769383E+01    0.341099738591038388E+02    0.107960972056867499E+08    0.262400238683498230E+03   -0.131200119341749115E+03
    0.400895149908476114E+02    0.113166337630896630E+01    0.355742167570297525E+02    0.275943735702752583E+08    0.262397727971195025E+03   -0.131198863985597512E+03
    0.533280562456033849E+02    0.113246051233628786E+01    0.328833574814782068E+02    0.154029378278580960E+08    0.262395327042125473E+03   -0.131197663521062736E+03
    0.576020669432134511E+02    0.113195635710454057E+01    0.299548443297609062E+02    0.159569640113939885E+08    0.262378413844335341E+03   -0.131189206922167671E+03
    0.461279466893255901E+02    0.113251895339124808E+01    0.304247218687508827E+02    0.347687639039370194E+08    0.262377991822853119E+03   -0.131188995911426559E+03
    0.476424814846756561E+02    0.112946439950916755E+01    0.351304564063197091E+02    0.338646207115627229E+08    0.262376827410084161E+03   -0.131188413705042080E+03
    0.434414055159496755E+02    0.112921155423061736E+01    0.279200289363993974E+02    0.116863058923745770E+08    0.262367580251225036E+03   -0.131183790125612518E+03
    0.570599773420232026E+02    0.113342331649045658E+01    0.321548702033403941E+02    0.283524178156216927E+08    0.262367136653046373E+03   -0.131183568326523186E+03
    0.433303696413706874E+02    0.113209422951544925E+01    0.252877418738776392E+02    0.131920794980979748E+08    0.262354049532446084E+03   -0.131177024766223042E+03
    0.444214855552424268E+02    0.112973570686177172E+01    0.381691758554800629E+02    0.121049652678385805E+08    0.262347530371999085E+03   -0.131173765185999542E+03
    0.615701679995936502E+02    0.112913723915875175E+01    0.347051279954304377E+02    0.228145372799159884E+08    0.262346875953373342E+03   -0.131173437976686671E+03
    0.445038350185262033E+02    0.112867947679159442E+01    0.329894101874526058E+02    0.135019084346021619E+08    0.262345466592158743E+03   -0.131172733296079372E+03
    0.515206487083192712E+02    0.112956489738842869E+01    0.252319714763729159E+02    0.205343430559394360E+08    0.262317778440032612E+03   -0.131158889220016306E+03
    0.474391844103267246E+02    0.112882373222155907E+01    0.236251795025128750E+02    0.272100151314657889E+08    0.262312868226009698E+03   -0.131156434113004849E+03
    0.419991495674747455E+02    0.113106874203182750E+01    0.346107867202005508E+02    0.240891074965605773E+08    0.262306015429214597E+03   -0.131153007714607298E+03
    0.556617506319844750E+02    0.112947439018101115E+01    0.383303867348667779E+02    0.268182686942330599E+08    0.262302154563504075E+03   -0.131151077281752038E+03
    0.518593068233958334E+02    0.112882644835252077E+01    0.370545200175337541E+02    0.273357282734184191E+08    0.262298538085281848E+03   -0.131149269042640924E+03
    0.461613680457167561E+02    0.112918871870781667E+01    0.327105411783204758E+02    0.223282537608173899E+08    0.262269619118592061E+03   -0.131134809559296031E+03
    0.506053385923184038E+02    0.113111720157280327E+01    0.388045621251857327E+02    0.313891861457751133E+08    0.262268439143783780E+03   -0.131134219571891890E+03
    0.578433864209656718E+02    0.113041685592473473E+01    0.304717387840334588E+02    0.338413433692860156E+08    0.262226701611643648E+03   -0.131113350805821824E+03
    0.469999219192613609E+02    0.112882377731576011E+01    0.278702176269241981E+02    0.227210743129871860E+08    0.262213640222689037E+03   -0.131106820111344518E+03
    0.529058868002421292E+02    0.113194940239166097E+01    0.362795251008219211E+02    0.145758906842332482E+08    0.262213548491525330E+03   -0.131106774245762665E+03
    0.608350824519840572E+02    0.113204025000094077E+01    0.321291362229507911E+02    0.108898393326115645E+08    0.262213382701703722E+03   -0.131106691350851861E+03
    0.498400049098838522E+02    0.112964274362969030E+01    0.263919789110838146E+02    0.110945290458995309E+08    0.262200124099960192E+03   -0.131100062049980096E+03
    0.569435978885789140E+02    0.112846887502472515E+01    0.262468607753956071E+02    0.246498689947188161E+08    0.262189543309703879E+03   -0.131094771654851940E+03
    0.534676505052177262E+02    0.113310010386359039E+01    0.278818529048053989E+02    0.135500634742346853E+08    0.262159078267681480E+03   -0.131079539133840740E+03
    0.582958501862882486E+02    0.113310385916880940E+01    0.301473376958153239E+02    0.281508091042321771E+08    0.262144380602747106E+03   -0.131072190301373553E+03
    0.509555697640212770E+02    0.113021967977164883E+01    0.379459856260739272E+02    0.233191549789484441E+08    0.262142088727222017E+03   -0.131071044363611009E+03
    0.599978886120380608E+02    0.113157746936826098E+01    0.253936113444581437E+02    0.217382377961061001E+08    0.262140790272721688E+03   -0.131070395136360844E+03
    0.432943520662094627E+02    0.112977416894125637E+01    0.306083469758025473E+02    0.230829850646412410E+08    0.262140710494766665E+03   -0.131070355247383333E+03
    0.575680080216621235E+02    0.112960157072501222E+01    0.316973724873365938E+02    0.151205235070841834E+08    0.262139367307718430E+03   -0.131069683653859215E+03
    0.512457216870545196E+02    0.112984285259493689E+01    0.282340581301785747E+02    0.155358630111789852E+08    0.262134447403512297E+03   -0.131067223701756149E+03
    0.495636505582527533E+02    0.113204786938674662E+01    0.233646660392508636E+02    0.307591841623203643E+08    0.262131235301557183E+03   -0.131065617650778591E+03
    0.473455264871357997E+02    0.113355298070116817E+01    0.310370259304102269E+02    0.264023593644365445E+08    0.262113514388202304E+03   -0.131056757194101152E+03
    0.561334335519331731E+02    0.112821203223552091E+01    0.271264064983145481E+02    0.129573445299113262E+08    0.262111190298702923E+03   -0.131055595149351461E+03
    0.497479668999217424E+02    0.113230492552943263E+01    0.271484752846995363E+02    0.209526003807072490E+08    0.262089893236970113E+03   -0.131044946618485056E+03
    0.458421563572971777E+02    0.112809952650418421E+01    0.305542282627035249E+02    0.127050875752785373E+08    0.262083793283479508E+03   -0.131041896641739754E+03
    0.611777341771368057E+02    0.112954010200368171E+01    0.258740551453245189E+02    0.245203650479313880E+08    0.262076511490866494E+03   -0.131038255745433247E+03
    0.531990082306896568E+02    0.113316976371345612E+01    0.354222560802654201E+02    0.259096408172336072E+08    0.262054169856077749E+03   -0.131027084928038875E+03
    0.503058743424116130E+02    0.112928516906605214E+01    0.299813740117493381E+02    0.149049352790416125E+08    0.262050277796727187E+03   -0.131025138898363593E+03
    0.588622221700868593E+02    0.113159206009382918E+01    0.319268412865211779E+02    0.188089194890456535E+08    0.262047792732899211E+03   -0.131023896366449605E+03
    0.533809493785332805E+02    0.112879095572186849E+01    0.243570493683101965E+02    0.267175761570917703E+08    0.262031308951978758E+03   -0.131015654475989379E+03
    0.506183403186478316E+02    0.113078099454001557E+01    0.260405213230124666E+02    0.148164845171476472E+08    0.262019862505445644E+03   -0.131009931252722822E+03
    0.563792629245799262E+02    0.113069509140641511E+01    0.258027014137175215E+02    0.197436461583570726E+08    0.261995309015986606E+03   -0.130997654507993303E+03
    0.504925638519574633E+02    0.113147172465258827E+01    0.317362294898527679E+02    0.192763223024068028E+08    0.261993116472080146E+03   -0.130996558236040073E+03
    0.557269638576107766E+02    0.113178440002655400E+01    0.318386659624928683E+02    0.188975034914402701E+08    0.261992488368254840E+03   -0.130996244184127420E+03
    0.413502302269474313E+02    0.113205077290295431E+01    0.272965620368619781E+02    0.329903928678890690E+08    0.261992117610706430E+03   -0.130996058805353215E+03
    0.606735624723315894E+02    0.112930577129635634E+01    0.271665087515958206E+02    0.228871107241954990E+08    0.261979307655997559E+03   -0.130989653827998779E+03
    0.604017834299108571E+02    0.113239352586503284E+01    0.363920318574580932E+02    0.119016005769779384E+08    0.261958016149783873E+03   -0.130979008074891937E+03
    0.451695007822936034E+02    0.113144590054084460E+01    0.262988066764874944E+02    0.339830352206515074E+08    0.261953422377398397E+03   -0.130976711188699198E+03
    0.546181479909733198E+02    0.113175162100089688E+01    0.312974215391118413E+02    0.106580323955469783E+08    0.261948796533495283E+03   -0.130974398266747642E+03
    0.466301732348418341E+02    0.112847287805313323E+01    0.284556998285147529E+02    0.255300004253722243E+08    0.261937393792336707E+03   -0.130968696896168353E+03
    0.633131723715593964E+02    0.113142634032704592E+01    0.294844175309707097E+02    0.117186453912521899E+08    0.261935054462560629E+03   -0.130967527231280314E+03
    0.453551969934038368E+02    0.113294903120719548E+01    0.283083958109354370E+02    0.258372646645789184E+08    0.261904541096327819E+03   -0.130952270548163909E+03
    0.477581376225068439E+02    0.113007309218131380E+01    0.247977439020640844E+02    0.119785251601873506E+08    0.261877557405272739E+03   -0.130938778702636370E+03
    0.639651048877154409E+02    0.112979194610010714E+01    0.302228176398267614E+02    0.126608152550530396E+08    0.261866317495163173E+03   -0.130933158747581587E+03
    0.432569229210513768E+02    0.113145669181495512E+01    0.335183327884162026E+02    0.137058915671192501E+08    0.261857948200113924E+03   -0.130928974100056962E+03
    0.452187717918130332E+02    0.113083337466386569E+01    0.261904267218160847E+02    0.233225444522301480E+08    0.261846163077925326E+03   -0.130923081538962663E+03
    0.437639130936306699E+02    0.113206330998473237E+01    0.301575313556402946E+02    0.116610919786303919E+08    0.261842003475753813E+03   -0.130921001737876907E+03
    0.562651095431462736E+02    0.112838171880544413E+01    0.288005255847839479E+02    0.281666800943582393E+08    0.261834375060953334E+03   -0.130917187530476667E+03
    0.582337762300210429E+02    0.113135203777852356E+01    0.315453158629056105E+02    0.327953790288331881E+08    0.261832712660477227E+03   -0.130916356330238614E+03
    0.567446364833017753E+02    0.112978773283419076E+01    0.244226182959119953E+02    0.286240286224462166E+08    0.261816014472021266E+03   -0.130908007236010633E+03
    0.574966058662136703E+02    0.112850452074597873E+01    0.313962640684455678E+02    0.274609706240141839E+08    0.261811383510346161E+03   -0.130905691755173081E+03
    0.541608587972406994E+02    0.113142314554786294E+01    0.319100972486984382E+02    0.291202399314006455E+08    0.260483967751648777E+03   -0.130241983875824388E+03
    0.645064045065619638E+02    0.113066270144299930E+01    0.310719524803205189E+02    0.235378297621680424E+08    0.261714566466327199E+03   -0.130857283233163599E+03
    0.528961333399770837E+02    0.113005575354358778E+01    0.341953342145067865E+02    0.325137435392245241E+08    0.261397556286459690E+03   -0.130698778143229845E+03
    0.565631995327303159E+02    0.113076579246560471E+01    0.267411449622604884E+02    0.323902759835714810E+08    0.261615553188854790E+03   -0.130807776594427395E+03
    0.568859453202876608E+02    0.112899553976385225E+01    0.269046649903568209E+02    0.295921248313684501E+08    0.261781205742906934E+03   -0.130890602871453467E+03
    0.472392511064635556E+02    0.113057767932734543E+01    0.326727560271308093E+02    0.315615830906206481E+08    0.260697804565675256E+03   -0.130348902282837628E+03
    0.454688980401330269E+02    0.113268889375868276E+01    0.265197450544965641E+02    0.301917866467286088E+08    0.261777869145949978E+03   -0.130888934572974989E+03
    0.526449771743935386E+02    0.112905210314427551E+01    0.352540144981878498E+02    0.244752420096688569E+08    0.261775625267242845E+03   -0.130887812633621422E+03
    0.463526791498849562E+02    0.113237868287536170E+01    0.315016527577866512E+02    0.260305477867548428E+08    0.261162350055095885E+03   -0.130581175027547943E+03
    0.400114244611093426E+02    0.113068371592151573E+01    0.310078707947008816E+02    0.317846147780138329E+08    0.261467948006175334E+03   -0.130733974003087667E+03
    0.502905882571368892E+02    0.113190775427745849E+01    0.240806081007972992E+02    0.294276138505676202E+08    0.261727969095737194E+03   -0.130863984547868597E+03
    0.560719376135650478E+02    0.113023787027297407E+01    0.298757341586376413E+02    0.229012101945892610E+08    0.260817120872043290E+03   -0.130408560436021645E+03
    0.549620862786478099E+02    0.112944045321375497E+01    0.278878796384107517E+02    0.211914704303946123E+08    0.261627572251077027E+03   -0.130813786125538513E+03
    0.570658302084342353E+02    0.113216401604715244E+01    0.292645331706028351E+02    0.258223036279954277E+08    0.261030019046677353E+03   -0.130515009523338676E+03
    0.571408919565303250E+02    0.113187558200945149E+01    0.355403573633267484E+02    0.264921788276602663E+08    0.261219044065026935E+03   -0.130609522032513468E+03
    0.513944414657688924E+02    0.112968178551912746E+01    0.322245977890903177E+02    0.222633898085918762E+08    0.261293011547554102E+03   -0.130646505773777051E+03
    0.531544873662111854E+02    0.113058120405976936E+01    0.287311378900423975E+02    0.210258887586538158E+08    0.261175938596079902E+03   -0.130587969298039951E+03
    0.479964833975231357E+02    0.112927401647119208E+01    0.321738857778507992E+02    0.285201553091478907E+08    0.260999871176376530E+03   -0.130499935588188265E+03
    0.533772188954130229E+02    0.112932392664525283E+01    0.324553073132977801E+02    0.224646289924238436E+08    0.261404249929156435E+03   -0.130702124964578218E+03
    0.504785259156600716E+02    0.113191198544230986E+01    0.338774948704049805E+02    0.308354510819477104E+08    0.260950980525759803E+03   -0.130475490262879902E+03
    0.466535819782042296E+02    0.112945080004691856E+01    0.260203612289744299E+02    0.261463278771768883E+08    0.261523128189104114E+03   -0.130761564094552057E+03
    0.556705851280039070E+02    0.113153404878029207E+01    0.324971529171335547E+02    0.234216664662379920E+08    0.260757604443484638E+03   -0.130378802221742319E+03
    0.509603327270689874E+02    0.113028167724999418E+01    0.251404932041128859E+02    0.220880042943287529E+08    0.261753608981174239E+03   -0.130876804490587119E+03
    0.611954355143476718E+02    0.113143204585467760E+01    0.282946439804809060E+02    0.259597751837809160E+08    0.261368093317275395E+03   -0.130684046658637698E+03
    0.417016593741904060E+02    0.112997631657389452E+01    0.312679705104703771E+02    0.301722029421577230E+08    0.261399603184377440E+03   -0.130699801592188720E+03
    0.579601129290940520E+02    0.112887410539249067E+01    0.326201021907680726E+02    0.265449210657435954E+08    0.261583118106563916E+03   -0.130791559053281958E+03
    0.531181186171040380E+02    0.113109275595750414E+01    0.276648724893422013E+02    0.224498225032673329E+08    0.261006250954267898E+03   -0.130503125477133949E+03
    0.517642642720434480E+02    0.113140683758151117E+01    0.266250828150477474E+02    0.306779539871799834E+08    0.260938776991610439E+03   -0.130469388495805219E+03
    0.458177977640749674E+02    0.113182888253190761E+01    0.282066865724740943E+02    0.295142497714264095E+08    0.260903097004101937E+03   -0.130451548502050969E+03
    0.520049469318801414E+02    0.112998682708179010E+01    0.363030330193746380E+02    0.250644723993639648E+08    0.261382737134024126E+03   -0.130691368567012063E+03
    0.488733646737877478E+02    0.113017015602232784E+01    0.283857944799396869E+02    0.316669253760173246E+08    0.260651085926365681E+03   -0.130325542963182841E+03
    0.580505430222167718E+02    0.113035583764714986E+01    0.312486517192501196E+02    0.239695165181246661E+08    0.260757982504429719E+03   -0.130378991252214860E+03
    0.548689403045279249E+02    0.113127090407800734E+01    0.357113090720146644E+02    0.305746771729962453E+08    0.261285018330857952E+03   -0.130642509165428976E+03
    0.604115256035344359E+02    0.113073897894929964E+01    0.306483089249540086E+02    0.244085695033602156E+08    0.260937846293236532E+03   -0.130468923146618266E+03
    0.449546972751495915E+02    0.113085585756470031E+01    0.323559343255733438E+02    0.247158139670393504E+08    0.261207922170657923E+03   -0.130603961085328962E+03
    0.557134583995055621E+02    0.113004994436069151E+01    0.310217136238088713E+02    0.214847540392230116E+08    0.261112293303917852E+03   -0.130556146651958926E+03
    0.546703246917488599E+02    0.113253349864744757E+01    0.307906803797585518E+02    0.265006589229792058E+08    0.261016853086480808E+03   -0.130508426543240404E+03
    0.626274071322510508E+02    0.113125026592185929E+01    0.311853918984954745E+02    0.271312453901356235E+08    0.261449942971054099E+03   -0.130724971485527050E+03
    0.485143313955384983E+02    0.112970792732308278E+01    0.264767205967508907E+02    0.296115804522034936E+08    0.261033240331702359E+03   -0.130516620165851180E+03
    0.562946255655476406E+02    0.113149171539759408E+01    0.304089839221098437E+02    0.271945297408447489E+08    0.260543062732082603E+03   -0.130271531366041302E+03
    0.562946255655476406E+02    0.113149171539759408E+01    0.304089839221098437E+02    0.271945297408447489E+08    0.260543062732082603E+03   -0.130271531366041302E+03
    0.562209768606778511E+02    0.113289456389127152E+01    0.294058965642572439E+02    0.241748220660316795E+08    0.261682579615073450E+03   -0.130841289807536725E+03
    0.445427799232657406E+02    0.113225215033535287E+01    0.304398399444737287E+02    0.254182606562715918E+08    0.261420269719353882E+03   -0.130710134859676941E+03
    0.408284446301133883E+02    0.113084689124416382E+01    0.314526239289815663E+02    0.323709160399499051E+08    0.261436769222970270E+03   -0.130718384611485135E+03
    0.485191840638665326E+02    0.113274846704545418E+01    0.315928109784152866E+02    0.314863831054123715E+08    0.261345479526542078E+03   -0.130672739763271039E+03
    0.521275441079817341E+02    0.113081971564921635E+01    0.361925712023969481E+02    0.318188618811793067E+08    0.261430298515032518E+03   -0.130715149257516259E+03
    0.491286817565301064E+02    0.113221249845277860E+01    0.280170329961659519E+02    0.229864017330943123E+08    0.261475198684355803E+03   -0.130737599342177901E+03
    0.444847662708723206E+02    0.113146300779109921E+01    0.273572362550051906E+02    0.304887788399418853E+08    0.261034277040356756E+03   -0.130517138520178378E+03
    0.478123380936199140E+02    0.113014668488007541E+01    0.310292116864987477E+02    0.297439916622820050E+08    0.260552308228856930E+03   -0.130276154114428465E+03
    0.478123380936199140E+02    0.113014668488007541E+01    0.310292116864987477E+02    0.297439916622820050E+08    0.260552308228856930E+03   -0.130276154114428465E+03
    0.555150409767600905E+02    0.113147883948740691E+01    0.303830222889628132E+02    0.229717230699805617E+08    0.260762956923382319E+03   -0.130381478461691160E+03
    0.593506976567847175E+02    0.113000095543399159E+01    0.289920124277593061E+02    0.303056238079662099E+08    0.261487779547557921E+03   -0.130743889773778960E+03
    0.437622192628353730E+02    0.113141346423948597E+01    0.302491482108467729E+02    0.265751626718331315E+08    0.261066594835865658E+03   -0.130533297417932829E+03
    0.487708839063667199E+02    0.113086691662132344E+01    0.304747603023826521E+02    0.264829654127782732E+08    0.260394254773894829E+03   -0.130197127386947415E+03
    0.506451481080914405E+02    0.113116348985056225E+01    0.258904153333327720E+02    0.279550814535084069E+08    0.260859562315828441E+03   -0.130429781157914221E+03
    0.566846296091895567E+02    0.112997116717037183E+01    0.297127012331306020E+02    0.141608258920273650E+08    0.261338835308454861E+03   -0.130669417654227431E+03
    0.562360810799060573E+02    0.113052093023993705E+01    0.299629635837100956E+02    0.109652495658014119E+08    0.261427135985417522E+03   -0.130713567992708761E+03
    0.514051342588429279E+02    0.112911801855416538E+01    0.278414983420405662E+02    0.127613838914599232E+08    0.261091254113952175E+03   -0.130545627056976087E+03
    0.494092308786771994E+02    0.113186163884099122E+01    0.253061556753948693E+02    0.130542318929727301E+08    0.261531573607206496E+03   -0.130765786803603248E+03
    0.587081451699583852E+02    0.113091821426396621E+01    0.342505653872935625E+02    0.129468036317156702E+08    0.260714213776266490E+03   -0.130357106888133245E+03
    0.474014794826403900E+02    0.112993412761255185E+01    0.267026257234906019E+02    0.126135929425054714E+08    0.261179485657341274E+03   -0.130589742828670637E+03
    0.544321844139009769E+02    0.113070611021612955E+01    0.368266247521818215E+02    0.123627114480497222E+08    0.260733345270666860E+03   -0.130366672635333430E+03
    0.544321844139009769E+02    0.113070611021612955E+01    0.368266247521818215E+02    0.123627114480497222E+08    0.260733345270666860E+03   -0.130366672635333430E+03
    0.484492633234125805E+02    0.112971060358889486E+01    0.334406163039937852E+02    0.120801067535421252E+08    0.260869223115473744E+03   -0.130434611557736872E+03
    0.491089192990482601E+02    0.113186941808794761E+01    0.308193563642600097E+02    0.113405850834309142E+08    0.261314950223188532E+03   -0.130657475111594266E+03
    0.567900095219044090E+02    0.112950664699795245E+01    0.293697690549735668E+02    0.134321558261843193E+08    0.261073305398672346E+03   -0.130536652699336173E+03
    0.514244750860473658E+02    0.112959017396917871E+01    0.295947089073491938E+02    0.114762721611822378E+08    0.261227001844388155E+03   -0.130613500922194078E+03
    0.605846096035819599E+02    0.112942649646766413E+01    0.344965723574328393E+02    0.116796254070748091E+08    0.261758475677531806E+03   -0.130879237838765903E+03
    0.514687418383408115E+02    0.113127172606150728E+01    0.320905200151597825E+02    0.111288674921962619E+08    0.261196362403330852E+03   -0.130598181201665426E+03
    0.512839375301952671E+02    0.113297181319592299E+01    0.309830572217983118E+02    0.120686594314303659E+08    0.261445668102929346E+03   -0.130722834051464673E+03
    0.560305088968491560E+02    0.113162702717683938E+01    0.316007688421545545E+02    0.124328463595484365E+08    0.260493934645891443E+03   -0.130246967322945721E+03
    0.560305088968491560E+02    0.113162702717683938E+01    0.316007688421545545E+02    0.124328463595484365E+08    0.260493934645891443E+03   -0.130246967322945721E+03
    0.473584883160201713E+02    0.113198099328719826E+01    0.285435553378230900E+02    0.117601895683508161E+08    0.261387455496093025E+03   -0.130693727748046513E+03
    0.504650583042452681E+02    0.113016047662881269E+01    0.360094419965390600E+02    0.120361135439386312E+08    0.260879685393492991E+03   -0.130439842696746496E+03
    0.573504179547870692E+02    0.113154169004519356E+01    0.369324898797303547E+02    0.117526839919333179E+08    0.261288728749012421E+03   -0.130644364374506210E+03
    0.477637072145393020E+02    0.113201548102538041E+01    0.254645017809954091E+02    0.124860670981915426E+08    0.261755661504623390E+03   -0.130877830752311695E+03
    0.616000511296900797E+02    0.113003345133954114E+01    0.300902938091803520E+02    0.123861905942973588E+08    0.261302358805358438E+03   -0.130651179402679219E+03
    0.505702765308795890E+02    0.113036764972111481E+01    0.304734626732224250E+02    0.108005182894297782E+08    0.261780518519002669E+03   -0.130890259259501335E+03
    0.510016001502185503E+02    0.113136042370031009E+01    0.270481413879977381E+02    0.130871248299587555E+08    0.260809743969129954E+03   -0.130404871984564977E+03
    0.551096265600938580E+02    0.113079843653737866E+01    0.300327963106675355E+02    0.126587844829017166E+08    0.260321291065645596E+03   -0.130160645532822798E+03
    0.551096265600938580E+02    0.113079843653737866E+01    0.300327963106675355E+02    0.126587844829017166E+08    0.260321291065645596E+03   -0.130160645532822798E+03
    0.524784082199620343E+02    0.113013203675672957E+01    0.340637324707177527E+02    0.137877894082649145E+08    0.261108498272065958E+03   -0.130554249136032979E+03
    0.569815534154132664E+02    0.112869110169058229E+01    0.334133051282447440E+02    0.120434446011315808E+08    0.261569972375966529E+03   -0.130784986187983264E+03
    0.454343216090394151E+02    0.113167150528193017E+01    0.316055683788756241E+02    0.124849589319335390E+08    0.260834262700608861E+03   -0.130417131350304430E+03
    0.530147715246959095E+02    0.113024031852112583E+01    0.348149489642153682E+02    0.115564112269768789E+08    0.260965005005895421E+03   -0.130482502502947710E+03
    0.520891964388840876E+02    0.113193891251336853E+01    0.358915156880701076E+02    0.112191338126070872E+08    0.261644692462674243E+03   -0.130822346231337121E+03
    0.447454074459041493E+02    0.113064312794257171E+01    0.332037272199117837E+02    0.120334704670826755E+08    0.261057430906231275E+03   -0.130528715453115638E+03
