    0.396966475998687596E+01    0.109124359931247161E+01    0.316605172358305360E+02    0.109759849136237907E+10    0.362020260980083435E+03   -0.181010130490041718E+03
    0.210295844243888208E+01    0.109328462012677186E+01    0.276840768600193030E+02    0.187376183437161040E+10    0.360692784105024771E+03   -0.180346392052512385E+03
    0.190038265327732887E+02    0.107714387712653181E+01    0.162284576825920581E+02    0.128071048093454432E+10    0.355890101969441446E+03   -0.177945050984720723E+03
    0.947453743766114087E+01    0.107470492394466777E+01    0.150895809713164493E+02    0.128022610357536626E+10    0.354908111327531628E+03   -0.177454055663765814E+03
    0.527403600991109300E+01    0.110376475107974947E+01    0.117173166484308542E+02    0.143098875887643480E+10    0.354277265465439029E+03   -0.177138632732719515E+03
    0.151565304805367447E+02    0.109949004897434821E+01    0.119462110453853363E+02    0.161998712625127697E+10    0.353896840881670414E+03   -0.176948420440835207E+03
    0.183727416569396844E+02    0.109636498681368955E+01    0.111330634963370656E+02    0.135177471875065660E+10    0.353453122021460672E+03   -0.176726561010730336E+03
    0.997081490106862756E+00    0.109015790482202668E+01    0.161706606599446978E+02    0.959451313610772729E+09    0.351287610787023027E+03   -0.175643805393511514E+03
    0.794701622267485752E+00    0.107953834132095139E+01    0.142932987322637128E+02    0.127901409065412807E+10    0.351084859781881846E+03   -0.175542429890940923E+03
    0.727383754453586295E+01    0.107617628343140792E+01    0.173892836843397092E+02    0.168033003072832108E+10    0.350989458056873389E+03   -0.175494729028436694E+03
    0.178590178607847569E+02    0.108923154214992635E+01    0.147971458687006816E+02    0.105085081822741568E+10    0.350590094778783623E+03   -0.175295047389391812E+03
    0.138554446266308684E+01    0.108261027433198542E+01    0.214056031965636144E+02    0.138073904247377324E+10    0.349986084692607733E+03   -0.174993042346303866E+03
    0.924350062888936996E+01    0.107628364626862272E+01    0.879382788530139514E+01    0.168898052131481481E+10    0.349598657146244477E+03   -0.174799328573122239E+03
    0.120322682790909568E+02    0.109193910867291000E+01    0.974403849005867606E+01    0.120661815359185100E+10    0.349331568457484082E+03   -0.174665784228742041E+03
    0.124067724507215544E+02    0.108957796647016125E+01    0.227622748146586602E+02    0.100469332594815755E+10    0.349166999123472863E+03   -0.174583499561736431E+03
    0.539562022927437024E+01    0.109432183861197418E+01    0.193347458991693344E+02    0.191358047407504416E+10    0.349055312961638208E+03   -0.174527656480819104E+03
    0.128957472813273277E+02    0.108331319787137481E+01    0.105012100515794700E+02    0.119378666948205233E+10    0.348855245673918887E+03   -0.174427622836959443E+03
    0.229331364889709155E+01    0.109960837679117862E+01    0.166359513460146324E+02    0.162704762329644132E+10    0.348536789048064406E+03   -0.174268394524032203E+03
    0.973679561780485159E+01    0.108347201797432446E+01    0.108739866263988496E+02    0.124200801139354205E+10    0.348374968237306803E+03   -0.174187484118653401E+03
    0.861134881830956767E+00    0.109341016951071768E+01    0.881554166990845545E+01    0.153795501016937399E+10    0.348348000118796278E+03   -0.174174000059398139E+03
    0.844188130104761014E+00    0.108848211179499477E+01    0.160145618798518363E+02    0.994126612526286006E+09    0.348295905275013126E+03   -0.174147952637506563E+03
    0.657372023229310365E+01    0.109080448042093425E+01    0.929090786639680211E+01    0.121683826552675366E+10    0.348153459255844496E+03   -0.174076729627922248E+03
    0.139917437751241902E+02    0.109523685580463148E+01    0.206854117750858464E+02    0.104372303274341846E+10    0.347992197995924244E+03   -0.173996098997962122E+03
    0.227739978397750731E+01    0.108001619201688315E+01    0.183898969583301266E+02    0.154633719871279502E+10    0.347975514920831188E+03   -0.173987757460415594E+03
    0.129683988933374739E+01    0.107674226087111813E+01    0.144690454603053471E+02    0.149451591164164138E+10    0.347933102982340188E+03   -0.173966551491170094E+03
    0.713027668321083308E+01    0.109374024766761102E+01    0.111963351709072221E+02    0.177816751239752340E+10    0.347802060637799514E+03   -0.173901030318899757E+03
    0.133453120160974716E+02    0.108678934314411069E+01    0.138167807677189121E+02    0.127043067038656402E+10    0.347667568249816782E+03   -0.173833784124908391E+03
    0.638138263278033957E+01    0.108615300250048130E+01    0.210325396692195312E+02    0.174212190645445609E+10    0.347653356341388985E+03   -0.173826678170694493E+03
    0.639245150355908542E+01    0.109820602334353601E+01    0.156312766325448056E+02    0.169309681712657189E+10    0.347644331101413741E+03   -0.173822165550706870E+03
    0.340208067182714169E+01    0.109487593269717576E+01    0.239017227106426766E+02    0.156818523387645745E+10    0.347583673570360816E+03   -0.173791836785180408E+03
    0.884877350908525528E+01    0.108315784023210626E+01    0.131102014384544301E+02    0.126439168888872862E+10    0.347517054854206890E+03   -0.173758527427103445E+03
    0.155842468491053054E+01    0.108542053429696672E+01    0.139871403830454959E+02    0.188619190999152780E+10    0.347385558032309632E+03   -0.173692779016154816E+03
    0.881451494111655443E+01    0.109614053720536164E+01    0.104216630565196837E+02    0.138431852921479297E+10    0.347379755299960948E+03   -0.173689877649980474E+03
    0.271511155559689454E+01    0.109324671382246397E+01    0.248539615558648848E+02    0.114890918209841299E+10    0.347374422473815002E+03   -0.173687211236907501E+03
    0.171981186494195875E+02    0.108989090879152117E+01    0.147562891692264664E+02    0.164351985954902005E+10    0.347260920817002955E+03   -0.173630460408501477E+03
    0.130041375115092013E+02    0.109710176135747828E+01    0.206293314588563135E+02    0.114134526612544036E+10    0.347202972915319606E+03   -0.173601486457659803E+03
    0.383926485408245899E+01    0.109118256342780051E+01    0.220291298370901210E+02    0.993225700485756397E+09    0.347184282754474907E+03   -0.173592141377237454E+03
    0.114272303397639874E+02    0.109077321998114907E+01    0.149666226076507396E+02    0.186941545902098370E+10    0.346941343244516816E+03   -0.173470671622258408E+03
    0.157986900439376381E+02    0.109407757105938885E+01    0.182635023232594484E+02    0.128656915224722695E+10    0.346926667180788399E+03   -0.173463333590394200E+03
    0.926567878678367407E+01    0.108672458136544159E+01    0.127307226733985868E+02    0.183929288591950917E+10    0.346925423886515887E+03   -0.173462711943257943E+03
    0.165734618234662321E+02    0.108716748861209189E+01    0.141266123629445044E+02    0.113909774275847030E+10    0.346917025751359461E+03   -0.173458512875679730E+03
    0.361178965064887070E+01    0.109574168607483524E+01    0.234854224328001244E+02    0.137282647823502517E+10    0.346863090940759207E+03   -0.173431545470379604E+03
    0.462619834918691808E+01    0.108403690637159467E+01    0.927752529982752527E+01    0.114642670766690874E+10    0.346850925009566367E+03   -0.173425462504783184E+03
    0.142373526894714502E+02    0.109575367009004765E+01    0.211828540766307043E+02    0.135563610259084296E+10    0.346755113610402987E+03   -0.173377556805201493E+03
    0.235342068501781210E+01    0.109839474968071760E+01    0.137911671368335398E+02    0.112767713602675414E+10    0.346737514095463098E+03   -0.173368757047731549E+03
    0.141343918169034239E+02    0.107724251485474243E+01    0.153309805841427558E+02    0.143083810247623944E+10    0.346677509925011066E+03   -0.173338754962505533E+03
    0.459651411724576464E+00    0.109325228372093020E+01    0.179185351950513052E+02    0.183668290781290221E+10    0.346612592389442170E+03   -0.173306296194721085E+03
    0.162033004035872494E+02    0.109272599251518598E+01    0.179795252062628244E+02    0.126286832637403059E+10    0.346604424179807211E+03   -0.173302212089903605E+03
    0.112125269651358650E+02    0.109047296847858743E+01    0.938931195984276989E+01    0.146183302470525241E+10    0.346598753050722394E+03   -0.173299376525361197E+03
    0.101609896053445290E+02    0.109767965738046369E+01    0.176544808268730087E+02    0.124498834875430655E+10    0.346588769407227005E+03   -0.173294384703613503E+03
    0.523333631503824037E+01    0.109226499612950967E+01    0.109450905237366065E+02    0.109063924409353948E+10    0.346561196247533303E+03   -0.173280598123766651E+03
    0.103921940948060421E+02    0.109699665919485878E+01    0.207960016451563376E+02    0.133360367444061065E+10    0.346420822000825865E+03   -0.173210411000412932E+03
    0.121716121672225590E+02    0.109189445688253928E+01    0.166354973645965103E+02    0.182500262514233708E+10    0.346418839786561023E+03   -0.173209419893280511E+03
    0.971447274248197168E+01    0.108095510257632821E+01    0.128118236686683815E+02    0.118445344163773870E+10    0.346378263766584041E+03   -0.173189131883292021E+03
    0.993917318208951706E+01    0.108377049818735349E+01    0.181528093597626139E+02    0.121470920938024330E+10    0.346328411247665542E+03   -0.173164205623832771E+03
    0.177185249255818533E+02    0.109236284151661267E+01    0.161069637006632931E+02    0.136005014890429711E+10    0.346317064050293425E+03   -0.173158532025146712E+03
    0.353053831621210623E+01    0.108853901509340378E+01    0.205736892259736877E+02    0.179589938264524579E+10    0.346246468067254000E+03   -0.173123234033627000E+03
    0.745299602120876070E+01    0.107940320845328652E+01    0.916231274182769440E+01    0.148772406813612151E+10    0.346151909191012237E+03   -0.173075954595506118E+03
    0.268128564499766053E+01    0.108389521786391030E+01    0.166343294267659374E+02    0.129930966543366313E+10    0.346054219586014710E+03   -0.173027109793007355E+03
    0.951539220462845137E+01    0.108262186262202142E+01    0.131832783043653734E+02    0.169207405665799141E+10    0.346052067499581710E+03   -0.173026033749790855E+03
    0.931941056701477866E+00    0.108163982889253041E+01    0.128120184290683419E+02    0.114305282968731332E+10    0.345895783456798426E+03   -0.172947891728399213E+03
    0.438776643045154202E+01    0.109610652843185896E+01    0.125744158575877538E+02    0.164341804394844389E+10    0.345876075700740671E+03   -0.172938037850370335E+03
    0.997617619203418515E+00    0.109353541216510952E+01    0.123020965292227746E+02    0.131248564911677837E+10    0.345815679373544299E+03   -0.172907839686772149E+03
    0.130099822669146601E+02    0.108929172144118769E+01    0.123828400895553656E+02    0.163932868634016490E+10    0.345734618501514717E+03   -0.172867309250757359E+03
    0.898046751719202163E+01    0.108690094755831357E+01    0.119620035167605607E+02    0.109331333541881633E+10    0.345700878234334709E+03   -0.172850439117167355E+03
    0.871022737217643162E+01    0.108168509298843718E+01    0.182417668693079413E+02    0.151020636927096939E+10    0.345644710985994038E+03   -0.172822355492997019E+03
    0.165186223149275158E+02    0.108965035845105995E+01    0.130277687287013446E+02    0.147259351703630185E+10    0.345615081461556883E+03   -0.172807540730778442E+03
    0.616669427984102736E+01    0.108127648632589657E+01    0.171407848535657479E+02    0.158452557459601498E+10    0.345606671055131301E+03   -0.172803335527565650E+03
    0.115492887901108503E+02    0.108370545511557581E+01    0.159221485336321447E+02    0.110900974183353519E+10    0.345594318743079555E+03   -0.172797159371539777E+03
    0.135979366277923699E+02    0.108772673038550116E+01    0.198655973691352017E+02    0.161639393244851494E+10    0.345538067589769923E+03   -0.172769033794884962E+03
    0.123192980927247469E+02    0.109127790612214293E+01    0.198737430694453074E+02    0.103078264987669730E+10    0.345383044888628206E+03   -0.172691522444314103E+03
    0.713275745987956977E+01    0.109843734740320675E+01    0.138954369300734548E+02    0.150244955651603699E+10    0.345367970582456167E+03   -0.172683985291228083E+03
    0.112366828171040538E+02    0.108612637435488590E+01    0.196699343703756959E+02    0.161186073296579599E+10    0.345299139458551281E+03   -0.172649569729275640E+03
    0.795310065122112775E+01    0.109340248142412921E+01    0.167963363173814422E+02    0.101967620297303951E+10    0.345276140757013536E+03   -0.172638070378506768E+03
    0.795310065122112775E+01    0.109340248142412921E+01    0.167963363173814422E+02    0.101967620297303951E+10    0.345276140757013536E+03   -0.172638070378506768E+03
    0.152561809410545290E+02    0.109016914926777519E+01    0.152157206890305812E+02    0.121015300561957765E+10    0.345274306024097541E+03   -0.172637153012048771E+03
    0.152561809410545290E+02    0.109016914926777519E+01    0.152157206890305812E+02    0.121015300561957765E+10    0.345274306024097541E+03   -0.172637153012048771E+03
    0.723718174152461469E+01    0.108872042364194654E+01    0.233616996355761088E+02    0.156457492731300187E+10    0.345273341594493445E+03   -0.172636670797246722E+03
    0.723718174152461469E+01    0.108872042364194654E+01    0.233616996355761088E+02    0.156457492731300187E+10    0.345273341594493445E+03   -0.172636670797246722E+03
    0.740749707123307899E+00    0.108796015617153752E+01    0.224131918828500503E+02    0.112761381846932459E+10    0.345246155182958773E+03   -0.172623077591479387E+03
    0.983178422225172355E+01    0.109661581003122044E+01    0.147833858557968938E+02    0.132712938179263520E+10    0.345233306654487137E+03   -0.172616653327243569E+03
    0.834412381390843905E+01    0.108452826600487118E+01    0.124266101301341418E+02    0.134899485711787558E+10    0.345195311369845285E+03   -0.172597655684922643E+03
    0.136161818533307972E+02    0.108076207835281224E+01    0.137880764676039735E+02    0.148146522631497645E+10    0.345194157274877057E+03   -0.172597078637438528E+03
    0.377424419435532776E+01    0.108171182026423862E+01    0.163541193313746547E+02    0.138142942768456697E+10    0.345194115860189982E+03   -0.172597057930094991E+03
    0.900654635328714903E+01    0.108466421121601209E+01    0.177579885097890475E+02    0.121023063071414733E+10    0.345161946522395624E+03   -0.172580973261197812E+03
    0.900654635328714903E+01    0.108466421121601209E+01    0.177579885097890475E+02    0.121023063071414733E+10    0.345161946522395624E+03   -0.172580973261197812E+03
    0.743681132901816433E+01    0.109248524618863430E+01    0.101802113867475139E+02    0.152045295743188882E+10    0.345125680783348741E+03   -0.172562840391674371E+03
    0.770785522566595382E+01    0.109349452803248592E+01    0.117970282599268348E+02    0.133545053065870094E+10    0.345115091330190467E+03   -0.172557545665095233E+03
    0.246629780092720630E+01    0.109894917358194699E+01    0.150878421666090006E+02    0.144378695647902870E+10    0.345055162232436828E+03   -0.172527581116218414E+03
    0.114635584073879104E+01    0.109211073601276309E+01    0.231648312482843437E+02    0.156501828406654501E+10    0.345033104548196661E+03   -0.172516552274098331E+03
    0.510335428335932262E+00    0.108206380021746074E+01    0.169089938031368199E+02    0.148757156176699018E+10    0.344997934392690581E+03   -0.172498967196345291E+03
    0.166556810782780502E+02    0.109159446186473508E+01    0.170850652300976336E+02    0.115300647359997320E+10    0.344915732810712370E+03   -0.172457866405356185E+03
    0.166556810782780502E+02    0.109159446186473508E+01    0.170850652300976336E+02    0.115300647359997320E+10    0.344915732810712370E+03   -0.172457866405356185E+03
    0.121790522618826369E+02    0.109356189741324439E+01    0.134617089931837111E+02    0.164259891117966771E+10    0.344912189010195050E+03   -0.172456094505097525E+03
    0.101856453092209165E+02    0.108793825131596522E+01    0.116897472507105853E+02    0.116457463624847174E+10    0.344837840221081990E+03   -0.172418920110540995E+03
    0.124996900344042992E+02    0.109191443460252646E+01    0.142791536416356202E+02    0.124399204484097862E+10    0.344827060294456942E+03   -0.172413530147228471E+03
    0.655078053337624500E+01    0.108988940352082153E+01    0.228949335007480030E+02    0.123665832354470229E+10    0.344745793756049807E+03   -0.172372896878024903E+03
    0.213830229965051188E+01    0.108669394773590455E+01    0.132463895900887696E+02    0.107841789656941462E+10    0.344738545989048703E+03   -0.172369272994524351E+03
    0.213830229965051188E+01    0.108669394773590455E+01    0.132463895900887696E+02    0.107841789656941462E+10    0.344738545989048703E+03   -0.172369272994524351E+03
    0.133372115892975156E+02    0.108780267177810841E+01    0.173677811503242587E+02    0.165076753088393927E+10    0.344737463936644644E+03   -0.172368731968322322E+03
    0.143319585280653357E+02    0.108983918987117367E+01    0.184052034378451097E+02    0.107814976286475658E+10    0.344689622994576780E+03   -0.172344811497288390E+03
    0.508545247839846581E+01    0.109046797768844783E+01    0.202213975825991312E+02    0.177275683263207173E+10    0.344656555008127839E+03   -0.172328277504063919E+03
    0.721435160273985865E+01    0.108660774739928900E+01    0.132420279036387676E+02    0.174635285813332200E+10    0.344643529391758079E+03   -0.172321764695879040E+03
    0.123017437364731297E+02    0.108977327126193524E+01    0.216518308623102591E+02    0.119637720729801464E+10    0.344633709351081052E+03   -0.172316854675540526E+03
    0.123017437364731297E+02    0.108977327126193524E+01    0.216518308623102591E+02    0.119637720729801464E+10    0.344633709351081052E+03   -0.172316854675540526E+03
    0.658669088069085973E+01    0.108718526729126586E+01    0.218675415406213354E+02    0.157130910617671442E+10    0.344617765841976166E+03   -0.172308882920988083E+03
    0.820386420720692122E+00    0.108301964448595900E+01    0.176310594994552545E+02    0.151513350694779015E+10    0.344596630940931959E+03   -0.172298315470465980E+03
    0.309965271411009580E+01    0.108600748122715451E+01    0.200976559794153289E+02    0.161355608932294869E+10    0.344561497006269803E+03   -0.172280748503134902E+03
    0.101646914966903363E+02    0.108571513851931112E+01    0.109964355774475937E+02    0.141551084064789391E+10    0.344524565205635895E+03   -0.172262282602817947E+03
    0.101646914966903363E+02    0.108571513851931112E+01    0.109964355774475937E+02    0.141551084064789391E+10    0.344524565205635895E+03   -0.172262282602817947E+03
    0.241483825941021024E+01    0.109224828691007092E+01    0.118210083706445541E+02    0.119009629541551638E+10    0.344458674173034979E+03   -0.172229337086517489E+03
    0.364091350924971354E-02    0.108528978232072815E+01    0.148652138310349233E+02    0.167083139605068946E+10    0.344451718364243220E+03   -0.172225859182121610E+03
    0.629428350289761607E+01    0.108512214025400322E+01    0.130640840782383592E+02    0.167337546692066503E+10    0.344385435525221055E+03   -0.172192717762610528E+03
    0.629428350289761607E+01    0.108512214025400322E+01    0.130640840782383592E+02    0.167337546692066503E+10    0.344385435525221055E+03   -0.172192717762610528E+03
    0.450589642098665166E+01    0.109574828287296233E+01    0.169965391150541585E+02    0.106774356271059954E+10    0.344381764289546140E+03   -0.172190882144773070E+03
    0.257029581785217909E+01    0.108869385489080983E+01    0.212874537598875229E+02    0.125300699032448387E+10    0.344379029003343817E+03   -0.172189514501671908E+03
    0.257029581785217909E+01    0.108869385489080983E+01    0.212874537598875229E+02    0.125300699032448387E+10    0.344379029003343817E+03   -0.172189514501671908E+03
    0.334215269004427418E+01    0.109001160269750974E+01    0.977310143011418475E+01    0.142697103094264030E+10    0.344342524909237000E+03   -0.172171262454618500E+03
    0.334215269004427418E+01    0.109001160269750974E+01    0.977310143011418475E+01    0.142697103094264030E+10    0.344342524909237000E+03   -0.172171262454618500E+03
    0.600716457686023109E+01    0.109706266371660144E+01    0.127509135896007653E+02    0.148565013490230751E+10    0.344282525477628326E+03   -0.172141262738814163E+03
    0.600716457686023109E+01    0.109706266371660144E+01    0.127509135896007653E+02    0.148565013490230751E+10    0.344282525477628326E+03   -0.172141262738814163E+03
    0.100222901372158937E+02    0.108583559069517088E+01    0.122952064883983958E+02    0.159915879873657227E+10    0.344269943951935488E+03   -0.172134971975967744E+03
    0.130956947774623043E+02    0.108586518182013392E+01    0.124718824355813922E+02    0.145861336999853659E+10    0.344252633414420188E+03   -0.172126316707210094E+03
    0.809057421224171591E+01    0.109613894944057955E+01    0.178482181425757318E+02    0.124330166586125255E+10    0.344239087676893064E+03   -0.172119543838446532E+03
    0.661265713765057228E+01    0.107890932620575586E+01    0.125280021279328420E+02    0.145323138783510041E+10    0.344234504182347109E+03   -0.172117252091173555E+03
    0.531796554856380332E+01    0.109470877886882634E+01    0.192666799435446556E+02    0.127649577777658939E+10    0.344192734980086016E+03   -0.172096367490043008E+03
    0.147909999544201831E+02    0.109384319315649892E+01    0.185204178672566435E+02    0.115630481935583615E+10    0.344131113380819897E+03   -0.172065556690409949E+03
    0.147909999544201831E+02    0.109384319315649892E+01    0.185204178672566435E+02    0.115630481935583615E+10    0.344131113380819897E+03   -0.172065556690409949E+03
    0.161397323915194590E+01    0.108703619343964797E+01    0.163590662562102693E+02    0.175065850967460537E+10    0.344103101507800716E+03   -0.172051550753900358E+03
    0.195840999278938876E+01    0.108797650154819525E+01    0.188571212828216304E+02    0.171989646410137129E+10    0.344069609927292390E+03   -0.172034804963646195E+03
    0.938186696064544634E+01    0.108034285576568867E+01    0.138724411388031683E+02    0.141848341229869056E+10    0.344048355043393258E+03   -0.172024177521696629E+03
    0.938186696064544634E+01    0.108034285576568867E+01    0.138724411388031683E+02    0.141848341229869056E+10    0.344048355043393258E+03   -0.172024177521696629E+03
    0.210220412109679256E+01    0.109709623483649166E+01    0.154436409103462964E+02    0.153927534871859527E+10    0.344023347678542223E+03   -0.172011673839271111E+03
    0.210220412109679256E+01    0.109709623483649166E+01    0.154436409103462964E+02    0.153927534871859527E+10    0.344023347678542223E+03   -0.172011673839271111E+03
    0.325100854580195353E+01    0.108351804421443521E+01    0.161323572100531329E+02    0.136511166163070273E+10    0.343976600145382008E+03   -0.171988300072691004E+03
    0.261064770621016962E+01    0.108561641769426753E+01    0.146465798015439734E+02    0.132656406499191856E+10    0.343963145690011061E+03   -0.171981572845005530E+03
    0.107924058308469171E+02    0.108435591650532248E+01    0.158659441569834083E+02    0.157874993168823099E+10    0.343927939348271025E+03   -0.171963969674135512E+03
    0.488482726551146307E+01    0.108978785370723430E+01    0.146399266462433673E+02    0.105416316366575670E+10    0.343923878702895991E+03   -0.171961939351447995E+03
    0.488482726551146307E+01    0.108978785370723430E+01    0.146399266462433673E+02    0.105416316366575670E+10    0.343923878702895991E+03   -0.171961939351447995E+03
    0.142360933599137063E+02    0.109010964319395165E+01    0.156979973410909075E+02    0.118650176449181199E+10    0.343896486351454257E+03   -0.171948243175727129E+03
    0.969816163316238899E+01    0.109200663649764040E+01    0.174711983681145782E+02    0.174362819783454609E+10    0.343894434989780848E+03   -0.171947217494890424E+03
    0.609103818192224011E+01    0.108280480246151800E+01    0.153105121661142629E+02    0.138165122228670192E+10    0.343879729324078312E+03   -0.171939864662039156E+03
    0.609103818192224011E+01    0.108280480246151800E+01    0.153105121661142629E+02    0.138165122228670192E+10    0.343879729324078312E+03   -0.171939864662039156E+03
    0.681564538974467737E+01    0.108115432866305916E+01    0.158815987628668882E+02    0.148816892193535995E+10    0.343878965456329979E+03   -0.171939482728164990E+03
    0.681564538974467737E+01    0.108115432866305916E+01    0.158815987628668882E+02    0.148816892193535995E+10    0.343878965456329979E+03   -0.171939482728164990E+03
    0.892202925201930341E+01    0.109597421635965109E+01    0.195305286860159093E+02    0.134450657770381594E+10    0.343874395819631445E+03   -0.171937197909815723E+03
    0.892202925201930341E+01    0.109597421635965109E+01    0.195305286860159093E+02    0.134450657770381594E+10    0.343874395819631445E+03   -0.171937197909815723E+03
    0.375188814612870392E+01    0.109269682335560669E+01    0.157345365019803669E+02    0.175467575673110414E+10    0.343783923514918172E+03   -0.171891961757459086E+03
    0.375188814612870392E+01    0.109269682335560669E+01    0.157345365019803669E+02    0.175467575673110414E+10    0.343783923514918172E+03   -0.171891961757459086E+03
    0.336636390757244763E+01    0.109777116648476825E+01    0.171579294892710941E+02    0.140503399188942242E+10    0.343765653078348009E+03   -0.171882826539174005E+03
    0.735812136013651408E+01    0.109520279875068249E+01    0.207966977749683970E+02    0.115191237254122281E+10    0.343760193620698033E+03   -0.171880096810349016E+03
    0.119092960873553757E+02    0.109544019823612926E+01    0.172495848453750931E+02    0.116490792575860023E+10    0.343757478025434295E+03   -0.171878739012717148E+03
    0.104077309735625629E+02    0.108858775304943722E+01    0.155246414913713000E+02    0.170200391674017119E+10    0.343719348486076569E+03   -0.171859674243038285E+03
    0.104077309735625629E+02    0.108858775304943722E+01    0.155246414913713000E+02    0.170200391674017119E+10    0.343719348486076569E+03   -0.171859674243038285E+03
    0.876437415541725429E+01    0.108965943812898103E+01    0.110014997022387604E+02    0.151652142244535518E+10    0.343651772133878467E+03   -0.171825886066939233E+03
    0.674819950877377206E+01    0.109184592676364089E+01    0.146651972181875081E+02    0.127738599324501181E+10    0.343641635798520952E+03   -0.171820817899260476E+03
    0.674819950877377206E+01    0.109184592676364089E+01    0.146651972181875081E+02    0.127738599324501181E+10    0.343641635798520952E+03   -0.171820817899260476E+03
    0.913874764220892288E+01    0.109623900290302623E+01    0.183728811453060175E+02    0.157463947704668140E+10    0.343620869171571485E+03   -0.171810434585785742E+03
    0.131169434935658913E+02    0.108595094490475264E+01    0.143618682240232243E+02    0.150345911533538318E+10    0.343603642251253746E+03   -0.171801821125626873E+03
    0.361699743131082263E+01    0.109528815075702335E+01    0.189430732670059214E+02    0.122209807607755280E+10    0.343574115671824529E+03   -0.171787057835912265E+03
    0.361699743131082263E+01    0.109528815075702335E+01    0.189430732670059214E+02    0.122209807607755280E+10    0.343574115671824529E+03   -0.171787057835912265E+03
    0.196148942805469750E+01    0.108614884135349876E+01    0.153806138558996359E+02    0.123360048590910459E+10    0.343573903150700346E+03   -0.171786951575350173E+03
    0.217973845640085617E+01    0.109228994534019841E+01    0.220583852472216364E+02    0.157454635600854087E+10    0.343550089796260124E+03   -0.171775044898130062E+03
    0.967534947087075103E+01    0.108152753074140429E+01    0.129200998552026025E+02    0.144448956770601010E+10    0.343487386738085320E+03   -0.171743693369042660E+03
    0.236964205647692561E+01    0.108475971619976441E+01    0.160141131059773301E+02    0.116906614380339241E+10    0.343480195580452687E+03   -0.171740097790226343E+03
    0.236964205647692561E+01    0.108475971619976441E+01    0.160141131059773301E+02    0.116906614380339241E+10    0.343480195580452687E+03   -0.171740097790226343E+03
    0.487535590124767815E+01    0.108546407370543108E+01    0.108543933602290785E+02    0.141950366238600612E+10    0.343470470511148221E+03   -0.171735235255574111E+03
    0.374952633844320360E+01    0.109482766657358210E+01    0.195762630105054178E+02    0.122182228416028929E+10    0.343417229155676864E+03   -0.171708614577838432E+03
    0.374952633844320360E+01    0.109482766657358210E+01    0.195762630105054178E+02    0.122182228416028929E+10    0.343417229155676864E+03   -0.171708614577838432E+03
    0.123889376383524308E+02    0.109076482793735363E+01    0.207219604684036263E+02    0.158962451079275584E+10    0.343413914438513473E+03   -0.171706957219256736E+03
    0.588402324415406497E+01    0.109648225080275497E+01    0.152253770938847008E+02    0.112853583285901380E+10    0.343408256772805714E+03   -0.171704128386402857E+03
    0.588402324415406497E+01    0.109648225080275497E+01    0.152253770938847008E+02    0.112853583285901380E+10    0.343408256772805714E+03   -0.171704128386402857E+03
    0.818737317247543395E+01    0.108974231518061693E+01    0.115339765799914176E+02    0.138675139486612344E+10    0.343402896539347182E+03   -0.171701448269673591E+03
    0.818737317247543395E+01    0.108974231518061693E+01    0.115339765799914176E+02    0.138675139486612344E+10    0.343402896539347182E+03   -0.171701448269673591E+03
    0.343228155471266572E+01    0.108359761807617105E+01    0.160604779724595232E+02    0.138006572097933483E+10    0.343379563256126801E+03   -0.171689781628063400E+03
    0.343228155471266572E+01    0.108359761807617105E+01    0.160604779724595232E+02    0.138006572097933483E+10    0.343379563256126801E+03   -0.171689781628063400E+03
    0.479404308468342855E+01    0.109647681973297728E+01    0.141621877693878293E+02    0.153778312767282653E+10    0.343331901674007099E+03   -0.171665950837003550E+03
    0.479404308468342855E+01    0.109647681973297728E+01    0.141621877693878293E+02    0.153778312767282653E+10    0.343331901674007099E+03   -0.171665950837003550E+03
    0.906203052627633809E+01    0.108841001099366630E+01    0.160299140261540174E+02    0.170851538427708387E+10    0.343294694736232543E+03   -0.171647347368116272E+03
    0.906203052627633809E+01    0.108841001099366630E+01    0.160299140261540174E+02    0.170851538427708387E+10    0.343294694736232543E+03   -0.171647347368116272E+03
    0.711323166104797355E+01    0.109137491992462454E+01    0.147992777550438603E+02    0.173430325059463835E+10    0.343271859466127012E+03   -0.171635929733063506E+03
    0.711323166104797355E+01    0.109137491992462454E+01    0.147992777550438603E+02    0.173430325059463835E+10    0.343271859466127012E+03   -0.171635929733063506E+03
    0.922884968245458381E+01    0.108823455011378356E+01    0.125542618104445811E+02    0.114765884571281123E+10    0.343260513068228647E+03   -0.171630256534114324E+03
    0.139903977913268704E+02    0.109538906537316616E+01    0.178440769676453961E+02    0.145844469231681466E+10    0.343242610994856534E+03   -0.171621305497428267E+03
    0.304940096057662569E+01    0.108495505725862174E+01    0.154731644032860665E+02    0.136108851515291643E+10    0.343196471937082151E+03   -0.171598235968541076E+03
    0.597915096552704206E+01    0.108569212922729119E+01    0.126821888710903110E+02    0.161037058444552588E+10    0.343192797975931114E+03   -0.171596398987965557E+03
    0.153493733116526805E+02    0.109143486025899827E+01    0.149263912968551757E+02    0.147875414222455597E+10    0.343137554104495280E+03   -0.171568777052247640E+03
    0.153493733116526805E+02    0.109143486025899827E+01    0.149263912968551757E+02    0.147875414222455597E+10    0.343137554104495280E+03   -0.171568777052247640E+03
    0.102404861599483699E+02    0.109283053341468794E+01    0.197393835850531900E+02    0.124814935006026435E+10    0.343133396778035035E+03   -0.171566698389017517E+03
    0.102404861599483699E+02    0.109283053341468794E+01    0.197393835850531900E+02    0.124814935006026435E+10    0.343133396778035035E+03   -0.171566698389017517E+03
    0.711044822595533166E+01    0.108773604559507753E+01    0.199551736137744022E+02    0.162367971341146731E+10    0.343131521336469177E+03   -0.171565760668234589E+03
    0.711044822595533166E+01    0.108773604559507753E+01    0.199551736137744022E+02    0.162367971341146731E+10    0.343131521336469177E+03   -0.171565760668234589E+03
    0.155776194737012541E+01    0.109104365013290994E+01    0.130372318643802689E+02    0.120479894902265167E+10    0.343129990281218170E+03   -0.171564995140609085E+03
    0.106297069822085941E+02    0.109265997148267568E+01    0.211408669315610602E+02    0.109496611052530575E+10    0.343112491585624298E+03   -0.171556245792812149E+03
    0.106297069822085941E+02    0.109265997148267568E+01    0.211408669315610602E+02    0.109496611052530575E+10    0.343112491585624298E+03   -0.171556245792812149E+03
    0.926793916626800929E+01    0.109188732505952046E+01    0.152869033070705989E+02    0.107369605157202601E+10    0.343107640254191836E+03   -0.171553820127095918E+03
    0.842942461365350759E+01    0.108420221071717005E+01    0.149228882816738011E+02    0.158085494537440014E+10    0.343100034466628244E+03   -0.171550017233314122E+03
    0.778357489971966654E+01    0.109038938021421439E+01    0.218308424558961391E+02    0.133002262321555972E+10    0.343095071119367958E+03   -0.171547535559683979E+03
    0.124015676934063244E+02    0.109007278419961251E+01    0.179222087450158831E+02    0.163658283193851137E+10    0.343061574122763318E+03   -0.171530787061381659E+03
    0.124015676934063244E+02    0.109007278419961251E+01    0.179222087450158831E+02    0.163658283193851137E+10    0.343061574122763318E+03   -0.171530787061381659E+03
    0.697971462840025758E+01    0.108879057020041214E+01    0.146745787977932363E+02    0.171161503735900569E+10    0.343024064173905799E+03   -0.171512032086952900E+03
    0.211558731731510585E+01    0.108432938602788176E+01    0.173640253885447606E+02    0.139724835061042380E+10    0.343018566743413487E+03   -0.171509283371706744E+03
    0.584301820039593256E+01    0.109452932166239170E+01    0.138289203485271148E+02    0.135167294808831024E+10    0.343001798996283242E+03   -0.171500899498141621E+03
    0.130339985186412211E+02    0.108751895416764621E+01    0.176099906134987769E+02    0.153645963529792023E+10    0.342988335640778132E+03   -0.171494167820389066E+03
    0.130339985186412211E+02    0.108751895416764621E+01    0.176099906134987769E+02    0.153645963529792023E+10    0.342988335640778132E+03   -0.171494167820389066E+03
    0.364641074361226414E+01    0.108989621997554353E+01    0.142144558123689979E+02    0.171174420881507111E+10    0.342978739784389006E+03   -0.171489369892194503E+03
    0.364641074361226414E+01    0.108989621997554353E+01    0.142144558123689979E+02    0.171174420881507111E+10    0.342978739784389006E+03   -0.171489369892194503E+03
    0.554645482221933661E+00    0.109163267793862961E+01    0.205630650834323596E+02    0.160656535508361769E+10    0.342955263021312305E+03   -0.171477631510656153E+03
    0.660750135586004284E+01    0.109539396092049901E+01    0.139213030975916912E+02    0.155707525643114471E+10    0.342950413704245307E+03   -0.171475206852122653E+03
    0.192829556852624240E+01    0.108842370290073420E+01    0.209149191152194405E+02    0.114875490324738741E+10    0.342934374011012210E+03   -0.171467187005506105E+03
    0.910540517526508353E+01    0.109191375175852423E+01    0.185617794132334311E+02    0.168631375518502688E+10    0.342930132412722287E+03   -0.171465066206361143E+03
    0.910540517526508353E+01    0.109191375175852423E+01    0.185617794132334311E+02    0.168631375518502688E+10    0.342930132412722287E+03   -0.171465066206361143E+03
    0.262052704218630383E+01    0.108949252069492797E+01    0.178654039398585667E+02    0.172010220134576201E+10    0.342927011223082104E+03   -0.171463505611541052E+03
    0.478136805237971352E+01    0.108323167928665742E+01    0.173229666637278932E+02    0.147041611023237514E+10    0.342926319051847372E+03   -0.171463159525923686E+03
    0.478136805237971352E+01    0.108323167928665742E+01    0.173229666637278932E+02    0.147041611023237514E+10    0.342926319051847372E+03   -0.171463159525923686E+03
    0.595872155780210999E+01    0.109388830027291295E+01    0.178114160356494828E+02    0.128704962237527061E+10    0.342909973590832919E+03   -0.171454986795416460E+03
    0.612108788931566172E+00    0.108552003430721444E+01    0.161849242879994684E+02    0.159019916968074608E+10    0.342898095514547549E+03   -0.171449047757273775E+03
    0.715150884072320192E+01    0.109532488759522018E+01    0.149140030465144022E+02    0.116728241901614237E+10    0.342894110773477337E+03   -0.171447055386738668E+03
    0.881298430155874435E+01    0.109076911267490617E+01    0.119673450412336013E+02    0.155298548838522410E+10    0.342875950140438590E+03   -0.171437975070219295E+03
    0.881298430155874435E+01    0.109076911267490617E+01    0.119673450412336013E+02    0.155298548838522410E+10    0.342875950140438590E+03   -0.171437975070219295E+03
    0.762971749030650326E+01    0.109731055733051441E+01    0.182234443927392071E+02    0.142226897313372564E+10    0.342866219381906092E+03   -0.171433109690953046E+03
    0.762971749030650326E+01    0.109731055733051441E+01    0.182234443927392071E+02    0.142226897313372564E+10    0.342866219381906092E+03   -0.171433109690953046E+03
    0.639162328320949324E+00    0.108872715345432813E+01    0.151234241489917576E+02    0.132152669646390557E+10    0.342747162341847059E+03   -0.171373581170923529E+03
    0.639162328320949324E+00    0.108872715345432813E+01    0.151234241489917576E+02    0.132152669646390557E+10    0.342747162341847059E+03   -0.171373581170923529E+03
    0.512210580052124254E+01    0.108414501704004929E+01    0.142051427971798407E+02    0.138679286460495710E+10    0.342701144547788431E+03   -0.171350572273894215E+03
    0.512210580052124254E+01    0.108414501704004929E+01    0.142051427971798407E+02    0.138679286460495710E+10    0.342701144547788431E+03   -0.171350572273894215E+03
    0.906597246229615794E+00    0.109198752842217339E+01    0.166644498264324668E+02    0.130507546877981210E+10    0.342691651109484837E+03   -0.171345825554742419E+03
    0.340167849052973459E+01    0.108745511102660375E+01    0.197807003080897168E+02    0.134981513717734456E+10    0.342676552672527123E+03   -0.171338276336263561E+03
    0.349807146690046666E+01    0.109263151147363824E+01    0.145555400295844741E+02    0.108910508813801050E+10    0.342663671603764215E+03   -0.171331835801882107E+03
    0.384675963384392050E+01    0.109185999021354863E+01    0.186780546609368265E+02    0.128121961540417695E+10    0.342658561445556643E+03   -0.171329280722778321E+03
    0.331999012362199641E+01    0.109004994331956961E+01    0.199794927680635865E+02    0.166154576280511117E+10    0.342655401331696680E+03   -0.171327700665848340E+03
    0.331999012362199641E+01    0.109004994331956961E+01    0.199794927680635865E+02    0.166154576280511117E+10    0.342655401331696680E+03   -0.171327700665848340E+03
    0.641153001815781565E+01    0.108771636264562566E+01    0.137525760627165372E+02    0.134474374905165768E+10    0.342642948222311929E+03   -0.171321474111155965E+03
    0.641153001815781565E+01    0.108771636264562566E+01    0.137525760627165372E+02    0.134474374905165768E+10    0.342642948222311929E+03   -0.171321474111155965E+03
    0.785401958930057731E+01    0.108727357110514822E+01    0.130628637989690439E+02    0.114156724349093962E+10    0.342620281290675052E+03   -0.171310140645337526E+03
    0.785401958930057731E+01    0.108727357110514822E+01    0.130628637989690439E+02    0.114156724349093962E+10    0.342620281290675052E+03   -0.171310140645337526E+03
    0.121337389616816171E+02    0.108891652161901376E+01    0.145712822006230454E+02    0.156723698530295539E+10    0.342586419337927964E+03   -0.171293209668963982E+03
    0.121337389616816171E+02    0.108891652161901376E+01    0.145712822006230454E+02    0.156723698530295539E+10    0.342586419337927964E+03   -0.171293209668963982E+03
    0.467396631037966603E+01    0.108739391813072905E+01    0.218028332150144948E+02    0.143692770147224259E+10    0.342545411033040523E+03   -0.171272705516520261E+03
    0.359873337444391961E+01    0.108653635933900095E+01    0.155577441313405060E+02    0.166102756639035153E+10    0.342532459389166434E+03   -0.171266229694583217E+03
    0.359873337444391961E+01    0.108653635933900095E+01    0.155577441313405060E+02    0.166102756639035153E+10    0.342532459389166434E+03   -0.171266229694583217E+03
    0.659546183290982579E+01    0.108708661305756915E+01    0.152657983959680301E+02    0.121569290419200468E+10    0.342514929542860500E+03   -0.171257464771430250E+03
    0.126207102422468846E+02    0.109122803545114277E+01    0.170487214972485717E+02    0.161111744715964532E+10    0.342514180529600139E+03   -0.171257090264800070E+03
    0.125066216831053056E+01    0.109419633608344702E+01    0.190288203618836853E+02    0.115189976001055837E+10    0.342504295557839782E+03   -0.171252147778919891E+03
    0.125066216831053056E+01    0.109419633608344702E+01    0.190288203618836853E+02    0.115189976001055837E+10    0.342504295557839782E+03   -0.171252147778919891E+03
    0.357991779462601833E+01    0.108455025651207460E+01    0.128334094750229664E+02    0.140869332072480893E+10    0.342495648652605155E+03   -0.171247824326302577E+03
    0.813224562682139940E+01    0.108887072624091585E+01    0.207306846728135987E+02    0.135276711534232402E+10    0.342472629944307471E+03   -0.171236314972153735E+03
    0.114393648812727857E+02    0.109143778085382448E+01    0.202388637498605100E+02    0.134822440437331891E+10    0.342458127479246571E+03   -0.171229063739623285E+03
    0.114393648812727857E+02    0.109143778085382448E+01    0.202388637498605100E+02    0.134822440437331891E+10    0.342458127479246571E+03   -0.171229063739623285E+03
    0.745719714407636047E+01    0.108961543777269676E+01    0.148162968927004197E+02    0.131794076915892339E+10    0.342412162005834205E+03   -0.171206081002917102E+03
    0.745719714407636047E+01    0.108961543777269676E+01    0.148162968927004197E+02    0.131794076915892339E+10    0.342412162005834205E+03   -0.171206081002917102E+03
    0.587034623272397749E+01    0.108603147545382339E+01    0.178345103614186691E+02    0.114733831608476090E+10    0.342409367565629736E+03   -0.171204683782814868E+03
    0.953618290327860496E+00    0.108893849673264964E+01    0.201404318585149085E+02    0.116713978116423464E+10    0.342407511941388691E+03   -0.171203755970694345E+03
    0.106918339560982112E+01    0.109100809953667288E+01    0.190980954743365388E+02    0.165129021993143082E+10    0.342406246913596874E+03   -0.171203123456798437E+03
    0.118846657933518571E+02    0.108760016358243350E+01    0.186553906270028627E+02    0.151499146501528120E+10    0.342395941452243676E+03   -0.171197970726121838E+03
    0.118846657933518571E+02    0.108760016358243350E+01    0.186553906270028627E+02    0.151499146501528120E+10    0.342395941452243676E+03   -0.171197970726121838E+03
    0.210429806263797303E+01    0.108628201218364429E+01    0.160799360651583250E+02    0.111106578369716668E+10    0.342389187236164275E+03   -0.171194593618082138E+03
    0.823789183481261134E+01    0.109059621286814101E+01    0.132762703697258004E+02    0.117817605071709943E+10    0.342350773407046859E+03   -0.171175386703523429E+03
    0.709083156718141172E+01    0.109480910685207311E+01    0.192149109751358473E+02    0.111726557752486897E+10    0.342338603848689388E+03   -0.171169301924344694E+03
    0.202161799380746432E+01    0.108877501468516114E+01    0.199169743605966616E+02    0.109423679925146866E+10    0.342331790227313604E+03   -0.171165895113656802E+03
    0.202161799380746432E+01    0.108877501468516114E+01    0.199169743605966616E+02    0.109423679925146866E+10    0.342331790227313604E+03   -0.171165895113656802E+03
    0.735353068828758083E+01    0.109231382525767895E+01    0.138790079879364239E+02    0.119428737016532421E+10    0.342316230358881853E+03   -0.171158115179440927E+03
    0.735353068828758083E+01    0.109231382525767895E+01    0.138790079879364239E+02    0.119428737016532421E+10    0.342316230358881853E+03   -0.171158115179440927E+03
    0.734836318813235234E+01    0.108918059625779406E+01    0.213990057571387631E+02    0.154747396803475690E+10    0.342312740888953954E+03   -0.171156370444476977E+03
    0.734836318813235234E+01    0.108918059625779406E+01    0.213990057571387631E+02    0.154747396803475690E+10    0.342312740888953954E+03   -0.171156370444476977E+03
    0.577676610850690953E+01    0.108446342339757029E+01    0.178603046282778877E+02    0.147409624963124371E+10    0.342308649844398190E+03   -0.171154324922199095E+03
    0.773934764674809195E+01    0.109573206418685354E+01    0.144773622564926931E+02    0.150479776522379208E+10    0.342286126542459442E+03   -0.171143063271229721E+03
    0.310444654335279724E+01    0.108686788172516202E+01    0.124862960985398566E+02    0.156833376926953793E+10    0.342285532610430664E+03   -0.171142766305215332E+03
    0.751507535862348952E+01    0.108603814551122890E+01    0.163567919551759857E+02    0.112756813319037557E+10    0.342278349683242766E+03   -0.171139174841621383E+03
    0.552685681200812517E+01    0.109238363934421923E+01    0.142722623374890141E+02    0.133330464953018928E+10    0.342267524162835457E+03   -0.171133762081417728E+03
    0.552685681200812517E+01    0.109238363934421923E+01    0.142722623374890141E+02    0.133330464953018928E+10    0.342267524162835457E+03   -0.171133762081417728E+03
    0.646397264757007495E+01    0.108796329028919980E+01    0.185577880789644887E+02    0.132824938779676461E+10    0.342266075010680936E+03   -0.171133037505340468E+03
    0.807847507576935087E+01    0.108359529619019446E+01    0.144343231769168163E+02    0.148497758806313443E+10    0.342258049304286033E+03   -0.171129024652143016E+03
    0.807847507576935087E+01    0.108359529619019446E+01    0.144343231769168163E+02    0.148497758806313443E+10    0.342258049304286033E+03   -0.171129024652143016E+03
    0.583537058565249622E+00    0.109212681853267934E+01    0.125696417522877137E+02    0.148670186731256866E+10    0.342246794173939861E+03   -0.171123397086969931E+03
    0.922192496928892425E+01    0.108870457882958260E+01    0.185090554884390457E+02    0.162979860592195320E+10    0.342240739033596697E+03   -0.171120369516798348E+03
    0.922192496928892425E+01    0.108870457882958260E+01    0.185090554884390457E+02    0.162979860592195320E+10    0.342240739033596697E+03   -0.171120369516798348E+03
    0.291919150050904586E+01    0.108845294550969540E+01    0.191138838035149412E+02    0.121557509721626353E+10    0.342146677486896237E+03   -0.171073338743448119E+03
    0.613138632936841255E+01    0.108833205945855349E+01    0.146603730770751586E+02    0.165972113026658773E+10    0.342146639897315708E+03   -0.171073319948657854E+03
    0.624512878090751844E+00    0.108768742806666063E+01    0.143140375047946193E+02    0.115625524641811109E+10    0.342128665172231422E+03   -0.171064332586115711E+03
    0.119191486281762451E+02    0.109018860065305900E+01    0.196787066811795306E+02    0.155779715549553943E+10    0.342127959530284045E+03   -0.171063979765142022E+03
    0.229486181008980905E+01    0.109182566310640938E+01    0.183518657917880681E+02    0.130719453511132503E+10    0.342115934610970953E+03   -0.171057967305485477E+03
    0.120503564804203434E+01    0.109028541992366890E+01    0.186562692393633149E+02    0.164896593364988518E+10    0.342095819683096124E+03   -0.171047909841548062E+03
    0.125288410401939032E+02    0.108801457771362520E+01    0.197123596027166563E+02    0.143443983823891973E+10    0.342090154362796056E+03   -0.171045077181398028E+03
    0.125288410401939032E+02    0.108801457771362520E+01    0.197123596027166563E+02    0.143443983823891973E+10    0.342090154362796056E+03   -0.171045077181398028E+03
    0.110853828477188667E+02    0.108623447248465754E+01    0.169564395203059810E+02    0.141087913395118260E+10    0.342022924996823576E+03   -0.171011462498411788E+03
    0.468055873932481337E+01    0.109381372506570917E+01    0.172618884219610464E+02    0.123405883333609128E+10    0.342017519817240441E+03   -0.171008759908620220E+03
    0.468055873932481337E+01    0.109381372506570917E+01    0.172618884219610464E+02    0.123405883333609128E+10    0.342017519817240441E+03   -0.171008759908620220E+03
    0.499605535802161338E+01    0.109332930808287809E+01    0.202429880032879943E+02    0.119760405272570872E+10    0.341974128727085315E+03   -0.170987064363542657E+03
    0.499605535802161338E+01    0.109332930808287809E+01    0.202429880032879943E+02    0.119760405272570872E+10    0.341974128727085315E+03   -0.170987064363542657E+03
    0.450137505795683879E+01    0.108757810878860384E+01    0.155701626457109050E+02    0.133779099465397215E+10    0.341957135541300545E+03   -0.170978567770650272E+03
    0.450137505795683879E+01    0.108757810878860384E+01    0.155701626457109050E+02    0.133779099465397215E+10    0.341957135541300545E+03   -0.170978567770650272E+03
    0.482248940951140348E+01    0.109495406757907610E+01    0.162646167988819528E+02    0.113677338202836514E+10    0.341955628859623118E+03   -0.170977814429811559E+03
    0.420228336980634332E+01    0.109317890945982144E+01    0.136664728811127532E+02    0.114047763043410659E+10    0.341948364079075304E+03   -0.170974182039537652E+03
    0.696392653045237697E+01    0.108941529387996261E+01    0.154786174875155940E+02    0.166546980162264538E+10    0.341887443151181401E+03   -0.170943721575590700E+03
    0.785101921937233355E-02    0.108925032128976418E+01    0.130850235081815764E+02    0.139739063412656665E+10    0.341885495525835893E+03   -0.170942747762917946E+03
    0.785101921937233355E-02    0.108925032128976418E+01    0.130850235081815764E+02    0.139739063412656665E+10    0.341885495525835893E+03   -0.170942747762917946E+03
    0.121831170038649059E+02    0.109216268862453791E+01    0.141622896941676348E+02    0.148678268237592983E+10    0.341866719737102187E+03   -0.170933359868551094E+03
    0.134560747340205289E+02    0.109239898740181784E+01    0.176758613161588762E+02    0.151050309842555809E+10    0.341812836393482939E+03   -0.170906418196741470E+03
    0.498273908345243211E+00    0.109362919080236876E+01    0.202387463208065626E+02    0.140000614429440570E+10    0.341811985150049793E+03   -0.170905992575024896E+03
    0.259347204206684401E+01    0.109033422978691674E+01    0.186408937468564702E+02    0.124117662491094398E+10    0.341787007235279759E+03   -0.170893503617639880E+03
    0.353038327257076379E+01    0.109058655683173678E+01    0.137104776629833065E+02    0.118593111059827018E+10    0.341784170412491562E+03   -0.170892085206245781E+03
    0.353038327257076379E+01    0.109058655683173678E+01    0.137104776629833065E+02    0.118593111059827018E+10    0.341784170412491562E+03   -0.170892085206245781E+03
    0.597552504994986577E+01    0.109240760429451678E+01    0.146781038973962268E+02    0.162644619260853839E+10    0.341781369071979952E+03   -0.170890684535989976E+03
    0.798187763316353127E+01    0.109238233519783945E+01    0.199880102522968457E+02    0.159498557064875937E+10    0.341780198148139220E+03   -0.170890099074069610E+03
    0.690513489257589264E+01    0.108371051131599305E+01    0.151160305841147764E+02    0.142549321645603442E+10    0.341775649005316836E+03   -0.170887824502658418E+03
    0.141722859188700978E+00    0.108878666667225921E+01    0.164201419935266451E+02    0.118932356771107888E+10    0.341759120734588009E+03   -0.170879560367294005E+03
    0.210528432236296359E+01    0.108969635679559973E+01    0.136177753992363098E+02    0.115628625777683973E+10    0.341759075597805690E+03   -0.170879537798902845E+03
    0.210528432236296359E+01    0.108969635679559973E+01    0.136177753992363098E+02    0.115628625777683973E+10    0.341759075597805690E+03   -0.170879537798902845E+03
    0.629815167694748990E+01    0.108633292659856306E+01    0.158906852868103652E+02    0.136636140455621171E+10    0.341748698652920666E+03   -0.170874349326460333E+03
    0.573231545266375875E+01    0.109491262205939188E+01    0.147146847090978383E+02    0.152952479831451106E+10    0.341740626957379163E+03   -0.170870313478689582E+03
    0.567288680890753216E+01    0.109143162995247001E+01    0.134677888373502341E+02    0.116345449291523480E+10    0.341731786193229595E+03   -0.170865893096614798E+03
    0.101905792605421492E+02    0.108835729249241897E+01    0.195742646948521042E+02    0.152455643262992787E+10    0.341716816341954541E+03   -0.170858408170977270E+03
    0.202791286692672479E+01    0.109314801771542380E+01    0.150754764968946322E+02    0.116657099446852779E+10    0.341714320154247389E+03   -0.170857160077123694E+03
    0.394360817138168285E+01    0.109311568800778347E+01    0.159258167962625485E+02    0.163304280382810664E+10    0.341705113621069927E+03   -0.170852556810534963E+03
    0.394360817138168285E+01    0.109311568800778347E+01    0.159258167962625485E+02    0.163304280382810664E+10    0.341705113621069927E+03   -0.170852556810534963E+03
    0.556967548771315046E+00    0.108581228292232890E+01    0.138828565941555180E+02    0.149605697938209653E+10    0.341703369209572486E+03   -0.170851684604786243E+03
    0.131978905194944018E+01    0.108868386333002665E+01    0.195307592300388215E+02    0.136394056925657272E+10    0.341678141502790254E+03   -0.170839070751395127E+03
    0.675351526896243470E+01    0.108538938799042262E+01    0.179068486787568553E+02    0.145967183850511599E+10    0.341665607337788799E+03   -0.170832803668894400E+03
    0.497248749502015475E+01    0.109548113177062945E+01    0.200186815556849318E+02    0.143643203606398082E+10    0.341646222366081361E+03   -0.170823111183040680E+03
    0.674211515490557201E+01    0.109540131459504009E+01    0.145078538546114029E+02    0.148055324609013557E+10    0.341641328954142750E+03   -0.170820664477071375E+03
    0.928540899034732270E+01    0.109529595538361746E+01    0.185728696353368683E+02    0.140527721679234385E+10    0.341628004531325246E+03   -0.170814002265662623E+03
    0.928540899034732270E+01    0.109529595538361746E+01    0.185728696353368683E+02    0.140527721679234385E+10    0.341628004531325246E+03   -0.170814002265662623E+03
    0.682729067263175438E+01    0.108932005747278438E+01    0.148438598412311524E+02    0.120314618167812729E+10    0.341597827912915420E+03   -0.170798913956457710E+03
    0.324289398033207199E+01    0.109207670442212446E+01    0.161620770734780983E+02    0.109185394722513342E+10    0.341539789662229680E+03   -0.170769894831114840E+03
    0.100954058375145976E+02    0.109385096799513537E+01    0.189558598227539576E+02    0.154484872770570493E+10    0.341511117495019448E+03   -0.170755558747509724E+03
    0.100954058375145976E+02    0.109385096799513537E+01    0.189558598227539576E+02    0.154484872770570493E+10    0.341511117495019448E+03   -0.170755558747509724E+03
    0.304178057050798012E+01    0.108631712734224295E+01    0.124476964367485934E+02    0.142118032575978756E+10    0.341503103585096596E+03   -0.170751551792548298E+03
    0.304178057050798012E+01    0.108631712734224295E+01    0.124476964367485934E+02    0.142118032575978756E+10    0.341503103585096596E+03   -0.170751551792548298E+03
    0.210845178462637683E+01    0.109093085882992646E+01    0.160686985958259854E+02    0.132644756297395015E+10    0.341499172518153443E+03   -0.170749586259076722E+03
    0.447923609991871530E+01    0.109157900355885107E+01    0.217972816262254980E+02    0.150275845904018664E+10    0.341463339507766932E+03   -0.170731669753883466E+03
    0.480037829162642282E+01    0.108715587844590500E+01    0.176707121043797493E+02    0.136192544611302114E+10    0.341453185841499305E+03   -0.170726592920749653E+03
    0.228376047457126496E+01    0.109555232810501280E+01    0.170093326860067080E+02    0.141792937502576542E+10    0.341445507280164406E+03   -0.170722753640082203E+03
    0.421754169609107965E+01    0.109286719623300210E+01    0.221163234847789170E+02    0.144248848758864880E+10    0.341437305704214680E+03   -0.170718652852107340E+03
    0.806673326655002754E+01    0.108804991820259156E+01    0.180906074208829359E+02    0.112178077217294073E+10    0.341424168806688840E+03   -0.170712084403344420E+03
    0.806673326655002754E+01    0.108804991820259156E+01    0.180906074208829359E+02    0.112178077217294073E+10    0.341424168806688840E+03   -0.170712084403344420E+03
    0.155337379806076203E+01    0.108931313238867156E+01    0.153887254545961056E+02    0.118754805602023029E+10    0.341396406858801356E+03   -0.170698203429400678E+03
    0.723789551870138315E+01    0.108935772259545249E+01    0.220009719825105030E+02    0.143696263432169962E+10    0.341395871208982953E+03   -0.170697935604491477E+03
    0.384113769770636404E+01    0.109076352453053049E+01    0.224573022262310182E+02    0.142731595392799902E+10    0.341387761771861847E+03   -0.170693880885930923E+03
    0.384113769770636404E+01    0.109076352453053049E+01    0.224573022262310182E+02    0.142731595392799902E+10    0.341387761771861847E+03   -0.170693880885930923E+03
    0.947140062997251952E+01    0.109131261927485412E+01    0.152286993695103572E+02    0.117365944466283441E+10    0.341350378071406112E+03   -0.170675189035703056E+03
    0.769210786306327687E+01    0.109020597161639565E+01    0.148356664442169031E+02    0.119063921189295053E+10    0.341348831006157923E+03   -0.170674415503078961E+03
    0.281696849455453391E+01    0.109335205960950588E+01    0.154597408866396080E+02    0.112940158465200281E+10    0.341292314871435167E+03   -0.170646157435717583E+03
    0.281696849455453391E+01    0.109335205960950588E+01    0.154597408866396080E+02    0.112940158465200281E+10    0.341292314871435167E+03   -0.170646157435717583E+03
    0.134922369809748033E+01    0.108535527485980854E+01    0.162645892336366948E+02    0.144843038434594798E+10    0.341290467417695822E+03   -0.170645233708847911E+03
    0.642067994212237902E+01    0.108798175765200056E+01    0.176188531647644915E+02    0.117796401410230327E+10    0.341281215048734794E+03   -0.170640607524367397E+03
    0.641844484039271634E+01    0.109152278647213463E+01    0.125724986206774378E+02    0.149474499914526415E+10    0.341264874514820008E+03   -0.170632437257410004E+03
    0.106890985900095590E+02    0.108961698406910656E+01    0.170744928659298516E+02    0.113809311009002995E+10    0.341261916064219918E+03   -0.170630958032109959E+03
    0.163926620021291569E+01    0.109024245050984914E+01    0.204612143519609262E+02    0.153792058609241176E+10    0.341236587391370847E+03   -0.170618293695685423E+03
    0.980022978163834146E+01    0.109088259885617300E+01    0.154716579203747902E+02    0.159637882413970494E+10    0.341235210393984403E+03   -0.170617605196992201E+03
    0.439698022143110290E+01    0.109437438079248994E+01    0.169106823017339991E+02    0.136563116920968986E+10    0.341233673805937087E+03   -0.170616836902968544E+03
    0.107941782442029872E+02    0.108747617686104570E+01    0.143192956252754549E+02    0.145188244546064401E+10    0.341233237666482410E+03   -0.170616618833241205E+03
    0.238593724102192528E+01    0.109040151893649728E+01    0.204546159943010224E+02    0.136591943953097057E+10    0.341218291365644916E+03   -0.170609145682822458E+03
    0.420504000920066190E+01    0.109293681646514429E+01    0.176767972793199668E+02    0.133417274353922153E+10    0.341211359376232053E+03   -0.170605679688116027E+03
    0.344431798350729457E+01    0.109482529969917297E+01    0.149822441632020098E+02    0.148358514988542485E+10    0.341194048296019446E+03   -0.170597024148009723E+03
    0.125892776571035760E+02    0.109302243366219165E+01    0.194012900377463637E+02    0.142118449379006624E+10    0.341154252161107252E+03   -0.170577126080553626E+03
    0.316768657280268062E+01    0.109058568859123395E+01    0.143207884442083593E+02    0.135913010708990264E+10    0.341151093522087763E+03   -0.170575546761043881E+03
    0.737555005634721716E+01    0.109032105730347295E+01    0.140863874448525461E+02    0.114089120734250474E+10    0.341111368356058961E+03   -0.170555684178029480E+03
    0.737555005634721716E+01    0.109032105730347295E+01    0.140863874448525461E+02    0.114089120734250474E+10    0.341111368356058961E+03   -0.170555684178029480E+03
    0.456876189836568436E+01    0.109567772141348008E+01    0.167287034279559705E+02    0.141690951907553387E+10    0.341095255586993062E+03   -0.170547627793496531E+03
    0.456876189836568436E+01    0.109567772141348008E+01    0.167287034279559705E+02    0.141690951907553387E+10    0.341095255586993062E+03   -0.170547627793496531E+03
    0.914388069137174320E+01    0.108945774834763931E+01    0.157776948745545731E+02    0.115741928368448520E+10    0.341077002947048243E+03   -0.170538501473524121E+03
    0.355265504504411611E+01    0.109121691051425063E+01    0.173936221289919679E+02    0.108687377404722142E+10    0.341076340658089748E+03   -0.170538170329044874E+03
    0.718273901681652394E+01    0.109263076574215678E+01    0.128601608080738607E+02    0.142498263618814087E+10    0.341069967429622920E+03   -0.170534983714811460E+03
    0.199501323308196277E+01    0.108812792654443080E+01    0.159385709960867121E+02    0.113171541695323443E+10    0.341023038657462166E+03   -0.170511519328731083E+03
    0.199501323308196277E+01    0.108812792654443080E+01    0.159385709960867121E+02    0.113171541695323443E+10    0.341023038657462166E+03   -0.170511519328731083E+03
    0.714455025880916494E+01    0.109014402039860969E+01    0.218406935643691931E+02    0.145789944098207974E+10    0.341021836758286213E+03   -0.170510918379143106E+03
    0.607043249601463586E+01    0.108774093385060189E+01    0.171335073378071527E+02    0.136425490337914562E+10    0.341004790539900114E+03   -0.170502395269950057E+03
    0.845860147972273424E+01    0.109160475504122800E+01    0.195861276218364644E+02    0.115421757297284198E+10    0.341001092666574891E+03   -0.170500546333287446E+03
    0.845860147972273424E+01    0.109160475504122800E+01    0.195861276218364644E+02    0.115421757297284198E+10    0.341001092666574891E+03   -0.170500546333287446E+03
    0.423881144402531618E+01    0.108647522508977024E+01    0.167847454442363144E+02    0.138672532135551953E+10    0.340990337038994880E+03   -0.170495168519497440E+03
    0.937135507301897763E+00    0.108984739712788770E+01    0.157564357264205110E+02    0.112846095223687243E+10    0.340958757362050278E+03   -0.170479378681025139E+03
    0.937135507301897763E+00    0.108984739712788770E+01    0.157564357264205110E+02    0.112846095223687243E+10    0.340958757362050278E+03   -0.170479378681025139E+03
    0.814608198205795020E+01    0.108665154561538557E+01    0.185855843504922973E+02    0.142126727399548864E+10    0.340955769515209340E+03   -0.170477884757604670E+03
    0.597706941853158558E+01    0.108526757651991246E+01    0.162099609888844043E+02    0.143030832984265184E+10    0.340949893987237317E+03   -0.170474946993618659E+03
    0.925567276689177376E+00    0.109157306341208171E+01    0.173714441834872453E+02    0.135691943562608457E+10    0.340948697716388835E+03   -0.170474348858194418E+03
    0.597928224866855018E+01    0.109059174884889321E+01    0.197540276550267961E+02    0.118303459991410518E+10    0.340945264079924527E+03   -0.170472632039962264E+03
    0.351469407949839141E+01    0.108763628018512093E+01    0.167373434890265749E+02    0.158505036195813489E+10    0.340938236713813865E+03   -0.170469118356906932E+03
    0.725632570231121132E+01    0.108873078530974321E+01    0.182910107646528850E+02    0.158620040149679947E+10    0.340931401253104639E+03   -0.170465700626552319E+03
    0.143784906806157031E+01    0.109252251279356849E+01    0.204173544521341555E+02    0.147732939817828131E+10    0.340931362948311687E+03   -0.170465681474155843E+03
    0.143784906806157031E+01    0.109252251279356849E+01    0.204173544521341555E+02    0.147732939817828131E+10    0.340931362948311687E+03   -0.170465681474155843E+03
    0.524918239974481970E+01    0.109055031730260077E+01    0.186856048074859693E+02    0.108891116005829692E+10    0.340926139430979276E+03   -0.170463069715489638E+03
    0.460401407457151191E+01    0.108602086254204977E+01    0.158035296807594090E+02    0.152303290723854876E+10    0.340896672976545347E+03   -0.170448336488272673E+03
    0.526661975811457772E+01    0.108731361701767515E+01    0.127341721149717806E+02    0.145492924411906481E+10    0.340865565699676949E+03   -0.170432782849838475E+03
    0.281299718195302084E+01    0.108919201312869429E+01    0.205690313063424988E+02    0.140220893443942428E+10    0.340863646818557015E+03   -0.170431823409278508E+03
    0.928439094883117710E+00    0.108738638653614017E+01    0.178921071182412810E+02    0.150641509740790009E+10    0.340836843069787449E+03   -0.170418421534893724E+03
    0.556189965434628864E+01    0.108782838259088677E+01    0.174316332989955285E+02    0.136874031453314877E+10    0.340816325263815997E+03   -0.170408162631907999E+03
    0.300619005647616166E+01    0.108727151851600046E+01    0.136967049249164976E+02    0.140846763169203806E+10    0.340813072555522126E+03   -0.170406536277761063E+03
    0.773087636372063347E+01    0.108994505119514407E+01    0.126927431336576770E+02    0.142722485334266710E+10    0.340808044600521157E+03   -0.170404022300260579E+03
    0.695787873920914191E+01    0.109098751404531091E+01    0.208369460931642507E+02    0.137975199405541730E+10    0.340782756233959049E+03   -0.170391378116979524E+03
    0.902097387791579131E+01    0.109356891530025568E+01    0.144629642632507434E+02    0.149199880242702579E+10    0.340780403420136452E+03   -0.170390201710068226E+03
    0.434169101203649177E+01    0.109273443459957886E+01    0.172386115578328045E+02    0.159464021285371709E+10    0.340779792277239494E+03   -0.170389896138619747E+03
    0.844985725665320864E+01    0.109523732668565454E+01    0.165624342383504874E+02    0.142444182785819888E+10    0.340772113912032751E+03   -0.170386056956016375E+03
    0.658699004916986386E+01    0.109109252532472345E+01    0.210894293886433388E+02    0.151137053435488296E+10    0.340765176463661874E+03   -0.170382588231830937E+03
    0.832210162572197376E+01    0.109348564660907677E+01    0.158931423406361461E+02    0.155439202199340320E+10    0.340760615965938996E+03   -0.170380307982969498E+03
    0.105713188215107650E+02    0.108786233065353866E+01    0.175091267274132498E+02    0.147690990345106506E+10    0.340756624184144016E+03   -0.170378312092072008E+03
    0.100048357645564696E+02    0.109092394966809425E+01    0.206109142856399252E+02    0.148558297013194394E+10    0.340739613160327394E+03   -0.170369806580163697E+03
    0.730747442292898075E+01    0.109309462733297047E+01    0.196660248312193744E+02    0.137252143091120172E+10    0.340731856332844131E+03   -0.170365928166422066E+03
    0.344008722521999877E+01    0.109155902989679854E+01    0.181600346446107714E+02    0.119070678432895398E+10    0.340714123011290155E+03   -0.170357061505645078E+03
    0.852100207493236184E+01    0.108982714372463074E+01    0.172290766462521958E+02    0.116807497878612733E+10    0.340704141699686147E+03   -0.170352070849843074E+03
    0.428546457182212759E+01    0.108699496758172254E+01    0.182568047181146440E+02    0.140077685980217147E+10    0.340697399726959816E+03   -0.170348699863479908E+03
    0.278214078423577060E+01    0.108789346471309667E+01    0.127181211781432655E+02    0.143333521302396488E+10    0.340689939366669591E+03   -0.170344969683334796E+03
    0.584822851686964640E+01    0.108689086925229339E+01    0.167087475863418433E+02    0.154204386959119797E+10    0.340680502045923618E+03   -0.170340251022961809E+03
    0.483905271813626303E+01    0.108853668800382075E+01    0.153286337402321760E+02    0.114711387078731370E+10    0.340671735868579844E+03   -0.170335867934289922E+03
    0.774196775583422259E+01    0.108789949125109153E+01    0.176276873858656522E+02    0.154435560282407355E+10    0.340669320156875074E+03   -0.170334660078437537E+03
    0.864963905936300570E+01    0.109327820528387720E+01    0.210220029857322785E+02    0.144221097119838595E+10    0.340654614278851739E+03   -0.170327307139425869E+03
    0.493584126768000342E+01    0.108674288220352389E+01    0.131487522781640944E+02    0.145730980301156855E+10    0.340645797147521591E+03   -0.170322898573760796E+03
    0.429445175655148947E+01    0.108856348195486841E+01    0.172731887356855474E+02    0.135907230684415245E+10    0.340634272546115710E+03   -0.170317136273057855E+03
    0.106808880257185876E+02    0.109064634385602499E+01    0.176744287533162918E+02    0.137672231543374825E+10    0.340629142005843221E+03   -0.170314571002921610E+03
    0.566332725253681613E+01    0.109251613552643079E+01    0.197905667325047503E+02    0.153866525251429200E+10    0.340603012502749834E+03   -0.170301506251374917E+03
    0.947248393702957792E+01    0.108800741992380123E+01    0.193392739247800094E+02    0.144403338007011533E+10    0.340600576064492373E+03   -0.170300288032246186E+03
    0.247259449006926202E+01    0.108791436524863272E+01    0.194312503100747307E+02    0.147620969811175275E+10    0.340582126169844742E+03   -0.170291063084922371E+03
    0.779256796498350823E+01    0.109239317771401367E+01    0.156154576135072336E+02    0.156100454496451402E+10    0.340559750891698627E+03   -0.170279875445849314E+03
    0.664924807698676901E+01    0.109054182443721226E+01    0.141454932435691685E+02    0.138261015938324022E+10    0.340558849900083430E+03   -0.170279424950041715E+03
    0.228998499301777070E+01    0.109361956256534421E+01    0.151356325397432929E+02    0.149943719730931211E+10    0.340554492018982103E+03   -0.170277246009491051E+03
    0.355285760576536802E+01    0.109227769097348926E+01    0.179804595669242602E+02    0.135735193493929529E+10    0.340554401675287522E+03   -0.170277200837643761E+03
    0.623103416512321662E+01    0.109474719558713973E+01    0.155758812447890715E+02    0.147255738905853057E+10    0.340553880988788023E+03   -0.170276940494394012E+03
    0.468430660691226919E+01    0.109406537952268046E+01    0.142919024286377869E+02    0.146935041001868963E+10    0.340548419494965287E+03   -0.170274209747482644E+03
    0.634306090214975082E+01    0.109108815748788457E+01    0.143125042101136586E+02    0.156364934471708560E+10    0.340548289335066556E+03   -0.170274144667533278E+03
    0.511629903191423807E+01    0.109214148385479293E+01    0.144884803209311777E+02    0.154372607918616867E+10    0.340541234865143281E+03   -0.170270617432571640E+03
    0.113772055215801533E+02    0.108925140164298884E+01    0.186728039709238693E+02    0.142047873457758093E+10    0.340538850007509780E+03   -0.170269425003754890E+03
    0.896949551004662382E+01    0.108703027951170528E+01    0.149393133226616577E+02    0.146596161556748581E+10    0.340538594316261253E+03   -0.170269297158130627E+03
    0.423587470919207831E+01    0.108865387592497820E+01    0.127086435403181355E+02    0.145001125588896990E+10    0.340527419988082102E+03   -0.170263709994041051E+03
    0.812323642774348009E+01    0.108893977707097833E+01    0.186298047448362247E+02    0.154237514508602166E+10    0.340517444523175243E+03   -0.170258722261587621E+03
    0.535471935582088854E+01    0.109095462363732865E+01    0.190670368642756891E+02    0.110745612242559242E+10    0.340513634159213211E+03   -0.170256817079606606E+03
    0.774674422752878744E+01    0.109171179426559828E+01    0.137495825386255355E+02    0.149620833242239261E+10    0.340510152937419434E+03   -0.170255076468709717E+03
    0.211323363591180646E+01    0.108992479149448207E+01    0.172987452818559788E+02    0.115792136249374843E+10    0.340504981622270066E+03   -0.170252490811135033E+03
    0.869134207077487986E+01    0.109011199310714080E+01    0.163692602824106892E+02    0.113593942520179415E+10    0.340493535590395823E+03   -0.170246767795197911E+03
    0.568638044794365261E+01    0.108964428916667866E+01    0.153807584757199098E+02    0.112842028199180579E+10    0.340491430366661803E+03   -0.170245715183330901E+03
    0.236139076841529860E+01    0.109326549156798247E+01    0.157276407803697786E+02    0.152686816525527000E+10    0.340483680917922584E+03   -0.170241840458961292E+03
    0.782536268210075292E+01    0.109043882298803174E+01    0.177251830457094428E+02    0.111219684968529153E+10    0.340467636047027611E+03   -0.170233818023513805E+03
    0.476675812047614844E+01    0.109034407937697053E+01    0.149828194087537838E+02    0.158766387395887709E+10    0.340442331700167585E+03   -0.170221165850083793E+03
    0.107328073690972534E+02    0.109198763265420618E+01    0.148598714869286272E+02    0.142129723636189699E+10    0.340435974445939792E+03   -0.170217987222969896E+03
    0.506313219970195405E+01    0.108934586389912247E+01    0.173069900556301768E+02    0.111742750018264484E+10    0.340412091319151614E+03   -0.170206045659575807E+03
    0.665821149569567350E+01    0.109094161053031891E+01    0.163361570578353223E+02    0.135082314561148000E+10    0.340410847060805054E+03   -0.170205423530402527E+03
    0.112477352909453163E+02    0.109270743224092293E+01    0.176557270367981971E+02    0.148674479440882492E+10    0.340403563239254026E+03   -0.170201781619627013E+03
    0.579477845384265411E+01    0.109254767381197371E+01    0.177281644822920903E+02    0.114756491822403073E+10    0.340383525716696795E+03   -0.170191762858348397E+03
    0.889770529805540278E+01    0.108992166101705656E+01    0.146740867830797157E+02    0.152180180838330722E+10    0.340369009899038304E+03   -0.170184504949519152E+03
    0.400297366534919519E+01    0.108692735954831154E+01    0.140780912631800756E+02    0.141715545667731905E+10    0.340363913081963631E+03   -0.170181956540981815E+03
    0.200726790454725679E+01    0.109087240763683080E+01    0.140310792789883365E+02    0.151210606883385491E+10    0.340349484188545716E+03   -0.170174742094272858E+03
    0.845722709063864109E+01    0.109062955107755610E+01    0.199669518560412733E+02    0.138649901370823407E+10    0.340347117742244905E+03   -0.170173558871122452E+03
    0.417343616879993107E+01    0.108913770829683587E+01    0.188341632139287469E+02    0.155122814505327153E+10    0.340343640030354152E+03   -0.170171820015177076E+03
    0.731139296083664725E+01    0.109187923947030008E+01    0.141145248769142917E+02    0.140431809862904143E+10    0.340343075445222439E+03   -0.170171537722611220E+03
    0.477582144265907171E+01    0.109246644581012009E+01    0.176069073565394092E+02    0.113600346257930207E+10    0.340341196121257440E+03   -0.170170598060628720E+03
    0.887973872769213912E+01    0.109275067792347436E+01    0.142519903948409912E+02    0.146209686031844211E+10    0.340328652604320212E+03   -0.170164326302160106E+03
    0.299966903500964355E+01    0.108611769645410394E+01    0.145815785959773301E+02    0.142807184727456760E+10    0.340328353850451663E+03   -0.170164176925225831E+03
    0.211079815029417084E+01    0.109391656217367395E+01    0.188716320686274095E+02    0.145913302270890474E+10    0.340322361879242408E+03   -0.170161180939621204E+03
    0.647941544960711369E+01    0.109210243220750836E+01    0.179929290189619771E+02    0.156927655744699526E+10    0.340274471450463977E+03   -0.170137235725231989E+03
    0.485369335162704463E+01    0.108945298735648866E+01    0.135755902336574259E+02    0.140885321504991889E+10    0.340270707075681344E+03   -0.170135353537840672E+03
    0.175484255837052805E+01    0.108986134596052531E+01    0.189870016005927305E+02    0.138558389972648144E+10    0.340262921708059991E+03   -0.170131460854029996E+03
    0.897334748933133319E+01    0.108862702646761966E+01    0.180507217234165616E+02    0.151109515611527133E+10    0.340258369303569623E+03   -0.170129184651784811E+03
    0.828138756016226374E+01    0.109135272736001387E+01    0.151425018355067884E+02    0.154509212470481396E+10    0.340256879928482249E+03   -0.170128439964241124E+03
    0.228098112083468391E+00    0.109094057937791766E+01    0.163382176865645476E+02    0.153046565540279794E+10    0.340248434717459190E+03   -0.170124217358729595E+03
    0.265133104356837768E+01    0.108855515204301390E+01    0.189766413490482044E+02    0.150713664172065735E+10    0.340247540497561999E+03   -0.170123770248781000E+03
    0.430841574029619423E+01    0.109004177082832054E+01    0.189434966680125143E+02    0.156283501297532248E+10    0.340238041528424105E+03   -0.170119020764212053E+03
    0.172410509983563354E+01    0.108950021507787698E+01    0.197238758504517264E+02    0.148274503082846737E+10    0.340235502361899080E+03   -0.170117751180949540E+03
    0.179599138963060412E+01    0.109050478057344757E+01    0.180020717443806504E+02    0.136925358312470031E+10    0.340223017811153397E+03   -0.170111508905576699E+03
    0.696498134782737566E+01    0.108766457181753617E+01    0.152965919974826399E+02    0.151130244448771119E+10    0.340206627738032580E+03   -0.170103313869016290E+03
    0.390192419516360722E+01    0.109277186076153443E+01    0.200339735468865747E+02    0.140426899453142238E+10    0.340198768340614265E+03   -0.170099384170307133E+03
    0.556218742390377319E+01    0.109189951995001588E+01    0.200150079778705532E+02    0.145872219412159514E+10    0.339491605871767206E+03   -0.169745802935883603E+03
    0.629488926556579642E+01    0.108943472461556712E+01    0.197427297405485938E+02    0.142584572124670863E+10    0.339449227418489272E+03   -0.169724613709244636E+03
    0.371822836112053601E+01    0.109240970821327021E+01    0.179410526794986147E+02    0.155011641234283137E+10    0.340181024829845569E+03   -0.170090512414922785E+03
    0.193898761327316937E+01    0.108804866949465029E+01    0.172635339097288281E+02    0.146352351283266473E+10    0.339545239887483831E+03   -0.169772619943741915E+03
    0.145318032346965564E+01    0.109229344318001176E+01    0.150399584233070041E+02    0.147266040379504108E+10    0.340069999197398374E+03   -0.170034999598699187E+03
    0.364971326364790727E+01    0.109226652067027796E+01    0.175131953388023902E+02    0.138822003810888219E+10    0.339707958086140366E+03   -0.169853979043070183E+03
    0.663704313744646601E+01    0.108822334793731956E+01    0.184682744084789299E+02    0.144521104927838826E+10    0.339371832112221909E+03   -0.169685916056110955E+03
    0.915637522432494322E+01    0.109431961697905789E+01    0.170630216438723572E+02    0.142580818291701555E+10    0.340044338055909407E+03   -0.170022169027954703E+03
    0.455773622652076327E+01    0.108764485015409873E+01    0.171781223985687603E+02    0.145800706345371914E+10    0.339391788873842756E+03   -0.169695894436921378E+03
    0.208634418848329517E+01    0.109187585961064593E+01    0.148111144707437745E+02    0.141167821353434157E+10    0.339977883749991406E+03   -0.169988941874995703E+03
    0.443925251008250754E+01    0.109065693216952742E+01    0.174312872702803894E+02    0.158709257700546241E+10    0.340061816631205033E+03   -0.170030908315602517E+03
    0.304877181128079400E+01    0.109144561916916594E+01    0.178284700925709068E+02    0.137840216007365537E+10    0.339777938920362772E+03   -0.169888969460181386E+03
    0.154877256921534601E+01    0.108956313107325520E+01    0.143379099056993802E+02    0.147285210313091135E+10    0.339889183873082516E+03   -0.169944591936541258E+03
    0.263229027250776371E+01    0.108812684465236087E+01    0.147695964982259902E+02    0.143936988623453808E+10    0.339400995966721780E+03   -0.169700497983360890E+03
    0.235704928722544027E+01    0.109136706830215613E+01    0.181785549103860227E+02    0.154874045878109026E+10    0.340070429944543548E+03   -0.170035214972271774E+03
    0.618238519597348102E+01    0.108827219084054461E+01    0.157874367980562305E+02    0.152835255070792723E+10    0.339914318606793529E+03   -0.169957159303396764E+03
    0.335952599874918700E+01    0.109220305402064510E+01    0.195978285723276038E+02    0.146302627378978086E+10    0.339633153161630617E+03   -0.169816576580815308E+03
    0.424295304116854055E+01    0.109004332611522003E+01    0.179108176380878206E+02    0.135902361445091963E+10    0.340179219720784658E+03   -0.170089609860392329E+03
    0.272262153917193750E+01    0.109006964777277893E+01    0.165000878703737435E+02    0.139533547986487031E+10    0.339397414251634586E+03   -0.169698707125817293E+03
    0.883547091766991954E+01    0.109095824879343817E+01    0.200102802853757886E+02    0.140427786434308815E+10    0.340007434473363787E+03   -0.170003717236681894E+03
    0.423616682634973163E+01    0.109097220969721720E+01    0.166793382333466234E+02    0.139435698367886424E+10    0.339119573724121210E+03   -0.169559786862060605E+03
    0.687907913520444669E+01    0.108991579863454713E+01    0.198747581178097121E+02    0.143751731260838485E+10    0.339235658292355652E+03   -0.169617829146177826E+03
    0.685463913301545791E+01    0.108887215487423528E+01    0.152581159058034377E+02    0.139896516813967848E+10    0.339847037085803436E+03   -0.169923518542901718E+03
    0.215485172046871343E+01    0.109011089012875373E+01    0.166568202939184822E+02    0.140575598410490441E+10    0.339219978330049287E+03   -0.169609989165024643E+03
    0.391903462835406069E+01    0.109295976303926801E+01    0.164608966660246807E+02    0.146592112981492615E+10    0.339171706442512800E+03   -0.169585853221256400E+03
    0.144112914028941819E+01    0.109012389525993769E+01    0.173936226108212644E+02    0.146560253719183087E+10    0.339059349134087711E+03   -0.169529674567043855E+03
    0.166394145160215734E+01    0.109187622106354976E+01    0.194493384655799311E+02    0.141559727554355788E+10    0.339905939555320174E+03   -0.169952969777660087E+03
    0.483803136573271697E+01    0.109020909994989434E+01    0.186269713712818792E+02    0.139598904747867584E+10    0.339289760464815799E+03   -0.169644880232407900E+03
    0.324375562181623156E+01    0.109159899127597582E+01    0.178244156825975892E+02    0.140519046362995362E+10    0.339136166750933171E+03   -0.169568083375466585E+03
    0.892821291617662993E+01    0.108963713115388816E+01    0.170877347657868448E+02    0.138973573645638490E+10    0.339968541334470444E+03   -0.169984270667235222E+03
    0.863204135012031415E+01    0.108869384586450657E+01    0.156342247699924002E+02    0.145723107366111374E+10    0.339476417304464576E+03   -0.169738208652232288E+03
    0.335887402497312548E+01    0.108769345343387180E+01    0.135517494564491727E+02    0.143052960649084949E+10    0.340143086317892198E+03   -0.170071543158946099E+03
    0.557966542346407124E+01    0.108931200435682984E+01    0.145992451183781018E+02    0.142354445840959907E+10    0.339261309715058701E+03   -0.169630654857529350E+03
    0.982867034613986412E+01    0.108933338575427530E+01    0.164802888427375969E+02    0.144863780672608876E+10    0.339435361034357697E+03   -0.169717680517178849E+03
    0.110212625235035500E+02    0.109204575823599948E+01    0.158897805307138906E+02    0.142330040353151751E+10    0.340058263712765495E+03   -0.170029131856382747E+03
    0.776784874361790045E+01    0.109007881574247945E+01    0.162588664439896107E+02    0.143407375020963025E+10    0.338522219799487743E+03   -0.169261109899743872E+03
    0.227643990173102528E+01    0.108687509147177197E+01    0.171015185589684222E+02    0.143462468369792581E+10    0.339780223874277453E+03   -0.169890111937138727E+03
    0.571576368601068197E+01    0.109072239101886814E+01    0.193280905760619852E+02    0.154919520026579905E+10    0.340049605792283614E+03   -0.170024802896141807E+03
    0.241001123538484485E+01    0.109211185885910256E+01    0.167054765619366101E+02    0.147523563639149022E+10    0.339307826675234310E+03   -0.169653913337617155E+03
    0.448103082197901337E+01    0.109058832902940717E+01    0.183091158048310376E+02    0.151646109468251204E+10    0.339229009706481747E+03   -0.169614504853240874E+03
    0.589583925755732263E+01    0.108989784651804666E+01    0.165340262573209813E+02    0.140253824801400232E+10    0.339055853950298911E+03   -0.169527926975149455E+03
    0.304191102572295602E+01    0.109230968164846720E+01    0.168723645766343751E+02    0.143494386122895813E+10    0.338779637048141353E+03   -0.169389818524070677E+03
    0.433123916681860965E+01    0.109402052967777119E+01    0.190400838481654198E+02    0.141100686585075974E+10    0.340172727082353390E+03   -0.170086363541176695E+03
    0.686086173283990686E+01    0.108994867081914837E+01    0.187527414688917524E+02    0.139900006437846732E+10    0.339439580274669368E+03   -0.169719790137334684E+03
    0.249575764565692015E+01    0.109128327554159088E+01    0.202226290285600392E+02    0.143979854331063914E+10    0.339585453975854080E+03   -0.169792726987927040E+03
    0.352673030174229396E+01    0.109415083032523408E+01    0.170812461224671566E+02    0.143800501918972659E+10    0.339585019818061596E+03   -0.169792509909030798E+03
    0.465429330883812309E+01    0.108707721573871097E+01    0.156894718179219463E+02    0.150110460463573861E+10    0.340046015932653347E+03   -0.170023007966326674E+03
    0.621892436562211071E+01    0.109019959267573263E+01    0.163257742291575312E+02    0.158936554995425415E+10    0.340177766808250738E+03   -0.170088883404125369E+03
    0.608043136793500771E+01    0.109154671995976460E+01    0.164988771561626741E+02    0.142004764760440612E+10    0.338617895071985686E+03   -0.169308947535992843E+03
    0.372684310862410328E+00    0.108908405338384395E+01    0.149561619159312826E+02    0.146139152081978869E+10    0.339890735550821887E+03   -0.169945367775410944E+03
    0.450835340087743663E+01    0.109007464708663582E+01    0.164086860152574125E+02    0.149501644266518211E+10    0.338899675473070829E+03   -0.169449837736535414E+03
    0.450835340087743663E+01    0.109007464708663582E+01    0.164086860152574125E+02    0.149501644266518211E+10    0.338899675473070829E+03   -0.169449837736535414E+03
    0.676025857456562562E+01    0.109080201180409864E+01    0.204457143177357317E+02    0.148589094424554133E+10    0.339924750693782244E+03   -0.169962375346891122E+03
    0.546595514444896136E+01    0.108940913467697298E+01    0.153643263844968736E+02    0.152929418469596004E+10    0.339677455196742017E+03   -0.169838727598371008E+03
    0.246461150128681039E+01    0.109019762108455209E+01    0.195008589073970739E+02    0.142748260780308867E+10    0.339248744823653226E+03   -0.169624372411826613E+03
    0.460894069465378653E+01    0.109202256958631505E+01    0.197147357494469375E+02    0.146579889647279930E+10    0.339495621701596463E+03   -0.169747810850798231E+03
    0.809901417402489976E+01    0.109009410877471002E+01    0.173894397262915987E+02    0.147656305928422451E+10    0.338973784702414889E+03   -0.169486892351207445E+03
    0.756117512565901695E+01    0.108928048452420967E+01    0.155506686463209718E+02    0.148374965042874217E+10    0.339371459495359659E+03   -0.169685729747679829E+03
    0.337073489806912496E+01    0.109114375262887942E+01    0.189646271185146382E+02    0.152358480688673401E+10    0.339717122890167730E+03   -0.169858561445083865E+03
    0.315764466097431962E+01    0.108877617024093687E+01    0.156617917179574242E+02    0.142856716927557564E+10    0.338926351462116031E+03   -0.169463175731058016E+03
    0.392529887356180396E+01    0.108974636974953376E+01    0.144919495197385064E+02    0.140648483049104929E+10    0.339720945129678626E+03   -0.169860472564839313E+03
    0.754163638790320512E+01    0.108852312573159704E+01    0.188356546507679568E+02    0.147024839769513535E+10    0.339769434566048290E+03   -0.169884717283024145E+03
    0.898730870134530058E+01    0.109218428441625104E+01    0.151471531857073263E+02    0.141656256497011280E+10    0.339858439311571487E+03   -0.169929219655785744E+03
    0.279603534565291234E+01    0.109103751722118147E+01    0.150831853071164765E+02    0.143717003921610379E+10    0.338842044615365694E+03   -0.169421022307682847E+03
    0.279603534565291234E+01    0.109103751722118147E+01    0.150831853071164765E+02    0.143717003921610379E+10    0.338842044615365694E+03   -0.169421022307682847E+03
    0.514541065622137328E+01    0.109212267032934984E+01    0.185742434562729919E+02    0.143734062452992678E+10    0.338679870133118357E+03   -0.169339935066559178E+03
    0.286289968872207279E+01    0.108944827112749199E+01    0.147114285558959939E+02    0.143312098460239387E+10    0.339084410769252884E+03   -0.169542205384626442E+03
    0.885446522534910763E+01    0.109381043595366378E+01    0.161119203299717313E+02    0.142064663976140213E+10    0.339819024642284319E+03   -0.169909512321142159E+03
    0.210451222357517098E+01    0.109276821646845934E+01    0.194208048823164852E+02    0.141156190217206311E+10    0.340116141000257983E+03   -0.170058070500128991E+03
    0.588008342842482001E+01    0.109001244036629341E+01    0.143180360242746936E+02    0.147873593195240951E+10    0.339498651630131235E+03   -0.169749325815065617E+03
    0.751797831459373711E+01    0.109182294306888861E+01    0.170261881600128575E+02    0.155986445725575519E+10    0.340059924984475174E+03   -0.170029962492237587E+03
    0.707025533376087445E+01    0.109068708266849823E+01    0.151741013735345369E+02    0.137835366025315928E+10    0.340114288588308227E+03   -0.170057144294154114E+03
    0.220758956405060136E+01    0.108806185916033749E+01    0.153416638032436605E+02    0.147114358706813693E+10    0.339624788900641590E+03   -0.169812394450320795E+03
    0.285002412666680494E+01    0.109111382444451421E+01    0.137809345950505815E+02    0.146490863748518538E+10    0.339895011442772670E+03   -0.169947505721386335E+03
    0.928968934852769834E+01    0.109251119389026430E+01    0.178080684005333936E+02    0.140028881920904469E+10    0.339841630124239600E+03   -0.169920815062119800E+03
    0.312541266830147624E+01    0.109222430163641104E+01    0.162207201821791536E+02    0.142254185195535922E+10    0.339082238511943387E+03   -0.169541119255971694E+03
    0.461643211490835181E+01    0.109413093518396343E+01    0.190396157400560249E+02    0.144632288990457416E+10    0.339917992359107757E+03   -0.169958996179553878E+03
    0.714200245740171358E+01    0.109027432676108660E+01    0.174482237421528161E+02    0.115337721493945742E+10    0.340156653911221213E+03   -0.170078326955610606E+03
    0.440879690431214311E+01    0.109027015148542117E+01    0.176147971963381451E+02    0.112136657807100677E+10    0.340105068531984386E+03   -0.170052534265992193E+03
    0.516393443587213596E+01    0.109151117384898200E+01    0.178699500391430242E+02    0.113211619106343484E+10    0.340038257962579564E+03   -0.170019128981289782E+03
    0.605748340108576677E+01    0.109127346839558559E+01    0.164394301716938678E+02    0.115811219489840460E+10    0.340127013199787598E+03   -0.170063506599893799E+03
