    0.169099716451910602E+02    0.109422850761359025E+01    0.235921198291916561E+02    0.240319087308523464E+10    0.319919792396690127E+03   -0.159959896198345064E+03
    0.218666930891484199E+02    0.109567757701978041E+01    0.278476898322872977E+02    0.110229129777494979E+10    0.316411463085610535E+03   -0.158205731542805268E+03
    0.435198841020606242E+01    0.108017500256934107E+01    0.912464304975574514E+01    0.126751562511141443E+10    0.314781719711941605E+03   -0.157390859855970803E+03
    0.193845361670610949E+01    0.107891992111948376E+01    0.208378658495362785E+02    0.111913134330684972E+10    0.314600952381777063E+03   -0.157300476190888531E+03
    0.102590247740664964E+02    0.109181885057529682E+01    0.371972828854307025E+02    0.686719651947159410E+09    0.314040318259589526E+03   -0.157020159129794763E+03
    0.827599341835775348E+01    0.108525750040936453E+01    0.227421318688586958E+02    0.186763097037766242E+10    0.313395892046462791E+03   -0.156697946023231395E+03
    0.389553724357832287E+01    0.109312497434703970E+01    0.388744885508611446E+02    0.117378389196431899E+10    0.312922784857738407E+03   -0.156461392428869203E+03
    0.995403812496956419E+00    0.109665104483633336E+01    0.342392544583830514E+02    0.131470974309092617E+10    0.312580091843455079E+03   -0.156290045921727540E+03
    0.203116777233008072E+02    0.108981658660699088E+01    0.181754699082800713E+02    0.109859734246280813E+10    0.312491707383863854E+03   -0.156245853691931927E+03
    0.123547836587156876E+02    0.108911282745073312E+01    0.191440430086812903E+02    0.817157767699901819E+09    0.312313879481364154E+03   -0.156156939740682077E+03
    0.174597808093353173E+02    0.108646078395088219E+01    0.280063066403208438E+02    0.132073606374849248E+10    0.312287069264303341E+03   -0.156143534632151670E+03
    0.204392382854234711E+02    0.109185066312640000E+01    0.315644043809803136E+02    0.865655113480324864E+09    0.312285667733241553E+03   -0.156142833866620776E+03
    0.550702821259094843E+01    0.108564113616531288E+01    0.255690003469503608E+02    0.828874017422985792E+09    0.311732421526318205E+03   -0.155866210763159103E+03
    0.106269505956675552E+02    0.108489137381012801E+01    0.216655716188473946E+02    0.148079595507074356E+10    0.311298617991053902E+03   -0.155649308995526951E+03
    0.318962299846448971E+00    0.108718658297644843E+01    0.115626434061458117E+02    0.147480513543990231E+10    0.311100632424339778E+03   -0.155550316212169889E+03
    0.539757311567948683E+01    0.108945793337822350E+01    0.326256691399983225E+02    0.178441938442527938E+10    0.311059809764681404E+03   -0.155529904882340702E+03
    0.832842927176863412E+01    0.108938901237405106E+01    0.363631551256439280E+02    0.856128871378461003E+09    0.311018147646778061E+03   -0.155509073823389031E+03
    0.114992183524929548E+02    0.109138023880575274E+01    0.362675511805533404E+02    0.116082141838648391E+10    0.311005751050110064E+03   -0.155502875525055032E+03
    0.980892281534470101E+01    0.108615039839561223E+01    0.182394273560890596E+02    0.177350632700417161E+10    0.310920021023748973E+03   -0.155460010511874486E+03
    0.559189041238450546E+01    0.109429449350368979E+01    0.228452530533848197E+02    0.207092166230308485E+10    0.310687320994637901E+03   -0.155343660497318950E+03
    0.104117285003777074E+02    0.109542249056682817E+01    0.275913986027233840E+02    0.817275862799221754E+09    0.310309981438387069E+03   -0.155154990719193535E+03
    0.313581427580494054E+01    0.108578682165231055E+01    0.258852187212148550E+02    0.148801498945500302E+10    0.310019859988777966E+03   -0.155009929994388983E+03
    0.312356376545082970E+01    0.108489004662569988E+01    0.201711104250221922E+02    0.163734590871825194E+10    0.309910998430591121E+03   -0.154955499215295561E+03
    0.215249604276024584E+02    0.109080775904063598E+01    0.242858200413030865E+02    0.136589131561011291E+10    0.309895761525424632E+03   -0.154947880762712316E+03
    0.129231155127319788E+02    0.109622799724981346E+01    0.261073510051467110E+02    0.105694046460491192E+10    0.309827956594899206E+03   -0.154913978297449603E+03
    0.234181029445161304E+01    0.108741420134320554E+01    0.191872581198966152E+02    0.199716600291661048E+10    0.309744020139353154E+03   -0.154872010069676577E+03
    0.528885318525147330E+01    0.108469699124117591E+01    0.242895823773912340E+02    0.138635563614284801E+10    0.309674051452482047E+03   -0.154837025726241023E+03
    0.880148402209638192E+01    0.109520739972388381E+01    0.215183023179221848E+02    0.870138916400225401E+09    0.309615859614220199E+03   -0.154807929807110099E+03
    0.171007388824877822E+02    0.109259409747549574E+01    0.293696380592045330E+02    0.151514001621693516E+10    0.309600962863606014E+03   -0.154800481431803007E+03
    0.164763025691732778E+02    0.109536205027198652E+01    0.207144822812502127E+02    0.124815745385944963E+10    0.309381288729826110E+03   -0.154690644364913055E+03
    0.176587368125048094E+02    0.109317883666132265E+01    0.275281453088642785E+02    0.901610630116822720E+09    0.309354200648202436E+03   -0.154677100324101218E+03
    0.174878112549818496E+02    0.108827226123098408E+01    0.225985225039757367E+02    0.116950621187865472E+10    0.309130509900146535E+03   -0.154565254950073268E+03
    0.426521718924246862E+01    0.109091382605626763E+01    0.362887900970069097E+02    0.772038088042585373E+09    0.309100385295289300E+03   -0.154550192647644650E+03
    0.101134586658795094E+02    0.109560194522430665E+01    0.211454702360339013E+02    0.943563402100663066E+09    0.309098425958926384E+03   -0.154549212979463192E+03
    0.131668050981161180E+02    0.109008855012266026E+01    0.176629364154407149E+02    0.163549745752803254E+10    0.309010285747215391E+03   -0.154505142873607696E+03
    0.114978737351668610E+02    0.109338827830976326E+01    0.210136121355384518E+02    0.873689065926821232E+09    0.308889357536521004E+03   -0.154444678768260502E+03
    0.653441461698623804E+01    0.108992190363633301E+01    0.357178859145120455E+02    0.103869357661689293E+10    0.308846125722363070E+03   -0.154423062861181535E+03
    0.112165491692797765E+02    0.109279015773131927E+01    0.272912072107365411E+02    0.186526975814939213E+10    0.308834318437396178E+03   -0.154417159218698089E+03
    0.101892247980263146E+02    0.108663857748680726E+01    0.195708907524558064E+02    0.991705284987449765E+09    0.308755698003193345E+03   -0.154377849001596672E+03
    0.146582152518931785E+02    0.109268649397559114E+01    0.181724202732299673E+02    0.112856004679026389E+10    0.308698499124447949E+03   -0.154349249562223974E+03
    0.989050334381601992E+01    0.108662177862952780E+01    0.267502806526321066E+02    0.110411975165876317E+10    0.308640629183241231E+03   -0.154320314591620615E+03
    0.482169758832513384E+01    0.109417196753460400E+01    0.346054455046402296E+02    0.845834037602889299E+09    0.308475291789551079E+03   -0.154237645894775540E+03
    0.755736538502987898E+01    0.109152574620453602E+01    0.245146109625210151E+02    0.746171794282318473E+09    0.308305812473475498E+03   -0.154152906236737749E+03
    0.165385690556335021E+02    0.109133925496547035E+01    0.199595200676392750E+02    0.112902061410462523E+10    0.308282358195080633E+03   -0.154141179097540316E+03
    0.180640061572859487E+02    0.109293502580586743E+01    0.316391994422619725E+02    0.131076051859467959E+10    0.308233663570063868E+03   -0.154116831785031934E+03
    0.283475906637473862E+01    0.109641972852935243E+01    0.290162953319651464E+02    0.137116186654008198E+10    0.308082188960019209E+03   -0.154041094480009605E+03
    0.622669972894883639E+01    0.109021950322227723E+01    0.314419995693201102E+02    0.746393412014210939E+09    0.308024025243825179E+03   -0.154012012621912589E+03
    0.322082366891914473E+01    0.108953432318322641E+01    0.146271311002491835E+02    0.164087875777117491E+10    0.307934316240437852E+03   -0.153967158120218926E+03
    0.975575002577949491E+01    0.109473761807138015E+01    0.277032126834138737E+02    0.849686222121759772E+09    0.307927668672494860E+03   -0.153963834336247430E+03
    0.101397924187236566E+02    0.108786038939329410E+01    0.164671671942746585E+02    0.112770290813249421E+10    0.307700765853288033E+03   -0.153850382926644016E+03
    0.206612336275108106E+02    0.109076756382788176E+01    0.255560622732861944E+02    0.129686300271682143E+10    0.307646397174548099E+03   -0.153823198587274049E+03
    0.131479363272579288E+02    0.108977023418267538E+01    0.163935882845567882E+02    0.120375482548466706E+10    0.307375409079468909E+03   -0.153687704539734455E+03
    0.114421545678584415E+02    0.109487824038443748E+01    0.297161694016435121E+02    0.121360383351789165E+10    0.307230101065775500E+03   -0.153615050532887750E+03
    0.124229847633256014E+02    0.109118196788322974E+01    0.332980595937287092E+02    0.884688901749100208E+09    0.307221438812806127E+03   -0.153610719406403064E+03
    0.385874150938439175E+01    0.109548750076166179E+01    0.297938475007843984E+02    0.893668647662688613E+09    0.307193418434956868E+03   -0.153596709217478434E+03
    0.158463876484840789E+02    0.109128184905885872E+01    0.288401244263419443E+02    0.921581059646449089E+09    0.306992278218636329E+03   -0.153496139109318165E+03
    0.387888551115547475E+01    0.109377188250800983E+01    0.270321618614573005E+02    0.776155687244096518E+09    0.306935275052847601E+03   -0.153467637526423800E+03
    0.291737894999983682E+01    0.108477683003867109E+01    0.227194006798620833E+02    0.132167920901526093E+10    0.306826641305001203E+03   -0.153413320652500602E+03
    0.121006241607569791E+02    0.108905768071869047E+01    0.215912302786546562E+02    0.156779609537545180E+10    0.306825132674853194E+03   -0.153412566337426597E+03
    0.557205409673162944E+01    0.109380462617752272E+01    0.321475375165410497E+02    0.822759663272218227E+09    0.306816671266425885E+03   -0.153408335633212943E+03
    0.578464900828694617E+01    0.109294039305357193E+01    0.325373676846677142E+02    0.782673646406161308E+09    0.306811138503712868E+03   -0.153405569251856434E+03
    0.556963482393309306E+01    0.109689409156520190E+01    0.208817243069197609E+02    0.126367139095784569E+10    0.306769331022687254E+03   -0.153384665511343627E+03
    0.151562831827414057E+01    0.108890621720162883E+01    0.311153073897825223E+02    0.831956113058325768E+09    0.306768288415519521E+03   -0.153384144207759761E+03
    0.259666758463040193E+01    0.109356712097573761E+01    0.224330929936392423E+02    0.824526789965321660E+09    0.306736856775861042E+03   -0.153368428387930521E+03
    0.190022566018544947E+01    0.109329628346925500E+01    0.157009644435064484E+02    0.113250182443930650E+10    0.306684369016354424E+03   -0.153342184508177212E+03
    0.397152129485066396E+01    0.109371679828417157E+01    0.226781124762924904E+02    0.183562286330296707E+10    0.306657424502564425E+03   -0.153328712251282212E+03
    0.135416084992669319E+02    0.109370138451169163E+01    0.273535217225324914E+02    0.141260116808686280E+10    0.306614484788940558E+03   -0.153307242394470279E+03
    0.104374665876948054E+02    0.109093292792692798E+01    0.189174574552029426E+02    0.164490461035875535E+10    0.306613973978200534E+03   -0.153306986989100267E+03
    0.258548390539546347E+01    0.109231827576910412E+01    0.274835586425575720E+02    0.189218522448723316E+10    0.306594934853673067E+03   -0.153297467426836533E+03
    0.133911403228902568E+02    0.108940119341186770E+01    0.190001839907551116E+02    0.139609332921842909E+10    0.306584900854206751E+03   -0.153292450427103375E+03
    0.331892257090493237E+01    0.109500317804912628E+01    0.227800015227468009E+02    0.894637391728853226E+09    0.306430016472103716E+03   -0.153215008236051858E+03
    0.143236302726730411E+02    0.109448914806879105E+01    0.295880980096852610E+02    0.126908866292446113E+10    0.306390651828630666E+03   -0.153195325914315333E+03
    0.401860030902200371E+01    0.108734826998621026E+01    0.273805901226550681E+02    0.112425239996763468E+10    0.306388168367594915E+03   -0.153194084183797457E+03
    0.349063629534277498E+01    0.108627938183964123E+01    0.201241955193229280E+02    0.113899295297624207E+10    0.306376155780205920E+03   -0.153188077890102960E+03
    0.160446779834444619E+02    0.109193270591893232E+01    0.283174760414233297E+02    0.105110816462243247E+10    0.306307147604494958E+03   -0.153153573802247479E+03
    0.685382983662807366E+00    0.108890129579285433E+01    0.137906178611120396E+02    0.136763813092961979E+10    0.306279708203325015E+03   -0.153139854101662507E+03
    0.125452114574976186E+02    0.109023644046689783E+01    0.204587755112215035E+02    0.148356248811788940E+10    0.306256262577153564E+03   -0.153128131288576782E+03
    0.748901256603212051E+01    0.109492675774937243E+01    0.303332794821062137E+02    0.136730677515456319E+10    0.306253276483828358E+03   -0.153126638241914179E+03
    0.667321511975011461E+01    0.109556098737681040E+01    0.270714381611061974E+02    0.967363134771160126E+09    0.306213591541924643E+03   -0.153106795770962322E+03
    0.578688543274322731E+00    0.109411152213921770E+01    0.153089914717764177E+02    0.122009884386849785E+10    0.306105905007486854E+03   -0.153052952503743427E+03
    0.628957967502105220E+01    0.108809472523213868E+01    0.223763826818399352E+02    0.166153014873247004E+10    0.305988689441207498E+03   -0.152994344720603749E+03
    0.120556054008733931E+02    0.108906536398614229E+01    0.230766028538187129E+02    0.101315865154145896E+10    0.305907547567662505E+03   -0.152953773783831252E+03
    0.386369933793326581E+01    0.109307103894617907E+01    0.330251209935762660E+02    0.824688829372391820E+09    0.305846923086473453E+03   -0.152923461543236726E+03
    0.386369933793326581E+01    0.109307103894617907E+01    0.330251209935762660E+02    0.824688829372391820E+09    0.305846923086473453E+03   -0.152923461543236726E+03
    0.669364696277099913E+01    0.109536129288414497E+01    0.267089339726517601E+02    0.101214245608651769E+10    0.305820795325464928E+03   -0.152910397662732464E+03
    0.669364696277099913E+01    0.109536129288414497E+01    0.267089339726517601E+02    0.101214245608651769E+10    0.305820795325464928E+03   -0.152910397662732464E+03
    0.103383827524924854E+01    0.108809222141998929E+01    0.186762007493032236E+02    0.967878684064862132E+09    0.305818179096797905E+03   -0.152909089548398953E+03
    0.768621851716832527E+01    0.109072836138093843E+01    0.290234702667362470E+02    0.168128259873556876E+10    0.305788240692243107E+03   -0.152894120346121554E+03
    0.768621851716832527E+01    0.109072836138093843E+01    0.290234702667362470E+02    0.168128259873556876E+10    0.305788240692243107E+03   -0.152894120346121554E+03
    0.847727037349668144E+01    0.108938565577578084E+01    0.281617712224441767E+02    0.857870632239868164E+09    0.305778488871020329E+03   -0.152889244435510165E+03
    0.588651598046695845E+01    0.108991568805067063E+01    0.275709822383612462E+02    0.172387353089687061E+10    0.305761819975185233E+03   -0.152880909987592617E+03
    0.569799259471478425E+01    0.109328507982603074E+01    0.304832287404882329E+02    0.154374014773820615E+10    0.305741135273905911E+03   -0.152870567636952956E+03
    0.863370055164141781E+00    0.109596160713550872E+01    0.218746749787705070E+02    0.107593454223236609E+10    0.305729372060049059E+03   -0.152864686030024529E+03
    0.850649542024842376E+01    0.108991338750921929E+01    0.203775432540998480E+02    0.167434963107196665E+10    0.305643614738599183E+03   -0.152821807369299592E+03
    0.153109481754014687E+01    0.109303741846468450E+01    0.167807053186273976E+02    0.146796941832738066E+10    0.305585748016358593E+03   -0.152792874008179297E+03
    0.114346858290801023E+02    0.108651590189105307E+01    0.230774322730843302E+02    0.127102871692801118E+10    0.305435487813311568E+03   -0.152717743906655784E+03
    0.515592344720012008E+01    0.109454430751587406E+01    0.324271528053098237E+02    0.124945817982923150E+10    0.305426840222582086E+03   -0.152713420111291043E+03
    0.581348230804393840E+01    0.109268173368569799E+01    0.231675636887908247E+02    0.180023692980648232E+10    0.305412746959268929E+03   -0.152706373479634465E+03
    0.581348230804393840E+01    0.109268173368569799E+01    0.231675636887908247E+02    0.180023692980648232E+10    0.305412746959268929E+03   -0.152706373479634465E+03
    0.739074069286566981E+01    0.108982161331512195E+01    0.271869381909006123E+02    0.835848913662369967E+09    0.305383994140514119E+03   -0.152691997070257059E+03
    0.739074069286566981E+01    0.108982161331512195E+01    0.271869381909006123E+02    0.835848913662369967E+09    0.305383994140514119E+03   -0.152691997070257059E+03
    0.947503532723915853E+01    0.109554181082335900E+01    0.261696135328079933E+02    0.133308858538320827E+10    0.305377870434796421E+03   -0.152688935217398210E+03
    0.735034672251019838E+01    0.109295942343214292E+01    0.297416319505690083E+02    0.154968051488797617E+10    0.305335198123634996E+03   -0.152667599061817498E+03
    0.444391608864524501E+00    0.108540092144191269E+01    0.212075645566743169E+02    0.124065697677083063E+10    0.305334314836676242E+03   -0.152667157418338121E+03
    0.444391608864524501E+00    0.108540092144191269E+01    0.212075645566743169E+02    0.124065697677083063E+10    0.305334314836676242E+03   -0.152667157418338121E+03
    0.475904391825531459E+00    0.108807783945343672E+01    0.137157508080603527E+02    0.129725542777867818E+10    0.305331050497030901E+03   -0.152665525248515451E+03
    0.520347315948602063E+01    0.108889326642184248E+01    0.253541447086778930E+02    0.857891994607500076E+09    0.305321292605364022E+03   -0.152660646302682011E+03
    0.520347315948602063E+01    0.108889326642184248E+01    0.253541447086778930E+02    0.857891994607500076E+09    0.305321292605364022E+03   -0.152660646302682011E+03
    0.107716192367629091E+02    0.108884053721725893E+01    0.208032011187250063E+02    0.114871576920785236E+10    0.305320475691143827E+03   -0.152660237845571913E+03
    0.119381506153965820E+02    0.109142857131996207E+01    0.188091444905410512E+02    0.117887987815961313E+10    0.305300023605435570E+03   -0.152650011802717785E+03
    0.119381506153965820E+02    0.109142857131996207E+01    0.188091444905410512E+02    0.117887987815961313E+10    0.305300023605435570E+03   -0.152650011802717785E+03
    0.105712187004810296E+02    0.108860359017513963E+01    0.161548568224371287E+02    0.129457567076668096E+10    0.305286361605362117E+03   -0.152643180802681059E+03
    0.808574125555764311E+01    0.109379095785581026E+01    0.215217678827330658E+02    0.967258841845695972E+09    0.305216333306327329E+03   -0.152608166653163664E+03
    0.280104050773379409E+00    0.109176490851424157E+01    0.236495755724140295E+02    0.186715811889304852E+10    0.305167625651529249E+03   -0.152583812825764625E+03
    0.651830218810178952E+01    0.109092531436966200E+01    0.186620091128250465E+02    0.162105106100320029E+10    0.305162078194730952E+03   -0.152581039097365476E+03
    0.823333857156463567E+00    0.109030654737711385E+01    0.168568037962946704E+02    0.154788060444459581E+10    0.305143157622341676E+03   -0.152571578811170838E+03
    0.823333857156463567E+00    0.109030654737711385E+01    0.168568037962946704E+02    0.154788060444459581E+10    0.305143157622341676E+03   -0.152571578811170838E+03
    0.135324287370788188E+02    0.109286717729696536E+01    0.283634351435834979E+02    0.105195046744557488E+10    0.305117157814429959E+03   -0.152558578907214979E+03
    0.135324287370788188E+02    0.109286717729696536E+01    0.283634351435834979E+02    0.105195046744557488E+10    0.305117157814429959E+03   -0.152558578907214979E+03
    0.104229102850086637E+02    0.109243910723689774E+01    0.191596159634376662E+02    0.116427826693359351E+10    0.305062403726744265E+03   -0.152531201863372132E+03
    0.792378324690476710E+01    0.109438792770986804E+01    0.213896907004695258E+02    0.111355833414649177E+10    0.305037897472503971E+03   -0.152518948736251986E+03
    0.410349754194676297E+01    0.108794268950249085E+01    0.273144622470077216E+02    0.953650016934245229E+09    0.305015572549424405E+03   -0.152507786274712203E+03
    0.569888111182969670E+01    0.108818466856755891E+01    0.272307879629855414E+02    0.112143075286749506E+10    0.305002414521137212E+03   -0.152501207260568606E+03
    0.569888111182969670E+01    0.108818466856755891E+01    0.272307879629855414E+02    0.112143075286749506E+10    0.305002414521137212E+03   -0.152501207260568606E+03
    0.889277509467488869E+01    0.109024661400312417E+01    0.314390543075154802E+02    0.919898643713720083E+09    0.304983523599269915E+03   -0.152491761799634958E+03
    0.814395382272068424E+01    0.109222341403244916E+01    0.269181742122522039E+02    0.828742465178424478E+09    0.304969884726024759E+03   -0.152484942363012379E+03
    0.814395382272068424E+01    0.109222341403244916E+01    0.269181742122522039E+02    0.828742465178424478E+09    0.304969884726024759E+03   -0.152484942363012379E+03
    0.195366658848667241E+01    0.108979343859669719E+01    0.170946838783648225E+02    0.148953647190171051E+10    0.304927628991149163E+03   -0.152463814495574582E+03
    0.195366658848667241E+01    0.108979343859669719E+01    0.170946838783648225E+02    0.148953647190171051E+10    0.304927628991149163E+03   -0.152463814495574582E+03
    0.378609463470779151E+01    0.109283263092362759E+01    0.269633023489049179E+02    0.174425714758921552E+10    0.304862575074709866E+03   -0.152431287537354933E+03
    0.681064772805699725E+01    0.109224163631123683E+01    0.195145939471100043E+02    0.158789470258996177E+10    0.304827303269997856E+03   -0.152413651634998928E+03
    0.124483804344084659E+01    0.109193431768113158E+01    0.249999411000207630E+02    0.802362867784655929E+09    0.304825195852172669E+03   -0.152412597926086335E+03
    0.140399818400869076E+02    0.109431888301155733E+01    0.228024962456262763E+02    0.128440381592038536E+10    0.304816326445860227E+03   -0.152408163222930114E+03
    0.140399818400869076E+02    0.109431888301155733E+01    0.228024962456262763E+02    0.128440381592038536E+10    0.304816326445860227E+03   -0.152408163222930114E+03
    0.776715657291935369E+01    0.109145349551436732E+01    0.186369893146450529E+02    0.148160396910016465E+10    0.304799601972540245E+03   -0.152399800986270122E+03
    0.937830902809427158E+01    0.109508589825935676E+01    0.217676805210999014E+02    0.134181754550320339E+10    0.304791123257977972E+03   -0.152395561628988986E+03
    0.937830902809427158E+01    0.109508589825935676E+01    0.217676805210999014E+02    0.134181754550320339E+10    0.304791123257977972E+03   -0.152395561628988986E+03
    0.132605380578679046E+02    0.109102706026653329E+01    0.271311067379693114E+02    0.111382142202355957E+10    0.304775297306658729E+03   -0.152387648653329364E+03
    0.506628509904855395E+01    0.109005599668335140E+01    0.232177499727677272E+02    0.175274188148404908E+10    0.304773105841801055E+03   -0.152386552920900527E+03
    0.506628509904855395E+01    0.109005599668335140E+01    0.232177499727677272E+02    0.175274188148404908E+10    0.304773105841801055E+03   -0.152386552920900527E+03
    0.315636640493488629E+01    0.109368631466315414E+01    0.304294261764403835E+02    0.860566886093023896E+09    0.304713521859288562E+03   -0.152356760929644281E+03
    0.954920577403470539E+01    0.109264152629042877E+01    0.309622864419474944E+02    0.893835457573216438E+09    0.304696646329980297E+03   -0.152348323164990148E+03
    0.440605115379714363E+01    0.109324334609421436E+01    0.350458197635611697E+02    0.128058312284305429E+10    0.304677646819773145E+03   -0.152338823409886572E+03
    0.967261685764059820E+01    0.109101837296482196E+01    0.206584256725545856E+02    0.996051782703842878E+09    0.304673964581686562E+03   -0.152336982290843281E+03
    0.403493808925169284E+00    0.109541082075490648E+01    0.272832675312434425E+02    0.120718062232801461E+10    0.304659293208418603E+03   -0.152329646604209302E+03
    0.951813848574013477E+01    0.109041240896277425E+01    0.308562470826973581E+02    0.103265716814607203E+10    0.304645649037740895E+03   -0.152322824518870448E+03
    0.676129837418415658E+01    0.109403732486263672E+01    0.328017036574208163E+02    0.129648443249948120E+10    0.304642888549148893E+03   -0.152321444274574446E+03
    0.676129837418415658E+01    0.109403732486263672E+01    0.328017036574208163E+02    0.129648443249948120E+10    0.304642888549148893E+03   -0.152321444274574446E+03
    0.139371388228696773E+02    0.109024034339646847E+01    0.245115776137048265E+02    0.137666381436561656E+10    0.304563288261383093E+03   -0.152281644130691546E+03
    0.374008061692273053E+01    0.109228798125695481E+01    0.259798913902722788E+02    0.176233982404592180E+10    0.304502878455485870E+03   -0.152251439227742935E+03
    0.374008061692273053E+01    0.109228798125695481E+01    0.259798913902722788E+02    0.176233982404592180E+10    0.304502878455485870E+03   -0.152251439227742935E+03
    0.445916905938293695E+01    0.109407814445103369E+01    0.237548161357964069E+02    0.154299965061841369E+10    0.304430949793800721E+03   -0.152215474896900361E+03
    0.660492435449798854E+00    0.109552681902010995E+01    0.245387386675616384E+02    0.120001593067532969E+10    0.304367321813009141E+03   -0.152183660906504571E+03
    0.478065494300513372E+01    0.109487813751897667E+01    0.217804252233318429E+02    0.107119823323817396E+10    0.304360908249390150E+03   -0.152180454124695075E+03
    0.138345434650092991E+01    0.109463208025099856E+01    0.250870850454452743E+02    0.143583048692672491E+10    0.304347699348669039E+03   -0.152173849674334519E+03
    0.138345434650092991E+01    0.109463208025099856E+01    0.250870850454452743E+02    0.143583048692672491E+10    0.304347699348669039E+03   -0.152173849674334519E+03
    0.561246025429086615E+01    0.109301105243753338E+01    0.224223071088562484E+02    0.165499660150018406E+10    0.304326246653522787E+03   -0.152163123326761394E+03
    0.561246025429086615E+01    0.109301105243753338E+01    0.224223071088562484E+02    0.165499660150018406E+10    0.304326246653522787E+03   -0.152163123326761394E+03
    0.459850559357662636E+01    0.109345421153478406E+01    0.253528218987649332E+02    0.161241932525006700E+10    0.304292356005020565E+03   -0.152146178002510283E+03
    0.227684878898344190E+01    0.109556306347742805E+01    0.287643631877683674E+02    0.125903698764768100E+10    0.304246321367637449E+03   -0.152123160683818725E+03
    0.227684878898344190E+01    0.109556306347742805E+01    0.287643631877683674E+02    0.125903698764768100E+10    0.304246321367637449E+03   -0.152123160683818725E+03
    0.626970980862958260E+01    0.109291625437015250E+01    0.212322229208853024E+02    0.948632821846853614E+09    0.304209812158546811E+03   -0.152104906079273405E+03
    0.626970980862958260E+01    0.109291625437015250E+01    0.212322229208853024E+02    0.948632821846853614E+09    0.304209812158546811E+03   -0.152104906079273405E+03
    0.714392777111723642E+01    0.109058715094544145E+01    0.318237895766168357E+02    0.106720499088058603E+10    0.304188644026352620E+03   -0.152094322013176310E+03
    0.714392777111723642E+01    0.109058715094544145E+01    0.318237895766168357E+02    0.106720499088058603E+10    0.304188644026352620E+03   -0.152094322013176310E+03
    0.671880041846321507E+01    0.109314783963084716E+01    0.194115251665621180E+02    0.116186773521459293E+10    0.304140657092020149E+03   -0.152070328546010074E+03
    0.671880041846321507E+01    0.109314783963084716E+01    0.194115251665621180E+02    0.116186773521459293E+10    0.304140657092020149E+03   -0.152070328546010074E+03
    0.844138686733280852E+00    0.109285508463119907E+01    0.271226588492673670E+02    0.169029840420379400E+10    0.304125726812852008E+03   -0.152062863406426004E+03
    0.844138686733280852E+00    0.109285508463119907E+01    0.271226588492673670E+02    0.169029840420379400E+10    0.304125726812852008E+03   -0.152062863406426004E+03
    0.547525666995113802E+01    0.108712793623045045E+01    0.275534107512101905E+02    0.127312887781733561E+10    0.304103074625486840E+03   -0.152051537312743420E+03
    0.890029802270072778E+01    0.108839612051054724E+01    0.230828394259867942E+02    0.109008972923443079E+10    0.304098211465806230E+03   -0.152049105732903115E+03
    0.890029802270072778E+01    0.108839612051054724E+01    0.230828394259867942E+02    0.109008972923443079E+10    0.304098211465806230E+03   -0.152049105732903115E+03
    0.127572940486013859E+02    0.109198372174254232E+01    0.277658301133088479E+02    0.106888572055366063E+10    0.304063180322764936E+03   -0.152031590161382468E+03
    0.258590643150351474E+01    0.108907835300440303E+01    0.210781513834782146E+02    0.157908052164707804E+10    0.304056224171742997E+03   -0.152028112085871498E+03
    0.258590643150351474E+01    0.108907835300440303E+01    0.210781513834782146E+02    0.157908052164707804E+10    0.304056224171742997E+03   -0.152028112085871498E+03
    0.301686077475738124E+01    0.109102768865967747E+01    0.329812142221575826E+02    0.892794383131139278E+09    0.304027095315231122E+03   -0.152013547657615561E+03
    0.301686077475738124E+01    0.109102768865967747E+01    0.329812142221575826E+02    0.892794383131139278E+09    0.304027095315231122E+03   -0.152013547657615561E+03
    0.585387777030711320E+00    0.109392298670312305E+01    0.299282792804005808E+02    0.118382214509097672E+10    0.303995425043427360E+03   -0.151997712521713680E+03
    0.144893023901522700E+01    0.109147933018808208E+01    0.304565229966189293E+02    0.149282274555272555E+10    0.303986144266078327E+03   -0.151993072133039163E+03
    0.144893023901522700E+01    0.109147933018808208E+01    0.304565229966189293E+02    0.149282274555272555E+10    0.303986144266078327E+03   -0.151993072133039163E+03
    0.660266153103852993E+01    0.109218480119404360E+01    0.257840024977752833E+02    0.164918403685638356E+10    0.303956312220255995E+03   -0.151978156110127998E+03
    0.660266153103852993E+01    0.109218480119404360E+01    0.257840024977752833E+02    0.164918403685638356E+10    0.303956312220255995E+03   -0.151978156110127998E+03
    0.791450264951179516E+01    0.109134608434540392E+01    0.321008733921733764E+02    0.976887359927119255E+09    0.303945662373429286E+03   -0.151972831186714643E+03
    0.235627699104914434E+01    0.109474910711062434E+01    0.186955256779295489E+02    0.122968055494504642E+10    0.303944894797188795E+03   -0.151972447398594397E+03
    0.102846531916244697E+02    0.108890032592580677E+01    0.252377000476942825E+02    0.137668841539762068E+10    0.303943840339987730E+03   -0.151971920169993865E+03
    0.102846531916244697E+02    0.108890032592580677E+01    0.252377000476942825E+02    0.137668841539762068E+10    0.303943840339987730E+03   -0.151971920169993865E+03
    0.237845166455645692E-01    0.108762928645177892E+01    0.186465231831990863E+02    0.138501960357521915E+10    0.303917126880104831E+03   -0.151958563440052416E+03
    0.237845166455645692E-01    0.108762928645177892E+01    0.186465231831990863E+02    0.138501960357521915E+10    0.303917126880104831E+03   -0.151958563440052416E+03
    0.131833360358894991E+01    0.108835964420875353E+01    0.165458725965233597E+02    0.135829067058153749E+10    0.303906924645854815E+03   -0.151953462322927408E+03
    0.317504218954868156E+01    0.108997495595184923E+01    0.320241691697894098E+02    0.135320484152245879E+10    0.303885034763743590E+03   -0.151942517381871795E+03
    0.317504218954868156E+01    0.108997495595184923E+01    0.320241691697894098E+02    0.135320484152245879E+10    0.303885034763743590E+03   -0.151942517381871795E+03
    0.573499092589990234E+01    0.109352728162328150E+01    0.295920980586044173E+02    0.117676913788153338E+10    0.303883488526857889E+03   -0.151941744263428944E+03
    0.555734389969962628E+01    0.109156723162160119E+01    0.258662448412707420E+02    0.169232728691567707E+10    0.303875749254333527E+03   -0.151937874627166764E+03
    0.890494369192464319E+01    0.109195751834763466E+01    0.214535705686247731E+02    0.145896412070209813E+10    0.303866940673414319E+03   -0.151933470336707160E+03
    0.827074035169942512E+01    0.108837538165140990E+01    0.216692586059014580E+02    0.138945659512117696E+10    0.303865183955866542E+03   -0.151932591977933271E+03
    0.132948848223530174E+02    0.109405624046449224E+01    0.240440415408041375E+02    0.128867817929716516E+10    0.303864976018829395E+03   -0.151932488009414698E+03
    0.116631516408446831E+02    0.109011999249299363E+01    0.279801215208223475E+02    0.136439386980903554E+10    0.303847122045638059E+03   -0.151923561022819030E+03
    0.116631516408446831E+02    0.109011999249299363E+01    0.279801215208223475E+02    0.136439386980903554E+10    0.303847122045638059E+03   -0.151923561022819030E+03
    0.245172651546180598E+01    0.109386581833297680E+01    0.187295518501296883E+02    0.138957612840297890E+10    0.303843884081763804E+03   -0.151921942040881902E+03
    0.619218399690664834E+00    0.108848946181298722E+01    0.183715237138792702E+02    0.108149560657875705E+10    0.303813616796771896E+03   -0.151906808398385948E+03
    0.619218399690664834E+00    0.108848946181298722E+01    0.183715237138792702E+02    0.108149560657875705E+10    0.303813616796771896E+03   -0.151906808398385948E+03
    0.679687532767753577E+01    0.109067822976200413E+01    0.284540681605277328E+02    0.143780070064392948E+10    0.303727068636330330E+03   -0.151863534318165165E+03
    0.679687532767753577E+01    0.109067822976200413E+01    0.284540681605277328E+02    0.143780070064392948E+10    0.303727068636330330E+03   -0.151863534318165165E+03
    0.614905207037924306E+01    0.108898449200032843E+01    0.203825197445697981E+02    0.104613706739274776E+10    0.303713192581766180E+03   -0.151856596290883090E+03
    0.764041097617363052E+00    0.109032578459324214E+01    0.283110107199069141E+02    0.844458970335388422E+09    0.303688033698529125E+03   -0.151844016849264563E+03
    0.764041097617363052E+00    0.109032578459324214E+01    0.283110107199069141E+02    0.844458970335388422E+09    0.303688033698529125E+03   -0.151844016849264563E+03
    0.932230392347076275E+00    0.108807101192953670E+01    0.297316650043083612E+02    0.129831365238830900E+10    0.303659890346265229E+03   -0.151829945173132614E+03
    0.932230392347076275E+00    0.108807101192953670E+01    0.297316650043083612E+02    0.129831365238830900E+10    0.303659890346265229E+03   -0.151829945173132614E+03
    0.678619105551469914E+01    0.108982236557835233E+01    0.249871078753936722E+02    0.912524934916674495E+09    0.303649105181298467E+03   -0.151824552590649233E+03
    0.126628558735251477E+02    0.108933214459716132E+01    0.220739085985820083E+02    0.123349736294210792E+10    0.303611354410051320E+03   -0.151805677205025660E+03
    0.118218729950667445E+01    0.109487011773645548E+01    0.189733918043393075E+02    0.124159180363424635E+10    0.303574310050457200E+03   -0.151787155025228600E+03
    0.751701848640218984E+01    0.109027535515300400E+01    0.241423169814902430E+02    0.152097147098912525E+10    0.303557868563904776E+03   -0.151778934281952388E+03
    0.838191890128884864E+01    0.109261037419738516E+01    0.176828310832789271E+02    0.132671297508214307E+10    0.303542316641293496E+03   -0.151771158320646748E+03
    0.822324745741908281E+01    0.109274303172261589E+01    0.296702828498827351E+02    0.915740253345958114E+09    0.303522164437575498E+03   -0.151761082218787749E+03
    0.107272743958731409E+01    0.109203217076510106E+01    0.226298465346674469E+02    0.170671269415582514E+10    0.303481944851457683E+03   -0.151740972425728842E+03
    0.227457329596592128E+01    0.108819321733495467E+01    0.263487530237445817E+02    0.107104591149732685E+10    0.303477436302626018E+03   -0.151738718151313009E+03
    0.737063737777273875E+01    0.109346669083815917E+01    0.247871506737010598E+02    0.112819369849110937E+10    0.303468597270486839E+03   -0.151734298635243420E+03
    0.858876437874235243E+01    0.109175816377571477E+01    0.253469538500166074E+02    0.150904426989019346E+10    0.303459438741839222E+03   -0.151729719370919611E+03
    0.133455379906945004E+01    0.109229211111658731E+01    0.225819620178129448E+02    0.894492372876288056E+09    0.303432302494704459E+03   -0.151716151247352229E+03
    0.133455379906945004E+01    0.109229211111658731E+01    0.225819620178129448E+02    0.894492372876288056E+09    0.303432302494704459E+03   -0.151716151247352229E+03
    0.394113565056410398E+01    0.108955089524640325E+01    0.317847122508414834E+02    0.131337243625794578E+10    0.303376107795550524E+03   -0.151688053897775262E+03
    0.394113565056410398E+01    0.108955089524640325E+01    0.317847122508414834E+02    0.131337243625794578E+10    0.303376107795550524E+03   -0.151688053897775262E+03
    0.776371756302169658E+01    0.109129316523047160E+01    0.235442261799367678E+02    0.154842077468803978E+10    0.303375056111957633E+03   -0.151687528055978817E+03
    0.115363267860861853E+02    0.108867028031954383E+01    0.202818321232469998E+02    0.129903236495106769E+10    0.303373905805782044E+03   -0.151686952902891022E+03
    0.103010696790599940E+02    0.108897515367786313E+01    0.261965648406493123E+02    0.134666742732629585E+10    0.303368597172593923E+03   -0.151684298586296961E+03
    0.166428766665543337E+01    0.109253983586788017E+01    0.275557758105326300E+02    0.158742449870946693E+10    0.303352255426260172E+03   -0.151676127713130086E+03
    0.166428766665543337E+01    0.109253983586788017E+01    0.275557758105326300E+02    0.158742449870946693E+10    0.303352255426260172E+03   -0.151676127713130086E+03
    0.432483276558525720E+01    0.108938758066705654E+01    0.285992168762171524E+02    0.980519452941790581E+09    0.303315751031904483E+03   -0.151657875515952242E+03
    0.432483276558525720E+01    0.108938758066705654E+01    0.285992168762171524E+02    0.980519452941790581E+09    0.303315751031904483E+03   -0.151657875515952242E+03
    0.482195239428470368E+00    0.109091494926773680E+01    0.218805366417213421E+02    0.907927833054143071E+09    0.303314913188780338E+03   -0.151657456594390169E+03
    0.107824646941930702E+01    0.109401089963514564E+01    0.288474435549068922E+02    0.937589002505657077E+09    0.303311130663707729E+03   -0.151655565331853865E+03
    0.478433198947362470E+01    0.109330880038095879E+01    0.287750432291001879E+02    0.897652463189240813E+09    0.303300255234417534E+03   -0.151650127617208767E+03
    0.478433198947362470E+01    0.109330880038095879E+01    0.287750432291001879E+02    0.897652463189240813E+09    0.303300255234417534E+03   -0.151650127617208767E+03
    0.607627634831471486E+01    0.109073785199034612E+01    0.312878743126736474E+02    0.961233823063848257E+09    0.303282453218252613E+03   -0.151641226609126306E+03
    0.607627634831471486E+01    0.109073785199034612E+01    0.312878743126736474E+02    0.961233823063848257E+09    0.303282453218252613E+03   -0.151641226609126306E+03
    0.125004182211957793E+01    0.109227891588029502E+01    0.194681055971807346E+02    0.148587329702085876E+10    0.303281881431465081E+03   -0.151640940715732540E+03
    0.108424150206471719E+02    0.108966171661705058E+01    0.281158558744296734E+02    0.123149513370533872E+10    0.303274842265763198E+03   -0.151637421132881599E+03
    0.108424150206471719E+02    0.108966171661705058E+01    0.281158558744296734E+02    0.123149513370533872E+10    0.303274842265763198E+03   -0.151637421132881599E+03
    0.264317806491597806E+00    0.109449438823825007E+01    0.221230116878030074E+02    0.107048953711357629E+10    0.303252275192101422E+03   -0.151626137596050711E+03
    0.264317806491597806E+00    0.109449438823825007E+01    0.221230116878030074E+02    0.107048953711357629E+10    0.303252275192101422E+03   -0.151626137596050711E+03
    0.123019975001048465E+02    0.109336777034125254E+01    0.226279137886266284E+02    0.131881586888393879E+10    0.303246066856431298E+03   -0.151623033428215649E+03
    0.202262907014061177E+01    0.109347158803637479E+01    0.206225792125169463E+02    0.115546524103912783E+10    0.303195949051548325E+03   -0.151597974525774163E+03
    0.150239802662047839E+01    0.109286827780927687E+01    0.288171114144027030E+02    0.144624641056172585E+10    0.303181268063049743E+03   -0.151590634031524871E+03
    0.515389596507042747E+01    0.109468337661881754E+01    0.191856490125621129E+02    0.129653614048607898E+10    0.303176516869803152E+03   -0.151588258434901576E+03
    0.515389596507042747E+01    0.109468337661881754E+01    0.191856490125621129E+02    0.129653614048607898E+10    0.303176516869803152E+03   -0.151588258434901576E+03
    0.823339591942619364E+01    0.109455340375971200E+01    0.259336021448457466E+02    0.123586463734713006E+10    0.303176124593455768E+03   -0.151588062296727884E+03
    0.154439112710072324E+00    0.109315908717465948E+01    0.201214594701147114E+02    0.114873070282889009E+10    0.303160171825342104E+03   -0.151580085912671052E+03
    0.152094550545663360E-01    0.109034428820491280E+01    0.216355961731606037E+02    0.159586402982634997E+10    0.303141908510507278E+03   -0.151570954255253639E+03
    0.152094550545663360E-01    0.109034428820491280E+01    0.216355961731606037E+02    0.159586402982634997E+10    0.303141908510507278E+03   -0.151570954255253639E+03
    0.283336874245108472E+01    0.109149618010406990E+01    0.230153770335784280E+02    0.166370677281657100E+10    0.303125576018225615E+03   -0.151562788009112808E+03
    0.329113150888956429E+01    0.108888769810850450E+01    0.213401174899365174E+02    0.103455224330576992E+10    0.303113316904537669E+03   -0.151556658452268834E+03
    0.329113150888956429E+01    0.108888769810850450E+01    0.213401174899365174E+02    0.103455224330576992E+10    0.303113316904537669E+03   -0.151556658452268834E+03
    0.550900599663134294E+01    0.109386883202713925E+01    0.271617941752150927E+02    0.993066598822598457E+09    0.303099482685043768E+03   -0.151549741342521884E+03
    0.100590141461641647E+02    0.108928600918747365E+01    0.240304768181935273E+02    0.136639978767840242E+10    0.303026126807656965E+03   -0.151513063403828482E+03
    0.584314177929143508E+01    0.109143214787434140E+01    0.198622540761097355E+02    0.113101052942577744E+10    0.303018697927571054E+03   -0.151509348963785527E+03
    0.584314177929143508E+01    0.109143214787434140E+01    0.198622540761097355E+02    0.113101052942577744E+10    0.303018697927571054E+03   -0.151509348963785527E+03
    0.145838303542350856E+01    0.108900270756839568E+01    0.191825076456984753E+02    0.109410845364593363E+10    0.303017746098683062E+03   -0.151508873049341531E+03
    0.341346946932980932E+01    0.109453652121521094E+01    0.303487748076223873E+02    0.126666611441306591E+10    0.303014076305411209E+03   -0.151507038152705604E+03
    0.598486561106926640E+01    0.109357879102795796E+01    0.206212806365537631E+02    0.119395211226947641E+10    0.303008286995644994E+03   -0.151504143497822497E+03
    0.672968445233230916E+01    0.108912167263211668E+01    0.202529016356614910E+02    0.138565117783609772E+10    0.302997893995940728E+03   -0.151498946997970364E+03
    0.984091984300575895E+01    0.109090436467858010E+01    0.297074305055103416E+02    0.135731428810613728E+10    0.302972877547867313E+03   -0.151486438773933656E+03
    0.217643853314950242E+01    0.109011517243519784E+01    0.185018843709616689E+02    0.108475678649148726E+10    0.302968389234312326E+03   -0.151484194617156163E+03
    0.386200304276492057E+01    0.109421813508468935E+01    0.231745810315929823E+02    0.108886873921991229E+10    0.302959632019308799E+03   -0.151479816009654400E+03
    0.386200304276492057E+01    0.109421813508468935E+01    0.231745810315929823E+02    0.108886873921991229E+10    0.302959632019308799E+03   -0.151479816009654400E+03
    0.202922236709920423E+01    0.108816565519291353E+01    0.222421223011510172E+02    0.107046976076702607E+10    0.302927028044495614E+03   -0.151463514022247807E+03
    0.601386124564471292E+01    0.109135637746726566E+01    0.288398937285359196E+02    0.113076369864031792E+10    0.302912124348227508E+03   -0.151456062174113754E+03
    0.601386124564471292E+01    0.109135637746726566E+01    0.288398937285359196E+02    0.113076369864031792E+10    0.302912124348227508E+03   -0.151456062174113754E+03
    0.264630251670415007E+01    0.109258511020893789E+01    0.292305293094048118E+02    0.142537926207963228E+10    0.302907361546432639E+03   -0.151453680773216320E+03
    0.388761761493926006E+01    0.109138692323835773E+01    0.312786409176699074E+02    0.109320319553780580E+10    0.302900030345348114E+03   -0.151450015172674057E+03
    0.388761761493926006E+01    0.109138692323835773E+01    0.312786409176699074E+02    0.109320319553780580E+10    0.302900030345348114E+03   -0.151450015172674057E+03
    0.251903641887554031E+01    0.108923399642690266E+01    0.158057212360241195E+02    0.129096084338215494E+10    0.302899931303466076E+03   -0.151449965651733038E+03
    0.251903641887554031E+01    0.108923399642690266E+01    0.158057212360241195E+02    0.129096084338215494E+10    0.302899931303466076E+03   -0.151449965651733038E+03
    0.761852894190297736E+01    0.109270669551732835E+01    0.292811982540055808E+02    0.100413847027130532E+10    0.302884855040855541E+03   -0.151442427520427771E+03
    0.709094540397336814E+01    0.109027068150744011E+01    0.179886881212914673E+02    0.122249540195640850E+10    0.302832002028564091E+03   -0.151416001014282045E+03
    0.414980902015383801E+01    0.108974772825550525E+01    0.158335012407719855E+02    0.127638361508925509E+10    0.302818260979880108E+03   -0.151409130489940054E+03
    0.636056672665651313E+01    0.109215756219960713E+01    0.261908690402828341E+02    0.148172023628326654E+10    0.302803827417988657E+03   -0.151401913708994329E+03
    0.880854389306274577E+01    0.109234818652737986E+01    0.298375435657415800E+02    0.136581027787651491E+10    0.302755937044193047E+03   -0.151377968522096523E+03
    0.673779619947725728E+01    0.109151723662846867E+01    0.205859732957888042E+02    0.115585987569436288E+10    0.302745238476022791E+03   -0.151372619238011396E+03
    0.350928454358696662E+01    0.108911093863524111E+01    0.225625818410377832E+02    0.102990943209912503E+10    0.302725614127773497E+03   -0.151362807063886748E+03
    0.350928454358696662E+01    0.108911093863524111E+01    0.225625818410377832E+02    0.102990943209912503E+10    0.302725614127773497E+03   -0.151362807063886748E+03
    0.513142201680583465E+01    0.108725611871732464E+01    0.225382944163513272E+02    0.124313075484981275E+10    0.302669714002726550E+03   -0.151334857001363275E+03
    0.454234135505226000E+01    0.109138992968773452E+01    0.272908746919706395E+02    0.878441594698411822E+09    0.302634825112332862E+03   -0.151317412556166431E+03
    0.582575358805875432E+01    0.109152852010423773E+01    0.235311107173969809E+02    0.151577480766610050E+10    0.302624728582281534E+03   -0.151312364291140767E+03
    0.582575358805875432E+01    0.109152852010423773E+01    0.235311107173969809E+02    0.151577480766610050E+10    0.302624728582281534E+03   -0.151312364291140767E+03
    0.734141022810492494E+01    0.109209244706425346E+01    0.272010707489980454E+02    0.115463569328618884E+10    0.302614550175178238E+03   -0.151307275087589119E+03
    0.734141022810492494E+01    0.109209244706425346E+01    0.272010707489980454E+02    0.115463569328618884E+10    0.302614550175178238E+03   -0.151307275087589119E+03
    0.110824031469433919E+02    0.108915019360420207E+01    0.216259073828821755E+02    0.131028044230985689E+10    0.302604220077898844E+03   -0.151302110038949422E+03
    0.542105890543733349E+01    0.109331042116560617E+01    0.254658913666169369E+02    0.112227645572520518E+10    0.302596855762826408E+03   -0.151298427881413204E+03
    0.566534165037866533E+01    0.109073656581365763E+01    0.229076729882682955E+02    0.957124974437910676E+09    0.302578121549432467E+03   -0.151289060774716233E+03
    0.175621457787274005E+01    0.109390594620850079E+01    0.254666235687087728E+02    0.100257607859749699E+10    0.302573949971125558E+03   -0.151286974985562779E+03
    0.466943459270502093E+01    0.109125626524480168E+01    0.176719630507657328E+02    0.135860601392993951E+10    0.302564697713851729E+03   -0.151282348856925864E+03
    0.484168694648499898E+01    0.109094330596586730E+01    0.307135585506491466E+02    0.966130411676506758E+09    0.302549991129802663E+03   -0.151274995564901332E+03
    0.389993795918837360E+01    0.108920832969636994E+01    0.258509957435953517E+02    0.103353349138420117E+10    0.302536532235921698E+03   -0.151268266117960849E+03
    0.781795831797968432E+01    0.108837235166714841E+01    0.197263570515713980E+02    0.131458085816008997E+10    0.302521745636229639E+03   -0.151260872818114819E+03
    0.647275031203486151E+01    0.109169484897163138E+01    0.298838664683547037E+02    0.931737296048804760E+09    0.302521183717735653E+03   -0.151260591858867826E+03
    0.647275031203486151E+01    0.109169484897163138E+01    0.298838664683547037E+02    0.931737296048804760E+09    0.302521183717735653E+03   -0.151260591858867826E+03
    0.110440832406891687E+01    0.109431400517114952E+01    0.274706870164513290E+02    0.136286269773511100E+10    0.302509705525950835E+03   -0.151254852762975418E+03
    0.110440832406891687E+01    0.109431400517114952E+01    0.274706870164513290E+02    0.136286269773511100E+10    0.302509705525950835E+03   -0.151254852762975418E+03
    0.119717694545833062E+02    0.109041858918202506E+01    0.290590980097767009E+02    0.129061735850921988E+10    0.302501108882860080E+03   -0.151250554441430040E+03
    0.543025089254847959E+01    0.109247349828963736E+01    0.298648532278474761E+02    0.924698928115525246E+09    0.302487324482169470E+03   -0.151243662241084735E+03
    0.543025089254847959E+01    0.109247349828963736E+01    0.298648532278474761E+02    0.924698928115525246E+09    0.302487324482169470E+03   -0.151243662241084735E+03
    0.165069438676757962E+01    0.108773385330499073E+01    0.182641976661656606E+02    0.124694102904542422E+10    0.302445239470433251E+03   -0.151222619735216625E+03
    0.165069438676757962E+01    0.108773385330499073E+01    0.182641976661656606E+02    0.124694102904542422E+10    0.302445239470433251E+03   -0.151222619735216625E+03
    0.731722517773139725E+01    0.109072965064157823E+01    0.175893444665655281E+02    0.131048526153471899E+10    0.302442718759317643E+03   -0.151221359379658821E+03
    0.180381458821149621E+01    0.109304496583857746E+01    0.245616451617360241E+02    0.147878867146624231E+10    0.302434960329381340E+03   -0.151217480164690670E+03
    0.180381458821149621E+01    0.109304496583857746E+01    0.245616451617360241E+02    0.147878867146624231E+10    0.302434960329381340E+03   -0.151217480164690670E+03
    0.570104423221124357E+01    0.109106601097859413E+01    0.201014503991060032E+02    0.116405298668634152E+10    0.302420847377293057E+03   -0.151210423688646529E+03
    0.487305426627227778E+01    0.109244707056344370E+01    0.239536060110501374E+02    0.148239804146644807E+10    0.302416437595584682E+03   -0.151208218797792341E+03
    0.487305426627227778E+01    0.109244707056344370E+01    0.239536060110501374E+02    0.148239804146644807E+10    0.302416437595584682E+03   -0.151208218797792341E+03
    0.735926665264559077E+01    0.109279802937035764E+01    0.224448789809974301E+02    0.140257288448126388E+10    0.302416381144608522E+03   -0.151208190572304261E+03
    0.735926665264559077E+01    0.109279802937035764E+01    0.224448789809974301E+02    0.140257288448126388E+10    0.302416381144608522E+03   -0.151208190572304261E+03
    0.241848443707309624E+01    0.109300192900975257E+01    0.223306499697336278E+02    0.989331419806004047E+09    0.302416165227250303E+03   -0.151208082613625152E+03
    0.463315185545292341E+01    0.109120393982643216E+01    0.225894587462271517E+02    0.952715080034090161E+09    0.302412923543130319E+03   -0.151206461771565159E+03
    0.463315185545292341E+01    0.109120393982643216E+01    0.225894587462271517E+02    0.952715080034090161E+09    0.302412923543130319E+03   -0.151206461771565159E+03
    0.628175923293701466E+01    0.109225703400959873E+01    0.295010320640595616E+02    0.138899122487779570E+10    0.302411072369048497E+03   -0.151205536184524249E+03
    0.734608645971248642E+01    0.109283644869047802E+01    0.301500980367553346E+02    0.122103372158229756E+10    0.302404519133496365E+03   -0.151202259566748182E+03
    0.668856586597975600E+01    0.109364964291625322E+01    0.268956534360598631E+02    0.120489148186589599E+10    0.302392058556769996E+03   -0.151196029278384998E+03
    0.100036198256198681E+02    0.109309820524505152E+01    0.229985222127531017E+02    0.122173660358332968E+10    0.302361761424904273E+03   -0.151180880712452137E+03
    0.100036198256198681E+02    0.109309820524505152E+01    0.229985222127531017E+02    0.122173660358332968E+10    0.302361761424904273E+03   -0.151180880712452137E+03
    0.562147905601158815E+01    0.109023455445478934E+01    0.264148990675697846E+02    0.141159206909829235E+10    0.302350165089028735E+03   -0.151175082544514368E+03
    0.310554517692598520E+01    0.108984265745660069E+01    0.273577017721151563E+02    0.101905658495484507E+10    0.302344395332554484E+03   -0.151172197666277242E+03
    0.165294441486512511E+01    0.109102003375034839E+01    0.230222672407459683E+02    0.926408516911579728E+09    0.302312604829516658E+03   -0.151156302414758329E+03
    0.587299560782341867E+01    0.108845565535892241E+01    0.208246877501440011E+02    0.135089935693384290E+10    0.302307355636520242E+03   -0.151153677818260121E+03
    0.134685554145314801E+01    0.109200886788477769E+01    0.262002258693993078E+02    0.152363107405700636E+10    0.302302413407369613E+03   -0.151151206703684807E+03
    0.774968051648579070E+01    0.109226192246851128E+01    0.231522017211589102E+02    0.111438694681005931E+10    0.302289651702744550E+03   -0.151144825851372275E+03
    0.114594722187822704E+02    0.109039924299246760E+01    0.227305842378506888E+02    0.133410348921319389E+10    0.302262010977951547E+03   -0.151131005488975774E+03
    0.588764044968240619E+01    0.109081696612574786E+01    0.214194576421835983E+02    0.104107748769260144E+10    0.302261881987052107E+03   -0.151130940993526053E+03
    0.891547257448418451E+00    0.109282686251261318E+01    0.189645653612388863E+02    0.119848286702973437E+10    0.302211841747877656E+03   -0.151105920873938828E+03
    0.124074819732296131E+02    0.108962071992152709E+01    0.231166079224836807E+02    0.127380537312728357E+10    0.302206946079047384E+03   -0.151103473039523692E+03
    0.386445401108310849E+01    0.108994536497157135E+01    0.270930302161941405E+02    0.996049523947036266E+09    0.302201466015351571E+03   -0.151100733007675785E+03
    0.149414384018881585E+01    0.109331655663840555E+01    0.213043012177947482E+02    0.109303230975346756E+10    0.302198645000587021E+03   -0.151099322500293511E+03
    0.656136418436556568E+01    0.108962106220897548E+01    0.244761841329840735E+02    0.109089301516697669E+10    0.302197174690338954E+03   -0.151098587345169477E+03
    0.822471881091994739E+01    0.109138984053293098E+01    0.244468918503717134E+02    0.111872550382386684E+10    0.302196510975605634E+03   -0.151098255487802817E+03
    0.822471881091994739E+01    0.109138984053293098E+01    0.244468918503717134E+02    0.111872550382386684E+10    0.302196510975605634E+03   -0.151098255487802817E+03
    0.130187924005027811E+01    0.109175070163318977E+01    0.226449896642356876E+02    0.152310127485898399E+10    0.302189862109607020E+03   -0.151094931054803510E+03
    0.130187924005027811E+01    0.109175070163318977E+01    0.226449896642356876E+02    0.152310127485898399E+10    0.302189862109607020E+03   -0.151094931054803510E+03
    0.328366254078887154E+01    0.109038078427356089E+01    0.217166484217831126E+02    0.102570294164511395E+10    0.302175734124058863E+03   -0.151087867062029432E+03
    0.367410266936115892E+01    0.109167659139320383E+01    0.305991754903590554E+02    0.941734881307366014E+09    0.302137168693177500E+03   -0.151068584346588750E+03
    0.348266304818356742E+01    0.108869113748835544E+01    0.208083297058607997E+02    0.137037823654440951E+10    0.302117085795232811E+03   -0.151058542897616405E+03
    0.348266304818356742E+01    0.108869113748835544E+01    0.208083297058607997E+02    0.137037823654440951E+10    0.302117085795232811E+03   -0.151058542897616405E+03
    0.408286761738784154E+01    0.109399646660503724E+01    0.198236498948232480E+02    0.124940042078463840E+10    0.302111197834960421E+03   -0.151055598917480211E+03
    0.930376194697580372E+00    0.109002053896024731E+01    0.270094647291631240E+02    0.936380318150536418E+09    0.302100065438252159E+03   -0.151050032719126079E+03
    0.272315309777183590E+01    0.109163812816328787E+01    0.190975718413448625E+02    0.118141718124119377E+10    0.302092224321437527E+03   -0.151046112160718764E+03
    0.174560352907137051E+01    0.109465258475031968E+01    0.280478409725595448E+02    0.130628942621051836E+10    0.302073959523938754E+03   -0.151036979761969377E+03
    0.169500141682946937E+01    0.108973993434384364E+01    0.243782437394466704E+02    0.100469858371114218E+10    0.302063417010722105E+03   -0.151031708505361053E+03
    0.780117080683713038E+01    0.109008654506820712E+01    0.206983144242080748E+02    0.120655024948634553E+10    0.302060611622811507E+03   -0.151030305811405754E+03
    0.210426970536792934E+01    0.109412371350371007E+01    0.265673955901364849E+02    0.136578008266491461E+10    0.302050399280608417E+03   -0.151025199640304209E+03
    0.382747520374228589E+01    0.109181937656569805E+01    0.270824912327969294E+02    0.142758610901827073E+10    0.302040999730262627E+03   -0.151020499865131313E+03
    0.702248318007115380E+01    0.109093132608726284E+01    0.270914151320037888E+02    0.991037035544572949E+09    0.302040563442742496E+03   -0.151020281721371248E+03
    0.702248318007115380E+01    0.109093132608726284E+01    0.270914151320037888E+02    0.991037035544572949E+09    0.302040563442742496E+03   -0.151020281721371248E+03
    0.182350341872234245E+01    0.109121959218013087E+01    0.283093979316841491E+02    0.895134184480947137E+09    0.302029225671377503E+03   -0.151014612835688752E+03
    0.182350341872234245E+01    0.109121959218013087E+01    0.283093979316841491E+02    0.895134184480947137E+09    0.302029225671377503E+03   -0.151014612835688752E+03
    0.790172954763858915E+01    0.109019482738246665E+01    0.289322458604011956E+02    0.122970429013170552E+10    0.302017285697554371E+03   -0.151008642848777185E+03
    0.326201744680885630E+01    0.108891392947447163E+01    0.285726440126396035E+02    0.124577289878617978E+10    0.301984957055124823E+03   -0.150992478527562412E+03
    0.492535232868983286E+01    0.108965640738070180E+01    0.227298648008853839E+02    0.139822772025103283E+10    0.301969453746291549E+03   -0.150984726873145775E+03
    0.260214623493576225E+01    0.109082680897858175E+01    0.296373521012155301E+02    0.109031459682826662E+10    0.301952921146224242E+03   -0.150976460573112121E+03
    0.260214623493576225E+01    0.109082680897858175E+01    0.296373521012155301E+02    0.109031459682826662E+10    0.301952921146224242E+03   -0.150976460573112121E+03
    0.143051884561479614E+01    0.109073281473449901E+01    0.202880737029958560E+02    0.141241567165944767E+10    0.301940056541249476E+03   -0.150970028270624738E+03
    0.473049771784262330E+00    0.108966643354291115E+01    0.209733779570939909E+02    0.110594825333293366E+10    0.301939598758728607E+03   -0.150969799379364304E+03
    0.190055178272003178E+01    0.108996637050811507E+01    0.269873314471399013E+02    0.986438175621286631E+09    0.301926088279131022E+03   -0.150963044139565511E+03
    0.611283259812421065E+01    0.109157376126306782E+01    0.293038283092947545E+02    0.137928158158349442E+10    0.301924878329134174E+03   -0.150962439164567087E+03
    0.431605228343750458E+01    0.108967032270962694E+01    0.171432524685408438E+02    0.126880026267437577E+10    0.301916153495064577E+03   -0.150958076747532289E+03
    0.584988050123226166E+01    0.109253820142226110E+01    0.276974969182869444E+02    0.100855621526548564E+10    0.301914881922258360E+03   -0.150957440961129180E+03
    0.613703764533927831E+00    0.109034893931923604E+01    0.223852823362411897E+02    0.101989856866690016E+10    0.301896631815160731E+03   -0.150948315907580366E+03
    0.810255167569412293E+01    0.109083453082195359E+01    0.255414633561530557E+02    0.105419366849360561E+10    0.301848509425317161E+03   -0.150924254712658581E+03
    0.574262110310267371E+01    0.108832741564507285E+01    0.186577288129884700E+02    0.127499246560577345E+10    0.301838353646448638E+03   -0.150919176823224319E+03
    0.574262110310267371E+01    0.108832741564507285E+01    0.186577288129884700E+02    0.127499246560577345E+10    0.301838353646448638E+03   -0.150919176823224319E+03
    0.437420759738450116E+01    0.109051582066741704E+01    0.276754608407777667E+02    0.962673159681656599E+09    0.301825965446205259E+03   -0.150912982723102630E+03
    0.308874048267528867E+01    0.109120587209824582E+01    0.299401079729497468E+02    0.104743444967725182E+10    0.301750265170650891E+03   -0.150875132585325446E+03
    0.306885237928810106E+01    0.109312938044101826E+01    0.241721421440900492E+02    0.102674476016363871E+10    0.301738543433667076E+03   -0.150869271716833538E+03
    0.791483360307566475E+01    0.109393323391310804E+01    0.216539527574226547E+02    0.127077281557340288E+10    0.301730066877312424E+03   -0.150865033438656212E+03
    0.495302982752957810E+00    0.109204300356858819E+01    0.296552961802790769E+02    0.109179632475805855E+10    0.301694899767207232E+03   -0.150847449883603616E+03
    0.746371610356122872E+01    0.109152736316773602E+01    0.233795674135607072E+02    0.117490094577645016E+10    0.301694517257766904E+03   -0.150847258628883452E+03
    0.354562979180715265E+01    0.109395090621690771E+01    0.300722257385508733E+02    0.127196596432698941E+10    0.301675819420052733E+03   -0.150837909710026366E+03
    0.423642074617897357E+01    0.109322430440138851E+01    0.193065629472635791E+02    0.124413018906161022E+10    0.301673798036319226E+03   -0.150836899018159613E+03
    0.263829394935048755E+01    0.108964258534434699E+01    0.241256752856056451E+02    0.110889019700695777E+10    0.301667158852652051E+03   -0.150833579426326025E+03
    0.943120376097596669E+01    0.109372805347895041E+01    0.274813252238104262E+02    0.128117908145221925E+10    0.301650431586863419E+03   -0.150825215793431710E+03
    0.512938612487818002E+01    0.109127768227145028E+01    0.279064342234227816E+02    0.101982419050425220E+10    0.301635387933149161E+03   -0.150817693966574581E+03
    0.322585381067542354E+01    0.109121070137118004E+01    0.186149761555759667E+02    0.121280309160858202E+10    0.301598884925082189E+03   -0.150799442462541094E+03
    0.470653784108444295E+01    0.109261370373857791E+01    0.223396900372250684E+02    0.109328353915098834E+10    0.301562964704346882E+03   -0.150781482352173441E+03
    0.200909962460634217E+01    0.109143278071781258E+01    0.238953421745565535E+02    0.950072866943654418E+09    0.301553627850723501E+03   -0.150776813925361751E+03
    0.757607479670219774E+01    0.109277029986037211E+01    0.232858178931831539E+02    0.120194786988180733E+10    0.301552329057900295E+03   -0.150776164528950147E+03
    0.722977255250631767E+01    0.108878074209953657E+01    0.230180133366372495E+02    0.123734235278633404E+10    0.301549001335989374E+03   -0.150774500667994687E+03
    0.855654214001960156E+01    0.109018589604175298E+01    0.270668778668957160E+02    0.134019357593767619E+10    0.301541275090977820E+03   -0.150770637545488910E+03
    0.327565819300392214E+01    0.109268891471550034E+01    0.254905954833094093E+02    0.961364267362521172E+09    0.301511727851179103E+03   -0.150755863925589551E+03
    0.327565819300392214E+01    0.109268891471550034E+01    0.254905954833094093E+02    0.961364267362521172E+09    0.301511727851179103E+03   -0.150755863925589551E+03
    0.225501647106947756E+01    0.109101778130937888E+01    0.237320533610620110E+02    0.113649877929181767E+10    0.301489222494732189E+03   -0.150744611247366095E+03
    0.726352369928717501E+01    0.109179429796611283E+01    0.223540003035705084E+02    0.119082528868637443E+10    0.301486255533961867E+03   -0.150743127766980933E+03
    0.137902131820618057E+01    0.109299685892241172E+01    0.244160618150906892E+02    0.102409959788462317E+10    0.301473155266545916E+03   -0.150736577633272958E+03
    0.297209993318326815E+00    0.108906579235504553E+01    0.217105220952761790E+02    0.119496735570170093E+10    0.301468707471039181E+03   -0.150734353735519591E+03
    0.784115913934012809E+00    0.109139493818588362E+01    0.273449012058459715E+02    0.141258871969921422E+10    0.301448078057782823E+03   -0.150724039028891411E+03
    0.629981552093890240E+01    0.109158323262638235E+01    0.222899704067990818E+02    0.118001609927317953E+10    0.301440768648894505E+03   -0.150720384324447252E+03
    0.550242563530426998E+00    0.108869793908453483E+01    0.252675008297601131E+02    0.121889517916576576E+10    0.301438869427418183E+03   -0.150719434713709092E+03
    0.117852538777578997E+01    0.109028265744105712E+01    0.221635709357421291E+02    0.111566706012688875E+10    0.301425215171815239E+03   -0.150712607585907620E+03
    0.539005294996125528E+01    0.109291904714420474E+01    0.250590808466844273E+02    0.106221472626575816E+10    0.301399166890974641E+03   -0.150699583445487320E+03
    0.243839268929948672E+01    0.108932057390608361E+01    0.206659357068424860E+02    0.136337134408895159E+10    0.301384913228078744E+03   -0.150692456614039372E+03
    0.174397438777484060E+01    0.109336551910169821E+01    0.236622485276263781E+02    0.138866346051009846E+10    0.301374420424540858E+03   -0.150687210212270429E+03
    0.260637496798798773E+01    0.109483115057506719E+01    0.256257157434674738E+02    0.127295431077557874E+10    0.301368312175616779E+03   -0.150684156087808390E+03
    0.330347564275704642E+01    0.109395014242946997E+01    0.235605342245134075E+02    0.122410484378952456E+10    0.301356695213691637E+03   -0.150678347606845819E+03
    0.836662874133898171E+01    0.108930392408682453E+01    0.222949483923158489E+02    0.131645245574370646E+10    0.301333956320664015E+03   -0.150666978160332008E+03
    0.622850489075330693E+00    0.109271355515571589E+01    0.295317269316528979E+02    0.121017431551379180E+10    0.301325217603624139E+03   -0.150662608801812070E+03
    0.322312219529662825E+00    0.108939303783457397E+01    0.259232635807800094E+02    0.120049629614114761E+10    0.301319265523426111E+03   -0.150659632761713056E+03
    0.231675074455959118E+01    0.109137139764765778E+01    0.291407856813692234E+02    0.138029494611495471E+10    0.301318264115812383E+03   -0.150659132057906191E+03
    0.148454436929606182E+01    0.109222729791506201E+01    0.221935195796919338E+02    0.116421973581646991E+10    0.301304751876873809E+03   -0.150652375938436904E+03
    0.493542496191390168E+01    0.108886543497147503E+01    0.268893699538132864E+02    0.131106713844147944E+10    0.301303171357777273E+03   -0.150651585678888637E+03
    0.122427533291129986E+01    0.109237991376196852E+01    0.290772537131541782E+02    0.137880489730512214E+10    0.301294689537924512E+03   -0.150647344768962256E+03
    0.379586567163189370E+01    0.109261771444563371E+01    0.226839125016106209E+02    0.109216887615632010E+10    0.301291473099108543E+03   -0.150645736549554272E+03
    0.527518197984388770E+01    0.109119845750653544E+01    0.208185007222109348E+02    0.137676783950236797E+10    0.301252143876562798E+03   -0.150626071938281399E+03
    0.366391314219275044E+01    0.109141488612094184E+01    0.288653216738708984E+02    0.106882151558715463E+10    0.301251800111237685E+03   -0.150625900055618843E+03
    0.205522744270137592E+01    0.109188364473318145E+01    0.282861331288219482E+02    0.950945519671557784E+09    0.301238273514556681E+03   -0.150619136757278341E+03
    0.320851969076043986E+01    0.109152624415228194E+01    0.288044079124471395E+02    0.108037750690519071E+10    0.301234257498931015E+03   -0.150617128749465508E+03
    0.435933112617974317E+01    0.109277791951131920E+01    0.246449618090819413E+02    0.104815810845107746E+10    0.301204521610451991E+03   -0.150602260805225995E+03
    0.245257870926274357E+01    0.109207773749586745E+01    0.219005525900987905E+02    0.105979699509873962E+10    0.301202333697212907E+03   -0.150601166848606454E+03
    0.376561571775069082E+01    0.108856091942712574E+01    0.189167184188123265E+02    0.127450261342945075E+10    0.301165318284923387E+03   -0.150582659142461694E+03
    0.353022735797749121E+01    0.109181131210241045E+01    0.223971387590091169E+02    0.140283060084094167E+10    0.301158327766448679E+03   -0.150579163883224339E+03
    0.316436387204397462E+01    0.109145112442467185E+01    0.271783191044521750E+02    0.961229594395177245E+09    0.301137560897347328E+03   -0.150568780448673664E+03
    0.618994792767749225E+01    0.108886605561668826E+01    0.197375948159885581E+02    0.127356511077790952E+10    0.301111039115193250E+03   -0.150555519557596625E+03
    0.441291822792372379E+01    0.108825128982733532E+01    0.241452185399184991E+02    0.125629862563959885E+10    0.301086357024367885E+03   -0.150543178512183943E+03
    0.799805140260114733E+01    0.109261102608686689E+01    0.286277841590992672E+02    0.124265350463240314E+10    0.301075535057936577E+03   -0.150537767528968288E+03
    0.221353608671302426E+01    0.109183347430318611E+01    0.185051739476867319E+02    0.124132661413345671E+10    0.301073203223629321E+03   -0.150536601611814660E+03
    0.583593816229603668E+01    0.109306226968463616E+01    0.242928279503647069E+02    0.136740958121132135E+10    0.301070468149717556E+03   -0.150535234074858778E+03
    0.173816070126188649E+01    0.108843771239201481E+01    0.239759712264617129E+02    0.123577181299493599E+10    0.301068917608799893E+03   -0.150534458804399947E+03
    0.389856566457785353E-01    0.109109191547753426E+01    0.255958425338059286E+02    0.961640842080711722E+09    0.301064181672528775E+03   -0.150532090836264388E+03
    0.205719622787492229E+01    0.109070897527004274E+01    0.252447571956934347E+02    0.102651638339826417E+10    0.301050757881553182E+03   -0.150525378940776591E+03
    0.315226942511412167E+01    0.109061400009368703E+01    0.196001209419099638E+02    0.135448838820542288E+10    0.301048822737259570E+03   -0.150524411368629785E+03
    0.448908964993859350E+01    0.109203399983360372E+01    0.257903577880137611E+02    0.110429537442037845E+10    0.301046912561987313E+03   -0.150523456280993656E+03
    0.105726446072360485E+02    0.109244705140633958E+01    0.260048911329656747E+02    0.125606170284053826E+10    0.301015495734293211E+03   -0.150507747867146605E+03
    0.697395255011819426E+01    0.109284985669128765E+01    0.228470566855793145E+02    0.135091605906540275E+10    0.301011702621050347E+03   -0.150505851310525173E+03
    0.284048578888524128E+01    0.109152500223869775E+01    0.305552992959155070E+02    0.133613197531734705E+10    0.300997245684671100E+03   -0.150498622842335550E+03
    0.462960868843663720E+00    0.109198774574286150E+01    0.253630482305422973E+02    0.101683509988924158E+10    0.300996681649894072E+03   -0.150498340824947036E+03
    0.649176363816987667E+01    0.109190755195599132E+01    0.301312968733559998E+02    0.131976346107031512E+10    0.300993130844063046E+03   -0.150496565422031523E+03
    0.155793110902908616E+01    0.109056634172938360E+01    0.205105578177427788E+02    0.137605160962303472E+10    0.300989055278892295E+03   -0.150494527639446147E+03
    0.878514811894392977E+01    0.108984333102792430E+01    0.234312803850678399E+02    0.124686526544007015E+10    0.300973513038542535E+03   -0.150486756519271268E+03
    0.332691381419055876E+01    0.109243731371775321E+01    0.248314555598024640E+02    0.103731433593452406E+10    0.300956359813825884E+03   -0.150478179906912942E+03
    0.768047888096856113E+01    0.109385248748442931E+01    0.247487246444387914E+02    0.128714869099839258E+10    0.300938303492270393E+03   -0.150469151746135196E+03
    0.199765277207616521E+01    0.109417969859460862E+01    0.228658044104620259E+02    0.131608978809289765E+10    0.300933559055908347E+03   -0.150466779527954174E+03
    0.162715930351351279E+01    0.109459586390555952E+01    0.253756718773927794E+02    0.127084314978084326E+10    0.300931773891270723E+03   -0.150465886945635361E+03
    0.101367924500639219E+02    0.109151260552020202E+01    0.255005858283460398E+02    0.132604487627131724E+10    0.300931307462657685E+03   -0.150465653731328842E+03
    0.339971827885182298E+01    0.109074153630254878E+01    0.208673227702095012E+02    0.137405221262512755E+10    0.300912283865649101E+03   -0.150456141932824551E+03
    0.656290499585368536E+01    0.109269254528355853E+01    0.237690475840343929E+02    0.136399561081094313E+10    0.300901987597894447E+03   -0.150450993798947223E+03
    0.780443259917054877E+00    0.109286686263704391E+01    0.287568844431486887E+02    0.135741340873897052E+10    0.300899572970115969E+03   -0.150449786485057984E+03
    0.521875343400068581E+00    0.109023027920728510E+01    0.254539474770596925E+02    0.106650900559632254E+10    0.300892391992644036E+03   -0.150446195996322018E+03
    0.530661944647840134E+01    0.109056505725129660E+01    0.266416965544821629E+02    0.136928037511801243E+10    0.300885977658697300E+03   -0.150442988829348650E+03
    0.653151610700235086E+01    0.108996635661953722E+01    0.284015170179774579E+02    0.125627811839094353E+10    0.300885443066739128E+03   -0.150442721533369564E+03
    0.816404315328046515E+01    0.109284949254552588E+01    0.237272771704243333E+02    0.123669957658557415E+10    0.300863617137560539E+03   -0.150431808568780269E+03
    0.543136940016142655E+00    0.108938186295254424E+01    0.274735887500924356E+02    0.132563141233520579E+10    0.300860761209625934E+03   -0.150430380604812967E+03
    0.302928342699855380E+01    0.108877102205186582E+01    0.237165042730115090E+02    0.123205232764431262E+10    0.300860164142455233E+03   -0.150430082071227616E+03
    0.528688339221200110E+01    0.109346278128232144E+01    0.237339924544397824E+02    0.133974125616627216E+10    0.300846729202679967E+03   -0.150423364601339983E+03
    0.643873737745451091E+00    0.109160024604216899E+01    0.239294001911078382E+02    0.140813965846491647E+10    0.300839899541117234E+03   -0.150419949770558617E+03
    0.101027034102069422E+02    0.109099626559714458E+01    0.271889625523079701E+02    0.130560267079816365E+10    0.300836968110248222E+03   -0.150418484055124111E+03
    0.706457801422798015E+00    0.108774202950307508E+01    0.221803409881731497E+02    0.127645245804490471E+10    0.300827310552513495E+03   -0.150413655276256748E+03
    0.342997854455545559E+01    0.109204637338448918E+01    0.301648131584344128E+02    0.133533489922003889E+10    0.300825383621095000E+03   -0.150412691810547500E+03
    0.866885338260556582E+00    0.109058045209286214E+01    0.269194667053554610E+02    0.118940781572089124E+10    0.300813905123686823E+03   -0.150406952561843411E+03
    0.317844490289777626E+00    0.109343861280191512E+01    0.263237878199346973E+02    0.121838865572986841E+10    0.300783502594890081E+03   -0.150391751297445040E+03
    0.508627841086746013E+01    0.109138370394140471E+01    0.252431228163915122E+02    0.107905167333424520E+10    0.300778060782100056E+03   -0.150389030391050028E+03
    0.418570289387233352E+01    0.109170110434115175E+01    0.249932126569884510E+02    0.104863562665625763E+10    0.300752869363275693E+03   -0.150376434681637846E+03
    0.968652636233535524E+01    0.109042724842188599E+01    0.235449777069985728E+02    0.125523429252135110E+10    0.300752676788742178E+03   -0.150376338394371089E+03
    0.442465726747212129E+00    0.109050146563338934E+01    0.253734303135882406E+02    0.109124936850190496E+10    0.300749822283069420E+03   -0.150374911141534710E+03
    0.567771562935646301E+01    0.108898056653247077E+01    0.245330408178157811E+02    0.131365891298015618E+10    0.300749512961493224E+03   -0.150374756480746612E+03
    0.411779701706845813E+01    0.109095857525996043E+01    0.197175712333161286E+02    0.134014146403822422E+10    0.300746269078104547E+03   -0.150373134539052273E+03
    0.293806250120998058E+01    0.109120013061528010E+01    0.303476521737849154E+02    0.132722640324042034E+10    0.300732547636703202E+03   -0.150366273818351601E+03
    0.613071495437640213E+01    0.109242737828976444E+01    0.248171103893491818E+02    0.120343725681840277E+10    0.300730243900275696E+03   -0.150365121950137848E+03
    0.311540668371909879E+01    0.109314621871658679E+01    0.284526655036103300E+02    0.133706844638320327E+10    0.300709944181029869E+03   -0.150354972090514934E+03
    0.262036754698662655E+01    0.108977614169874615E+01    0.264033882799671318E+02    0.121674899962857223E+10    0.300703355947990019E+03   -0.150351677973995010E+03
    0.803871859173641212E+01    0.109191705828502794E+01    0.204739187499254065E+02    0.126674426521936274E+10    0.300691508575366868E+03   -0.150345754287683434E+03
    0.469751803364016052E+01    0.109148851252080159E+01    0.197417209290532405E+02    0.123679145826262879E+10    0.300672585111915566E+03   -0.150336292555957783E+03
    0.822637285126483375E+00    0.109161131470545447E+01    0.266676324212117137E+02    0.118065471496201849E+10    0.300671404913711456E+03   -0.150335702456855728E+03
    0.403967233187828878E+01    0.108941681145165536E+01    0.259997603222096423E+02    0.133096938236057067E+10    0.300643434215295315E+03   -0.150321717107647657E+03
    0.611509874063456937E+01    0.109109271992515255E+01    0.252259428855033612E+02    0.137277723377319980E+10    0.300638453265545650E+03   -0.150319226632772825E+03
    0.534130878530010911E+01    0.109352375404344371E+01    0.214603209832758104E+02    0.126953696708114886E+10    0.300586628577114254E+03   -0.150293314288557127E+03
    0.182630557108433766E+01    0.109178411142338350E+01    0.197752023929787377E+02    0.134262551690572476E+10    0.300582277876770945E+03   -0.150291138938385473E+03
    0.997967918120165276E+00    0.109224132143817299E+01    0.205851984141214714E+02    0.121495709825079107E+10    0.300572322137219373E+03   -0.150286161068609687E+03
    0.234101203996881724E+01    0.109290805369686028E+01    0.205222526957595157E+02    0.133182551848606133E+10    0.300564783747693582E+03   -0.150282391873846791E+03
    0.480087590204397952E+01    0.108896778389128812E+01    0.244241050526620072E+02    0.131054083596885061E+10    0.300505868519639193E+03   -0.150252934259819597E+03
    0.413474318010044062E+01    0.108880198507181225E+01    0.261181098259401239E+02    0.128709512096960545E+10    0.300482727730010765E+03   -0.150241363865005383E+03
    0.337984478322942339E+01    0.109223819892679863E+01    0.293596924266970873E+02    0.133667622450883722E+10    0.300459495349636427E+03   -0.150229747674818213E+03
    0.729386825435381136E+00    0.109157900947433006E+01    0.204286848603829299E+02    0.121436553956092715E+10    0.300436548314938022E+03   -0.150218274157469011E+03
    0.431266091706850929E+01    0.109263001029636753E+01    0.249276954282792325E+02    0.136919765686860871E+10    0.300414061115470247E+03   -0.150207030557735123E+03
    0.155773730639571073E+01    0.109186102793258333E+01    0.295162115066710413E+02    0.133790849784706688E+10    0.300374746477549536E+03   -0.150187373238774768E+03
    0.295074552510582233E+01    0.108861298207976120E+01    0.250049880435321796E+02    0.126702043391370416E+10    0.300366857871662035E+03   -0.150183428935831017E+03
    0.706901070449416746E+01    0.109025565047335826E+01    0.216180151347490153E+02    0.125319673163442969E+10    0.300333098470718994E+03   -0.150166549235359497E+03
    0.540867395846614141E+01    0.109234888523543083E+01    0.224700806245248863E+02    0.134825399979958224E+10    0.300324591350931371E+03   -0.150162295675465685E+03
    0.342499643223323158E+01    0.108991080552177455E+01    0.224963828681805929E+02    0.122027098043941927E+10    0.300308151318924331E+03   -0.150154075659462166E+03
    0.995923874307725043E+01    0.109265085888508318E+01    0.248952106244620595E+02    0.127797596231551003E+10    0.300297654625027576E+03   -0.150148827312513788E+03
    0.732131808421373886E+01    0.109165534997653912E+01    0.229862889547538707E+02    0.133658891927043462E+10    0.300294111923062644E+03   -0.150147055961531322E+03
    0.994748694897504038E+01    0.109125493011196273E+01    0.242769786148725366E+02    0.129664102606910539E+10    0.300282236973097667E+03   -0.150141118486548834E+03
    0.862698372658978485E+01    0.109235557654548487E+01    0.261357050117939522E+02    0.131273517132832527E+10    0.300278423413575865E+03   -0.150139211706787933E+03
    0.390714101323628293E+01    0.109107372232175637E+01    0.187172825605101671E+02    0.128374031385534430E+10    0.300277980252449936E+03   -0.150138990126224968E+03
    0.693684566285897697E+00    0.109340381409761589E+01    0.267299996880941571E+02    0.133243219750149894E+10    0.300276395911529278E+03   -0.150138197955764639E+03
    0.121886242146346593E+00    0.109175397223515924E+01    0.256548240037642366E+02    0.138235309440246010E+10    0.300229385856794011E+03   -0.150114692928397005E+03
    0.523556181367826845E+01    0.108912743999699613E+01    0.219519386298309414E+02    0.129433643354371381E+10    0.300209265009355875E+03   -0.150104632504677937E+03
    0.354315419549814781E+01    0.109016126631996979E+01    0.226125471940631648E+02    0.121807629736631608E+10    0.300205308983504779E+03   -0.150102654491752389E+03
    0.463166330032441209E+01    0.109176244198704842E+01    0.226337969914031483E+02    0.131357575813126016E+10    0.299246592558186421E+03   -0.149623296279093211E+03
    0.695164903613752738E+01    0.109217743363026454E+01    0.246474472444045425E+02    0.123038751042066574E+10    0.300156101166165513E+03   -0.150078050583082756E+03
    0.931900721810917965E+01    0.109243844071660279E+01    0.234674992561460805E+02    0.128056086132646108E+10    0.300109721079236749E+03   -0.150054860539618375E+03
    0.385070246841919595E+01    0.109282288214554479E+01    0.243116551387768318E+02    0.123218795205920148E+10    0.299794940005745389E+03   -0.149897470002872694E+03
    0.504415399648866192E+01    0.109183763074851914E+01    0.217353170285560076E+02    0.128445065910717511E+10    0.299104942902852144E+03   -0.149552471451426072E+03
    0.319534767495688410E+01    0.109214554574958678E+01    0.220534151338937718E+02    0.122208080479934144E+10    0.299984816293388633E+03   -0.149992408146694316E+03
    0.595451134989180630E+01    0.109278362235743542E+01    0.233835355530999252E+02    0.130514748510756278E+10    0.299649480832879817E+03   -0.149824740416439909E+03
    0.505855048665590967E+01    0.109110100919231123E+01    0.220493852551244878E+02    0.122706422313903666E+10    0.299984537822802452E+03   -0.149992268911401226E+03
    0.496958675122033355E+01    0.109220625510381142E+01    0.257506573990437921E+02    0.125483810145780659E+10    0.299074437318326545E+03   -0.149537218659163273E+03
    0.431254198968820290E+01    0.109113347078539502E+01    0.224049846417275162E+02    0.123097691557544637E+10    0.299646215993402961E+03   -0.149823107996701481E+03
    0.784721519065765527E+01    0.109161313094536205E+01    0.242366561510110614E+02    0.127863388118157053E+10    0.299172697290188523E+03   -0.149586348645094262E+03
    0.969289866782843745E+01    0.109137432991718764E+01    0.262732752011976984E+02    0.128605278093763351E+10    0.300025582683367588E+03   -0.150012791341683794E+03
    0.671962476699432543E+01    0.108996837524867396E+01    0.249992308727438761E+02    0.124986750186778307E+10    0.300145321000488934E+03   -0.150072660500244467E+03
    0.522481686164325243E+01    0.109204606997509757E+01    0.276800306704048431E+02    0.127433834089408231E+10    0.298940284697107927E+03   -0.149470142348553964E+03
    0.556947783291994458E+01    0.109020399975994398E+01    0.246279262078221102E+02    0.125933067592994809E+10    0.299416374012355504E+03   -0.149708187006177752E+03
    0.262656602278809093E+01    0.108985320577940770E+01    0.254708065920310993E+02    0.125322615147444439E+10    0.299470038326566396E+03   -0.149735019163283198E+03
    0.784211537132893355E+01    0.109177266858783018E+01    0.271128383383046625E+02    0.130744893339601135E+10    0.299922840271451662E+03   -0.149961420135725831E+03
    0.396826565884671334E+01    0.109015237164170142E+01    0.230865280286188543E+02    0.122687786985432005E+10    0.299992956074558492E+03   -0.149996478037279246E+03
    0.875222792802659555E+01    0.109087256553061240E+01    0.249163239418648708E+02    0.128850440750940037E+10    0.299718733909907314E+03   -0.149859366954953657E+03
    0.787250905597997619E+01    0.109081984526309284E+01    0.259601612813071867E+02    0.129735917751083016E+10    0.299670332337059563E+03   -0.149835166168529781E+03
    0.601060601205344103E+01    0.109171684167377747E+01    0.240526380677362397E+02    0.129392306981203055E+10    0.298931920671886246E+03   -0.149465960335943123E+03
    0.517850489725067842E+01    0.109099953480499900E+01    0.297187030859563102E+02    0.129083136028356004E+10    0.299981185728872504E+03   -0.149990592864436252E+03
    0.365476073685906799E+01    0.109099287146101021E+01    0.256411374816263304E+02    0.136012854715642238E+10    0.299920955023356157E+03   -0.149960477511678079E+03
    0.465819755742644462E-01    0.109338759047512357E+01    0.252704959711606882E+02    0.130949387501192665E+10    0.299587008828289584E+03   -0.149793504414144792E+03
    0.631197151378963817E+00    0.109249412661558343E+01    0.257650819492462198E+02    0.132921888357259154E+10    0.299161980058431539E+03   -0.149580990029215769E+03
    0.835466821768568457E+00    0.109202191601550425E+01    0.267134664557550856E+02    0.134050103578712988E+10    0.299416502008896600E+03   -0.149708251004448300E+03
    0.120151670210190797E+01    0.109294258842999414E+01    0.280913006462266850E+02    0.123890552025887394E+10    0.300077169042344735E+03   -0.150038584521172368E+03
    0.244542132767804565E+01    0.109107090667004392E+01    0.278138906351935873E+02    0.123112821418300867E+10    0.299740245897032423E+03   -0.149870122948516212E+03
    0.377615469563776029E+01    0.109190623133111453E+01    0.252500846773934526E+02    0.136998484906505466E+10    0.300115425198196476E+03   -0.150057712599098238E+03
    0.237773681079369670E+01    0.109283150768150183E+01    0.261906769754269177E+02    0.130020416535736156E+10    0.298927350142270029E+03   -0.149463675071135015E+03
    0.393406516239247095E+01    0.109247538683172363E+01    0.248912284309529674E+02    0.126296509673802042E+10    0.298762722279120339E+03   -0.149381361139560170E+03
    0.393406516239247095E+01    0.109247538683172363E+01    0.248912284309529674E+02    0.126296509673802042E+10    0.298762722279120339E+03   -0.149381361139560170E+03
    0.366783479493012754E+01    0.109127958420609605E+01    0.250401276877679102E+02    0.134104858750448394E+10    0.299357118345744482E+03   -0.149678559172872241E+03
    0.205590578693563408E+01    0.109249302662364434E+01    0.278987617853486256E+02    0.127418502688859177E+10    0.298733987927727412E+03   -0.149366993963863706E+03
    0.177949965564722618E+00    0.109166440994071201E+01    0.284062137703520072E+02    0.130501566771172428E+10    0.299116980975412616E+03   -0.149558490487706308E+03
    0.396811523664878774E+01    0.109131861012273523E+01    0.214036222051414633E+02    0.122089202345042825E+10    0.300132257030053267E+03   -0.150066128515026634E+03
    0.776504305476905188E+00    0.109055797571129554E+01    0.229587914011151817E+02    0.123536022460848594E+10    0.299282435128903444E+03   -0.149641217564451722E+03
    0.869722346513855715E+00    0.109127656036913789E+01    0.215166374127574898E+02    0.125843905583172536E+10    0.298902743842596294E+03   -0.149451371921298147E+03
    0.277218154652633197E+01    0.109060264942889074E+01    0.242321859962324098E+02    0.120946207419755697E+10    0.299934993909888249E+03   -0.149967496954944124E+03
    0.356655386255447171E+01    0.109052161719153773E+01    0.244567461757915332E+02    0.124015709100196028E+10    0.299296190713513397E+03   -0.149648095356756698E+03
    0.420066140972366053E+01    0.109006087958087505E+01    0.233002996589542875E+02    0.131163381040519023E+10    0.299477207569118093E+03   -0.149738603784559047E+03
    0.662352545460360043E+00    0.109230745415912889E+01    0.222484423130110436E+02    0.121521359736882663E+10    0.299984451082601424E+03   -0.149992225541300712E+03
    0.498312472566671549E+00    0.109182658926490173E+01    0.230219911930941628E+02    0.134040156746259785E+10    0.299315894455435739E+03   -0.149657947227717870E+03
    0.977322078867442490E+00    0.109289268773345749E+01    0.250118619110316978E+02    0.128920871598368382E+10    0.298626135970419000E+03   -0.149313067985209500E+03
    0.739488267821869494E+00    0.109261768714607799E+01    0.221076966737379301E+02    0.126640361671282482E+10    0.298934811244193952E+03   -0.149467405622096976E+03
    0.290213815392369234E+01    0.108979184988343358E+01    0.194467996648996788E+02    0.128078077016473866E+10    0.300046290156754935E+03   -0.150023145078377468E+03
    0.331811262827219489E+01    0.109108348002768452E+01    0.224357168075101967E+02    0.136709596497681761E+10    0.300168505980069995E+03   -0.150084252990034997E+03
    0.910073993365083767E+00    0.109345115573127649E+01    0.239325263906839325E+02    0.128413575674746728E+10    0.299233161640764706E+03   -0.149616580820382353E+03
    0.167377453205251703E+01    0.109005670663425258E+01    0.221409158491443527E+02    0.133011300663123107E+10    0.299745900011424283E+03   -0.149872950005712141E+03
    0.350525368662807013E+01    0.109106467145605857E+01    0.245058564850596525E+02    0.134184918844673347E+10    0.299380817348332243E+03   -0.149690408674166122E+03
    0.120443385584733575E+01    0.108923919212112441E+01    0.248466708299480352E+02    0.124189534490957546E+10    0.300151852317307430E+03   -0.150075926158653715E+03
    0.142307727257312999E+01    0.109043032082691749E+01    0.242786100454193274E+02    0.125900094332385659E+10    0.298700487024511517E+03   -0.149350243512255759E+03
    0.276175897482233201E+00    0.109228440816787398E+01    0.227569862923837967E+02    0.120612889896182132E+10    0.300086633488240523E+03   -0.150043316744120261E+03
    0.707472689015508527E+00    0.109047833526311666E+01    0.237182999215874268E+02    0.122634747585874438E+10    0.299480119380178223E+03   -0.149740059690089112E+03
    0.835416136335204507E+00    0.109097046602824244E+01    0.257102524019547651E+02    0.120983720946427298E+10    0.299753424237599347E+03   -0.149876712118799674E+03
    0.540300648212096668E+01    0.108991268842611388E+01    0.252737427868645064E+02    0.131778259409167004E+10    0.299989067206977438E+03   -0.149994533603488719E+03
    0.275266009703025505E+01    0.109269270987303080E+01    0.214472173691172863E+02    0.132812537544134545E+10    0.299967692717132991E+03   -0.149983846358566495E+03
    0.176371370397947103E+01    0.109375629024145327E+01    0.230067773329115894E+02    0.127872034298423481E+10    0.299702828534992022E+03   -0.149851414267496011E+03
    0.257688929915307696E+01    0.109246893197452510E+01    0.218004048002392850E+02    0.125151099509848642E+10    0.299410201094259435E+03   -0.149705100547129717E+03
    0.153065158365749521E+01    0.109379129248701412E+01    0.260172988560534009E+02    0.127776380166348243E+10    0.299643786447981427E+03   -0.149821893223990713E+03
    0.140312786415063784E+00    0.109119119993116742E+01    0.291045914814600515E+02    0.125232954885313940E+10    0.299620543714951737E+03   -0.149810271857475868E+03
    0.128532406458049708E+01    0.109231128879879558E+01    0.249005315099700120E+02    0.127051673708521390E+10    0.298251811517543615E+03   -0.149125905758771808E+03
    0.128532406458049708E+01    0.109231128879879558E+01    0.249005315099700120E+02    0.127051673708521390E+10    0.298251811517543615E+03   -0.149125905758771808E+03
    0.387176267991346057E+01    0.109049083657407886E+01    0.225267404484551470E+02    0.122451325551584792E+10    0.299920488482100154E+03   -0.149960244241050077E+03
    0.879684092611928259E+00    0.109283646331647488E+01    0.236991072472898701E+02    0.121169357589412212E+10    0.300141465012539811E+03   -0.150070732506269906E+03
    0.464421370556189128E+01    0.109006560312969003E+01    0.262968205208299430E+02    0.128090861259991956E+10    0.299151870226761559E+03   -0.149575935113380780E+03
    0.108723083156758132E+00    0.109249389039048483E+01    0.267092288928230950E+02    0.121675526247659135E+10    0.299933812469495194E+03   -0.149966906234747597E+03
    0.135074320306956586E+01    0.108990004500168181E+01    0.281740612132718056E+02    0.128794432979096651E+10    0.299757200292483503E+03   -0.149878600146241752E+03
    0.157253724858893684E+01    0.109175176147568287E+01    0.255119638166513738E+02    0.132740931308565688E+10    0.298919748357760682E+03   -0.149459874178880341E+03
    0.732595281863537506E+00    0.109101186108809989E+01    0.252636521851112015E+02    0.133259682414103031E+10    0.299028670741591213E+03   -0.149514335370795607E+03
    0.139091792210891363E+01    0.109251384222721359E+01    0.243536967524170294E+02    0.125182448012895560E+10    0.298830402529022251E+03   -0.149415201264511126E+03
    0.476943597522815921E+01    0.109116840418783978E+01    0.260527519267597150E+02    0.127495654761173344E+10    0.298453049268780774E+03   -0.149226524634390387E+03
    0.460419054284987261E+01    0.109167600409764276E+01    0.248168985068787222E+02    0.128666136476152897E+10    0.298434646293022126E+03   -0.149217323146511063E+03
    0.300270183740058449E+01    0.109053951904415425E+01    0.249441574293992261E+02    0.124002943582361960E+10    0.299237302647218542E+03   -0.149618651323609271E+03
    0.249514519252290234E+00    0.109334933130451040E+01    0.271722563370241375E+02    0.128808751731053877E+10    0.299422592134461240E+03   -0.149711296067230620E+03
    0.200674376322480219E+01    0.109125698798910009E+01    0.220268921687484607E+02    0.130383986172029757E+10    0.298799554981382244E+03   -0.149399777490691122E+03
    0.214786280097752202E+01    0.108980522318792517E+01    0.260608080097920016E+02    0.124188400231604481E+10    0.299888107380732947E+03   -0.149944053690366474E+03
    0.149687615798130813E+01    0.109207711715621958E+01    0.256382578760010418E+02    0.123018868528072715E+10    0.299251684532057766E+03   -0.149625842266028883E+03
