    0.426576202586328179E+02    0.109096155982060838E+01    0.454664590918343237E+02    0.202243318182244152E+09    0.352505257613847698E+04   -0.176252628806923849E+04
    0.370660657420574822E+02    0.109109668150182171E+01    0.412769841769597434E+02    0.235780401326301366E+09    0.352490363102785977E+04   -0.176245181551392989E+04
    0.364592962284260267E+02    0.109004741357672663E+01    0.361803705545071494E+02    0.209588407999382198E+09    0.352432810779198371E+04   -0.176216405389599186E+04
    0.419436576045623397E+02    0.109132662334206798E+01    0.391090465728392047E+02    0.220572709780580819E+09    0.352297833376413337E+04   -0.176148916688206668E+04
    0.480987378989123613E+02    0.109090238169838027E+01    0.407293964288906665E+02    0.196033266892929822E+09    0.352292516367379267E+04   -0.176146258183689633E+04
    0.486838963821697561E+02    0.109102857425133526E+01    0.391227810732580821E+02    0.177500645293791831E+09    0.352245292208635419E+04   -0.176122646104317710E+04
    0.450689556831106870E+02    0.109091183613796217E+01    0.439616791869850658E+02    0.191739564673162013E+09    0.352234883323465783E+04   -0.176117441661732892E+04
    0.403455305954236181E+02    0.109104317448501553E+01    0.446894214568085033E+02    0.196064808602682412E+09    0.352212684348208131E+04   -0.176106342174104066E+04
    0.420213535690572826E+02    0.109072431930154079E+01    0.400844362262032803E+02    0.154520846299693763E+09    0.352180063043666269E+04   -0.176090031521833134E+04
    0.414313870692322013E+02    0.109053509117570080E+01    0.423818638532980145E+02    0.164364964425770342E+09    0.352179474084470348E+04   -0.176089737042235174E+04
    0.437681729643009731E+02    0.109058222866413068E+01    0.437422478169640669E+02    0.213773894109321535E+09    0.352167370606206987E+04   -0.176083685303103493E+04
    0.356982515834381005E+02    0.108964330018327948E+01    0.377676099998998751E+02    0.164761445107647717E+09    0.352160063182732438E+04   -0.176080031591366219E+04
    0.437515256586716319E+02    0.109128001885544546E+01    0.358699153415292571E+02    0.191955921938893288E+09    0.352154774775676560E+04   -0.176077387387838280E+04
    0.359156533822059600E+02    0.108984525050602721E+01    0.443773194148723036E+02    0.192101929462982893E+09    0.352148869360110666E+04   -0.176074434680055333E+04
    0.344282661937557606E+02    0.108988472726124108E+01    0.353071433807099169E+02    0.174111809290562719E+09    0.352112281211491836E+04   -0.176056140605745918E+04
    0.346062211196454541E+02    0.108970484259276312E+01    0.395531510087976130E+02    0.211050318417951375E+09    0.352108433015665105E+04   -0.176054216507832552E+04
    0.383023307796852848E+02    0.109005627134712757E+01    0.438064255334703461E+02    0.218820108773412883E+09    0.352092832164637730E+04   -0.176046416082318865E+04
    0.383989301493713171E+02    0.109170050888788706E+01    0.402276541267215819E+02    0.175439580008219033E+09    0.352087679693556402E+04   -0.176043839846778201E+04
    0.438465944549423980E+02    0.109050265102643351E+01    0.432122757080870272E+02    0.175813497482606024E+09    0.352041249045456789E+04   -0.176020624522728394E+04
    0.444889278810520707E+02    0.109102465577027186E+01    0.376551084485507630E+02    0.201242115993786812E+09    0.352036768170544110E+04   -0.176018384085272055E+04
    0.322098547186703428E+02    0.109035109542433628E+01    0.365309640037219836E+02    0.171567059943849087E+09    0.352028005611876506E+04   -0.176014002805938253E+04
    0.388189086488047295E+02    0.109016528322486916E+01    0.440490859366005907E+02    0.214322542061727792E+09    0.352022028621558457E+04   -0.176011014310779228E+04
    0.404468351087008529E+02    0.109167277846233168E+01    0.398618526441110106E+02    0.196371235358055353E+09    0.352012428755229666E+04   -0.176006214377614833E+04
    0.415610538291483493E+02    0.109039736433550005E+01    0.415905302318606189E+02    0.164740173980890960E+09    0.352004653315228416E+04   -0.176002326657614208E+04
    0.362539545638591747E+02    0.109013361965867683E+01    0.429881998122237903E+02    0.219625860568603992E+09    0.351998652296405953E+04   -0.175999326148202977E+04
    0.422814762568040621E+02    0.109085515272674471E+01    0.388626924887689214E+02    0.215586361854552746E+09    0.351981710039880045E+04   -0.175990855019940022E+04
    0.338118911510655309E+02    0.109003760067724143E+01    0.420337389490009343E+02    0.211484236263974637E+09    0.351978662750887179E+04   -0.175989331375443589E+04
    0.373670727272657501E+02    0.109115026347760580E+01    0.347954405719745523E+02    0.175760781935004443E+09    0.351960639114058540E+04   -0.175980319557029270E+04
    0.353977608980942193E+02    0.109078175548136902E+01    0.375610266854006198E+02    0.206520413401346117E+09    0.351959566253153525E+04   -0.175979783126576763E+04
    0.383075755734280321E+02    0.108977691449818237E+01    0.425372742071487551E+02    0.208398738644836813E+09    0.351954836107145820E+04   -0.175977418053572910E+04
    0.377258585495115639E+02    0.109017599637677831E+01    0.387436783363828496E+02    0.215989407744840771E+09    0.351946979462612762E+04   -0.175973489731306381E+04
    0.424539391799189261E+02    0.109055419965372047E+01    0.408987033783377285E+02    0.219783489993258566E+09    0.351936624402622965E+04   -0.175968312201311483E+04
    0.362678006166253581E+02    0.108948369797351763E+01    0.368345377432619117E+02    0.183660289925833583E+09    0.351932119376384799E+04   -0.175966059688192399E+04
    0.433176602956009944E+02    0.109043705436254235E+01    0.437381958097580039E+02    0.191868024261463791E+09    0.351931373308378807E+04   -0.175965686654189403E+04
    0.335734755977378541E+02    0.108972660033796176E+01    0.420119353851503305E+02    0.197920867352161437E+09    0.351930515935494805E+04   -0.175965257967747402E+04
    0.369576338187830515E+02    0.108956224039926886E+01    0.377230008045533651E+02    0.172431599532405794E+09    0.351928882031476769E+04   -0.175964441015738385E+04
    0.336205500185578643E+02    0.109116379434395361E+01    0.402538510916341323E+02    0.176729977475495011E+09    0.351922499475530640E+04   -0.175961249737765320E+04
    0.440605975451021266E+02    0.109031722938578834E+01    0.422146566013132585E+02    0.203547154284346551E+09    0.351920076652872831E+04   -0.175960038326436415E+04
    0.392710352573474140E+02    0.108978984956944203E+01    0.355880228117350796E+02    0.180563147870748550E+09    0.351912186267413563E+04   -0.175956093133706781E+04
    0.376618839106287453E+02    0.109025270270937336E+01    0.407093555771591085E+02    0.223154763736487865E+09    0.351911352260325157E+04   -0.175955676130162578E+04
    0.392911214749227824E+02    0.109130076039912338E+01    0.366692292539975213E+02    0.196143517745246679E+09    0.351910013554421175E+04   -0.175955006777210588E+04
    0.362664422519115703E+02    0.109082283151668835E+01    0.357698615227913876E+02    0.167365720619735301E+09    0.351906637665235439E+04   -0.175953318832617720E+04
    0.456879062195164209E+02    0.109130553844927625E+01    0.370737168780355972E+02    0.182853238300027996E+09    0.351906509077187275E+04   -0.175953254538593637E+04
    0.459714664675042215E+02    0.109096471436773590E+01    0.421852761868233088E+02    0.180637187278092742E+09    0.351904610753477482E+04   -0.175952305376738741E+04
    0.460204577745856511E+02    0.109024019430254748E+01    0.382240837338676442E+02    0.181686734143031895E+09    0.351903538189104802E+04   -0.175951769094552401E+04
    0.410642157443200375E+02    0.109036688255566294E+01    0.376276816324259116E+02    0.159786308376473606E+09    0.351901604802622569E+04   -0.175950802401311284E+04
    0.371763968154006363E+02    0.109094182946373452E+01    0.433004116734464404E+02    0.202229925155833900E+09    0.351883850655102106E+04   -0.175941925327551053E+04
    0.454240516334711657E+02    0.109058689775895878E+01    0.369938671728238049E+02    0.186431789964632779E+09    0.351882271228022546E+04   -0.175941135614011273E+04
    0.413134162048035662E+02    0.109155103297581557E+01    0.363774308866549632E+02    0.185214505372565567E+09    0.351877357383496565E+04   -0.175938678691748282E+04
    0.408465410076553468E+02    0.109000316446171119E+01    0.432672154862460232E+02    0.178785404610227168E+09    0.351868579169785789E+04   -0.175934289584892895E+04
    0.391101071629662016E+02    0.109025058381592999E+01    0.374944149949118426E+02    0.205897473919015020E+09    0.351863012641219302E+04   -0.175931506320609651E+04
    0.454318951939124958E+02    0.109062283157420326E+01    0.378228535482691939E+02    0.191247388369783551E+09    0.351859916472009354E+04   -0.175929958236004677E+04
    0.374893374192230908E+02    0.109003288881261273E+01    0.381960268757551304E+02    0.163204142196677506E+09    0.351847963842400623E+04   -0.175923981921200311E+04
    0.347855894937484251E+02    0.109138998840873458E+01    0.403472004787444831E+02    0.181303535536132336E+09    0.351846363143079634E+04   -0.175923181571539817E+04
    0.431987722122370599E+02    0.109125752125202302E+01    0.405049357275460764E+02    0.202848065386402607E+09    0.351845666720792451E+04   -0.175922833360396226E+04
    0.452910837857903061E+02    0.109031520398394943E+01    0.377979965548602834E+02    0.185489532835177392E+09    0.351844847031343488E+04   -0.175922423515671744E+04
    0.372854717152146335E+02    0.109139252836696699E+01    0.355764882841057428E+02    0.179730243752647340E+09    0.351840966221598910E+04   -0.175920483110799455E+04
    0.466517719366795305E+02    0.109071272395469032E+01    0.407116517883263214E+02    0.178724904196498990E+09    0.351836037650334583E+04   -0.175918018825167292E+04
    0.386541591987807465E+02    0.109150091028358820E+01    0.384676733833675542E+02    0.171976189310340703E+09    0.351833768540209894E+04   -0.175916884270104947E+04
    0.387802702129071406E+02    0.109044886990335099E+01    0.371929567449583516E+02    0.205193101947549015E+09    0.351832946565768316E+04   -0.175916473282884158E+04
    0.342906641980214815E+02    0.109019946172145610E+01    0.431362391846052873E+02    0.195842804670776695E+09    0.351827606920750486E+04   -0.175913803460375243E+04
    0.319976971173721161E+02    0.109068017703448783E+01    0.402888188855672382E+02    0.191611568458827943E+09    0.351825943204989926E+04   -0.175912971602494963E+04
    0.378434295266498211E+02    0.108959980469667705E+01    0.423042903188492261E+02    0.186722180169429660E+09    0.351818459280038132E+04   -0.175909229640019066E+04
    0.377444061925625292E+02    0.108965714451476092E+01    0.402509718527940521E+02    0.201361940861738980E+09    0.351818147338766812E+04   -0.175909073669383406E+04
    0.355558644257397845E+02    0.108982303266063330E+01    0.376224374715887322E+02    0.169999329234559298E+09    0.351815737799985800E+04   -0.175907868899992900E+04
    0.351590608989371418E+02    0.109029681093411046E+01    0.362761688383532572E+02    0.193326365857396185E+09    0.351814712959776989E+04   -0.175907356479888495E+04
    0.335286985361362468E+02    0.109046331706898436E+01    0.408525687385533729E+02    0.206521747838463724E+09    0.351813967672456420E+04   -0.175906983836228210E+04
    0.383781258420960398E+02    0.109069824625985023E+01    0.440205601960836077E+02    0.190435852690918982E+09    0.351811808173099371E+04   -0.175905904086549685E+04
    0.346361859822025480E+02    0.108954430218518272E+01    0.407307194956006171E+02    0.192428067695876807E+09    0.351808271134689585E+04   -0.175904135567344792E+04
    0.449465186257534697E+02    0.109025524109093741E+01    0.396248783565217906E+02    0.191794787620846003E+09    0.351806536398201342E+04   -0.175903268199100671E+04
    0.398221106646528256E+02    0.109036928524192489E+01    0.351224052149202706E+02    0.174523861013146430E+09    0.351803003688809713E+04   -0.175901501844404856E+04
    0.424231971246916260E+02    0.109085846707911038E+01    0.404268751974363596E+02    0.212778749478599280E+09    0.351794267653029738E+04   -0.175897133826514869E+04
    0.359571589055282956E+02    0.108998477368705715E+01    0.419914111906030882E+02    0.173598771491215885E+09    0.351787811941415112E+04   -0.175893905970707556E+04
    0.371890160971604047E+02    0.109100603762226389E+01    0.368165009443637956E+02    0.197071808361895800E+09    0.351785900670859974E+04   -0.175892950335429987E+04
    0.397393377715200486E+02    0.109004074940574336E+01    0.357951725452470555E+02    0.184940591588811994E+09    0.351783562862436156E+04   -0.175891781431218078E+04
    0.359365763230024982E+02    0.109017858497905529E+01    0.423835867072010899E+02    0.210848755817908883E+09    0.351780862132447692E+04   -0.175890431066223846E+04
    0.440100018491611849E+02    0.109079754521282934E+01    0.428230232088729466E+02    0.189685495249284774E+09    0.351778416990533060E+04   -0.175889208495266530E+04
    0.449991028676251119E+02    0.109056459689092011E+01    0.391148683745570835E+02    0.171519717276896000E+09    0.351774346759258606E+04   -0.175887173379629303E+04
    0.368533912447644667E+02    0.108972332920458870E+01    0.428264377220382997E+02    0.181541674853087306E+09    0.351773932351954818E+04   -0.175886966175977409E+04
    0.359373536416115797E+02    0.108964767016219932E+01    0.396431177636459253E+02    0.197857932810280412E+09    0.351771479232023694E+04   -0.175885739616011847E+04
    0.349315728011337541E+02    0.109081498733891213E+01    0.426286234223787730E+02    0.179365503754578590E+09    0.351769573547155824E+04   -0.175884786773577912E+04
    0.452911701980359993E+02    0.109043695002427432E+01    0.409956766067117400E+02    0.191117033980314881E+09    0.351764052970087141E+04   -0.175882026485043571E+04
    0.360823583753144845E+02    0.109009987460471014E+01    0.358768378894301136E+02    0.187412767383627713E+09    0.351754985173985369E+04   -0.175877492586992685E+04
    0.363060862615255218E+02    0.109123536174858260E+01    0.387667012787402925E+02    0.171565555586813927E+09    0.351754905399850486E+04   -0.175877452699925243E+04
    0.368989019402649348E+02    0.108951205226689285E+01    0.397256418053752896E+02    0.176343603734901398E+09    0.351754627963690746E+04   -0.175877313981845373E+04
    0.341892214082667678E+02    0.109005510035534336E+01    0.401794481619213713E+02    0.205211452478116691E+09    0.351754453099115881E+04   -0.175877226549557940E+04
    0.438610228003373521E+02    0.108994027124387793E+01    0.393188973622582196E+02    0.182847396334395468E+09    0.351751871503197117E+04   -0.175875935751598558E+04
    0.328496643758260802E+02    0.109067520277033547E+01    0.408199806693077250E+02    0.193959735584695995E+09    0.351749993902067672E+04   -0.175874996951033836E+04
    0.410661423116615509E+02    0.109109262216665903E+01    0.379934592890537246E+02    0.164899381678482443E+09    0.351749773459423022E+04   -0.175874886729711511E+04
    0.385838550904072051E+02    0.109146265585475577E+01    0.384706626019415552E+02    0.173270434411647856E+09    0.351746563714140211E+04   -0.175873281857070106E+04
    0.362420854669300994E+02    0.108941860211731001E+01    0.402479537403381613E+02    0.179377660445488483E+09    0.351745749752757956E+04   -0.175872874876378978E+04
    0.409822024576443340E+02    0.109107012149559623E+01    0.410923384235886004E+02    0.170498506759399533E+09    0.351743479467622910E+04   -0.175871739733811455E+04
    0.446285040541087170E+02    0.109055671760932071E+01    0.407832543612180913E+02    0.173631845381113023E+09    0.351742757515346239E+04   -0.175871378757673119E+04
    0.318848768032588836E+02    0.109006516368718320E+01    0.398511003804224018E+02    0.191056828925043076E+09    0.351740110436364239E+04   -0.175870055218182119E+04
    0.332336872838770816E+02    0.109099306941244945E+01    0.386503849942221791E+02    0.176789078066996485E+09    0.351734440178409750E+04   -0.175867220089204875E+04
    0.372311934366133741E+02    0.109145568334160337E+01    0.400863902626391067E+02    0.178024009583978355E+09    0.351726963990753302E+04   -0.175863481995376651E+04
    0.399048492498991010E+02    0.108954937817424091E+01    0.390150974342327288E+02    0.182425738431687027E+09    0.351723577195446705E+04   -0.175861788597723353E+04
    0.416647105537532170E+02    0.109128164742203215E+01    0.401190813363721119E+02    0.171904938576174647E+09    0.351718128633170636E+04   -0.175859064316585318E+04
    0.354749422409500212E+02    0.109019996309031586E+01    0.391349928631182067E+02    0.207007657321041793E+09    0.351715911080928254E+04   -0.175857955540464127E+04
    0.345852357554227510E+02    0.109124457251584595E+01    0.381023065901556990E+02    0.185106650772351414E+09    0.351715097365737256E+04   -0.175857548682868628E+04
    0.345852357554227510E+02    0.109124457251584595E+01    0.381023065901556990E+02    0.185106650772351414E+09    0.351715097365737256E+04   -0.175857548682868628E+04
    0.391453551195633693E+02    0.109082596720788705E+01    0.388852908265811479E+02    0.210558163416431338E+09    0.351711665583912418E+04   -0.175855832791956209E+04
    0.405431165699443241E+02    0.108997517951582323E+01    0.427149415392584686E+02    0.189614408660484940E+09    0.351693034249793027E+04   -0.175846517124896513E+04
    0.407384070920382513E+02    0.109118550972227224E+01    0.423441337504345228E+02    0.190930811368333846E+09    0.351692949426242467E+04   -0.175846474713121233E+04
    0.341695609105026961E+02    0.108994318309672811E+01    0.414758875970697147E+02    0.197490821792272449E+09    0.351692315940908702E+04   -0.175846157970454351E+04
    0.371724287892988627E+02    0.108993706920162658E+01    0.408327511262302849E+02    0.206574290489034951E+09    0.351688886675220419E+04   -0.175844443337610210E+04
    0.344991758691116814E+02    0.109064600978980808E+01    0.379766582006360522E+02    0.197887611576984286E+09    0.351687902487770270E+04   -0.175843951243885135E+04
    0.324522741910710053E+02    0.109009788843759448E+01    0.415767572197350574E+02    0.181990329962431759E+09    0.351669082797463079E+04   -0.175834541398731540E+04
    0.419180726695753805E+02    0.109128033997943596E+01    0.415400045893063776E+02    0.190034838947739691E+09    0.351664936115684486E+04   -0.175832468057842243E+04
    0.379595261821683607E+02    0.109101656862523066E+01    0.396077227547898616E+02    0.167957186364993900E+09    0.351663628335972180E+04   -0.175831814167986090E+04
    0.379595261821683607E+02    0.109101656862523066E+01    0.396077227547898616E+02    0.167957186364993900E+09    0.351663628335972180E+04   -0.175831814167986090E+04
    0.370600189884708584E+02    0.109015907523398381E+01    0.428251920259627639E+02    0.177347995584333658E+09    0.351663123923142120E+04   -0.175831561961571060E+04
    0.409417809864192819E+02    0.109102594163086808E+01    0.414983754352531733E+02    0.205141495095677555E+09    0.351654757869988225E+04   -0.175827378934994113E+04
    0.397054966556431381E+02    0.109022015797833327E+01    0.414803940988592004E+02    0.171140087223187268E+09    0.351653792381221774E+04   -0.175826896190610887E+04
    0.438441615980539865E+02    0.109102646004899739E+01    0.386568445982078330E+02    0.194931734656397462E+09    0.351653442144425026E+04   -0.175826721072212513E+04
    0.438441615980539865E+02    0.109102646004899739E+01    0.386568445982078330E+02    0.194931734656397462E+09    0.351653442144425026E+04   -0.175826721072212513E+04
    0.363521230711119685E+02    0.109013965370336097E+01    0.365495165737745182E+02    0.190409819967575848E+09    0.351650203624434835E+04   -0.175825101812217417E+04
    0.357787861470749320E+02    0.108983854566045268E+01    0.411369667288463035E+02    0.198822705522992492E+09    0.351646322138604501E+04   -0.175823161069302250E+04
    0.414858077136673060E+02    0.109134112654034943E+01    0.403459857504556751E+02    0.194156467602047682E+09    0.351643290454241105E+04   -0.175821645227120553E+04
    0.385302403807419154E+02    0.109077711639575292E+01    0.356887854919658878E+02    0.187988297334157258E+09    0.351641550088596341E+04   -0.175820775044298171E+04
    0.385302403807419154E+02    0.109077711639575292E+01    0.356887854919658878E+02    0.187988297334157258E+09    0.351641550088596341E+04   -0.175820775044298171E+04
    0.359022025104229030E+02    0.108967190639173905E+01    0.416950588838174809E+02    0.184706686725849152E+09    0.351641342650104980E+04   -0.175820671325052490E+04
    0.359022025104229030E+02    0.108967190639173905E+01    0.416950588838174809E+02    0.184706686725849152E+09    0.351641342650104980E+04   -0.175820671325052490E+04
    0.398435441086571913E+02    0.109061803090141862E+01    0.435467919302657052E+02    0.188192003489400864E+09    0.351640528319678742E+04   -0.175820264159839371E+04
    0.359597394527861596E+02    0.109022770279572523E+01    0.380733178248437412E+02    0.167575517173631281E+09    0.351635807401371676E+04   -0.175817903700685838E+04
    0.417286307319039977E+02    0.109124022750771710E+01    0.386025805283442196E+02    0.170920349152219146E+09    0.351635479340064376E+04   -0.175817739670032188E+04
    0.371045170413444296E+02    0.109026880140127536E+01    0.399618879959467534E+02    0.210058927352662534E+09    0.351632426366286381E+04   -0.175816213183143191E+04
    0.452298641833525465E+02    0.109060346420839482E+01    0.410128114371030392E+02    0.185740997608247399E+09    0.351628007010910369E+04   -0.175814003505455184E+04
    0.452298641833525465E+02    0.109060346420839482E+01    0.410128114371030392E+02    0.185740997608247399E+09    0.351628007010910369E+04   -0.175814003505455184E+04
    0.333341878293462344E+02    0.109042895230481096E+01    0.369706014660043678E+02    0.186229395042371392E+09    0.351626757603624446E+04   -0.175813378801812223E+04
    0.333341878293462344E+02    0.109042895230481096E+01    0.369706014660043678E+02    0.186229395042371392E+09    0.351626757603624446E+04   -0.175813378801812223E+04
    0.388243611429654578E+02    0.109114006803141561E+01    0.368888971960683847E+02    0.171270608635799468E+09    0.351623440254730167E+04   -0.175811720127365083E+04
    0.424169171327533476E+02    0.109025053649805881E+01    0.377833421942318424E+02    0.191519199896709144E+09    0.351622018801889863E+04   -0.175811009400944931E+04
    0.444317720667621927E+02    0.109062062387144776E+01    0.370343878285895869E+02    0.183253066377036512E+09    0.351620018313394576E+04   -0.175810009156697288E+04
    0.408982998236356465E+02    0.109132595576100311E+01    0.409266802434729158E+02    0.191763725009238362E+09    0.351619860519534268E+04   -0.175809930259767134E+04
    0.408982998236356465E+02    0.109132595576100311E+01    0.409266802434729158E+02    0.191763725009238362E+09    0.351619860519534268E+04   -0.175809930259767134E+04
    0.388498071643513541E+02    0.109127285768993487E+01    0.413448483767863095E+02    0.190299391728593349E+09    0.351612906516488874E+04   -0.175806453258244437E+04
    0.410591753098848287E+02    0.109131942532553228E+01    0.389723373129272375E+02    0.194507103429228544E+09    0.351610570332789212E+04   -0.175805285166394606E+04
    0.352994768149323406E+02    0.109088209205320408E+01    0.416968240146872091E+02    0.192013872158648670E+09    0.351610162807458073E+04   -0.175805081403729037E+04
    0.353404691211963993E+02    0.109107762652595142E+01    0.381978409461903397E+02    0.190711208305745602E+09    0.351605652199380211E+04   -0.175802826099690105E+04
    0.353404691211963993E+02    0.109107762652595142E+01    0.381978409461903397E+02    0.190711208305745602E+09    0.351605652199380211E+04   -0.175802826099690105E+04
    0.431799411340664605E+02    0.109092668014107352E+01    0.377672114803921559E+02    0.192871093881311893E+09    0.351601883579322111E+04   -0.175800941789661056E+04
    0.388485908901431287E+02    0.109125291018535098E+01    0.388379871271250110E+02    0.196290752105587184E+09    0.351600702096717760E+04   -0.175800351048358880E+04
    0.423620331664036627E+02    0.109006743910619086E+01    0.414793470489197489E+02    0.188717717107043326E+09    0.351594562127330573E+04   -0.175797281063665287E+04
    0.423620331664036627E+02    0.109006743910619086E+01    0.414793470489197489E+02    0.188717717107043326E+09    0.351594562127330573E+04   -0.175797281063665287E+04
    0.422488429854307412E+02    0.109102180901983314E+01    0.361903256478908730E+02    0.176551242022042990E+09    0.351594049754903972E+04   -0.175797024877451986E+04
    0.331633967205958342E+02    0.109071077504257619E+01    0.380378496951689655E+02    0.177126685418086231E+09    0.351580532460984841E+04   -0.175790266230492421E+04
    0.386480311805860239E+02    0.109097234019516032E+01    0.390705323399425026E+02    0.167839898164503187E+09    0.351580303316616482E+04   -0.175790151658308241E+04
    0.379524637067812805E+02    0.108975142217008814E+01    0.413538764992235528E+02    0.189829542086714625E+09    0.351576360585480870E+04   -0.175788180292740435E+04
    0.379524637067812805E+02    0.108975142217008814E+01    0.413538764992235528E+02    0.189829542086714625E+09    0.351576360585480870E+04   -0.175788180292740435E+04
    0.432080984869967040E+02    0.109107647780261385E+01    0.417237219067738607E+02    0.179609370659164369E+09    0.351575326934154873E+04   -0.175787663467077437E+04
    0.432080984869967040E+02    0.109107647780261385E+01    0.417237219067738607E+02    0.179609370659164369E+09    0.351575326934154873E+04   -0.175787663467077437E+04
    0.324549029769499526E+02    0.109059068986433405E+01    0.374231088365998517E+02    0.180657854375427455E+09    0.351574150626571782E+04   -0.175787075313285891E+04
    0.321005916724627056E+02    0.108998365176239043E+01    0.395366302207738869E+02    0.182087807795156181E+09    0.351570087317424441E+04   -0.175785043658712220E+04
    0.321005916724627056E+02    0.108998365176239043E+01    0.395366302207738869E+02    0.182087807795156181E+09    0.351570087317424441E+04   -0.175785043658712220E+04
    0.436415241745791462E+02    0.109056925601206323E+01    0.389799885242515529E+02    0.194918856787604392E+09    0.351568812084298042E+04   -0.175784406042149021E+04
    0.436415241745791462E+02    0.109056925601206323E+01    0.389799885242515529E+02    0.194918856787604392E+09    0.351568812084298042E+04   -0.175784406042149021E+04
    0.386447017997569020E+02    0.108965572223683904E+01    0.410386106180263468E+02    0.181853233449603349E+09    0.351566805287372063E+04   -0.175783402643686031E+04
    0.421184040015277645E+02    0.109127526678239750E+01    0.409013962093092971E+02    0.188198977968804151E+09    0.351565023034913111E+04   -0.175782511517456555E+04
    0.392636915682163306E+02    0.109068246739561059E+01    0.400159661848123918E+02    0.209139749354729295E+09    0.351553895651689982E+04   -0.175776947825844991E+04
    0.338546929274811959E+02    0.109081457712662799E+01    0.375334627387784678E+02    0.185240295019642264E+09    0.351553702401444389E+04   -0.175776851200722194E+04
    0.450268407424111174E+02    0.109084917935271997E+01    0.405326463956576859E+02    0.185471551573861569E+09    0.351553001575709823E+04   -0.175776500787854911E+04
    0.450268407424111174E+02    0.109084917935271997E+01    0.405326463956576859E+02    0.185471551573861569E+09    0.351553001575709823E+04   -0.175776500787854911E+04
    0.321012579386486365E+02    0.109025905957090541E+01    0.399287936553722247E+02    0.183352740401478112E+09    0.351550151082349021E+04   -0.175775075541174510E+04
    0.417045334000095735E+02    0.109073022432786182E+01    0.396459309006541787E+02    0.204158982870424926E+09    0.351549403950757369E+04   -0.175774701975378684E+04
    0.377320598296225498E+02    0.108997359190394527E+01    0.370830794768903189E+02    0.187776711186686814E+09    0.351546563496684939E+04   -0.175773281748342470E+04
    0.341752616459215233E+02    0.109070280901662708E+01    0.404680057345026611E+02    0.176248449991716236E+09    0.351545832608941237E+04   -0.175772916304470618E+04
    0.367614801266587534E+02    0.108992547120669303E+01    0.369057844663703776E+02    0.185185388143157780E+09    0.351545443792273363E+04   -0.175772721896136682E+04
    0.372129576506175681E+02    0.108968565696268738E+01    0.414553130651136712E+02    0.180500863897410154E+09    0.351542379520027316E+04   -0.175771189760013658E+04
    0.327889703884761943E+02    0.109050692732603460E+01    0.408528097500442300E+02    0.182125514404598504E+09    0.351534739918017749E+04   -0.175767369959008875E+04
    0.363566414184834983E+02    0.109102991117503945E+01    0.380940346200153712E+02    0.192320787485528767E+09    0.351525768521268492E+04   -0.175762884260634246E+04
    0.331324562138649554E+02    0.108997712946999648E+01    0.374976876130541967E+02    0.180636313347673297E+09    0.351525382525497753E+04   -0.175762691262748876E+04
    0.331324562138649554E+02    0.108997712946999648E+01    0.374976876130541967E+02    0.180636313347673297E+09    0.351525382525497753E+04   -0.175762691262748876E+04
    0.372359762912383800E+02    0.109047852063474404E+01    0.419622039292599425E+02    0.175086757820798814E+09    0.351521317584653480E+04   -0.175760658792326740E+04
    0.348762222975169038E+02    0.108990395546779628E+01    0.396666743251934761E+02    0.192991301045731634E+09    0.351521188565532248E+04   -0.175760594282766124E+04
    0.348762222975169038E+02    0.108990395546779628E+01    0.396666743251934761E+02    0.192991301045731634E+09    0.351521188565532248E+04   -0.175760594282766124E+04
    0.352769700511393722E+02    0.109067530765413689E+01    0.396376740138392165E+02    0.172134902858008087E+09    0.351517192603166131E+04   -0.175758596301583066E+04
    0.378936512735486914E+02    0.109091928368414282E+01    0.389308660210494253E+02    0.169267131768525422E+09    0.351516511729882131E+04   -0.175758255864941066E+04
    0.378936512735486914E+02    0.109091928368414282E+01    0.389308660210494253E+02    0.169267131768525422E+09    0.351516511729882131E+04   -0.175758255864941066E+04
    0.426914076351262821E+02    0.109037647092486245E+01    0.365519177050138424E+02    0.180761957063325852E+09    0.351514548079884298E+04   -0.175757274039942149E+04
    0.426914076351262821E+02    0.109037647092486245E+01    0.365519177050138424E+02    0.180761957063325852E+09    0.351514548079884298E+04   -0.175757274039942149E+04
    0.348168375870053168E+02    0.109064674690667207E+01    0.387119350801558042E+02    0.172470784117629886E+09    0.351511067775428592E+04   -0.175755533887714296E+04
    0.348168375870053168E+02    0.109064674690667207E+01    0.387119350801558042E+02    0.172470784117629886E+09    0.351511067775428592E+04   -0.175755533887714296E+04
    0.348625932427313501E+02    0.109000358451381363E+01    0.397108880477828876E+02    0.195107304442408770E+09    0.351510999256891637E+04   -0.175755499628445818E+04
    0.348625932427313501E+02    0.109000358451381363E+01    0.397108880477828876E+02    0.195107304442408770E+09    0.351510999256891637E+04   -0.175755499628445818E+04
    0.368308078701475026E+02    0.108980271458299960E+01    0.378318954870381887E+02    0.185827213737441093E+09    0.351507874710036003E+04   -0.175753937355018002E+04
    0.368308078701475026E+02    0.108980271458299960E+01    0.378318954870381887E+02    0.185827213737441093E+09    0.351507874710036003E+04   -0.175753937355018002E+04
    0.422572668183132691E+02    0.109035905615774897E+01    0.368077796433612860E+02    0.183799309467002600E+09    0.351506440520525484E+04   -0.175753220260262742E+04
    0.422572668183132691E+02    0.109035905615774897E+01    0.368077796433612860E+02    0.183799309467002600E+09    0.351506440520525484E+04   -0.175753220260262742E+04
    0.399716066259954985E+02    0.109100940122973489E+01    0.394956799078900929E+02    0.170420190774825990E+09    0.351500535206922132E+04   -0.175750267603461066E+04
    0.354041879965216495E+02    0.108978536788740343E+01    0.408212280265027516E+02    0.187021712221165061E+09    0.351499869620458503E+04   -0.175749934810229252E+04
    0.371101154573240493E+02    0.109025170467770605E+01    0.426885673681898510E+02    0.191605784199208319E+09    0.351499130554007115E+04   -0.175749565277003558E+04
    0.371101154573240493E+02    0.109025170467770605E+01    0.426885673681898510E+02    0.191605784199208319E+09    0.351499130554007115E+04   -0.175749565277003558E+04
    0.363394472951565177E+02    0.109018364018827052E+01    0.420889989087079570E+02    0.195844217693607569E+09    0.351493420253413478E+04   -0.175746710126706739E+04
    0.431614090294639041E+02    0.109112791142272592E+01    0.399975106873905943E+02    0.189959925059257209E+09    0.351493416805054221E+04   -0.175746708402527111E+04
    0.431614090294639041E+02    0.109112791142272592E+01    0.399975106873905943E+02    0.189959925059257209E+09    0.351493416805054221E+04   -0.175746708402527111E+04
    0.438097777883052117E+02    0.109070143506419925E+01    0.405101238456523873E+02    0.176100248778241992E+09    0.351490262531128701E+04   -0.175745131265564351E+04
    0.438097777883052117E+02    0.109070143506419925E+01    0.405101238456523873E+02    0.176100248778241992E+09    0.351490262531128701E+04   -0.175745131265564351E+04
    0.406102827533849506E+02    0.108988331449443909E+01    0.381347568189986390E+02    0.178934709439347237E+09    0.351489524273237521E+04   -0.175744762136618760E+04
    0.425758589518922506E+02    0.109010027104731932E+01    0.391984816715880129E+02    0.186096666483737677E+09    0.351481039101020087E+04   -0.175740519550510044E+04
    0.425758589518922506E+02    0.109010027104731932E+01    0.391984816715880129E+02    0.186096666483737677E+09    0.351481039101020087E+04   -0.175740519550510044E+04
    0.438241756095383934E+02    0.109089053153706073E+01    0.396921070440181509E+02    0.191288676910383433E+09    0.351480529740324437E+04   -0.175740264870162218E+04
    0.438241756095383934E+02    0.109089053153706073E+01    0.396921070440181509E+02    0.191288676910383433E+09    0.351480529740324437E+04   -0.175740264870162218E+04
    0.387668107363840591E+02    0.109007668350853515E+01    0.374661568247304047E+02    0.173728812013620615E+09    0.351479739427516870E+04   -0.175739869713758435E+04
    0.387668107363840591E+02    0.109007668350853515E+01    0.374661568247304047E+02    0.173728812013620615E+09    0.351479739427516870E+04   -0.175739869713758435E+04
    0.377511400861059983E+02    0.109085242380968794E+01    0.400468775344314025E+02    0.171264429442176223E+09    0.351478022610238349E+04   -0.175739011305119175E+04
    0.377511400861059983E+02    0.109085242380968794E+01    0.400468775344314025E+02    0.171264429442176223E+09    0.351478022610238349E+04   -0.175739011305119175E+04
    0.409810240891015951E+02    0.109071690214685146E+01    0.375421880889046733E+02    0.193978763352210999E+09    0.351470428589645826E+04   -0.175735214294822913E+04
    0.409810240891015951E+02    0.109071690214685146E+01    0.375421880889046733E+02    0.193978763352210999E+09    0.351470428589645826E+04   -0.175735214294822913E+04
    0.402947015293365851E+02    0.109083199290937194E+01    0.417365979780857046E+02    0.199442926644721806E+09    0.351469173272515309E+04   -0.175734586636257654E+04
    0.352222189869732887E+02    0.109007262608827937E+01    0.388586742189201715E+02    0.193642363580526471E+09    0.351466841919071157E+04   -0.175733420959535579E+04
    0.352222189869732887E+02    0.109007262608827937E+01    0.388586742189201715E+02    0.193642363580526471E+09    0.351466841919071157E+04   -0.175733420959535579E+04
    0.352181607294210011E+02    0.109055402933298740E+01    0.375072299298342813E+02    0.173552147046279788E+09    0.351466037657221568E+04   -0.175733018828610784E+04
    0.352181607294210011E+02    0.109055402933298740E+01    0.375072299298342813E+02    0.173552147046279788E+09    0.351466037657221568E+04   -0.175733018828610784E+04
    0.402635238639532815E+02    0.109064998835601989E+01    0.388730785021911132E+02    0.168144170836408794E+09    0.351465603644719340E+04   -0.175732801822359670E+04
    0.402635238639532815E+02    0.109064998835601989E+01    0.388730785021911132E+02    0.168144170836408794E+09    0.351465603644719340E+04   -0.175732801822359670E+04
    0.419517458224285349E+02    0.109118330393545593E+01    0.392683590752378109E+02    0.175070834430403829E+09    0.351465183172089155E+04   -0.175732591586044578E+04
    0.419517458224285349E+02    0.109118330393545593E+01    0.392683590752378109E+02    0.175070834430403829E+09    0.351465183172089155E+04   -0.175732591586044578E+04
    0.337280388707606420E+02    0.108979925534571631E+01    0.394188461650006232E+02    0.181602888469595253E+09    0.351464594622074310E+04   -0.175732297311037155E+04
    0.337280388707606420E+02    0.108979925534571631E+01    0.394188461650006232E+02    0.181602888469595253E+09    0.351464594622074310E+04   -0.175732297311037155E+04
    0.342665815988146960E+02    0.109011613913498562E+01    0.379635799896271990E+02    0.187439145400225490E+09    0.351461623908790898E+04   -0.175730811954395449E+04
    0.342665815988146960E+02    0.109011613913498562E+01    0.379635799896271990E+02    0.187439145400225490E+09    0.351461623908790898E+04   -0.175730811954395449E+04
    0.414177829332413552E+02    0.109092994069369831E+01    0.397721881946593001E+02    0.199141152051985294E+09    0.351459588402815643E+04   -0.175729794201407822E+04
    0.363797125058322095E+02    0.109109361523120540E+01    0.374855689233771940E+02    0.177223235000042140E+09    0.351456204513410603E+04   -0.175728102256705301E+04
    0.387847084738891539E+02    0.109119742057384883E+01    0.383582602311253140E+02    0.190729797155911088E+09    0.351455574783758311E+04   -0.175727787391879156E+04
    0.387847084738891539E+02    0.109119742057384883E+01    0.383582602311253140E+02    0.190729797155911088E+09    0.351455574783758311E+04   -0.175727787391879156E+04
    0.405459628562646301E+02    0.109078067341276785E+01    0.384911040647426077E+02    0.168998829587564617E+09    0.351455278276841773E+04   -0.175727639138420886E+04
    0.405259987748025239E+02    0.109041989404988704E+01    0.383265525579017705E+02    0.169740990952569008E+09    0.351451369246492686E+04   -0.175725684623246343E+04
    0.387671449132938335E+02    0.109039479306110709E+01    0.364248486917881777E+02    0.186830459845044911E+09    0.351449189175057563E+04   -0.175724594587528782E+04
    0.387671449132938335E+02    0.109039479306110709E+01    0.364248486917881777E+02    0.186830459845044911E+09    0.351449189175057563E+04   -0.175724594587528782E+04
    0.361833115360055189E+02    0.109071281526703889E+01    0.380774767349181786E+02    0.194463879199699223E+09    0.351447220873751485E+04   -0.175723610436875742E+04
    0.361833115360055189E+02    0.109071281526703889E+01    0.380774767349181786E+02    0.194463879199699223E+09    0.351447220873751485E+04   -0.175723610436875742E+04
    0.389836832119580663E+02    0.108977765870527876E+01    0.397124255491646352E+02    0.185669860939720154E+09    0.351447201813315633E+04   -0.175723600906657816E+04
    0.389836832119580663E+02    0.108977765870527876E+01    0.397124255491646352E+02    0.185669860939720154E+09    0.351447201813315633E+04   -0.175723600906657816E+04
    0.407235677052371301E+02    0.109086633619367257E+01    0.417917245118204619E+02    0.195372281737876594E+09    0.351444272905557591E+04   -0.175722136452778796E+04
    0.390792358093208563E+02    0.109108153185328716E+01    0.410411583355579452E+02    0.193089365956921250E+09    0.351443717360108076E+04   -0.175721858680054038E+04
    0.390792358093208563E+02    0.109108153185328716E+01    0.410411583355579452E+02    0.193089365956921250E+09    0.351443717360108076E+04   -0.175721858680054038E+04
    0.406856973971873757E+02    0.109116699265786732E+01    0.402716043045771812E+02    0.192532914191789329E+09    0.351443678856351380E+04   -0.175721839428175690E+04
    0.406856973971873757E+02    0.109116699265786732E+01    0.402716043045771812E+02    0.192532914191789329E+09    0.351443678856351380E+04   -0.175721839428175690E+04
    0.403202944513429387E+02    0.109003421815633184E+01    0.383245779883160154E+02    0.175465906616614610E+09    0.351441159802750326E+04   -0.175720579901375163E+04
    0.403202944513429387E+02    0.109003421815633184E+01    0.383245779883160154E+02    0.175465906616614610E+09    0.351441159802750326E+04   -0.175720579901375163E+04
    0.381204705815674885E+02    0.109047279672856390E+01    0.422801205489459733E+02    0.197174632066783935E+09    0.351433599455561080E+04   -0.175716799727780540E+04
    0.365406493608853040E+02    0.109055882896782097E+01    0.425572380227210232E+02    0.181123728723142058E+09    0.351433206962361146E+04   -0.175716603481180573E+04
    0.366290826691802422E+02    0.109025973516843422E+01    0.377511775642866780E+02    0.192792714697750717E+09    0.351431487325303806E+04   -0.175715743662651903E+04
    0.366290826691802422E+02    0.109025973516843422E+01    0.377511775642866780E+02    0.192792714697750717E+09    0.351431487325303806E+04   -0.175715743662651903E+04
    0.391453090312745360E+02    0.108995194445356858E+01    0.408095837016473482E+02    0.191862285962169170E+09    0.351431204038191845E+04   -0.175715602019095923E+04
    0.391453090312745360E+02    0.108995194445356858E+01    0.408095837016473482E+02    0.191862285962169170E+09    0.351431204038191845E+04   -0.175715602019095923E+04
    0.421990537821460947E+02    0.109122253778806444E+01    0.403673825420904038E+02    0.184960187997157514E+09    0.351430385000108072E+04   -0.175715192500054036E+04
    0.384845567720102366E+02    0.109009571909484415E+01    0.403625418887885701E+02    0.198844868689948142E+09    0.351430225125106062E+04   -0.175715112562553031E+04
    0.413802404575036817E+02    0.108992684608847124E+01    0.386341625051353290E+02    0.180390939045850366E+09    0.351428663707662099E+04   -0.175714331853831050E+04
    0.413802404575036817E+02    0.108992684608847124E+01    0.386341625051353290E+02    0.180390939045850366E+09    0.351428663707662099E+04   -0.175714331853831050E+04
    0.436612846981808005E+02    0.109071540176892268E+01    0.403819640529892681E+02    0.189979940951420546E+09    0.351426081940011090E+04   -0.175713040970005545E+04
    0.395260096572192268E+02    0.109038765871432219E+01    0.417479974849383240E+02    0.200384640869345099E+09    0.351426019903140559E+04   -0.175713009951570280E+04
    0.421482436133744756E+02    0.109038814462209910E+01    0.383881836565354675E+02    0.173755349538531184E+09    0.351425831921796635E+04   -0.175712915960898317E+04
    0.421482436133744756E+02    0.109038814462209910E+01    0.383881836565354675E+02    0.173755349538531184E+09    0.351425831921796635E+04   -0.175712915960898317E+04
    0.410648726783888804E+02    0.109073549986894180E+01    0.403904848747399896E+02    0.201166084689749807E+09    0.351425398028195377E+04   -0.175712699014097689E+04
    0.410648726783888804E+02    0.109073549986894180E+01    0.403904848747399896E+02    0.201166084689749807E+09    0.351425398028195377E+04   -0.175712699014097689E+04
    0.377153572601395837E+02    0.109030186140446750E+01    0.412446811490591756E+02    0.174355492929558635E+09    0.351423903053249342E+04   -0.175711951526624671E+04
    0.363174182004934778E+02    0.109002185821851727E+01    0.391726222088239737E+02    0.174022328832393795E+09    0.351422841467091621E+04   -0.175711420733545810E+04
    0.403356982310227536E+02    0.109013845124844244E+01    0.417442370606847390E+02    0.190287258969488502E+09    0.351421222077373250E+04   -0.175710611038686625E+04
    0.403356982310227536E+02    0.109013845124844244E+01    0.417442370606847390E+02    0.190287258969488502E+09    0.351421222077373250E+04   -0.175710611038686625E+04
    0.374089941608702716E+02    0.109084790769559214E+01    0.421919331189653164E+02    0.182480265611948162E+09    0.351420794487405146E+04   -0.175710397243702573E+04
    0.374089941608702716E+02    0.109084790769559214E+01    0.421919331189653164E+02    0.182480265611948162E+09    0.351420794487405146E+04   -0.175710397243702573E+04
    0.413679436093226656E+02    0.109056911183133320E+01    0.391086006495083822E+02    0.170672934433860093E+09    0.351419944088544435E+04   -0.175709972044272217E+04
    0.413679436093226656E+02    0.109056911183133320E+01    0.391086006495083822E+02    0.170672934433860093E+09    0.351419944088544435E+04   -0.175709972044272217E+04
    0.436036364189607326E+02    0.109079357517668551E+01    0.414315630926178500E+02    0.181793491816930115E+09    0.351419523917781953E+04   -0.175709761958890977E+04
    0.436036364189607326E+02    0.109079357517668551E+01    0.414315630926178500E+02    0.181793491816930115E+09    0.351419523917781953E+04   -0.175709761958890977E+04
    0.381348307959432518E+02    0.109060836897068048E+01    0.388344343551587485E+02    0.200418486080183208E+09    0.351417762642718662E+04   -0.175708881321359331E+04
    0.381348307959432518E+02    0.109060836897068048E+01    0.388344343551587485E+02    0.200418486080183208E+09    0.351417762642718662E+04   -0.175708881321359331E+04
    0.413015962254582121E+02    0.109040431111221037E+01    0.399734728940961546E+02    0.198706928240587294E+09    0.351417427369444340E+04   -0.175708713684722170E+04
    0.413015962254582121E+02    0.109040431111221037E+01    0.399734728940961546E+02    0.198706928240587294E+09    0.351417427369444340E+04   -0.175708713684722170E+04
    0.353957716014411474E+02    0.109051006216250457E+01    0.381849994717422589E+02    0.192819596525570482E+09    0.351416364501503358E+04   -0.175708182250751679E+04
    0.353957716014411474E+02    0.109051006216250457E+01    0.381849994717422589E+02    0.192819596525570482E+09    0.351416364501503358E+04   -0.175708182250751679E+04
    0.381492121916123565E+02    0.108991195273725539E+01    0.391459205500799570E+02    0.190617113146951318E+09    0.351414156322057761E+04   -0.175707078161028880E+04
    0.381492121916123565E+02    0.108991195273725539E+01    0.391459205500799570E+02    0.190617113146951318E+09    0.351414156322057761E+04   -0.175707078161028880E+04
    0.435941739722201760E+02    0.109061198853745722E+01    0.397909660882157823E+02    0.176249849336452127E+09    0.351414146455765149E+04   -0.175707073227882574E+04
    0.379230474576943664E+02    0.109085344110938531E+01    0.358583776806270720E+02    0.181001392802299380E+09    0.351414113243719976E+04   -0.175707056621859988E+04
    0.379230474576943664E+02    0.109085344110938531E+01    0.358583776806270720E+02    0.181001392802299380E+09    0.351414113243719976E+04   -0.175707056621859988E+04
    0.353179011683746964E+02    0.109010750433379466E+01    0.370529450663793156E+02    0.183370656276076406E+09    0.351414098210917700E+04   -0.175707049105458850E+04
    0.353179011683746964E+02    0.109010750433379466E+01    0.370529450663793156E+02    0.183370656276076406E+09    0.351414098210917700E+04   -0.175707049105458850E+04
    0.439777611926738317E+02    0.109086794440120727E+01    0.402118045004627689E+02    0.178388780105011553E+09    0.351412683136083024E+04   -0.175706341568041512E+04
    0.382255164761263799E+02    0.108990633142241533E+01    0.380005358790793224E+02    0.177305790111214817E+09    0.351409675611760849E+04   -0.175704837805880425E+04
    0.382255164761263799E+02    0.108990633142241533E+01    0.380005358790793224E+02    0.177305790111214817E+09    0.351409675611760849E+04   -0.175704837805880425E+04
    0.368401359622751485E+02    0.109123866050563878E+01    0.378194638985655800E+02    0.181392565267797917E+09    0.351409265388290987E+04   -0.175704632694145494E+04
    0.374183665441256323E+02    0.108975919589485182E+01    0.381112208539380859E+02    0.180186385015703529E+09    0.351408617549768451E+04   -0.175704308774884225E+04
    0.348631673815461838E+02    0.109100725691198952E+01    0.383873344592718340E+02    0.182179348638956040E+09    0.351405199527080640E+04   -0.175702599763540320E+04
    0.391287538047688983E+02    0.109057891260014661E+01    0.416540269464240254E+02    0.200272492664615929E+09    0.351399370293700576E+04   -0.175699685146850288E+04
    0.391287538047688983E+02    0.109057891260014661E+01    0.416540269464240254E+02    0.200272492664615929E+09    0.351399370293700576E+04   -0.175699685146850288E+04
    0.347071662740216738E+02    0.109002969918508419E+01    0.385738322008026842E+02    0.187208094601054847E+09    0.351397190460524871E+04   -0.175698595230262436E+04
    0.402268441434215873E+02    0.109116081903573270E+01    0.398521029201192576E+02    0.191401578337078184E+09    0.351396368701995289E+04   -0.175698184350997644E+04
    0.423430254671501700E+02    0.109053521696165401E+01    0.385396828689007620E+02    0.191678690842367709E+09    0.351396016884643905E+04   -0.175698008442321952E+04
    0.397424411623900511E+02    0.109071098574547132E+01    0.396464890440406847E+02    0.170504507870333850E+09    0.351395500184985940E+04   -0.175697750092492970E+04
    0.438046880706377166E+02    0.109076610782954586E+01    0.389531811269360020E+02    0.176871269492883027E+09    0.351395218313793794E+04   -0.175697609156896897E+04
    0.377781620262018976E+02    0.109132060222981475E+01    0.386675868411006789E+02    0.179906441625721693E+09    0.351395052742042753E+04   -0.175697526371021377E+04
    0.377781620262018976E+02    0.109132060222981475E+01    0.386675868411006789E+02    0.179906441625721693E+09    0.351395052742042753E+04   -0.175697526371021377E+04
    0.395316167210464400E+02    0.109062700068095708E+01    0.424246890278514215E+02    0.190346405990437984E+09    0.351395014011504645E+04   -0.175697507005752323E+04
    0.416379445269430946E+02    0.109063693259784111E+01    0.396100569727653067E+02    0.172037647021593004E+09    0.351394310796024820E+04   -0.175697155398012410E+04
    0.393239263148132139E+02    0.108981198865214290E+01    0.401489495981389908E+02    0.182726963702333450E+09    0.351391540401655402E+04   -0.175695770200827701E+04
    0.393239263148132139E+02    0.108981198865214290E+01    0.401489495981389908E+02    0.182726963702333450E+09    0.351391540401655402E+04   -0.175695770200827701E+04
    0.368120931113076963E+02    0.109043496162482123E+01    0.420909592578742888E+02    0.192003640519050151E+09    0.351391409583374116E+04   -0.175695704791687058E+04
    0.425554599315189321E+02    0.109103649975345540E+01    0.412959265140861476E+02    0.180932379553545594E+09    0.351391273673593969E+04   -0.175695636836796984E+04
    0.399573201234095166E+02    0.109097615762999323E+01    0.379145336486917230E+02    0.191945344690392673E+09    0.351389816229042208E+04   -0.175694908114521104E+04
    0.360142660110877202E+02    0.108991469564267840E+01    0.402940428583806067E+02    0.189149736029275030E+09    0.351388630299340821E+04   -0.175694315149670410E+04
    0.395800990886334034E+02    0.109064758955641317E+01    0.413213667681766239E+02    0.200534314743984729E+09    0.351388463598067210E+04   -0.175694231799033605E+04
    0.395800990886334034E+02    0.109064758955641317E+01    0.413213667681766239E+02    0.200534314743984729E+09    0.351388463598067210E+04   -0.175694231799033605E+04
    0.347640412020832272E+02    0.109099743799974358E+01    0.394232621779139691E+02    0.180423018785416394E+09    0.351384227678966454E+04   -0.175692113839483227E+04
    0.347640412020832272E+02    0.109099743799974358E+01    0.394232621779139691E+02    0.180423018785416394E+09    0.351384227678966454E+04   -0.175692113839483227E+04
    0.422435994254078295E+02    0.109095132047860632E+01    0.380601529160847463E+02    0.188699193937733054E+09    0.351383843083339798E+04   -0.175691921541669899E+04
    0.400812332945051608E+02    0.109081917244724047E+01    0.421231487353642322E+02    0.188133135404325992E+09    0.351382452755336180E+04   -0.175691226377668090E+04
    0.400812332945051608E+02    0.109081917244724047E+01    0.421231487353642322E+02    0.188133135404325992E+09    0.351382452755336180E+04   -0.175691226377668090E+04
    0.336863641212049956E+02    0.109033410550049137E+01    0.385259775283203609E+02    0.185485868445363700E+09    0.351381673533047342E+04   -0.175690836766523671E+04
    0.399792828476291078E+02    0.108987734924314017E+01    0.406472186028185192E+02    0.180320372627391934E+09    0.351378785436027465E+04   -0.175689392718013733E+04
    0.399792828476291078E+02    0.108987734924314017E+01    0.406472186028185192E+02    0.180320372627391934E+09    0.351378785436027465E+04   -0.175689392718013733E+04
    0.374197677482433804E+02    0.109124677146589755E+01    0.378922280162397840E+02    0.181695930299287140E+09    0.351378551147155122E+04   -0.175689275573577561E+04
    0.374197677482433804E+02    0.109124677146589755E+01    0.378922280162397840E+02    0.181695930299287140E+09    0.351378551147155122E+04   -0.175689275573577561E+04
    0.400874508031857246E+02    0.109087596110621132E+01    0.395493143671513465E+02    0.198185988073615521E+09    0.351377789800905930E+04   -0.175688894900452965E+04
    0.381319100400081865E+02    0.109122719592170569E+01    0.390404425235037493E+02    0.177844257209968537E+09    0.351375180106782955E+04   -0.175687590053391477E+04
    0.367614312271381252E+02    0.108983628009449740E+01    0.409836201441603123E+02    0.182217831643636972E+09    0.351374870022909909E+04   -0.175687435011454954E+04
    0.385718393736050658E+02    0.109090068551718233E+01    0.383214330331606519E+02    0.194194902361872762E+09    0.351372755587258234E+04   -0.175686377793629117E+04
    0.385718393736050658E+02    0.109090068551718233E+01    0.383214330331606519E+02    0.194194902361872762E+09    0.351372755587258234E+04   -0.175686377793629117E+04
    0.394366396713778826E+02    0.109064854433894953E+01    0.401247522991713197E+02    0.171655828110675573E+09    0.351372283378665725E+04   -0.175686141689332862E+04
    0.416006711796034594E+02    0.109078574698678343E+01    0.411942733349702692E+02    0.176763434527885586E+09    0.351371439022231198E+04   -0.175685719511115599E+04
    0.338448731169572881E+02    0.109030672971524623E+01    0.400122828438399551E+02    0.186892710310284585E+09    0.351370381232700947E+04   -0.175685190616350474E+04
    0.338448731169572881E+02    0.109030672971524623E+01    0.400122828438399551E+02    0.186892710310284585E+09    0.351370381232700947E+04   -0.175685190616350474E+04
    0.391056671861805967E+02    0.109026640362411276E+01    0.415482090141066180E+02    0.176665041879603088E+09    0.351370236370886505E+04   -0.175685118185443253E+04
    0.379074724270106316E+02    0.109005733632714996E+01    0.417727344993164920E+02    0.187043784772232652E+09    0.351368213776699258E+04   -0.175684106888349629E+04
    0.390473658104180288E+02    0.109038451035671957E+01    0.421536853538798582E+02    0.178434906096073151E+09    0.351368074154808346E+04   -0.175684037077404173E+04
    0.442160273968524606E+02    0.109078261981315605E+01    0.387579361604362163E+02    0.182337290945294559E+09    0.351360265880368570E+04   -0.175680132940184285E+04
    0.418181798220447973E+02    0.109023855516404855E+01    0.405050496371677511E+02    0.177504743569673061E+09    0.351358029353877464E+04   -0.175679014676938732E+04
    0.395849475364670198E+02    0.108996141080961451E+01    0.379409755024678574E+02    0.179220798905649096E+09    0.351354645242245078E+04   -0.175677322621122539E+04
    0.421097382459511280E+02    0.109056214498290149E+01    0.379268956030457076E+02    0.175035480172071189E+09    0.351354421462471464E+04   -0.175677210731235732E+04
    0.386648714813679177E+02    0.109099707516864819E+01    0.365467377492758274E+02    0.178784891756572813E+09    0.351353921617721971E+04   -0.175676960808860986E+04
    0.389416532587441608E+02    0.109059593281520040E+01    0.417955040064689172E+02    0.195733430326739192E+09    0.351350763123744855E+04   -0.175675381561872427E+04
    0.397979943353367034E+02    0.109063305073575467E+01    0.416291768295219100E+02    0.176828540169582963E+09    0.351348368410538887E+04   -0.175674184205269444E+04
    0.397979943353367034E+02    0.109063305073575467E+01    0.416291768295219100E+02    0.176828540169582963E+09    0.351348368410538887E+04   -0.175674184205269444E+04
    0.385936844877697283E+02    0.109035504254469595E+01    0.396808338521643336E+02    0.199164774699763060E+09    0.351346598154166077E+04   -0.175673299077083038E+04
    0.351333235818579652E+02    0.109045081222409301E+01    0.401274645030624555E+02    0.192629213838949293E+09    0.351343362630820684E+04   -0.175671681315410342E+04
    0.393409486911614366E+02    0.108990884687325740E+01    0.405654343654534699E+02    0.183834983979191750E+09    0.351342671672796314E+04   -0.175671335836398157E+04
    0.342921538628178126E+02    0.108990646106903499E+01    0.388914414410989764E+02    0.180508524481821418E+09    0.351341539235225264E+04   -0.175670769617612632E+04
    0.365675415918326152E+02    0.109071002134179618E+01    0.368923491240935419E+02    0.184952252896242678E+09    0.351339382661369746E+04   -0.175669691330684873E+04
    0.394198903897529220E+02    0.109061009841155609E+01    0.376296446626068501E+02    0.172308133302551389E+09    0.351338706949576135E+04   -0.175669353474788068E+04
    0.368955561714813527E+02    0.109101234970365857E+01    0.372631608970324493E+02    0.178728808152275920E+09    0.351335662534117182E+04   -0.175667831267058591E+04
    0.393150638852368175E+02    0.109077997748998978E+01    0.388182590507667271E+02    0.171608840920645386E+09    0.351334756245010385E+04   -0.175667378122505193E+04
    0.359708874635212368E+02    0.109075125394868189E+01    0.407318173061698801E+02    0.190001099551480770E+09    0.351334546540941756E+04   -0.175667273270470878E+04
    0.416405111489869171E+02    0.109061851210553384E+01    0.412121884464213935E+02    0.192520191671304464E+09    0.351333634903881421E+04   -0.175666817451940710E+04
    0.395315851983586768E+02    0.109067277917955252E+01    0.368664290510969295E+02    0.175219481474901736E+09    0.351333277660059139E+04   -0.175666638830029569E+04
    0.354351072680539900E+02    0.109024452308381248E+01    0.381786606698095241E+02    0.175813898542783558E+09    0.351332385857045210E+04   -0.175666192928522605E+04
    0.423376817144175845E+02    0.109045835465417951E+01    0.411253650326370419E+02    0.178643065552092522E+09    0.351332289504566734E+04   -0.175666144752283367E+04
    0.368656122766989895E+02    0.109099897179316230E+01    0.391268026731336818E+02    0.188950878143236607E+09    0.351330921867581674E+04   -0.175665460933790837E+04
    0.351708906272835193E+02    0.109049574611585465E+01    0.404977018268754350E+02    0.190929045199692070E+09    0.351329486531560224E+04   -0.175664743265780112E+04
    0.413689326542620037E+02    0.109025280306058026E+01    0.407581847412649338E+02    0.189515979455263227E+09    0.351328747289874536E+04   -0.175664373644937268E+04
    0.413911042365498005E+02    0.109024120850102446E+01    0.376251060526592624E+02    0.182863943492522955E+09    0.351327995735218565E+04   -0.175663997867609282E+04
    0.400683630699182061E+02    0.109099995820896822E+01    0.380509881701082833E+02    0.174685488957967252E+09    0.351322538276990872E+04   -0.175661269138495436E+04
    0.403583188134258961E+02    0.109069162992860824E+01    0.376353009751493133E+02    0.190181335103910089E+09    0.351322041019302378E+04   -0.175661020509651189E+04
    0.359464369102331744E+02    0.109101517799062209E+01    0.387615031640678325E+02    0.178871955015777826E+09    0.351319893256148498E+04   -0.175659946628074249E+04
    0.383226786037351914E+02    0.109067759530296327E+01    0.417897658161371623E+02    0.191319192101079404E+09    0.351319625422294121E+04   -0.175659812711147060E+04
    0.408195505982390117E+02    0.109004741859844301E+01    0.402757702908218533E+02    0.184471678316587776E+09    0.351317514106116596E+04   -0.175658757053058298E+04
    0.378225764814112964E+02    0.109022838061052685E+01    0.407721794565674927E+02    0.175670612611237288E+09    0.351317152946675697E+04   -0.175658576473337848E+04
    0.378225764814112964E+02    0.109022838061052685E+01    0.407721794565674927E+02    0.175670612611237288E+09    0.351317152946675697E+04   -0.175658576473337848E+04
    0.368305772556556406E+02    0.109053072118443817E+01    0.409673069253829425E+02    0.195396525649079293E+09    0.351316791529688999E+04   -0.175658395764844499E+04
    0.378917317593896854E+02    0.109034194508534887E+01    0.369360156645684086E+02    0.185422725502566159E+09    0.351316137752509439E+04   -0.175658068876254720E+04
    0.378917317593896854E+02    0.109034194508534887E+01    0.369360156645684086E+02    0.185422725502566159E+09    0.351316137752509439E+04   -0.175658068876254720E+04
    0.432233418844965271E+02    0.109080439268231166E+01    0.398649375104368175E+02    0.186712806357086092E+09    0.351316132292340217E+04   -0.175658066146170108E+04
    0.398698673577850897E+02    0.109045347603015763E+01    0.422886522487500329E+02    0.183192259666244179E+09    0.351315870963438920E+04   -0.175657935481719460E+04
    0.362167016937750503E+02    0.109003438967909205E+01    0.407632933449548176E+02    0.187792813374798149E+09    0.351315801551270761E+04   -0.175657900775635380E+04
    0.378768418377982954E+02    0.109071074720206052E+01    0.418952644116504160E+02    0.187000930706213534E+09    0.351314682592680037E+04   -0.175657341296340019E+04
    0.400672784489715070E+02    0.109054368045419703E+01    0.370253581732229193E+02    0.186305349897245884E+09    0.351313846458376702E+04   -0.175656923229188351E+04
    0.406552569689118002E+02    0.109086118948329358E+01    0.381954507655649067E+02    0.191024098465628117E+09    0.351312042339363143E+04   -0.175656021169681571E+04
    0.336703872109501319E+02    0.109049084906774030E+01    0.397652257297045324E+02    0.181544353640815794E+09    0.351308572676623817E+04   -0.175654286338311908E+04
    0.370458595579196128E+02    0.108993616722637432E+01    0.402212664727548628E+02    0.186669578321102142E+09    0.351306099961871860E+04   -0.175653049980935930E+04
    0.391936895416322173E+02    0.109049705243577022E+01    0.398658750694550079E+02    0.172620201256157607E+09    0.351305399194468691E+04   -0.175652699597234346E+04
    0.391936895416322173E+02    0.109049705243577022E+01    0.398658750694550079E+02    0.172620201256157607E+09    0.351305399194468691E+04   -0.175652699597234346E+04
    0.386939223869533038E+02    0.109061904401253429E+01    0.364294409319820787E+02    0.178268352012425274E+09    0.351303813564860593E+04   -0.175651906782430297E+04
    0.341512802007616756E+02    0.109013518899148409E+01    0.385417425355701582E+02    0.182401519846497029E+09    0.351302431459364198E+04   -0.175651215729682099E+04
    0.418924722227023167E+02    0.109087883237966121E+01    0.400882997123538303E+02    0.176436853234181285E+09    0.351301260164145515E+04   -0.175650630082072757E+04
    0.355590606634576147E+02    0.109045581381222023E+01    0.413621979789987080E+02    0.185288501071238518E+09    0.351297264734553210E+04   -0.175648632367276605E+04
    0.388606019888314620E+02    0.108989422317370455E+01    0.389190722285000135E+02    0.182519580662261456E+09    0.351296971736206888E+04   -0.175648485868103444E+04
    0.388606019888314620E+02    0.108989422317370455E+01    0.389190722285000135E+02    0.182519580662261456E+09    0.351296971736206888E+04   -0.175648485868103444E+04
    0.402787789847022566E+02    0.109008828714206252E+01    0.381278173349328355E+02    0.178696733038887501E+09    0.351296685871541058E+04   -0.175648342935770529E+04
    0.403947297622593311E+02    0.109043755682499066E+01    0.409203767775864691E+02    0.194790455682985514E+09    0.351295595228464663E+04   -0.175647797614232331E+04
    0.403947297622593311E+02    0.109043755682499066E+01    0.409203767775864691E+02    0.194790455682985514E+09    0.351295595228464663E+04   -0.175647797614232331E+04
    0.411952251303165937E+02    0.109101573368758609E+01    0.395929599588347614E+02    0.189694769493762642E+09    0.351294755626830920E+04   -0.175647377813415460E+04
    0.407384416618013816E+02    0.109050466980648708E+01    0.415615065244584656E+02    0.178399652215491652E+09    0.351289867204366055E+04   -0.175644933602183028E+04
    0.383702047782856255E+02    0.109058823686812767E+01    0.362812932190335076E+02    0.181377264968919396E+09    0.351289658323817457E+04   -0.175644829161908729E+04
    0.358988720374780925E+02    0.108991688466202219E+01    0.382192456921040318E+02    0.180888267017323315E+09    0.351286606891593919E+04   -0.175643303445796960E+04
    0.380942640848166860E+02    0.109023158774129514E+01    0.384318062040296979E+02    0.174330574201170206E+09    0.351285182798933101E+04   -0.175642591399466551E+04
    0.380942640848166860E+02    0.109023158774129514E+01    0.384318062040296979E+02    0.174330574201170206E+09    0.351285182798933101E+04   -0.175642591399466551E+04
    0.366587041713383215E+02    0.109106443975286815E+01    0.397343964209574239E+02    0.182401424404410899E+09    0.351284801302564119E+04   -0.175642400651282060E+04
    0.362971615826229552E+02    0.108989142314784759E+01    0.396305538312457983E+02    0.183239739869497210E+09    0.351282927512077822E+04   -0.175641463756038911E+04
    0.390829613448846089E+02    0.109110973535268152E+01    0.405829665567540587E+02    0.179762322138314664E+09    0.351282100761930405E+04   -0.175641050380965203E+04
    0.395536316687150702E+02    0.109024392395951519E+01    0.415953857146263104E+02    0.187208769471579671E+09    0.351280876897182952E+04   -0.175640438448591476E+04
    0.371829222140667000E+02    0.109052697516691910E+01    0.409794954312651214E+02    0.176666620293795258E+09    0.351278706273023090E+04   -0.175639353136511545E+04
    0.403844234158347675E+02    0.109015177429398280E+01    0.390228804136299061E+02    0.176895042764812201E+09    0.351277802477079558E+04   -0.175638901238539779E+04
    0.391511817695924265E+02    0.109059943292407246E+01    0.389681496203552769E+02    0.195137658211663455E+09    0.351270400072549910E+04   -0.175635200036274955E+04
    0.358921147497898758E+02    0.109061173044022297E+01    0.412481523251066946E+02    0.183840526823482752E+09    0.351268488824261749E+04   -0.175634244412130874E+04
    0.358921147497898758E+02    0.109061173044022297E+01    0.412481523251066946E+02    0.183840526823482752E+09    0.351268488824261749E+04   -0.175634244412130874E+04
    0.374794415117933042E+02    0.109011317827643173E+01    0.388414809745681708E+02    0.189219672628669560E+09    0.351266534642723218E+04   -0.175633267321361609E+04
    0.397666202278806651E+02    0.109095497992717849E+01    0.407756440240080238E+02    0.188385189982726693E+09    0.351264459587501369E+04   -0.175632229793750685E+04
    0.414450076110390668E+02    0.109043844641090293E+01    0.390394868899079128E+02    0.189782953656867802E+09    0.351263370799155746E+04   -0.175631685399577873E+04
    0.389813214508769121E+02    0.109072140428362863E+01    0.414876159549530570E+02    0.178505359763476551E+09    0.351262125730575735E+04   -0.175631062865287868E+04
    0.351787289492677431E+02    0.109061885533775182E+01    0.401482632322307538E+02    0.186284190422579139E+09    0.351261323898238879E+04   -0.175630661949119440E+04
    0.404764633773171312E+02    0.109046582517784607E+01    0.392721822652766974E+02    0.193310474129380167E+09    0.351260625508775684E+04   -0.175630312754387842E+04
    0.385719060746336808E+02    0.109020437399124459E+01    0.388583017421255406E+02    0.190861202207168579E+09    0.351260403201220561E+04   -0.175630201600610280E+04
    0.410097122357905377E+02    0.109040735059408966E+01    0.409710835412877046E+02    0.189656084868556112E+09    0.351259711453473938E+04   -0.175629855726736969E+04
    0.391724419744108729E+02    0.109016690612702627E+01    0.375005874443706873E+02    0.182978620486338943E+09    0.351256277385149588E+04   -0.175628138692574794E+04
    0.400035887166714232E+02    0.109114026602837377E+01    0.381701540000662476E+02    0.183578141334977388E+09    0.351255202205154728E+04   -0.175627601102577364E+04
    0.375185899753922030E+02    0.109072597855644382E+01    0.416851581473348105E+02    0.182014115551155329E+09    0.351255078916460343E+04   -0.175627539458230171E+04
    0.406259388207928041E+02    0.109024443221821787E+01    0.376455828776694332E+02    0.179190195069219053E+09    0.351252876648324218E+04   -0.175626438324162109E+04
    0.415951926987763159E+02    0.109098890667415804E+01    0.392412755255204075E+02    0.177329150286067933E+09    0.351250872822028668E+04   -0.175625436411014334E+04
    0.347710179080870745E+02    0.109058293790685479E+01    0.397359460747553044E+02    0.184745220117211193E+09    0.351250632021169622E+04   -0.175625316010584811E+04
    0.415235119121909833E+02    0.109067485404368325E+01    0.407413939451748774E+02    0.189639813039753854E+09    0.351249314611489172E+04   -0.175624657305744586E+04
    0.431693916686762762E+02    0.109068335640688163E+01    0.393397073065825467E+02    0.178966256436276078E+09    0.351247860332613345E+04   -0.175623930166306673E+04
    0.375407082904574523E+02    0.109003414025208567E+01    0.384425022464804016E+02    0.184849118262019455E+09    0.351246087765801713E+04   -0.175623043882900856E+04
    0.375407082904574523E+02    0.109003414025208567E+01    0.384425022464804016E+02    0.184849118262019455E+09    0.351246087765801713E+04   -0.175623043882900856E+04
    0.372771275071103645E+02    0.109093514638113231E+01    0.408610501256735787E+02    0.181512963591369450E+09    0.351243291057545957E+04   -0.175621645528772979E+04
    0.365938849001656408E+02    0.109056389726642866E+01    0.408686772172438566E+02    0.189940873504900575E+09    0.351243143174620718E+04   -0.175621571587310359E+04
    0.351125830274283857E+02    0.109044394433878855E+01    0.380296086967933959E+02    0.178424320513455689E+09    0.351241655338577402E+04   -0.175620827669288701E+04
    0.432389435999830241E+02    0.109064210824869745E+01    0.383612809407889586E+02    0.180777755310905844E+09    0.351239858402112168E+04   -0.175619929201056084E+04
    0.432389435999830241E+02    0.109064210824869745E+01    0.383612809407889586E+02    0.180777755310905844E+09    0.351239858402112168E+04   -0.175619929201056084E+04
    0.422802902154306537E+02    0.109068429861001093E+01    0.411009557187310861E+02    0.181970520057162970E+09    0.351238964985302846E+04   -0.175619482492651423E+04
    0.367311317960637922E+02    0.109067505374922513E+01    0.411462728394019663E+02    0.185992426140004873E+09    0.351238776362502131E+04   -0.175619388181251065E+04
    0.373537724131695583E+02    0.109049136182545481E+01    0.374783077591477110E+02    0.186571087208458304E+09    0.351238657295778148E+04   -0.175619328647889074E+04
    0.409971193215172676E+02    0.109111219728364883E+01    0.382190888023610995E+02    0.179158227732682854E+09    0.351238595184268479E+04   -0.175619297592134239E+04
    0.343500603164550782E+02    0.109030332343382219E+01    0.387769744871187072E+02    0.182438702571988881E+09    0.351236436688149570E+04   -0.175618218344074785E+04
    0.387125617155975164E+02    0.109037032882333462E+01    0.413403347633238241E+02    0.190246848417519748E+09    0.351234787450505428E+04   -0.175617393725252714E+04
    0.417721851213505175E+02    0.109073254675172171E+01    0.374536327617022806E+02    0.182499089450915098E+09    0.351231614665149937E+04   -0.175615807332574968E+04
    0.363293743023124804E+02    0.109075788538508012E+01    0.402720810879697311E+02    0.186769234463190436E+09    0.351226641162991700E+04   -0.175613320581495850E+04
    0.347767801042288340E+02    0.109033953693028174E+01    0.383406986147901208E+02    0.182981808782363564E+09    0.351226627253445940E+04   -0.175613313626722970E+04
    0.414686763251996311E+02    0.109093349391302996E+01    0.382365631057706707E+02    0.185046837096903145E+09    0.351226440941869669E+04   -0.175613220470934834E+04
    0.388042011740587469E+02    0.109052029457610855E+01    0.404242403706929352E+02    0.194483983798339903E+09    0.351224164375410783E+04   -0.175612082187705391E+04
    0.402193245158924597E+02    0.109044246603384654E+01    0.374297953404166961E+02    0.177671504487727255E+09    0.351224048474799383E+04   -0.175612024237399692E+04
    0.369213720627188948E+02    0.108998770143761758E+01    0.380991485460218513E+02    0.180773824185816258E+09    0.351222064938925314E+04   -0.175611032469462657E+04
    0.354825472532728199E+02    0.109018250218485857E+01    0.386741297518902485E+02    0.184698344648289025E+09    0.351221709606331933E+04   -0.175610854803165967E+04
    0.409956406745935809E+02    0.109088924897610884E+01    0.394732541588783903E+02    0.176536304330477029E+09    0.351220807511318071E+04   -0.175610403755659036E+04
    0.399454712479681930E+02    0.109095491523008503E+01    0.411489188405943267E+02    0.180892656323697060E+09    0.351220410277147494E+04   -0.175610205138573747E+04
    0.363652501804463810E+02    0.109023370633456307E+01    0.383137124551618058E+02    0.177218250354669124E+09    0.351219906009992792E+04   -0.175609953004996396E+04
    0.387189440034048218E+02    0.109053112585465661E+01    0.404934990221154720E+02    0.175847477084987223E+09    0.351217780979489771E+04   -0.175608890489744886E+04
    0.430794055420842952E+02    0.109058674118670185E+01    0.401814953684288625E+02    0.180677294940975338E+09    0.351216857882390150E+04   -0.175608428941195075E+04
    0.417303072717482522E+02    0.109044996707327635E+01    0.390507897700337523E+02    0.177292846835228592E+09    0.351216587759496042E+04   -0.175608293879748021E+04
    0.346992480377841233E+02    0.109047910081072486E+01    0.396092662541163989E+02    0.183549561229041636E+09    0.351215627144160862E+04   -0.175607813572080431E+04
    0.365790497306097535E+02    0.109057197260242811E+01    0.381655372453343631E+02    0.187639779166310370E+09    0.351215564774618906E+04   -0.175607782387309453E+04
    0.381018322473517870E+02    0.109063023511612833E+01    0.381849200019168862E+02    0.189734210777493507E+09    0.351214713766790646E+04   -0.175607356883395323E+04
    0.356313999093415532E+02    0.109039316725085533E+01    0.399557976304840992E+02    0.177788346256487578E+09    0.351214671268405527E+04   -0.175607335634202764E+04
    0.398555182825089105E+02    0.109085362216485726E+01    0.412767829829481698E+02    0.183406670679237038E+09    0.351212989857373759E+04   -0.175606494928686880E+04
    0.380273724773824071E+02    0.109021930444902959E+01    0.387679071094043124E+02    0.188913287355899870E+09    0.351212495875110017E+04   -0.175606247937555008E+04
    0.347506230918827583E+02    0.109064574267395731E+01    0.394273626681203666E+02    0.180070429275194108E+09    0.351211130196856357E+04   -0.175605565098428178E+04
    0.406393411400500071E+02    0.109062570004221793E+01    0.400857698468306793E+02    0.175988574314825654E+09    0.351210633498147490E+04   -0.175605316749073745E+04
    0.356706556474359928E+02    0.109025998364846477E+01    0.377351956142600002E+02    0.182119026695761085E+09    0.351210444984300784E+04   -0.175605222492150392E+04
    0.370711690729205685E+02    0.109064337474482298E+01    0.383554173022157343E+02    0.188533886975416422E+09    0.351204239260258782E+04   -0.175602119630129391E+04
    0.353127857632206883E+02    0.109041102693947312E+01    0.377807971002072520E+02    0.182022009750556797E+09    0.351203703645809856E+04   -0.175601851822904928E+04
    0.411600552599631371E+02    0.109023446037439742E+01    0.387000887863203928E+02    0.182671125160846114E+09    0.351201978430449890E+04   -0.175600989215224945E+04
    0.364222445890353725E+02    0.109000426610747714E+01    0.398614428329948609E+02    0.182591791954911858E+09    0.351201207080723179E+04   -0.175600603540361590E+04
    0.393550567398060878E+02    0.109043662340984349E+01    0.417387396128917985E+02    0.182382093003987253E+09    0.351200811595247706E+04   -0.175600405797623853E+04
    0.384165282767363081E+02    0.109018226114027406E+01    0.396076514263081236E+02    0.176874813602968276E+09    0.351196803420955621E+04   -0.175598401710477810E+04
    0.365086678417832360E+02    0.109037582605566863E+01    0.381541404620894653E+02    0.186357996115106940E+09    0.351195974150700022E+04   -0.175597987075350011E+04
    0.396959506532868502E+02    0.109029198962738949E+01    0.374106083978736024E+02    0.179655610559696048E+09    0.351193624185527051E+04   -0.175596812092763525E+04
    0.355347806814456746E+02    0.109051721444914418E+01    0.388571156502659107E+02    0.185832486873521388E+09    0.351193461256476212E+04   -0.175596730628238106E+04
    0.371362194616366779E+02    0.109044185981523101E+01    0.391964406792462086E+02    0.190938377084518343E+09    0.351193249642807314E+04   -0.175596624821403657E+04
    0.360835479421032304E+02    0.109055142052137288E+01    0.397857273733217127E+02    0.188303450854079783E+09    0.351193167865104397E+04   -0.175596583932552198E+04
    0.387831010340538569E+02    0.109009900018163974E+01    0.395326654220259002E+02    0.178172751790013194E+09    0.351192462830810382E+04   -0.175596231415405191E+04
    0.365483353166889771E+02    0.109050437806504363E+01    0.410228181001673775E+02    0.179331989626716852E+09    0.351192259662396100E+04   -0.175596129831198050E+04
    0.391928374668650150E+02    0.109048108075476446E+01    0.395283600587856370E+02    0.175003410429080367E+09    0.351190233431932529E+04   -0.175595116715966265E+04
    0.405118799098663089E+02    0.109020484670540796E+01    0.385128168089610838E+02    0.182910639362980813E+09    0.351189785523767296E+04   -0.175594892761883648E+04
    0.417069806551804376E+02    0.109096934533642576E+01    0.395132589019559859E+02    0.179085541040022343E+09    0.351189262007015350E+04   -0.175594631003507675E+04
    0.378850385129778289E+02    0.109009173667821990E+01    0.385298172556240814E+02    0.184104227345848143E+09    0.351188836595803605E+04   -0.175594418297901802E+04
    0.361634169374906023E+02    0.109039969485500876E+01    0.402670592993399055E+02    0.178049101917839229E+09    0.351188782831063054E+04   -0.175594391415531527E+04
    0.361699145442032304E+02    0.109055697149994213E+01    0.385323563698663136E+02    0.186744408407199174E+09    0.351188223368388981E+04   -0.175594111684194490E+04
    0.398070381745795672E+02    0.109031440965600179E+01    0.395952355775777889E+02    0.176504405057250589E+09    0.351186005098213900E+04   -0.175593002549106950E+04
    0.406069757146592138E+02    0.109070250099556532E+01    0.413868834549516293E+02    0.181904790426880687E+09    0.351183602851477372E+04   -0.175591801425738686E+04
    0.385928031182786029E+02    0.109081666657530651E+01    0.382355301777546828E+02    0.176353595406159610E+09    0.351183515438251197E+04   -0.175591757719125599E+04
    0.378002362227247986E+02    0.109067162467002232E+01    0.406963664259170770E+02    0.188908468214516789E+09    0.351180965424583610E+04   -0.175590482712291805E+04
    0.390015106899285229E+02    0.109080216198443747E+01    0.387841570786242684E+02    0.189304916805506140E+09    0.351180695000182277E+04   -0.175590347500091138E+04
    0.372729568540827430E+02    0.109067419270816246E+01    0.373611989584089557E+02    0.178621336807880789E+09    0.351180468107154866E+04   -0.175590234053577433E+04
    0.393589402715005221E+02    0.109110786021117590E+01    0.389168450488444790E+02    0.182268630969798982E+09    0.351179570032556103E+04   -0.175589785016278051E+04
    0.356469015002040379E+02    0.109069125931415778E+01    0.382369040608309376E+02    0.182359770453056246E+09    0.351177945113510395E+04   -0.175588972556755198E+04
    0.380817727506694865E+02    0.109067122955723206E+01    0.395590416185018086E+02    0.175751933385603189E+09    0.351177844828573416E+04   -0.175588922414286708E+04
    0.363442661074390756E+02    0.109032814734717087E+01    0.405751970903590475E+02    0.186243306496771008E+09    0.351177655928455488E+04   -0.175588827964227744E+04
    0.420428090992752530E+02    0.109092022744351524E+01    0.391495870089175000E+02    0.183116344046044499E+09    0.351177415566602849E+04   -0.175588707783301425E+04
    0.393596828278220343E+02    0.109034986521934507E+01    0.400213533515856668E+02    0.190507654525519609E+09    0.351176773021814188E+04   -0.175588386510907094E+04
    0.371533938652627995E+02    0.109082999964349336E+01    0.386638891855784621E+02    0.177659273624533057E+09    0.351176366041648771E+04   -0.175588183020824385E+04
    0.373044071506882986E+02    0.109046878762939392E+01    0.371060059627810759E+02    0.179553829544696987E+09    0.351176327399499178E+04   -0.175588163699749589E+04
    0.413459539452524609E+02    0.109069310544577247E+01    0.390161034860881912E+02    0.176891466928783685E+09    0.351176109986519168E+04   -0.175588054993259584E+04
    0.379300667386049994E+02    0.109051990118551689E+01    0.382593010614625442E+02    0.188288014454751998E+09    0.351172521666363855E+04   -0.175586260833181927E+04
    0.371330738582645381E+02    0.109059771509522108E+01    0.382531879462206561E+02    0.187163284916631669E+09    0.351172355886717423E+04   -0.175586177943358712E+04
    0.372848273722431074E+02    0.109050414434038245E+01    0.391266746610568887E+02    0.190128637750916272E+09    0.351171438194156553E+04   -0.175585719097078277E+04
    0.371945360613863443E+02    0.109031267090067252E+01    0.393851678878820195E+02    0.176576819635513514E+09    0.351171056283093094E+04   -0.175585528141546547E+04
    0.377952448588347352E+02    0.109079747194576160E+01    0.396969218100079928E+02    0.188616877960715652E+09    0.351170722695958102E+04   -0.175585361347979051E+04
    0.383745097108266719E+02    0.109049490614092637E+01    0.400556114585156138E+02    0.176163007356690109E+09    0.351169073804830123E+04   -0.175584536902415061E+04
    0.407546877842315354E+02    0.109061488449852195E+01    0.371878849169149959E+02    0.180261537990308553E+09    0.351168545072408870E+04   -0.175584272536204435E+04
    0.359621213833591398E+02    0.109058496959384565E+01    0.405560478869562857E+02    0.183096403433245987E+09    0.351168101796329211E+04   -0.175584050898164605E+04
    0.387290817779905368E+02    0.109110571485619778E+01    0.386468261620208864E+02    0.180328531263764620E+09    0.351166164028730691E+04   -0.175583082014365345E+04
    0.414312385981431817E+02    0.109051183747251801E+01    0.410245766949039279E+02    0.180344389635472029E+09    0.351165470366439376E+04   -0.175582735183219688E+04
    0.404393799930163595E+02    0.109077684049279267E+01    0.409779748964819959E+02    0.184014831281220019E+09    0.351165091219722854E+04   -0.175582545609861427E+04
    0.371400463555540554E+02    0.109004378462235030E+01    0.392697478197810170E+02    0.182814892374971151E+09    0.351162075894088684E+04   -0.175581037947044342E+04
    0.386102409637115400E+02    0.109093154754761845E+01    0.396244796650702327E+02    0.182366959773855597E+09    0.351097089918800339E+04   -0.175548544959400169E+04
    0.381771013581820071E+02    0.109062722755075736E+01    0.404250440621971023E+02    0.180519676315316647E+09    0.351024245410527465E+04   -0.175512122705263732E+04
    0.400052346507199488E+02    0.109054700238951452E+01    0.406954907324414705E+02    0.178592607762696475E+09    0.351133702343926370E+04   -0.175566851171963185E+04
    0.389294162441882960E+02    0.109029525889825263E+01    0.390555006374914200E+02    0.177626440573331594E+09    0.351120789384976160E+04   -0.175560394692488080E+04
    0.373175237274113911E+02    0.109048591044020915E+01    0.403030901604906830E+02    0.187257157706015885E+09    0.351122823662255360E+04   -0.175561411831127680E+04
    0.397412493595868099E+02    0.109025097680810457E+01    0.393175846273888041E+02    0.179524640189126581E+09    0.351086568944104692E+04   -0.175543284472052346E+04
    0.397920702157279109E+02    0.109095424886687975E+01    0.396782227339476918E+02    0.181187352361445069E+09    0.351083493669593099E+04   -0.175541746834796550E+04
    0.369069733691284227E+02    0.109011117842461980E+01    0.390056504772992554E+02    0.180569004476552874E+09    0.351094766692178109E+04   -0.175547383346089055E+04
    0.398403021693670638E+02    0.109057656760196942E+01    0.377962574650630927E+02    0.184490451107422024E+09    0.351140871130045298E+04   -0.175570435565022649E+04
    0.379911705811214304E+02    0.109068132437786192E+01    0.383657076114619997E+02    0.184475725874630511E+09    0.351086429675848603E+04   -0.175543214837924302E+04
    0.375694838115137273E+02    0.109034524884296258E+01    0.394069661259007304E+02    0.183590625908226073E+09    0.351046560143862598E+04   -0.175523280071931299E+04
    0.400251673265486332E+02    0.109019736800346934E+01    0.398847308683659421E+02    0.180672599783711970E+09    0.351097467980568854E+04   -0.175548733990284427E+04
    0.406260078237513724E+02    0.109089716938852699E+01    0.387251328845616385E+02    0.179100746153922886E+09    0.351108732874483940E+04   -0.175554366437241970E+04
    0.385093584429074269E+02    0.109071357215933729E+01    0.390843624995038397E+02    0.180807215686365336E+09    0.350983303812071836E+04   -0.175491651906035918E+04
    0.385093584429074269E+02    0.109071357215933729E+01    0.390843624995038397E+02    0.180807215686365336E+09    0.350983303812071836E+04   -0.175491651906035918E+04
    0.383793233958536675E+02    0.109050518796302320E+01    0.382080105016193983E+02    0.184945075920754254E+09    0.351095757321644305E+04   -0.175547878660822153E+04
    0.372514570141902581E+02    0.109042258967906669E+01    0.385158061373351899E+02    0.186119418920935929E+09    0.351125186631971337E+04   -0.175562593315985669E+04
    0.393440211516840392E+02    0.109068511575222771E+01    0.379957420023213501E+02    0.181895739920776486E+09    0.351051379950026194E+04   -0.175525689975013097E+04
    0.386765057114752153E+02    0.109053495211118445E+01    0.402338312781256207E+02    0.188892072087823868E+09    0.351120521080604067E+04   -0.175560260540302033E+04
    0.413397951372692631E+02    0.109063789973701741E+01    0.391623271527239609E+02    0.182572223901865393E+09    0.351075668286211203E+04   -0.175537834143105601E+04
    0.381341543110021419E+02    0.109025855838162111E+01    0.395383840613544493E+02    0.177858793258356392E+09    0.351122153486529714E+04   -0.175561076743264857E+04
    0.392277468157351166E+02    0.109025523472446495E+01    0.382327441805066357E+02    0.180380357493284076E+09    0.351079413527869019E+04   -0.175539706763934510E+04
    0.402973575097742511E+02    0.109036637943202441E+01    0.404969768825843985E+02    0.178633042931204796E+09    0.351152480234338418E+04   -0.175576240117169209E+04
    0.381497384307997294E+02    0.109070389456079342E+01    0.379867273312838876E+02    0.180122887976791680E+09    0.351043935479952779E+04   -0.175521967739976390E+04
    0.378955052369775700E+02    0.109046380081911476E+01    0.392207827662414914E+02    0.177668123920057505E+09    0.351083020990404020E+04   -0.175541510495202010E+04
    0.386879535054102490E+02    0.109060287576591564E+01    0.398059470354495772E+02    0.180042210467125654E+09    0.350993146901120690E+04   -0.175496573450560345E+04
    0.386879535054102490E+02    0.109060287576591564E+01    0.398059470354495772E+02    0.180042210467125654E+09    0.350993146901120690E+04   -0.175496573450560345E+04
    0.385689827143733126E+02    0.109086183590704278E+01    0.385027191678566112E+02    0.181255646405167103E+09    0.351049822709036289E+04   -0.175524911354518144E+04
    0.411050596675628341E+02    0.109051615761004506E+01    0.400472352282839594E+02    0.180664129726530254E+09    0.351054935494743859E+04   -0.175527467747371929E+04
    0.379095110769735228E+02    0.109051162968248949E+01    0.396080421748657514E+02    0.183008651285426050E+09    0.351013086579712854E+04   -0.175506543289856427E+04
    0.350982452270756653E+02    0.109046182160128957E+01    0.393381238733446992E+02    0.182349847071503103E+09    0.351151412464141276E+04   -0.175575706232070638E+04
    0.393565270934678821E+02    0.109067495914774315E+01    0.380331111792502981E+02    0.177709183590755939E+09    0.351115873402582838E+04   -0.175557936701291419E+04
    0.412374231598511827E+02    0.109051629872014555E+01    0.389986855839559468E+02    0.185450983462687880E+09    0.351141330073526842E+04   -0.175570665036763421E+04
    0.391950264269537740E+02    0.109056490261630756E+01    0.406631018598744305E+02    0.180698628585375875E+09    0.351034867140881670E+04   -0.175517433570440835E+04
    0.391950264269537740E+02    0.109056490261630756E+01    0.406631018598744305E+02    0.180698628585375875E+09    0.351034867140881670E+04   -0.175517433570440835E+04
    0.390634507058715741E+02    0.109054519315798326E+01    0.398876837519716716E+02    0.190052412602459550E+09    0.351133427693189060E+04   -0.175566713846594530E+04
    0.369209225774334939E+02    0.109045382558454884E+01    0.411784610577026129E+02    0.182637955728361338E+09    0.351157048288885790E+04   -0.175578524144442895E+04
    0.393608708973280628E+02    0.109052326049819914E+01    0.375690884394288176E+02    0.178510883402727693E+09    0.351134822690786950E+04   -0.175567411345393475E+04
    0.362043422647006068E+02    0.109053841229935888E+01    0.397064361826425767E+02    0.180630555366376519E+09    0.351052382950236188E+04   -0.175526191475118094E+04
    0.395382074881734695E+02    0.109079988317335164E+01    0.388267968929815126E+02    0.185297687062938124E+09    0.351094357707852259E+04   -0.175547178853926130E+04
    0.415579665441132633E+02    0.109060754615035971E+01    0.396805935183921790E+02    0.181340493587282658E+09    0.351071834631152797E+04   -0.175535917315576398E+04
    0.365050932577592278E+02    0.109027567172693307E+01    0.409587263608799290E+02    0.181202290746368200E+09    0.351151062244992227E+04   -0.175575531122496113E+04
    0.398533933066080692E+02    0.109064018226595572E+01    0.400058000203243864E+02    0.179389218779267520E+09    0.351042566579244431E+04   -0.175521283289622215E+04
    0.376336998457545064E+02    0.109061847315035942E+01    0.373801862066680002E+02    0.179414717630857080E+09    0.351131963323939635E+04   -0.175565981661969818E+04
    0.380026681324681590E+02    0.109026418488977006E+01    0.408417705894452467E+02    0.185557987310572416E+09    0.351153476145507284E+04   -0.175576738072753642E+04
    0.397152647451988017E+02    0.109075050232087856E+01    0.411609395450042328E+02    0.183488200575974226E+09    0.351159414294271301E+04   -0.175579707147135650E+04
    0.389032700501261246E+02    0.109059605753569211E+01    0.404531472184500061E+02    0.179915016291008741E+09    0.351040375086977701E+04   -0.175520187543488851E+04
    0.374858572510985155E+02    0.109068168055149228E+01    0.383596151543856649E+02    0.181628485997370064E+09    0.351041357636635348E+04   -0.175520678818317674E+04
    0.372723328882610758E+02    0.109071999383307205E+01    0.401424048470055013E+02    0.186487338039047778E+09    0.351143430192812320E+04   -0.175571715096406160E+04
    0.395255835407668172E+02    0.109079969561366141E+01    0.406719630644081320E+02    0.185444743519184858E+09    0.351143875835028757E+04   -0.175571937917514379E+04
    0.399930076412912427E+02    0.109087577397983937E+01    0.399293474057424262E+02    0.184151465477767110E+09    0.351107985779971659E+04   -0.175553992889985830E+04
    0.403383673797393882E+02    0.109052670406878294E+01    0.386721755812111638E+02    0.186700293146676153E+09    0.351134252080235456E+04   -0.175567126040117728E+04
    0.383930327434480390E+02    0.109078311219233681E+01    0.384419717202453484E+02    0.183672844132185847E+09    0.351079343075601810E+04   -0.175539671537800905E+04
    0.393130072986999863E+02    0.109017987883164280E+01    0.404111754471950277E+02    0.180325659817479581E+09    0.351111918311939098E+04   -0.175555959155969549E+04
    0.356532104418154532E+02    0.109023007191388932E+01    0.391685395217544823E+02    0.180039955566993952E+09    0.351120391533792372E+04   -0.175560195766896186E+04
    0.408718152935577024E+02    0.109066389463438407E+01    0.374131540362176835E+02    0.180733935919049472E+09    0.351137305098140769E+04   -0.175568652549070384E+04
    0.383364302166690294E+02    0.109074904940622175E+01    0.403072082021459082E+02    0.185958893382699013E+09    0.351116676509103081E+04   -0.175558338254551541E+04
    0.402936915668469240E+02    0.109049901564141027E+01    0.399986127903183188E+02    0.187821588862655640E+09    0.351128013029550675E+04   -0.175564006514775338E+04
    0.399083585700173984E+02    0.109077835046618876E+01    0.406165021885069635E+02    0.179399675555745393E+09    0.351120960784884664E+04   -0.175560480392442332E+04
    0.412179306866253015E+02    0.109065397359811356E+01    0.384678053606535286E+02    0.184806243160897851E+09    0.351143192242676469E+04   -0.175571596121338234E+04
    0.396926982967785591E+02    0.109057854974339152E+01    0.400260605745447293E+02    0.184860829568066806E+09    0.351056387858845756E+04   -0.175528193929422878E+04
    0.393330429685231451E+02    0.109059769384576666E+01    0.387459537410258221E+02    0.176645194498955756E+09    0.351116349984637691E+04   -0.175558174992318845E+04
    0.373561281835704762E+02    0.109038160455233268E+01    0.393118661409417243E+02    0.184833808056988209E+09    0.351068241325280451E+04   -0.175534120662640225E+04
    0.360231521104837640E+02    0.109053866953132594E+01    0.377948061800830217E+02    0.179307602378996611E+09    0.351161883907318543E+04   -0.175580941953659271E+04
    0.401780391124929608E+02    0.109073037931738348E+01    0.377921193798734265E+02    0.182269351910000741E+09    0.351102550350004367E+04   -0.175551275175002183E+04
    0.396936782039541995E+02    0.109085998515788574E+01    0.381950052391266937E+02    0.180124593763330728E+09    0.351061944615156790E+04   -0.175530972307578395E+04
    0.415398967195876452E+02    0.109071127383622213E+01    0.382905972181045229E+02    0.183547425804779857E+09    0.351150201615035712E+04   -0.175575100807517856E+04
    0.407158305804993788E+02    0.109033295996050184E+01    0.380812287291916149E+02    0.180080315096077740E+09    0.351138220911367671E+04   -0.175569110455683835E+04
    0.380589123267228899E+02    0.109053945621847914E+01    0.386528960593387794E+02    0.187984628951775014E+09    0.351130951275118787E+04   -0.175565475637559393E+04
    0.358276082755531178E+02    0.109044804345596291E+01    0.380666143092800056E+02    0.180868804086911410E+09    0.351112287687704793E+04   -0.175556143843852396E+04
    0.376609768978569477E+02    0.109011254235758925E+01    0.388578883736200638E+02    0.182581646926609904E+09    0.351126913068775775E+04   -0.175563456534387888E+04
    0.361669242152930650E+02    0.109036670005070180E+01    0.395596275473780423E+02    0.183767990793693036E+09    0.351101266299821737E+04   -0.175550633149910868E+04
    0.386182481891058416E+02    0.109062690630882275E+01    0.399829200975311423E+02    0.182755305582529843E+09    0.351018322982117934E+04   -0.175509161491058967E+04
    0.394138709049097500E+02    0.109042093434056087E+01    0.381471671681871243E+02    0.184016503105919033E+09    0.351105210961467583E+04   -0.175552605480733791E+04
