    0.424912167308138976E+03    0.169543136538696082E+01    0.299603266023165382E+02    0.167351468462442812E+08    0.896634461152087169E+03   -0.448317230576043585E+03
    0.460637536840488679E+03    0.169617171804319233E+01    0.597610295132693992E+01    0.114056049505127724E+08    0.895593840663854280E+03   -0.447796920331927140E+03
    0.408886092233044735E+03    0.169556317368645959E+01    0.184402054046818549E+02    0.103133763126775417E+08    0.894772096315250565E+03   -0.447386048157625282E+03
    0.486907475577858804E+03    0.169396485355749715E+01    0.184212322532140504E+02    0.106219780555332936E+08    0.894340401183060294E+03   -0.447170200591530147E+03
    0.431199123330212274E+03    0.169594291194060798E+01    0.599751242253789059E+02    0.104738519179112520E+08    0.894104377633268768E+03   -0.447052188816634384E+03
    0.492454478714612605E+03    0.169410067910118123E+01    0.369635662656585211E+02    0.102796645193098485E+08    0.894046747051779676E+03   -0.447023373525889838E+03
    0.464000659459674353E+03    0.169392302545415108E+01    0.162308397107291569E+02    0.112095567317000031E+08    0.893598309913298863E+03   -0.446799154956649431E+03
    0.445307853927507949E+03    0.169455797897172733E+01    0.737144108116769736E+01    0.162170172307809629E+08    0.892995198585873823E+03   -0.446497599292936911E+03
    0.419983646907015668E+03    0.169537548626698897E+01    0.523234997282219041E+02    0.106037166324599423E+08    0.892897696481786738E+03   -0.446448848240893369E+03
    0.425622249513946770E+03    0.169614720049385403E+01    0.222654283110566880E+02    0.100627575324675720E+08    0.892781317836646394E+03   -0.446390658918323197E+03
    0.448272871759964858E+03    0.169467175290850869E+01    0.598617995793721569E+01    0.162211945654241536E+08    0.892523229879828705E+03   -0.446261614939914352E+03
    0.479993395882809693E+03    0.169474052497358341E+01    0.520564206278869150E+02    0.106726240004861299E+08    0.892521582504631851E+03   -0.446260791252315926E+03
    0.415589940700314344E+03    0.169456674023123366E+01    0.224416822496247299E+02    0.108956017927486766E+08    0.891912477433385334E+03   -0.445956238716692667E+03
    0.475590325688945882E+03    0.169375834272783088E+01    0.700867342004608673E+01    0.104628450255338550E+08    0.891626913260069728E+03   -0.445813456630034864E+03
    0.437599077994984555E+03    0.169510240033890436E+01    0.650322578209868141E+02    0.106623608465757184E+08    0.891551959824194569E+03   -0.445775979912097284E+03
    0.489474944311519550E+03    0.169475437280441432E+01    0.277815311344030214E+02    0.106471479135330245E+08    0.891531486721644796E+03   -0.445765743360822398E+03
    0.448325129105278506E+03    0.169496381664799034E+01    0.302821999642015562E+02    0.115456923706456181E+08    0.890958498575735121E+03   -0.445479249287867560E+03
    0.432748163666179721E+03    0.169395561433530051E+01    0.321133914187703340E+02    0.105849983810958564E+08    0.890869803701556975E+03   -0.445434901850778488E+03
    0.446357545832329208E+03    0.169468013573996479E+01    0.674291517664464095E+02    0.104566479549659956E+08    0.890806775371842150E+03   -0.445403387685921075E+03
    0.418139875105152612E+03    0.169546570940215280E+01    0.308020732649805602E+02    0.104493936778997239E+08    0.890629369177468220E+03   -0.445314684588734110E+03
    0.439795143061651231E+03    0.169434101090466882E+01    0.104040926779167453E+01    0.115088759728299994E+08    0.890528286035543033E+03   -0.445264143017771516E+03
    0.493771902977720117E+03    0.169490663966648536E+01    0.262368431536741724E+02    0.103904072909960318E+08    0.890472466284359143E+03   -0.445236233142179572E+03
    0.438408811005229097E+03    0.169549569497329866E+01    0.451853979452158683E+02    0.110698579238263145E+08    0.890460338425861437E+03   -0.445230169212930718E+03
    0.434763398175627003E+03    0.169589640449798384E+01    0.858246020852103797E+01    0.112104540267573167E+08    0.890340832916376712E+03   -0.445170416458188356E+03
    0.432760476671652384E+03    0.169589994294806656E+01    0.442963118558785567E+02    0.102267938405274078E+08    0.890150412518157054E+03   -0.445075206259078527E+03
    0.446574441141068007E+03    0.169488192782202196E+01    0.401186383371776998E+02    0.112863134531960338E+08    0.890146685885374154E+03   -0.445073342942687077E+03
    0.471551764349142388E+03    0.169544553445813184E+01    0.627092876108211073E+02    0.102450445469025411E+08    0.890101941568424991E+03   -0.445050970784212495E+03
    0.482260689884628562E+03    0.169496066792054312E+01    0.380721696729637813E+02    0.106322449028085526E+08    0.889934755353395531E+03   -0.444967377676697765E+03
    0.475518088560112574E+03    0.169567152013793820E+01    0.144431657378935352E+02    0.108538167245841846E+08    0.889838538949793474E+03   -0.444919269474896737E+03
    0.476956724737447701E+03    0.169492417283339902E+01    0.141503129124273368E+02    0.110497979134408701E+08    0.889800648036131406E+03   -0.444900324018065703E+03
    0.475458473584450417E+03    0.169499565628093030E+01    0.254568974771950849E+02    0.109904156961447708E+08    0.889717511661878461E+03   -0.444858755830939231E+03
    0.459531095151967918E+03    0.169534498642804254E+01    0.108434384619639008E+02    0.114110283589780591E+08    0.889534632206464153E+03   -0.444767316103232076E+03
    0.445070987100140883E+03    0.169435060329594078E+01    0.474826293284139354E+02    0.107370035499781035E+08    0.889348859035167834E+03   -0.444674429517583917E+03
    0.461267932918123961E+03    0.169452756124061432E+01    0.513452176155930502E+02    0.106694889494493268E+08    0.889224282602246149E+03   -0.444612141301123074E+03
    0.469671810967907504E+03    0.169542733556124769E+01    0.619850876510277899E+02    0.101826575105298981E+08    0.889187531343228329E+03   -0.444593765671614165E+03
    0.442439620084411786E+03    0.169479154203020133E+01    0.498401321345937589E+02    0.108892639537376557E+08    0.889176119457528898E+03   -0.444588059728764449E+03
    0.483978985003464231E+03    0.169583642240134691E+01    0.651763992108327805E+01    0.102657426036035269E+08    0.889171070009489313E+03   -0.444585535004744656E+03
    0.434451679391069149E+03    0.169462996753513861E+01    0.295856840081016266E+02    0.111852467896413058E+08    0.889078828151777088E+03   -0.444539414075888544E+03
    0.465359830785069335E+03    0.169500278238629476E+01    0.533009406432909660E+01    0.113149835731309354E+08    0.888944813027588225E+03   -0.444472406513794112E+03
    0.440615450229210012E+03    0.169492262887179757E+01    0.619248052030580780E+02    0.102600736931795012E+08    0.888837033219447335E+03   -0.444418516609723667E+03
    0.442225025165715749E+03    0.169507050768640899E+01    0.572318505073334336E+02    0.105909063099795338E+08    0.888730229550535796E+03   -0.444365114775267898E+03
    0.459753722838183990E+03    0.169399757183833244E+01    0.624823333530018754E+01    0.107988571162858047E+08    0.888673928258656701E+03   -0.444336964129328351E+03
    0.446178039751584890E+03    0.169618459221790618E+01    0.109761097100505349E+02    0.100893125513228383E+08    0.888619789902352522E+03   -0.444309894951176261E+03
    0.464448368239474291E+03    0.169392987722840971E+01    0.183699782754324019E+02    0.105314294297090117E+08    0.888566925280452210E+03   -0.444283462640226105E+03
    0.433394647924724609E+03    0.169583154469376618E+01    0.543923766463023828E+01    0.109128203820343297E+08    0.888518471453628536E+03   -0.444259235726814268E+03
    0.485894183436733044E+03    0.169434389965605803E+01    0.305455832546208450E+01    0.103233738168865126E+08    0.888405270252324158E+03   -0.444202635126162079E+03
    0.447275949881938061E+03    0.169386553031920939E+01    0.152699183614326603E+02    0.104649421936727110E+08    0.888287070447435553E+03   -0.444143535223717777E+03
    0.427719153012926427E+03    0.169439331156649997E+01    0.177792616708254876E+02    0.107321703852667976E+08    0.888261457610871048E+03   -0.444130728805435524E+03
    0.438630888380628903E+03    0.169438745824137826E+01    0.276267616663203555E+02    0.109900037263502683E+08    0.888243585029479846E+03   -0.444121792514739923E+03
    0.465552427940985922E+03    0.169531301362916342E+01    0.633324523545834879E+02    0.101015188739578258E+08    0.888242513142016378E+03   -0.444121256571008189E+03
    0.462195555650946858E+03    0.169589110146693356E+01    0.414304336502170685E+02    0.103695433895044569E+08    0.888180342048856573E+03   -0.444090171024428287E+03
    0.474284924685824308E+03    0.169571589926347333E+01    0.378025978825079463E+02    0.103557464360849410E+08    0.888129512041511134E+03   -0.444064756020755567E+03
    0.442277976453764666E+03    0.169573550217695668E+01    0.208090597325817299E+02    0.110358934639436305E+08    0.888082469396183910E+03   -0.444041234698091955E+03
    0.425848358038637684E+03    0.169489778719766049E+01    0.347299902794497868E+02    0.101284587127663959E+08    0.888042823666429058E+03   -0.444021411833214529E+03
    0.480782164509329561E+03    0.169470189861043763E+01    0.172670690105333016E+02    0.106682787269833907E+08    0.888004311674378641E+03   -0.444002155837189321E+03
    0.423259898079357299E+03    0.169540160631916526E+01    0.143597255734268590E+02    0.103952781985928994E+08    0.887935883713260182E+03   -0.443967941856630091E+03
    0.461582852865727659E+03    0.169487933112567357E+01    0.629185707564742600E+02    0.101913323936075456E+08    0.887925217756934899E+03   -0.443962608878467449E+03
    0.433031560127335695E+03    0.169440142607995448E+01    0.369471741257696777E+02    0.100158605419866759E+08    0.887908830455284260E+03   -0.443954415227642130E+03
    0.451542801308971548E+03    0.169561311955528105E+01    0.581801304942085267E+02    0.100214532423753534E+08    0.887841191364976794E+03   -0.443920595682488397E+03
    0.445979594568338541E+03    0.169539509730350391E+01    0.393848290886913901E+02    0.109425496091833245E+08    0.887835849103633791E+03   -0.443917924551816895E+03
    0.491688662666991092E+03    0.169486514012533895E+01    0.116345235365897004E+02    0.102381166511012428E+08    0.887812696575990003E+03   -0.443906348287995002E+03
    0.482798769973972185E+03    0.169424867576260163E+01    0.405082138595391239E+01    0.102588514996390790E+08    0.887782847704588107E+03   -0.443891423852294054E+03
    0.460729565333737412E+03    0.169566419759317966E+01    0.559970074659304231E+02    0.100839748811886441E+08    0.887774242878101632E+03   -0.443887121439050816E+03
    0.434010314671635854E+03    0.169547682671777245E+01    0.449815988859301044E+02    0.100077291059630755E+08    0.887684374239252747E+03   -0.443842187119626374E+03
    0.452514417489941025E+03    0.169473053277552954E+01    0.346539508487033103E+02    0.110323530007883795E+08    0.887683292437249861E+03   -0.443841646218624930E+03
    0.436015898781715691E+03    0.169477625559832235E+01    0.201395622196059065E+02    0.112053098713935316E+08    0.887672303304362003E+03   -0.443836151652181002E+03
    0.423568840444750094E+03    0.169515081982936566E+01    0.220283963158578864E+02    0.106207885147712771E+08    0.887663321006303590E+03   -0.443831660503151795E+03
    0.488748974577863578E+03    0.169451331557609186E+01    0.223946633129713613E+01    0.101861294049105383E+08    0.887639685868934748E+03   -0.443819842934467374E+03
    0.457775318743181629E+03    0.169456785362855911E+01    0.309698519473452940E+02    0.109563205719396267E+08    0.887539127055083782E+03   -0.443769563527541891E+03
    0.467529609261176802E+03    0.169419434580824846E+01    0.469993196195321659E+02    0.100331044090472963E+08    0.887509965792791263E+03   -0.443754982896395632E+03
    0.480565313521187818E+03    0.169471047776046446E+01    0.314920643175976167E+01    0.106605493544452079E+08    0.887506724990915700E+03   -0.443753362495457850E+03
    0.452833676882219834E+03    0.169514776599207795E+01    0.447508625485115630E+02    0.108302559602262042E+08    0.887470461408901770E+03   -0.443735230704450885E+03
    0.458429787626850498E+03    0.169417979039001687E+01    0.157955819711280032E+02    0.108211723777166326E+08    0.887466917027000136E+03   -0.443733458513500068E+03
    0.458429787626850498E+03    0.169417979039001687E+01    0.157955819711280032E+02    0.108211723777166326E+08    0.887466917027000136E+03   -0.443733458513500068E+03
    0.433624249891222064E+03    0.169495799679957715E+01    0.486368453859635039E+02    0.102451630553663354E+08    0.887461261683523048E+03   -0.443730630841761524E+03
    0.427746838342225885E+03    0.169455352558651651E+01    0.128299516498272919E+02    0.107474190121836308E+08    0.887392156858354269E+03   -0.443696078429177135E+03
    0.430334056938789502E+03    0.169494389367344866E+01    0.340952474403768448E+02    0.107624477729882952E+08    0.887356905118950635E+03   -0.443678452559475318E+03
    0.471970324078602516E+03    0.169429138588794448E+01    0.282222378619039880E+02    0.104831635029567387E+08    0.887249079009839761E+03   -0.443624539504919881E+03
    0.447385590673109107E+03    0.169431648442196803E+01    0.276520612514014772E+02    0.108469213045375179E+08    0.887246069415377406E+03   -0.443623034707688703E+03
    0.476889695893331407E+03    0.169442405514982020E+01    0.375290004277073024E+02    0.102800093891172614E+08    0.887242006526749037E+03   -0.443621003263374519E+03
    0.429741549226093525E+03    0.169446142127273380E+01    0.796489888543057578E+01    0.101769566410881244E+08    0.887236831875461007E+03   -0.443618415937730504E+03
    0.445600916857633877E+03    0.169421893311891392E+01    0.536508364925112113E+00    0.109042372190288175E+08    0.887180729668625759E+03   -0.443590364834312879E+03
    0.464012844071917641E+03    0.169396063871830216E+01    0.201800825908234600E+02    0.102766933378251772E+08    0.887144723441020687E+03   -0.443572361720510344E+03
    0.490024547067707033E+03    0.169515316655820247E+01    0.213366675582159644E+02    0.101515068509044051E+08    0.887125809651287227E+03   -0.443562904825643614E+03
    0.469929938254720298E+03    0.169437796705135835E+01    0.457452314658369801E+02    0.102099016132752821E+08    0.887100129710032661E+03   -0.443550064855016331E+03
    0.442281285347565415E+03    0.169425115956624261E+01    0.244687257800666096E+02    0.107343811517703049E+08    0.887040109563619126E+03   -0.443520054781809563E+03
    0.442281285347565415E+03    0.169425115956624261E+01    0.244687257800666096E+02    0.107343811517703049E+08    0.887040109563619126E+03   -0.443520054781809563E+03
    0.468591420275110067E+03    0.169523625262593480E+01    0.104205977927186701E+02    0.109686668893664740E+08    0.887028824032277271E+03   -0.443514412016138635E+03
    0.455025022653133249E+03    0.169493737320645033E+01    0.441599082080574945E+02    0.107719219152633492E+08    0.887007049225445826E+03   -0.443503524612722913E+03
    0.463946910807852021E+03    0.169403481446394477E+01    0.165875239488706967E+02    0.104430035068882909E+08    0.886999086905707372E+03   -0.443499543452853686E+03
    0.463946910807852021E+03    0.169403481446394477E+01    0.165875239488706967E+02    0.104430035068882909E+08    0.886999086905707372E+03   -0.443499543452853686E+03
    0.455219279005109115E+03    0.169440634151160041E+01    0.690063082034870234E+01    0.110445898082547337E+08    0.886996969610228803E+03   -0.443498484805114401E+03
    0.470095603782485000E+03    0.169510644794752485E+01    0.441709568966682653E+02    0.105197325361698922E+08    0.886988696545194898E+03   -0.443494348272597449E+03
    0.440235876530197231E+03    0.169457181499609977E+01    0.193367079850627011E+00    0.111567888204971459E+08    0.886986248341170494E+03   -0.443493124170585247E+03
    0.440235876530197231E+03    0.169457181499609977E+01    0.193367079850627011E+00    0.111567888204971459E+08    0.886986248341170494E+03   -0.443493124170585247E+03
    0.474825700464346539E+03    0.169449402899615631E+01    0.279851185655868093E+02    0.105257146510757729E+08    0.886963803012855010E+03   -0.443481901506427505E+03
    0.449514862659537073E+03    0.169426502689786074E+01    0.232125663593123255E+01    0.109374088423771393E+08    0.886934209419529225E+03   -0.443467104709764612E+03
    0.467456722596813847E+03    0.169544691810817305E+01    0.377072035923921973E+02    0.105800302918999977E+08    0.886819604488174150E+03   -0.443409802244087075E+03
    0.465105858912116958E+03    0.169553780537256982E+01    0.411666735631523562E+01    0.108970863493151255E+08    0.886810332227394838E+03   -0.443405166113697419E+03
    0.431205862021509347E+03    0.169532282167393089E+01    0.275321341357882261E+02    0.107673779080493674E+08    0.886789526420596303E+03   -0.443394763210298152E+03
    0.455146506176087428E+03    0.169474866405284086E+01    0.439683197133509154E+02    0.106961764853352532E+08    0.886748600598704911E+03   -0.443374300299352456E+03
    0.452014116538747146E+03    0.169451817429788654E+01    0.391352012965478266E+02    0.107064024446298759E+08    0.886734001533519177E+03   -0.443367000766759588E+03
    0.470107326965894117E+03    0.169529767104410500E+01    0.301576247375725792E+02    0.106996854042769447E+08    0.886722978314381862E+03   -0.443361489157190931E+03
    0.457541444782136409E+03    0.169584072031981847E+01    0.161499559444589291E+01    0.107037611872837860E+08    0.886699847731018281E+03   -0.443349923865509140E+03
    0.436181741631730915E+03    0.169428569464596390E+01    0.262684622736956186E+02    0.103024619882197939E+08    0.886690481607009247E+03   -0.443345240803504623E+03
    0.444806166506853344E+03    0.169428522609062249E+01    0.177626526452602889E+02    0.108159291417457443E+08    0.886588442245260467E+03   -0.443294221122630233E+03
    0.467101923741388305E+03    0.169573995365958741E+01    0.236752196109054847E+01    0.106182672578715608E+08    0.886575941139702536E+03   -0.443287970569851268E+03
    0.440090562675405010E+03    0.169588284419802271E+01    0.127556041311967512E+02    0.101197186357095689E+08    0.886550046876787519E+03   -0.443275023438393760E+03
    0.453731471644940427E+03    0.169395207542566495E+01    0.125361889687529793E+02    0.101166195396069530E+08    0.886543560815737237E+03   -0.443271780407868619E+03
    0.453731471644940427E+03    0.169395207542566495E+01    0.125361889687529793E+02    0.101166195396069530E+08    0.886543560815737237E+03   -0.443271780407868619E+03
    0.450241447967862712E+03    0.169455467641301261E+01    0.106126881214064195E+02    0.111012286439022236E+08    0.886531592265869222E+03   -0.443265796132934611E+03
    0.450241447967862712E+03    0.169455467641301261E+01    0.106126881214064195E+02    0.111012286439022236E+08    0.886531592265869222E+03   -0.443265796132934611E+03
    0.453464610759659195E+03    0.169600622193695250E+01    0.159412821733582852E+02    0.103264044227925427E+08    0.886505734622753721E+03   -0.443252867311376860E+03
    0.429931318455262499E+03    0.169479829109143187E+01    0.953547089599054765E+01    0.108733742641588785E+08    0.886468010921178575E+03   -0.443234005460589287E+03
    0.470513266122205664E+03    0.169594514720257417E+01    0.117252974620968367E+02    0.100489964254824836E+08    0.886424038083189544E+03   -0.443212019041594772E+03
    0.430704679518718308E+03    0.169455154271422015E+01    0.101479360739173927E+02    0.102128566361452360E+08    0.886406149557533922E+03   -0.443203074778766961E+03
    0.484511563794841720E+03    0.169514925017895002E+01    0.202110858995646581E+02    0.103152283847743534E+08    0.886361942175936861E+03   -0.443180971087968430E+03
    0.477536398317972612E+03    0.169428481000767572E+01    0.720084980847991840E+01    0.102837821619197726E+08    0.886345740035509380E+03   -0.443172870017754690E+03
    0.477536398317972612E+03    0.169428481000767572E+01    0.720084980847991840E+01    0.102837821619197726E+08    0.886345740035509380E+03   -0.443172870017754690E+03
    0.432649568180711356E+03    0.169508581942240300E+01    0.145752426374756503E+02    0.109887674094704706E+08    0.886316036788373367E+03   -0.443158018394186684E+03
    0.431691015432262020E+03    0.169553501314314592E+01    0.233655574103055876E+02    0.104861462069975566E+08    0.886315858204742426E+03   -0.443157929102371213E+03
    0.431691015432262020E+03    0.169553501314314592E+01    0.233655574103055876E+02    0.104861462069975566E+08    0.886315858204742426E+03   -0.443157929102371213E+03
    0.440144612313161929E+03    0.169565356878772322E+01    0.385091865480325595E+02    0.100825402879916262E+08    0.886301293989543638E+03   -0.443150646994771819E+03
    0.440144612313161929E+03    0.169565356878772322E+01    0.385091865480325595E+02    0.100825402879916262E+08    0.886301293989543638E+03   -0.443150646994771819E+03
    0.455357254299120029E+03    0.169400776212825122E+01    0.179355501281776846E+02    0.102697738942760173E+08    0.886271820472085665E+03   -0.443135910236042832E+03
    0.473031100399062666E+03    0.169565151551402793E+01    0.222675388931957166E+02    0.104049724105185382E+08    0.886203441769354413E+03   -0.443101720884677206E+03
    0.473031100399062666E+03    0.169565151551402793E+01    0.222675388931957166E+02    0.104049724105185382E+08    0.886203441769354413E+03   -0.443101720884677206E+03
    0.463968964506397526E+03    0.169412867911217235E+01    0.311237604984261118E+02    0.101967023342997618E+08    0.886194092313070314E+03   -0.443097046156535157E+03
    0.427723782082042760E+03    0.169484336352686071E+01    0.902202437548205083E+01    0.104127385374313127E+08    0.886178128699415311E+03   -0.443089064349707655E+03
    0.427723782082042760E+03    0.169484336352686071E+01    0.902202437548205083E+01    0.104127385374313127E+08    0.886178128699415311E+03   -0.443089064349707655E+03
    0.434589750921377060E+03    0.169459060014797358E+01    0.144504588376277532E+01    0.100128248513444792E+08    0.886173239960598494E+03   -0.443086619980299247E+03
    0.435178294594706756E+03    0.169441506437771228E+01    0.228865605559271046E+02    0.104858512778386604E+08    0.886125105500638142E+03   -0.443062552750319071E+03
    0.456379088819099536E+03    0.169490422093434101E+01    0.383401349105621208E+02    0.107640462559945770E+08    0.886105505412388766E+03   -0.443052752706194383E+03
    0.456379088819099536E+03    0.169490422093434101E+01    0.383401349105621208E+02    0.107640462559945770E+08    0.886105505412388766E+03   -0.443052752706194383E+03
    0.453704352102123437E+03    0.169420546992551402E+01    0.553787551324121896E+01    0.106993401010642126E+08    0.886074152956993089E+03   -0.443037076478496544E+03
    0.453704352102123437E+03    0.169420546992551402E+01    0.553787551324121896E+01    0.106993401010642126E+08    0.886074152956993089E+03   -0.443037076478496544E+03
    0.432558094655514935E+03    0.169449099369606548E+01    0.161591666100851725E+02    0.102584599354519583E+08    0.886053774849990077E+03   -0.443026887424995039E+03
    0.472171612070901745E+03    0.169561753279491767E+01    0.100711671391567439E+02    0.105108083015100155E+08    0.885997262680851918E+03   -0.442998631340425959E+03
    0.469479905457839436E+03    0.169586164047056553E+01    0.928368975795636153E+01    0.102147345381143335E+08    0.885975416168888160E+03   -0.442987708084444080E+03
    0.461709011277909667E+03    0.169414506018408351E+01    0.319595488062603970E+02    0.101848786277049854E+08    0.885965898488555695E+03   -0.442982949244277847E+03
    0.461709011277909667E+03    0.169414506018408351E+01    0.319595488062603970E+02    0.101848786277049854E+08    0.885965898488555695E+03   -0.442982949244277847E+03
    0.463526031027266754E+03    0.169472389102260679E+01    0.534471024316761003E+02    0.101057794553181864E+08    0.885932388982341763E+03   -0.442966194491170882E+03
    0.448710347726173438E+03    0.169408454863117997E+01    0.137805482405623518E+02    0.103189170468134414E+08    0.885895306139702143E+03   -0.442947653069851071E+03
    0.448710347726173438E+03    0.169408454863117997E+01    0.137805482405623518E+02    0.103189170468134414E+08    0.885895306139702143E+03   -0.442947653069851071E+03
    0.436738162008089262E+03    0.169478257625816542E+01    0.409583484810145322E+02    0.101525739028858375E+08    0.885864999673236753E+03   -0.442932499836618376E+03
    0.463506704856833608E+03    0.169421485220841150E+01    0.355240328289326825E+02    0.101603735654639583E+08    0.885852012664898666E+03   -0.442926006332449333E+03
    0.431453413931328896E+03    0.169505815556607287E+01    0.147131791474224620E+02    0.108275913181247283E+08    0.885850649169308326E+03   -0.442925324584654163E+03
    0.431453413931328896E+03    0.169505815556607287E+01    0.147131791474224620E+02    0.108275913181247283E+08    0.885850649169308326E+03   -0.442925324584654163E+03
    0.435883229807333691E+03    0.169505543902621647E+01    0.414694664338000081E+02    0.101423499247159082E+08    0.885837623132884914E+03   -0.442918811566442457E+03
    0.471520550287661536E+03    0.169536424894193472E+01    0.636645139104127544E+01    0.106876522511061635E+08    0.885754993345506819E+03   -0.442877496672753409E+03
    0.471520550287661536E+03    0.169536424894193472E+01    0.636645139104127544E+01    0.106876522511061635E+08    0.885754993345506819E+03   -0.442877496672753409E+03
    0.437746499519853387E+03    0.169434011685013974E+01    0.204664525084596498E+02    0.102745155657465421E+08    0.885745039414730854E+03   -0.442872519707365427E+03
    0.464432250126341444E+03    0.169410758793269434E+01    0.184088873657264140E+01    0.102381955176534969E+08    0.885742913230968384E+03   -0.442871456615484192E+03
    0.445586764695093393E+03    0.169560594210644888E+01    0.194547605389234697E+02    0.108070268230336756E+08    0.885737626445675005E+03   -0.442868813222837503E+03
    0.445586764695093393E+03    0.169560594210644888E+01    0.194547605389234697E+02    0.108070268230336756E+08    0.885737626445675005E+03   -0.442868813222837503E+03
    0.474893577505439680E+03    0.169519203048212308E+01    0.436314097798727429E+00    0.106351841542938780E+08    0.885737065744925530E+03   -0.442868532872462765E+03
    0.474893577505439680E+03    0.169519203048212308E+01    0.436314097798727429E+00    0.106351841542938780E+08    0.885737065744925530E+03   -0.442868532872462765E+03
    0.459953420610765136E+03    0.169409603072083192E+01    0.232692220898148561E+01    0.103078861073718984E+08    0.885724229163236828E+03   -0.442862114581618414E+03
    0.429094426647433693E+03    0.169490240504699985E+01    0.145715308691881091E+02    0.103538995452998281E+08    0.885715711383736107E+03   -0.442857855691868053E+03
    0.473834774601140566E+03    0.169475354456533611E+01    0.322128376480551237E+01    0.106651680156061258E+08    0.885709847849599896E+03   -0.442854923924799948E+03
    0.473834774601140566E+03    0.169475354456533611E+01    0.322128376480551237E+01    0.106651680156061258E+08    0.885709847849599896E+03   -0.442854923924799948E+03
    0.458922492179558731E+03    0.169425952804372759E+01    0.145537471809571333E+02    0.106297164561207332E+08    0.885709809361627094E+03   -0.442854904680813547E+03
    0.435662901570404301E+03    0.169456604281811507E+01    0.377926948204054813E+01    0.100563078759049494E+08    0.885665351230362944E+03   -0.442832675615181472E+03
    0.441316694602725363E+03    0.169519652421905942E+01    0.380163246835882020E+02    0.106355809946742766E+08    0.885643965443680599E+03   -0.442821982721840300E+03
    0.476354346718131524E+03    0.169490567389258207E+01    0.356924642734811712E+02    0.103237627918262184E+08    0.885635833340773729E+03   -0.442817916670386865E+03
    0.432919366298366015E+03    0.169465948454343884E+01    0.250601747426570327E+02    0.103888544925415926E+08    0.885600700711539957E+03   -0.442800350355769979E+03
    0.456032189739939554E+03    0.169500606550081945E+01    0.482655179903310483E+01    0.110746044820197914E+08    0.885597683936805538E+03   -0.442798841968402769E+03
    0.463822727112334746E+03    0.169583410258012557E+01    0.126371434525446933E+02    0.103497272928840108E+08    0.885514105277414501E+03   -0.442757052638707250E+03
    0.443515495597919539E+03    0.169461963169888064E+01    0.311767971035173659E+02    0.106942578698697388E+08    0.885494218530594253E+03   -0.442747109265297127E+03
    0.477203497633056486E+03    0.169431320503682659E+01    0.912788129991828967E+01    0.101395397175620552E+08    0.885485777613054552E+03   -0.442742888806527276E+03
    0.453933591767101746E+03    0.169430622131802533E+01    0.351580995195974069E+02    0.103236629216026980E+08    0.885467634097255541E+03   -0.442733817048627770E+03
    0.444669943324275039E+03    0.169543968253467892E+01    0.406902611400372862E+02    0.104198568295497503E+08    0.885452242483853070E+03   -0.442726121241926535E+03
    0.452552179517244213E+03    0.169474699189351075E+01    0.789062091833075030E+01    0.110324727732818276E+08    0.885439861325011179E+03   -0.442719930662505590E+03
    0.437407912318574972E+03    0.169518070792719011E+01    0.235308315265469581E+02    0.108285524699285179E+08    0.885429078048619886E+03   -0.442714539024309943E+03
    0.436160074598644371E+03    0.169470435108325890E+01    0.225568120192793913E+02    0.106990750062976684E+08    0.885377265700689577E+03   -0.442688632850344788E+03
    0.436160074598644371E+03    0.169470435108325890E+01    0.225568120192793913E+02    0.106990750062976684E+08    0.885377265700689577E+03   -0.442688632850344788E+03
    0.475683364218010865E+03    0.169512573023079982E+01    0.435657885055476655E+02    0.100945083608863614E+08    0.885369001541649027E+03   -0.442684500770824513E+03
    0.448715838570001210E+03    0.169578835119859717E+01    0.292590902225089309E+02    0.102459909935867153E+08    0.885340605497985507E+03   -0.442670302748992754E+03
    0.455032721536041379E+03    0.169455290389307889E+01    0.106501525363678695E+02    0.108879671869309545E+08    0.885301629026026148E+03   -0.442650814513013074E+03
    0.455032721536041379E+03    0.169455290389307889E+01    0.106501525363678695E+02    0.108879671869309545E+08    0.885301629026026148E+03   -0.442650814513013074E+03
    0.462805296169780775E+03    0.169581217167589848E+01    0.310956683364742013E+02    0.100363353623308819E+08    0.885236559186831641E+03   -0.442618279593415821E+03
    0.462805296169780775E+03    0.169581217167589848E+01    0.310956683364742013E+02    0.100363353623308819E+08    0.885236559186831641E+03   -0.442618279593415821E+03
    0.436061944443495747E+03    0.169460351336555903E+01    0.154127463748332278E+02    0.100031038540967815E+08    0.885205265427412769E+03   -0.442602632713706384E+03
    0.446453315292152979E+03    0.169493506231626623E+01    0.315753717669866418E+02    0.107924335294439141E+08    0.885202781857228047E+03   -0.442601390928614023E+03
    0.436446789486800128E+03    0.169532336111610271E+01    0.193929887812207831E+02    0.107307650023663323E+08    0.885154826594131578E+03   -0.442577413297065789E+03
    0.445816837481539551E+03    0.169533213766961843E+01    0.449383125332740292E+02    0.102212823426704984E+08    0.885131747863458259E+03   -0.442565873931729129E+03
    0.445816837481539551E+03    0.169533213766961843E+01    0.449383125332740292E+02    0.102212823426704984E+08    0.885131747863458259E+03   -0.442565873931729129E+03
    0.471441847959677261E+03    0.169505805516065222E+01    0.862629892139023191E+01    0.106894279304097164E+08    0.885128926752110146E+03   -0.442564463376055073E+03
    0.471441847959677261E+03    0.169505805516065222E+01    0.862629892139023191E+01    0.106894279304097164E+08    0.885128926752110146E+03   -0.442564463376055073E+03
    0.467658217007082726E+03    0.169579402860053463E+01    0.235112878897142696E+01    0.100766193127803132E+08    0.885127108508661422E+03   -0.442563554254330711E+03
    0.467658217007082726E+03    0.169579402860053463E+01    0.235112878897142696E+01    0.100766193127803132E+08    0.885127108508661422E+03   -0.442563554254330711E+03
    0.437918719651784500E+03    0.169562289479279515E+01    0.995261587980189333E+01    0.103898821479943134E+08    0.885115073796047568E+03   -0.442557536898023784E+03
    0.455552321036750243E+03    0.169531319192456165E+01    0.492877892523148553E+01    0.109445542437634543E+08    0.885101925288511893E+03   -0.442550962644255947E+03
    0.473082264255696771E+03    0.169503864519210712E+01    0.540058241804890127E+01    0.106369461770079304E+08    0.885084478641047212E+03   -0.442542239320523606E+03
    0.434225043039334935E+03    0.169476323394099881E+01    0.126243516335893347E+02    0.100738071411308944E+08    0.885042330160237952E+03   -0.442521165080118976E+03
    0.434471295072274074E+03    0.169533986219468913E+01    0.448940232950384477E+01    0.102018864209919125E+08    0.885042211808277102E+03   -0.442521105904138551E+03
    0.434471295072274074E+03    0.169533986219468913E+01    0.448940232950384477E+01    0.102018864209919125E+08    0.885042211808277102E+03   -0.442521105904138551E+03
    0.461358005162239181E+03    0.169416711344218807E+01    0.749265282895488993E+00    0.101415050687804092E+08    0.885027973189585964E+03   -0.442513986594792982E+03
    0.461358005162239181E+03    0.169416711344218807E+01    0.749265282895488993E+00    0.101415050687804092E+08    0.885027973189585964E+03   -0.442513986594792982E+03
    0.437194397240225442E+03    0.169552784556833247E+01    0.263819136464354598E+01    0.104029271155497264E+08    0.885003074561665017E+03   -0.442501537280832508E+03
    0.437194397240225442E+03    0.169552784556833247E+01    0.263819136464354598E+01    0.104029271155497264E+08    0.885003074561665017E+03   -0.442501537280832508E+03
    0.437523237924967304E+03    0.169515658375394351E+01    0.365427346952653309E+02    0.102339769234078098E+08    0.884963990096897987E+03   -0.442481995048448994E+03
    0.432507517270273070E+03    0.169512894120996971E+01    0.364567282364658762E+01    0.104909703249165807E+08    0.884933124800784526E+03   -0.442466562400392263E+03
    0.432507517270273070E+03    0.169512894120996971E+01    0.364567282364658762E+01    0.104909703249165807E+08    0.884933124800784526E+03   -0.442466562400392263E+03
    0.479579232414470653E+03    0.169477205247785045E+01    0.214165166882797493E+02    0.102591632155651879E+08    0.884876139743242447E+03   -0.442438069871621224E+03
    0.479579232414470653E+03    0.169477205247785045E+01    0.214165166882797493E+02    0.102591632155651879E+08    0.884876139743242447E+03   -0.442438069871621224E+03
    0.453600338877847378E+03    0.169482274004762745E+01    0.487863309290317915E+02    0.101607516540626492E+08    0.884871599616648837E+03   -0.442435799808324418E+03
    0.453600338877847378E+03    0.169482274004762745E+01    0.487863309290317915E+02    0.101607516540626492E+08    0.884871599616648837E+03   -0.442435799808324418E+03
    0.463611173279083005E+03    0.169511152421390898E+01    0.439381951530814732E+02    0.103290018680719119E+08    0.884865794034952728E+03   -0.442432897017476364E+03
    0.471629119382989018E+03    0.169430874871947257E+01    0.147461163585051924E+02    0.101935109652065560E+08    0.884795647418480144E+03   -0.442397823709240072E+03
    0.459391410630169503E+03    0.169469394430807374E+01    0.407169931665538414E+02    0.103879878644786961E+08    0.884778386307356641E+03   -0.442389193153678320E+03
    0.459391410630169503E+03    0.169469394430807374E+01    0.407169931665538414E+02    0.103879878644786961E+08    0.884778386307356641E+03   -0.442389193153678320E+03
    0.465826556308523891E+03    0.169524221808446485E+01    0.421252098638948098E+02    0.102681329478065185E+08    0.884713401450630727E+03   -0.442356700725315363E+03
    0.465826556308523891E+03    0.169524221808446485E+01    0.421252098638948098E+02    0.102681329478065185E+08    0.884713401450630727E+03   -0.442356700725315363E+03
    0.435908511437481820E+03    0.169485760971505672E+01    0.232650711498576754E+02    0.100010354425440188E+08    0.884701866761511155E+03   -0.442350933380755578E+03
    0.446803452975407481E+03    0.169536475684183374E+01    0.475973968679159931E+01    0.108824875532353651E+08    0.884697755417916596E+03   -0.442348877708958298E+03
    0.446803452975407481E+03    0.169536475684183374E+01    0.475973968679159931E+01    0.108824875532353651E+08    0.884697755417916596E+03   -0.442348877708958298E+03
    0.457285961337930075E+03    0.169479068109236519E+01    0.322948121611867620E+02    0.106390765380831584E+08    0.884688586068104087E+03   -0.442344293034052043E+03
    0.457285961337930075E+03    0.169479068109236519E+01    0.322948121611867620E+02    0.106390765380831584E+08    0.884688586068104087E+03   -0.442344293034052043E+03
    0.448077685169563210E+03    0.169573563482523393E+01    0.713599587121391377E+01    0.104091756719481517E+08    0.884655099716105042E+03   -0.442327549858052521E+03
    0.462439776853941964E+03    0.169533868624788653E+01    0.288950271350981573E+02    0.105761564645581767E+08    0.884634427563479449E+03   -0.442317213781739724E+03
    0.466869566602453176E+03    0.169422987662549462E+01    0.715872589908490031E+01    0.101197640572039876E+08    0.884596461305002094E+03   -0.442298230652501047E+03
    0.436210907769583855E+03    0.169466753218845101E+01    0.184497626383837137E+02    0.104347460241004024E+08    0.884588934097987476E+03   -0.442294467048993738E+03
    0.436210907769583855E+03    0.169466753218845101E+01    0.184497626383837137E+02    0.104347460241004024E+08    0.884588934097987476E+03   -0.442294467048993738E+03
    0.457077139793614322E+03    0.169476448672002511E+01    0.460616781647741291E+02    0.101838529047638308E+08    0.884550583082522962E+03   -0.442275291541261481E+03
    0.463612543986237881E+03    0.169536120205879848E+01    0.439309039200527920E+02    0.101276726003351063E+08    0.884540816065421041E+03   -0.442270408032710520E+03
    0.463612543986237881E+03    0.169536120205879848E+01    0.439309039200527920E+02    0.101276726003351063E+08    0.884540816065421041E+03   -0.442270408032710520E+03
    0.451642452177253062E+03    0.169562514044247581E+01    0.314388035872256069E+02    0.103277166246440485E+08    0.884539479077775241E+03   -0.442269739538887620E+03
    0.451642452177253062E+03    0.169562514044247581E+01    0.314388035872256069E+02    0.103277166246440485E+08    0.884539479077775241E+03   -0.442269739538887620E+03
    0.461839965696043123E+03    0.169453793282335807E+01    0.347440784683915567E+02    0.103488736707762573E+08    0.884520002071410318E+03   -0.442260001035705159E+03
    0.463184840817199188E+03    0.169505986783521889E+01    0.130635653471562385E+02    0.107824710118463952E+08    0.884498745242905102E+03   -0.442249372621452551E+03
    0.463184840817199188E+03    0.169505986783521889E+01    0.130635653471562385E+02    0.107824710118463952E+08    0.884498745242905102E+03   -0.442249372621452551E+03
    0.474237352368435666E+03    0.169526123856231226E+01    0.288094282519720899E+02    0.102800984042347595E+08    0.884497779988400907E+03   -0.442248889994200454E+03
    0.444104590393729552E+03    0.169489928649518062E+01    0.186751547355260463E+02    0.108354425548758190E+08    0.884469594752514922E+03   -0.442234797376257461E+03
    0.444104590393729552E+03    0.169489928649518062E+01    0.186751547355260463E+02    0.108354425548758190E+08    0.884469594752514922E+03   -0.442234797376257461E+03
    0.444563081727252495E+03    0.169525276005093439E+01    0.231293938945291018E+02    0.107540610767464004E+08    0.884465023535292971E+03   -0.442232511767646486E+03
    0.444563081727252495E+03    0.169525276005093439E+01    0.231293938945291018E+02    0.107540610767464004E+08    0.884465023535292971E+03   -0.442232511767646486E+03
    0.473613245628394964E+03    0.169501514852948842E+01    0.207472713031957809E+02    0.104551069338848386E+08    0.884448448246471116E+03   -0.442224224123235558E+03
    0.473613245628394964E+03    0.169501514852948842E+01    0.207472713031957809E+02    0.104551069338848386E+08    0.884448448246471116E+03   -0.442224224123235558E+03
    0.447447236236898505E+03    0.169567784245549991E+01    0.185892658262447741E+01    0.103352663511797655E+08    0.884424285014522411E+03   -0.442212142507261206E+03
    0.447447236236898505E+03    0.169567784245549991E+01    0.185892658262447741E+01    0.103352663511797655E+08    0.884424285014522411E+03   -0.442212142507261206E+03
    0.445218219715679766E+03    0.169451228533724607E+01    0.104345363568512575E+02    0.106709328934054710E+08    0.884419288196285152E+03   -0.442209644098142576E+03
    0.440551815298741815E+03    0.169461057660698455E+01    0.267697674889766830E+02    0.100274800147081036E+08    0.884384152748300949E+03   -0.442192076374150474E+03
    0.480025948106466899E+03    0.169507909738270679E+01    0.761588050961759411E+01    0.102264046784641072E+08    0.884325512902003766E+03   -0.442162756451001883E+03
    0.480025948106466899E+03    0.169507909738270679E+01    0.761588050961759411E+01    0.102264046784641072E+08    0.884325512902003766E+03   -0.442162756451001883E+03
    0.438617532472694620E+03    0.169535963625803032E+01    0.106742988494032010E+01    0.105285796854163390E+08    0.884315988272563345E+03   -0.442157994136281673E+03
    0.480716216897217407E+03    0.169480354015953805E+01    0.146732333254174563E+02    0.101546892719041314E+08    0.884307947023525458E+03   -0.442153973511762729E+03
    0.435376678993050234E+03    0.169511235769073010E+01    0.395288216331148767E+01    0.103513388029061444E+08    0.884274925174505825E+03   -0.442137462587252912E+03
    0.435376678993050234E+03    0.169511235769073010E+01    0.395288216331148767E+01    0.103513388029061444E+08    0.884274925174505825E+03   -0.442137462587252912E+03
    0.480723662828634644E+03    0.169518173063620936E+01    0.516755005578516347E+01    0.101242701666343100E+08    0.884268694956185641E+03   -0.442134347478092820E+03
    0.480723662828634644E+03    0.169518173063620936E+01    0.516755005578516347E+01    0.101242701666343100E+08    0.884268694956185641E+03   -0.442134347478092820E+03
    0.455123277873913594E+03    0.169479721060678723E+01    0.417342955938795086E+02    0.103112808164828233E+08    0.884234109913367320E+03   -0.442117054956683660E+03
    0.462755551003221569E+03    0.169433242208907386E+01    0.230509565522475306E+02    0.102498818151934370E+08    0.884232249821643791E+03   -0.442116124910821895E+03
    0.434943343042788797E+03    0.169493786942116342E+01    0.151560568923938046E+02    0.102808125438768100E+08    0.884231722375979871E+03   -0.442115861187989935E+03
    0.434943343042788797E+03    0.169493786942116342E+01    0.151560568923938046E+02    0.102808125438768100E+08    0.884231722375979871E+03   -0.442115861187989935E+03
    0.465403619802706544E+03    0.169472196203289882E+01    0.432627729885302728E+02    0.100742707261422202E+08    0.884219685393644568E+03   -0.442109842696822284E+03
    0.460981976238089430E+03    0.169495282605513164E+01    0.259422831568913281E+02    0.106548262498780601E+08    0.884209501638774327E+03   -0.442104750819387164E+03
    0.460981976238089430E+03    0.169495282605513164E+01    0.259422831568913281E+02    0.106548262498780601E+08    0.884209501638774327E+03   -0.442104750819387164E+03
    0.472895925098639680E+03    0.169515599872034151E+01    0.159646076278766316E+02    0.104559600597377196E+08    0.884196489795898515E+03   -0.442098244897949257E+03
    0.439685165869214018E+03    0.169462942255450044E+01    0.358402402513945617E+01    0.102192616501658354E+08    0.884169381628281371E+03   -0.442084690814140686E+03
    0.439370805812654908E+03    0.169466452813644897E+01    0.469209500010660285E+01    0.101545280019988343E+08    0.884162360236837685E+03   -0.442081180118418843E+03
    0.440569177959741012E+03    0.169461795698135398E+01    0.129292864244024948E+02    0.105601859346022643E+08    0.884150030488836592E+03   -0.442075015244418296E+03
    0.440569177959741012E+03    0.169461795698135398E+01    0.129292864244024948E+02    0.105601859346022643E+08    0.884150030488836592E+03   -0.442075015244418296E+03
    0.461648375320761147E+03    0.169571857448994945E+01    0.250669986881980336E+02    0.100580308433501571E+08    0.884128728955862357E+03   -0.442064364477931178E+03
    0.461648375320761147E+03    0.169571857448994945E+01    0.250669986881980336E+02    0.100580308433501571E+08    0.884128728955862357E+03   -0.442064364477931178E+03
    0.437766102682526650E+03    0.169486731788518141E+01    0.134145131498927235E+02    0.106193162615097500E+08    0.884120028368926341E+03   -0.442060014184463171E+03
    0.437766102682526650E+03    0.169486731788518141E+01    0.134145131498927235E+02    0.106193162615097500E+08    0.884120028368926341E+03   -0.442060014184463171E+03
    0.448169044875985719E+03    0.169476170052401831E+01    0.365081811961491098E+02    0.103896375128831267E+08    0.884100277833177415E+03   -0.442050138916588708E+03
    0.448169044875985719E+03    0.169476170052401831E+01    0.365081811961491098E+02    0.103896375128831267E+08    0.884100277833177415E+03   -0.442050138916588708E+03
    0.459273356862943672E+03    0.169571955425094489E+01    0.341522955459459876E+01    0.101342501515527256E+08    0.884095797803858886E+03   -0.442047898901929443E+03
    0.460923520605824535E+03    0.169427988737990720E+01    0.402126655757075824E+01    0.101438416738852970E+08    0.884072845203596216E+03   -0.442036422601798108E+03
    0.460923520605824535E+03    0.169427988737990720E+01    0.402126655757075824E+01    0.101438416738852970E+08    0.884072845203596216E+03   -0.442036422601798108E+03
    0.477556565446754689E+03    0.169514288691003201E+01    0.257271686303363438E+02    0.101540835305281505E+08    0.884058057696716446E+03   -0.442029028848358223E+03
    0.477556565446754689E+03    0.169514288691003201E+01    0.257271686303363438E+02    0.101540835305281505E+08    0.884058057696716446E+03   -0.442029028848358223E+03
    0.451552201799127431E+03    0.169570988949400991E+01    0.892081300133402344E+01    0.100234017706706151E+08    0.884056030448779552E+03   -0.442028015224389776E+03
    0.478005615512964710E+03    0.169527134474505359E+01    0.530711806986363133E+01    0.101708568602974564E+08    0.884055306150380375E+03   -0.442027653075190187E+03
    0.478005615512964710E+03    0.169527134474505359E+01    0.530711806986363133E+01    0.101708568602974564E+08    0.884055306150380375E+03   -0.442027653075190187E+03
    0.454056393763323399E+03    0.169526928910134234E+01    0.416151949872108204E+02    0.102432556897485256E+08    0.884052883479438833E+03   -0.442026441739719417E+03
    0.454056393763323399E+03    0.169526928910134234E+01    0.416151949872108204E+02    0.102432556897485256E+08    0.884052883479438833E+03   -0.442026441739719417E+03
    0.467237482830376507E+03    0.169514838218815656E+01    0.913020669765052162E+01    0.106209271496574003E+08    0.884021808358935687E+03   -0.442010904179467843E+03
    0.451109099325296938E+03    0.169463853879424420E+01    0.280601890692826856E+02    0.105406151709819175E+08    0.884008191234736955E+03   -0.442004095617368478E+03
    0.451109099325296938E+03    0.169463853879424420E+01    0.280601890692826856E+02    0.105406151709819175E+08    0.884008191234736955E+03   -0.442004095617368478E+03
    0.471153278191895936E+03    0.169526664099834368E+01    0.772008203772318780E+01    0.104638810079582073E+08    0.884001455762434034E+03   -0.442000727881217017E+03
    0.471280162806264116E+03    0.169478537584024735E+01    0.379141730064943232E+02    0.100772542036387883E+08    0.883969771504891582E+03   -0.441984885752445791E+03
    0.471542663110429373E+03    0.169494490801067466E+01    0.284147772335893904E+02    0.103346580339436028E+08    0.883955249277327539E+03   -0.441977624638663769E+03
    0.451277002924324279E+03    0.169476225873119879E+01    0.728161678669924761E+01    0.108024483361675534E+08    0.883951213087148972E+03   -0.441975606543574486E+03
    0.451277002924324279E+03    0.169476225873119879E+01    0.728161678669924761E+01    0.108024483361675534E+08    0.883951213087148972E+03   -0.441975606543574486E+03
    0.467114779922119340E+03    0.169438803100011581E+01    0.359885911274722403E+01    0.102213349750431217E+08    0.883941801165483525E+03   -0.441970900582741763E+03
    0.467114779922119340E+03    0.169438803100011581E+01    0.359885911274722403E+01    0.102213349750431217E+08    0.883941801165483525E+03   -0.441970900582741763E+03
    0.451118909807876321E+03    0.169527508444530839E+01    0.100349697429876681E+02    0.107910169617793877E+08    0.883940843382335515E+03   -0.441970421691167758E+03
    0.451118909807876321E+03    0.169527508444530839E+01    0.100349697429876681E+02    0.107910169617793877E+08    0.883940843382335515E+03   -0.441970421691167758E+03
    0.446833441881898182E+03    0.169525573759285497E+01    0.391625661379408925E+02    0.101374074500130434E+08    0.883940178170612171E+03   -0.441970089085306086E+03
    0.453116457461944890E+03    0.169559727955269923E+01    0.141840737024759331E+02    0.104963290687991232E+08    0.883915408395517488E+03   -0.441957704197758744E+03
    0.453116457461944890E+03    0.169559727955269923E+01    0.141840737024759331E+02    0.104963290687991232E+08    0.883915408395517488E+03   -0.441957704197758744E+03
    0.446936946168461873E+03    0.169545662030104460E+01    0.163561499947034505E+02    0.106093088086490463E+08    0.883912898552052525E+03   -0.441956449276026262E+03
    0.457776484741006641E+03    0.169571076631322337E+01    0.237979531652768266E+02    0.100165640610201415E+08    0.883899830926477875E+03   -0.441949915463238938E+03
    0.457776484741006641E+03    0.169571076631322337E+01    0.237979531652768266E+02    0.100165640610201415E+08    0.883899830926477875E+03   -0.441949915463238938E+03
    0.455656114006641246E+03    0.169520324709050318E+01    0.304792126606445670E+02    0.105623595470414683E+08    0.883896126874635456E+03   -0.441948063437317728E+03
    0.457006393471415095E+03    0.169463629102733293E+01    0.854653999232872863E+01    0.106907371083006356E+08    0.883878255955521695E+03   -0.441939127977760847E+03
    0.457006393471415095E+03    0.169463629102733293E+01    0.854653999232872863E+01    0.106907371083006356E+08    0.883878255955521695E+03   -0.441939127977760847E+03
    0.454128375607688724E+03    0.169507405219150975E+01    0.943919699245164878E+01    0.108200676500016097E+08    0.883873277565563285E+03   -0.441936638782781642E+03
    0.436950342167778786E+03    0.169508949252964580E+01    0.608448304458388556E+01    0.103233191711270940E+08    0.883859810113377080E+03   -0.441929905056688540E+03
    0.459662598491698020E+03    0.169461817510247870E+01    0.602608813675079258E+01    0.106420693577071317E+08    0.883845414362937845E+03   -0.441922707181468922E+03
    0.472223120169984043E+03    0.169444382844180752E+01    0.187917898559372816E+02    0.100700140512462500E+08    0.883817268037071926E+03   -0.441908634018535963E+03
    0.479068007021315736E+03    0.169519867802874691E+01    0.147823855249288236E+02    0.101059391118666437E+08    0.883804164511135127E+03   -0.441902082255567564E+03
    0.457468752637084890E+03    0.169447312625596580E+01    0.329254210380983778E+02    0.101498987951824348E+08    0.883797087063485151E+03   -0.441898543531742575E+03
    0.463422378278430642E+03    0.169539809280879106E+01    0.261618883976429757E+02    0.104127602738494165E+08    0.883788169360493725E+03   -0.441894084680246863E+03
    0.472654192532087563E+03    0.169517601240218663E+01    0.345218228270774645E+02    0.100938269067553766E+08    0.883760016346906696E+03   -0.441880008173453348E+03
    0.472654192532087563E+03    0.169517601240218663E+01    0.345218228270774645E+02    0.100938269067553766E+08    0.883760016346906696E+03   -0.441880008173453348E+03
    0.465877369774107706E+03    0.169561951380935882E+01    0.225841032425767452E+02    0.101117301016857792E+08    0.883758640105168524E+03   -0.441879320052584262E+03
    0.459188556767856710E+03    0.169481739257394182E+01    0.398220906607327407E+02    0.102466228136994131E+08    0.883758056537872335E+03   -0.441879028268936167E+03
    0.448101977192374250E+03    0.169562814520614280E+01    0.143053713140801140E+02    0.101601938138631564E+08    0.883704488071045716E+03   -0.441852244035522858E+03
    0.438997628984070843E+03    0.169520930096271116E+01    0.115326985711654917E+02    0.105285804321043566E+08    0.883699465583440769E+03   -0.441849732791720385E+03
    0.438997628984070843E+03    0.169520930096271116E+01    0.115326985711654917E+02    0.105285804321043566E+08    0.883699465583440769E+03   -0.441849732791720385E+03
    0.442682488422329811E+03    0.169498381823871580E+01    0.197227610275780059E+02    0.106420631058258358E+08    0.883686442251025142E+03   -0.441843221125512571E+03
    0.458435789799378483E+03    0.169507369479346481E+01    0.331670772483555538E+02    0.104692622916327696E+08    0.883682269500992788E+03   -0.441841134750496394E+03
    0.457811550741611200E+03    0.169484226913311464E+01    0.426407430224604838E+02    0.100956563688475359E+08    0.883648563364778056E+03   -0.441824281682389028E+03
    0.463273305978943938E+03    0.169496705190657182E+01    0.418834952522557273E+02    0.101120985147606432E+08    0.883621227901667680E+03   -0.441810613950833840E+03
    0.466739897938354773E+03    0.169483050979433481E+01    0.308562763006278615E+02    0.103318794939929172E+08    0.883605016284685689E+03   -0.441802508142342845E+03
    0.445227975662224651E+03    0.169534339805895495E+01    0.929384696338215477E+01    0.106351082466298807E+08    0.883599889095874232E+03   -0.441799944547937116E+03
    0.445227975662224651E+03    0.169534339805895495E+01    0.929384696338215477E+01    0.106351082466298807E+08    0.883599889095874232E+03   -0.441799944547937116E+03
    0.450566428224067238E+03    0.169518207122526987E+01    0.194608466045177835E+02    0.106937572295014858E+08    0.883591097455875115E+03   -0.441795548727937557E+03
    0.450566428224067238E+03    0.169518207122526987E+01    0.194608466045177835E+02    0.106937572295014858E+08    0.883591097455875115E+03   -0.441795548727937557E+03
    0.467884397127843954E+03    0.169437862110679549E+01    0.180038844844831516E+02    0.100147997277935781E+08    0.883556165854090750E+03   -0.441778082927045375E+03
    0.467884397127843954E+03    0.169437862110679549E+01    0.180038844844831516E+02    0.100147997277935781E+08    0.883556165854090750E+03   -0.441778082927045375E+03
    0.455254227206344240E+03    0.169528333472996184E+01    0.266766712590432675E+02    0.105352455561490208E+08    0.883549689037206576E+03   -0.441774844518603288E+03
    0.441107106898254187E+03    0.169523505705929622E+01    0.490360103321790530E+00    0.103453037427328601E+08    0.883522013521906274E+03   -0.441761006760953137E+03
    0.459174575375211816E+03    0.169475396126936295E+01    0.324158871668922757E+02    0.103795712026066985E+08    0.883511102942615253E+03   -0.441755551471307626E+03
    0.459174575375211816E+03    0.169475396126936295E+01    0.324158871668922757E+02    0.103795712026066985E+08    0.883511102942615253E+03   -0.441755551471307626E+03
    0.445348561340596348E+03    0.169536709613918868E+01    0.119685311315986116E+02    0.105866497226932794E+08    0.883510037851075822E+03   -0.441755018925537911E+03
    0.444207107222998502E+03    0.169491651427088463E+01    0.328386072134960330E+02    0.102403126859497204E+08    0.883505003646049317E+03   -0.441752501823024659E+03
    0.472724308380365471E+03    0.169515947829431335E+01    0.314368066867545792E+01    0.103259013123586234E+08    0.883474707535978951E+03   -0.441737353767989475E+03
    0.453823533107305309E+03    0.169541115077625659E+01    0.758231222079322364E+00    0.105715875370894894E+08    0.883470630132898577E+03   -0.441735315066449289E+03
    0.447755060970254647E+03    0.169549665747477118E+01    0.266058942071044591E+02    0.100605552719915677E+08    0.883454609027345214E+03   -0.441727304513672607E+03
    0.447755060970254647E+03    0.169549665747477118E+01    0.266058942071044591E+02    0.100605552719915677E+08    0.883454609027345214E+03   -0.441727304513672607E+03
    0.468909151219108480E+03    0.169462336543696357E+01    0.139389553686230574E+02    0.103484731256515011E+08    0.883452273432694710E+03   -0.441726136716347355E+03
    0.467927884286637095E+03    0.169458016394485411E+01    0.191778262600520826E+02    0.102953793260914739E+08    0.883434515264064544E+03   -0.441717257632032272E+03
    0.460897490187022925E+03    0.169534747956761001E+01    0.105107997760562544E+02    0.105655884210398979E+08    0.883428034168366139E+03   -0.441714017084183070E+03
    0.449154717866532962E+03    0.169531891517806055E+01    0.358053576146856969E+02    0.100094779444925487E+08    0.883417019074919835E+03   -0.441708509537459918E+03
    0.469026047623116085E+03    0.169459888555782467E+01    0.778617742941546531E+01    0.103187225626790337E+08    0.883392734991977250E+03   -0.441696367495988625E+03
    0.447120949425294043E+03    0.169498199822845375E+01    0.368713259459589935E+02    0.100137781526829079E+08    0.883387544986964599E+03   -0.441693772493482300E+03
    0.447120949425294043E+03    0.169498199822845375E+01    0.368713259459589935E+02    0.100137781526829079E+08    0.883387544986964599E+03   -0.441693772493482300E+03
    0.464391187609321946E+03    0.169547023535242092E+01    0.236075117006784403E+02    0.102684922507283092E+08    0.883384970982548339E+03   -0.441692485491274169E+03
    0.455656854766086667E+03    0.169445868923722442E+01    0.262751448386039748E+02    0.101680498330679350E+08    0.883372791854670368E+03   -0.441686395927335184E+03
    0.445327830169161416E+03    0.169471709862914910E+01    0.160592446466056593E+02    0.105441282508911788E+08    0.883340021926435952E+03   -0.441670010963217976E+03
    0.440126283269541091E+03    0.169493010774714814E+01    0.122910810736494014E+02    0.101192845321856104E+08    0.883317542165891382E+03   -0.441658771082945691E+03
    0.471620529715706652E+03    0.169508000347242271E+01    0.230052811301145255E+02    0.102832375144943204E+08    0.883313729471129363E+03   -0.441656864735564682E+03
    0.465321728377862257E+03    0.169492379671543336E+01    0.330796602019607917E+02    0.102742149111081846E+08    0.883311771762037097E+03   -0.441655885881018548E+03
    0.465321728377862257E+03    0.169492379671543336E+01    0.330796602019607917E+02    0.102742149111081846E+08    0.883311771762037097E+03   -0.441655885881018548E+03
    0.441228888432214490E+03    0.169486841908497055E+01    0.396598123738422670E+01    0.104648491928051896E+08    0.883310739297833834E+03   -0.441655369648916917E+03
    0.467868932500589892E+03    0.169449919196093757E+01    0.663241387775844426E+01    0.101998489655814152E+08    0.883308755568836887E+03   -0.441654377784418443E+03
    0.459311143381785257E+03    0.169472445749345346E+01    0.282094417716200923E+02    0.104080349515186120E+08    0.883301008785523436E+03   -0.441650504392761718E+03
    0.472230632182583918E+03    0.169452078167423026E+01    0.156310025603040614E+02    0.100406495400694981E+08    0.883299582570325356E+03   -0.441649791285162678E+03
    0.475763177546409736E+03    0.169480423862189555E+01    0.131692977302825778E+02    0.101626684788725171E+08    0.883296259142136932E+03   -0.441648129571068466E+03
    0.467206819974321093E+03    0.169509309255862362E+01    0.102208758741722932E+02    0.105036363638329506E+08    0.883294802675532765E+03   -0.441647401337766382E+03
    0.462261654709761274E+03    0.169541396542249467E+01    0.344529845952048817E+02    0.100656825251160152E+08    0.883290665175117738E+03   -0.441645332587558869E+03
    0.466172999682248019E+03    0.169488056148539634E+01    0.236477163108743440E+02    0.104190396270381138E+08    0.883284948450249431E+03   -0.441642474225124715E+03
    0.466172999682248019E+03    0.169488056148539634E+01    0.236477163108743440E+02    0.104190396270381138E+08    0.883284948450249431E+03   -0.441642474225124715E+03
    0.454471831858892074E+03    0.169448380973113744E+01    0.236477480172773049E+02    0.102415518917122856E+08    0.883253976847004651E+03   -0.441626988423502326E+03
    0.462982355545980624E+03    0.169442621659997306E+01    0.112333098073703859E+02    0.101991898120884765E+08    0.883232547596083123E+03   -0.441616273798041561E+03
    0.465861206100294226E+03    0.169518516492196736E+01    0.171532242434311648E+02    0.104626921500063501E+08    0.883197540163412896E+03   -0.441598770081706448E+03
    0.463225084609779742E+03    0.169498368788703457E+01    0.127179607310024814E+02    0.105735886836647559E+08    0.883187055209389996E+03   -0.441593527604694998E+03
    0.446497867265275886E+03    0.169463032561522997E+01    0.170281837782532763E+01    0.102866642022192981E+08    0.883178177373596100E+03   -0.441589088686798050E+03
    0.452214662772398412E+03    0.169463228871993565E+01    0.305157503119906757E+02    0.102173036151114348E+08    0.883177761771207543E+03   -0.441588880885603771E+03
    0.469544827456515293E+03    0.169501848663739474E+01    0.609267822763988853E+01    0.104187503657888956E+08    0.883175049180449832E+03   -0.441587524590224916E+03
    0.469544827456515293E+03    0.169501848663739474E+01    0.609267822763988853E+01    0.104187503657888956E+08    0.883175049180449832E+03   -0.441587524590224916E+03
    0.451824330558874635E+03    0.169499074154754892E+01    0.353695818014720444E+02    0.102851999891983680E+08    0.883170323582618721E+03   -0.441585161791309361E+03
    0.451879468243206816E+03    0.169478613912215015E+01    0.287029715292007666E+02    0.104191340040908214E+08    0.883148126676491302E+03   -0.441574063338245651E+03
    0.465671208529507055E+03    0.169533411041831306E+01    0.329132645898595158E+02    0.100911766238178909E+08    0.883146250733936540E+03   -0.441573125366968270E+03
    0.471404992884709202E+03    0.169485493693295419E+01    0.145374290400883517E+02    0.103197387319814302E+08    0.883144187961635339E+03   -0.441572093980817669E+03
    0.472567736558069612E+03    0.169519540352945808E+01    0.292257611309682872E+02    0.100490555058799293E+08    0.883132616910835623E+03   -0.441566308455417811E+03
    0.450341039435525943E+03    0.169519624424298154E+01    0.310538653597108869E+02    0.103638604299843591E+08    0.883130841840516723E+03   -0.441565420920258362E+03
    0.455597489657897427E+03    0.169497147682264737E+01    0.157830292924175613E+02    0.106437892254500110E+08    0.883115736178151110E+03   -0.441557868089075555E+03
    0.448598693149061489E+03    0.169538525575004306E+01    0.129640825383274034E+02    0.105058240200840738E+08    0.883106481142212942E+03   -0.441553240571106471E+03
    0.476074388302404600E+03    0.169494049605988417E+01    0.197616001750484855E+02    0.100858528650615811E+08    0.883087206065160217E+03   -0.441543603032580108E+03
    0.464264395131381093E+03    0.169534461250711277E+01    0.217650163340520777E+02    0.103416396621638201E+08    0.883073489519897521E+03   -0.441536744759948760E+03
    0.459822032992329980E+03    0.169443193646990786E+01    0.648092121122881437E+01    0.101362072943819799E+08    0.883073371387785187E+03   -0.441536685693892593E+03
    0.473284505238611075E+03    0.169476152607754571E+01    0.176697516874389500E+02    0.101672152151690591E+08    0.883073192356746517E+03   -0.441536596178373259E+03
    0.446422589956381501E+03    0.169486374146385965E+01    0.192304755062514410E+02    0.105420781085369252E+08    0.883070661210353819E+03   -0.441535330605176910E+03
    0.453070625124488117E+03    0.169458815658832074E+01    0.723189731683489523E+01    0.104792290826454777E+08    0.883054532974671019E+03   -0.441527266487335510E+03
    0.456339384501430857E+03    0.169458759209425214E+01    0.311792661376985407E+02    0.100707891728662085E+08    0.883018292418523401E+03   -0.441509146209261701E+03
    0.454126667448177898E+03    0.169452831813577443E+01    0.237451335415102456E+02    0.102147056101326104E+08    0.883014942447266094E+03   -0.441507471223633047E+03
    0.461080913877144440E+03    0.169545787612096954E+01    0.677292601820407181E+00    0.102653729150369074E+08    0.883009689766606925E+03   -0.441504844883303463E+03
    0.467797960879623361E+03    0.169464253116399943E+01    0.115601596685753112E+02    0.102981751081438344E+08    0.883007491638230022E+03   -0.441503745819115011E+03
    0.456605772438023223E+03    0.169546272218258798E+01    0.290518648978053236E+02    0.101219189461939149E+08    0.883004983090597307E+03   -0.441502491545298653E+03
    0.456300742026530372E+03    0.169546300222848156E+01    0.182931349796717058E+02    0.103584469687718656E+08    0.882957869710684463E+03   -0.441478934855342231E+03
    0.459481177371047636E+03    0.169480932359462888E+01    0.172510610051904969E+02    0.105282176057227980E+08    0.882957445718638496E+03   -0.441478722859319248E+03
    0.463493631096034107E+03    0.169528936973410138E+01    0.255545668510670900E+02    0.103082755466166995E+08    0.882947314082053481E+03   -0.441473657041026740E+03
    0.460559530059507154E+03    0.169495770568822945E+01    0.382970877345044514E+02    0.100716848755682278E+08    0.882941161350330731E+03   -0.441470580675165365E+03
    0.443938460219010324E+03    0.169500313335276176E+01    0.173407034748852196E+01    0.101642790990716312E+08    0.882932323434806221E+03   -0.441466161717403111E+03
    0.462929042651556813E+03    0.169521235503799250E+01    0.289014346448272299E+02    0.102930237556093577E+08    0.882931709592977995E+03   -0.441465854796488998E+03
    0.445131093777837236E+03    0.169477558205297840E+01    0.136040537413783724E+02    0.104588332633159440E+08    0.882908589715730386E+03   -0.441454294857865193E+03
    0.445541468376853572E+03    0.169532525459984984E+01    0.184708217017962752E+02    0.100067347858361397E+08    0.882908110366421056E+03   -0.441454055183210528E+03
    0.446555723954222287E+03    0.169505540584509395E+01    0.894239782757642843E+01    0.105956208813296463E+08    0.882906960086071649E+03   -0.441453480043035825E+03
    0.466332568553011640E+03    0.169454402306888929E+01    0.209726339880594921E+02    0.101119664184805676E+08    0.882901251183400177E+03   -0.441450625591700089E+03
    0.447405902564406915E+03    0.169543826776379425E+01    0.157848570502344501E+02    0.101551615277308710E+08    0.882894684206226884E+03   -0.441447342103113442E+03
    0.454177151320081293E+03    0.169540697078736824E+01    0.957662912385059606E+01    0.104644201402114462E+08    0.882894570749741888E+03   -0.441447285374870944E+03
    0.459768709398169733E+03    0.169484439012841670E+01    0.233456522037193359E+02    0.104465670492334142E+08    0.882864743455658981E+03   -0.441432371727829491E+03
    0.467679731898518753E+03    0.169463042650701068E+01    0.397280594582029156E+01    0.102019879228846803E+08    0.882843585244635506E+03   -0.441421792622317753E+03
    0.461822934154653694E+03    0.169473302359637823E+01    0.262519196971112923E+01    0.104480047898910418E+08    0.882833410820223435E+03   -0.441416705410111717E+03
    0.460299375294042818E+03    0.169523707059443263E+01    0.456511391532978017E+01    0.105055592755412571E+08    0.882831830514248736E+03   -0.441415915257124368E+03
    0.449123814545400251E+03    0.169466547791035160E+01    0.255312538638761026E+02    0.100292782551340312E+08    0.882816979057189656E+03   -0.441408489528594828E+03
    0.448639331774525260E+03    0.169505750203890515E+01    0.441140675722662634E+00    0.105505675380611066E+08    0.882815723034353141E+03   -0.441407861517176570E+03
    0.451691951545790005E+03    0.169475509502339383E+01    0.219855313342251080E+01    0.105183446246669795E+08    0.882811117507000290E+03   -0.441405558753500145E+03
    0.466016816523060129E+03    0.169492972158334654E+01    0.432517423679024038E+01    0.104304933292834572E+08    0.882807912129359124E+03   -0.441403956064679562E+03
    0.458277414305589957E+03    0.169543857745005644E+01    0.231983482247197017E+02    0.102456331221045218E+08    0.882803051953015483E+03   -0.441401525976507742E+03
    0.471531015838555163E+03    0.169476792071262272E+01    0.262754027344350440E+02    0.100327698069196828E+08    0.882800937593522008E+03   -0.441400468796761004E+03
    0.454705334798959427E+03    0.169537135764554758E+01    0.194559907277610522E+01    0.104172511127098445E+08    0.882799214608696388E+03   -0.441399607304348194E+03
    0.453548974631853923E+03    0.169533511627345335E+01    0.287520493496497380E+02    0.102295334104160424E+08    0.882785517141404398E+03   -0.441392758570702199E+03
    0.466719608834485427E+03    0.169494623042888581E+01    0.225275229779612189E+02    0.103260185203852113E+08    0.882785163785778309E+03   -0.441392581892889154E+03
    0.471755004777925649E+03    0.169509721479943476E+01    0.184267920459073089E+02    0.102009290224087294E+08    0.882779864164760056E+03   -0.441389932082380028E+03
    0.448189374468339224E+03    0.169466515283976893E+01    0.157549857527033517E+02    0.103610579796486329E+08    0.882778588798763394E+03   -0.441389294399381697E+03
    0.459763653557462192E+03    0.169490781288494796E+01    0.214057539005575670E+02    0.104689236213203184E+08    0.882768568246193922E+03   -0.441384284123096961E+03
    0.464455588910694189E+03    0.169465021467528731E+01    0.108678792302053768E+02    0.103344167088630982E+08    0.882767341951743219E+03   -0.441383670975871610E+03
    0.446014505519043155E+03    0.169518405950850481E+01    0.853406851873459260E+01    0.104846955701981466E+08    0.882723649607382640E+03   -0.441361824803691320E+03
    0.457659376960068187E+03    0.169534694689286303E+01    0.231822409958768638E+02    0.103325926281586215E+08    0.882715834959577023E+03   -0.441357917479788512E+03
    0.452852017864624202E+03    0.169549808416235348E+01    0.150627837773102424E+02    0.100333373772240672E+08    0.882706306272361189E+03   -0.441353153136180595E+03
    0.443936570120277167E+03    0.169500764973342544E+01    0.215198551487277747E+02    0.102213631981677320E+08    0.882703620059175364E+03   -0.441351810029587682E+03
    0.447535578262610500E+03    0.169478657203140104E+01    0.652113512868284229E+01    0.104663759951478355E+08    0.882697564013590750E+03   -0.441348782006795375E+03
    0.467021457680226888E+03    0.169510077884932175E+01    0.190610715850067258E+01    0.103399415841630474E+08    0.882682178857415238E+03   -0.441341089428707619E+03
    0.466934951080524797E+03    0.169455527587257837E+01    0.159827982773694952E+02    0.100770151510403324E+08    0.882679765406953493E+03   -0.441339882703476746E+03
    0.466580467443551242E+03    0.169543093900164799E+01    0.197539578192125376E+02    0.100625356062797271E+08    0.882661913309585998E+03   -0.441330956654792999E+03
    0.451796770598472108E+03    0.169474927446463330E+01    0.194761522233739619E+02    0.104279266148652341E+08    0.882642543781763607E+03   -0.441321271890881803E+03
    0.449895746670057974E+03    0.169503868775225719E+01    0.722707570611657601E+01    0.102915533202695437E+08    0.882010283634182656E+03   -0.441005141817091328E+03
    0.455352819549711853E+03    0.169522007123270257E+01    0.152777250475492732E+02    0.103120223853230607E+08    0.882008799763714251E+03   -0.441004399881857125E+03
    0.450483468567953651E+03    0.169467614017422541E+01    0.106050452410670761E+02    0.103285127743674237E+08    0.882481317297757869E+03   -0.441240658648878934E+03
    0.448386269379725434E+03    0.169524212837038002E+01    0.906068480177239621E+01    0.104016448181232605E+08    0.882464486013479814E+03   -0.441232243006739907E+03
    0.451804901463826070E+03    0.169529258287097728E+01    0.911014274096961962E+01    0.100278707961756736E+08    0.882158709527189330E+03   -0.441079354763594665E+03
    0.447717533761095012E+03    0.169521331170586986E+01    0.687926951236677819E+01    0.102415220889577623E+08    0.882344970828712349E+03   -0.441172485414356174E+03
    0.464031370680444525E+03    0.169523397935048292E+01    0.297385893659876288E+02    0.100122171222742815E+08    0.882328771404960435E+03   -0.441164385702480217E+03
    0.458141488540263765E+03    0.169492768634187763E+01    0.173518753493192861E+02    0.101979337810637001E+08    0.881654814695531627E+03   -0.440827407347765813E+03
    0.458621839015155729E+03    0.169474529531924789E+01    0.130473828115509285E+02    0.103329767840556726E+08    0.882180075689458590E+03   -0.441090037844729295E+03
    0.465466606728218949E+03    0.169501397190574665E+01    0.136117190953398275E+02    0.103826765772388056E+08    0.882516509946953875E+03   -0.441258254973476937E+03
    0.451286120659788082E+03    0.169531883284197926E+01    0.192312261167734171E+02    0.100812759352337085E+08    0.882213374361276010E+03   -0.441106687180638005E+03
    0.457374286896490560E+03    0.169481937824279805E+01    0.208238116057226819E+02    0.100073309266055413E+08    0.881691269577883986E+03   -0.440845634788941993E+03
    0.456528293158306667E+03    0.169489867582334219E+01    0.203716961256721376E+02    0.103263509507065471E+08    0.882078625150949961E+03   -0.441039312575474980E+03
    0.465736986038511532E+03    0.169473377660581015E+01    0.202130967424496397E+02    0.102252019342546351E+08    0.882499228628911624E+03   -0.441249614314455812E+03
    0.463365653119682577E+03    0.169539335888368803E+01    0.744009934763681358E+01    0.102552072455167882E+08    0.882620895553340688E+03   -0.441310447776670344E+03
    0.463448369283047441E+03    0.169502815202563761E+01    0.224096068178843737E+02    0.100530689924491569E+08    0.881692009591443593E+03   -0.440846004795721797E+03
    0.466180226430399841E+03    0.169516907233191794E+01    0.109453504228008818E+02    0.103046230902805254E+08    0.882394108870468244E+03   -0.441197054435234122E+03
    0.459194850282596576E+03    0.169481101064244033E+01    0.271909006362126178E+02    0.101970199544998016E+08    0.882297536729673539E+03   -0.441148768364836769E+03
    0.456383008071383415E+03    0.169489252776168930E+01    0.157663064165482059E+02    0.101578895493389275E+08    0.881600722550224191E+03   -0.440800361275112095E+03
    0.461483263208808751E+03    0.169525610903415691E+01    0.165194220076390508E+02    0.100512510217378456E+08    0.881738354466860528E+03   -0.440869177233430264E+03
    0.449690151944256456E+03    0.169511630528373125E+01    0.251315080761708998E+00    0.103922287881586868E+08    0.882449012506957843E+03   -0.441224506253478921E+03
    0.459002942709259855E+03    0.169490173262501753E+01    0.238823638013910724E+02    0.103712298729525898E+08    0.882483157857218544E+03   -0.441241578928609272E+03
    0.448359311846709943E+03    0.169473285619486025E+01    0.196863713159780005E+02    0.100216222564131990E+08    0.882498518006762311E+03   -0.441249259003381155E+03
    0.460840002688856998E+03    0.169510488247526325E+01    0.102373242581476962E+02    0.102902441470095888E+08    0.881868178653700625E+03   -0.440934089326850312E+03
    0.454363836812495549E+03    0.169490018382551755E+01    0.735279406459451845E+01    0.103815871171724889E+08    0.882024785073946873E+03   -0.441012392536973437E+03
    0.465073376838413083E+03    0.169478195847248592E+01    0.616512766732313278E+01    0.102985402894249596E+08    0.882392907978079052E+03   -0.441196453989039526E+03
    0.456795728661581279E+03    0.169507356593380942E+01    0.143379105486994209E+02    0.101804270220082644E+08    0.881564723934314429E+03   -0.440782361967157215E+03
    0.456795728661581279E+03    0.169507356593380942E+01    0.143379105486994209E+02    0.101804270220082644E+08    0.881564723934314429E+03   -0.440782361967157215E+03
    0.458401335440822493E+03    0.169507270163346191E+01    0.220173901823914484E+02    0.102149546193827707E+08    0.881847747052540171E+03   -0.440923873526270086E+03
    0.458398004510404007E+03    0.169477931415234129E+01    0.812567398485444592E+01    0.104662930810477994E+08    0.882508929460417903E+03   -0.441254464730208952E+03
    0.463388481977692038E+03    0.169476301675935903E+01    0.246538830623012402E+02    0.100402721910050027E+08    0.882047551893915511E+03   -0.441023775946957755E+03
    0.450915888479284035E+03    0.169531661199860473E+01    0.155400579661514264E+02    0.101689271784115359E+08    0.882195023759615310E+03   -0.441097511879807655E+03
    0.451584623371921509E+03    0.169526050125606131E+01    0.174040492507498570E+02    0.100014133798605427E+08    0.882046289730644730E+03   -0.441023144865322365E+03
    0.463985162029050855E+03    0.169499004978438883E+01    0.572146497229385620E+01    0.100225730814284179E+08    0.881644718034210428E+03   -0.440822359017105214E+03
    0.450369334472827006E+03    0.169483799341246111E+01    0.200622313764983318E+02    0.104400486886589769E+08    0.882578941849433022E+03   -0.441289470924716511E+03
    0.460435879271681642E+03    0.169522998304529415E+01    0.238556353859481050E+02    0.100258667718863022E+08    0.881857776004153493E+03   -0.440928888002076746E+03
    0.464115941844018039E+03    0.169510749413730322E+01    0.558922987666193993E+01    0.100969097294991966E+08    0.881765374380750245E+03   -0.440882687190375123E+03
    0.458739593835463495E+03    0.169481158209482019E+01    0.606292367978675983E+01    0.102981178845227566E+08    0.881996865108699467E+03   -0.440998432554349733E+03
    0.453898108423491976E+03    0.169539219243443395E+01    0.275823619906875939E+01    0.101016086717559565E+08    0.882536432748103380E+03   -0.441268216374051690E+03
    0.463765358939164912E+03    0.169509597282308699E+01    0.722704723265340121E+01    0.102399461006589141E+08    0.881937591841881954E+03   -0.440968795920940977E+03
    0.457663166163131223E+03    0.169515468915595835E+01    0.256119621935371953E+02    0.100838962631488685E+08    0.881881842578848250E+03   -0.440940921289424125E+03
    0.457961499251298449E+03    0.169465899193878533E+01    0.215400415736851585E+02    0.101381416542700473E+08    0.882222201781965168E+03   -0.441111100890982584E+03
    0.449569901275542122E+03    0.169523219665280722E+01    0.115226625894597863E+02    0.104323815972799119E+08    0.882432496570594139E+03   -0.441216248285297070E+03
    0.446989009319494187E+03    0.169493438231216853E+01    0.252076671141746544E+02    0.100657290580506735E+08    0.882509092884842858E+03   -0.441254546442421429E+03
    0.447665550409123568E+03    0.169521904265068213E+01    0.147353917085773940E+02    0.103459073928681761E+08    0.882395717348389439E+03   -0.441197858674194720E+03
    0.457091841756222777E+03    0.169481060577551279E+01    0.244219614420266389E+02    0.100040967973629292E+08    0.881857665235770810E+03   -0.440928832617885405E+03
    0.459221151340188101E+03    0.169496888113232425E+01    0.234577032214219088E+02    0.102116605513709784E+08    0.881922205807851128E+03   -0.440961102903925564E+03
    0.460275324700113345E+03    0.169479059616865269E+01    0.181101028494872267E+02    0.100349385504606143E+08    0.881659338761962431E+03   -0.440829669380981215E+03
    0.466108514903970445E+03    0.169502403933742385E+01    0.989679361642940236E+01    0.100333599414273147E+08    0.881646991649695110E+03   -0.440823495824847555E+03
    0.458265114221383897E+03    0.169506571840210563E+01    0.176456707485761406E+02    0.101594648072310947E+08    0.881579929821800079E+03   -0.440789964910900039E+03
    0.453458014976663662E+03    0.169534699323805027E+01    0.763975375904302911E+01    0.102585782780602183E+08    0.882278145232754696E+03   -0.441139072616377348E+03
    0.459078606614205626E+03    0.169535251996427960E+01    0.145058306479911998E+02    0.103484883884193804E+08    0.882497880494458968E+03   -0.441248940247229484E+03
    0.458026918516802823E+03    0.169504117321518044E+01    0.243787924187516367E+02    0.103787768185905535E+08    0.882454836038986741E+03   -0.441227418019493371E+03
    0.445653029647990479E+03    0.169509031547983269E+01    0.773797647201423633E+01    0.103034477593497429E+08    0.882421614665403467E+03   -0.441210807332701734E+03
    0.465142146973875185E+03    0.169517246739532768E+01    0.198177493668959741E+02    0.100468983633295093E+08    0.881804068178215402E+03   -0.440902034089107701E+03
    0.448727288443247062E+03    0.169509331606110369E+01    0.119712037414777228E+02    0.101659609298914261E+08    0.881998575043691744E+03   -0.440999287521845872E+03
    0.455812020854507693E+03    0.169485955183795833E+01    0.155225318135005210E+02    0.101100273375971783E+08    0.881608901973886304E+03   -0.440804450986943152E+03
    0.459705532293091380E+03    0.169480442811906418E+01    0.133240065464098159E+02    0.101314385641597975E+08    0.881666695503073470E+03   -0.440833347751536735E+03
    0.463174893885965332E+03    0.169534655826465319E+01    0.131340463783118171E+02    0.102306905289114453E+08    0.882349618812735343E+03   -0.441174809406367672E+03
    0.456584136164095582E+03    0.169508738347182497E+01    0.130596485890669332E+02    0.100483856912338417E+08    0.881482748323195779E+03   -0.440741374161597889E+03
    0.451862002106839725E+03    0.169531763375748667E+01    0.418965003336526109E+01    0.101854865298011061E+08    0.882335138093451974E+03   -0.441167569046725987E+03
    0.446438420521712487E+03    0.169511911952777172E+01    0.188038628273442576E+02    0.103088122423634790E+08    0.882418736420849314E+03   -0.441209368210424657E+03
    0.448487108914884573E+03    0.169497171105129829E+01    0.131801558602678170E+02    0.100138684064877070E+08    0.882101464709824768E+03   -0.441050732354912384E+03
    0.448083752180641966E+03    0.169503113067806321E+01    0.231249469681977011E+02    0.102327770793877896E+08    0.882308792201450387E+03   -0.441154396100725194E+03
    0.456428005144039901E+03    0.169540599184623719E+01    0.584893908098070092E+01    0.102921327816965450E+08    0.882527047282219314E+03   -0.441263523641109657E+03
    0.467616296612378449E+03    0.169506257329065235E+01    0.516166199558495364E+01    0.102037941669991389E+08    0.882203919226207290E+03   -0.441101959613103645E+03
    0.462558775908956193E+03    0.169518538133805241E+01    0.144162916345804160E+02    0.102969144850590192E+08    0.882117562269052200E+03   -0.441058781134526100E+03
    0.445591750813039027E+03    0.169499069852741058E+01    0.159829523130659403E+02    0.101344459617562983E+08    0.882353507741484805E+03   -0.441176753870742402E+03
    0.461652290862674079E+03    0.169487304545319595E+01    0.119606217015550325E+02    0.104820214566384461E+08    0.882636859690731171E+03   -0.441318429845365586E+03
    0.453532954365638830E+03    0.169488558239685538E+01    0.221143028736833607E+02    0.100551031816778798E+08    0.881814222531986616E+03   -0.440907111265993308E+03
    0.465329363569808208E+03    0.169513898890384729E+01    0.145785897216455904E+02    0.102736832871509902E+08    0.882199598642494607E+03   -0.441099799321247303E+03
    0.464720200173636101E+03    0.169488956234373811E+01    0.175986124269057314E+02    0.102326843324285056E+08    0.882060693945087337E+03   -0.441030346972543668E+03
    0.462090181025297966E+03    0.169514299334876428E+01    0.265279116100913726E+01    0.101524022405860219E+08    0.881901677288244514E+03   -0.440950838644122257E+03
    0.466882905083544472E+03    0.169493204468420711E+01    0.184714102186973399E+02    0.103103165313261487E+08    0.882543031734913029E+03   -0.441271515867456515E+03
    0.464007381239728090E+03    0.169539257990040793E+01    0.179945062220009540E+02    0.101636222289823610E+08    0.882482594817811105E+03   -0.441241297408905552E+03
    0.452753428889533268E+03    0.169512878349455742E+01    0.176018670782664906E+02    0.102422319425398931E+08    0.881854789457949664E+03   -0.440927394728974832E+03
    0.453833886539702746E+03    0.169501417935230747E+01    0.208476517889669921E+02    0.100148340311602131E+08    0.881678991685817664E+03   -0.440839495842908832E+03
    0.453902249445852704E+03    0.169524929106343847E+01    0.164331386446427921E+02    0.104064005967448875E+08    0.882355107468066763E+03   -0.441177553734033381E+03
    0.456149802351709923E+03    0.169479497697085479E+01    0.199340525073835195E+02    0.102698096128463149E+08    0.882063305741676686E+03   -0.441031652870838343E+03
    0.468098232314839890E+03    0.169531270752603858E+01    0.117372637770483852E+02    0.100372624062544461E+08    0.882242816971529919E+03   -0.441121408485764960E+03
    0.460165134543439933E+03    0.169467906190763218E+01    0.185610061627078089E+02    0.103195055887351744E+08    0.882514652709222219E+03   -0.441257326354611109E+03
    0.468444521208188519E+03    0.169511759513913596E+01    0.277972081237709645E+01    0.101397271672251970E+08    0.882286272346925671E+03   -0.441143136173462835E+03
    0.462138989081459670E+03    0.169463033580797817E+01    0.111025718769292325E+01    0.102086187012790833E+08    0.882588430692880479E+03   -0.441294215346440240E+03
    0.453005497565531471E+03    0.169532602855273695E+01    0.105550070579077460E+02    0.100214115572503973E+08    0.882126332784026886E+03   -0.441063166392013443E+03
    0.451850533533540556E+03    0.169495137482956171E+01    0.164456980601258671E+02    0.100011720792130195E+08    0.881770365522715338E+03   -0.440885182761357669E+03
    0.459906866664130177E+03    0.169481278531272195E+01    0.749571982589472441E+01    0.103880338104407415E+08    0.882247554719557002E+03   -0.441123777359778501E+03
    0.460949938677426758E+03    0.169513053902342459E+01    0.786938877654214508E+01    0.104908606277262904E+08    0.882596392046520918E+03   -0.441298196023260459E+03
    0.455760921808846092E+03    0.169481387333859979E+01    0.210805195922906705E+02    0.102729531558473259E+08    0.882087038139176229E+03   -0.441043519069588115E+03
    0.448696579025701851E+03    0.169482657928206204E+01    0.231291196122629721E+02    0.100788334054870680E+08    0.882342373301587486E+03   -0.441171186650793743E+03
