    0.764414136345085922E+02    0.168013792541730256E+01    0.589114409899322382E+02    0.126799127830854726E+10    0.188348585693081759E+03   -0.941742928465408795E+02
    0.540956403439299294E+02    0.169383772647042541E+01    0.389836051757094850E+02    0.195207549202477527E+10    0.187981003880967080E+03   -0.939905019404835400E+02
    0.171534858244851904E+03    0.168687496573302731E+01    0.966942821454987751E+02    0.121515312589669561E+10    0.187458885931638008E+03   -0.937294429658190040E+02
    0.691806548542489566E+02    0.169878508382800297E+01    0.348100004008311075E+02    0.219476499177519608E+10    0.187038597148694180E+03   -0.935192985743470899E+02
    0.164172232151031494E+03    0.168990015134534977E+01    0.250680088996887207E+02    0.856166867708844423E+09    0.186261466664006264E+03   -0.931307333320031319E+02
    0.147262990474700928E+03    0.169389837188680525E+01    0.516295731067657471E+02    0.887925028620083809E+09    0.186156920439186791E+03   -0.930784602195933957E+02
    0.167107978002626197E+03    0.169748474227646517E+01    0.794534508282336027E+01    0.156557513588284469E+10    0.185505129815124633E+03   -0.927525649075623164E+02
    0.126974903577777326E+03    0.169193777731880579E+01    0.401609187525621891E+02    0.819321502782405138E+09    0.185335397284531382E+03   -0.926676986422656910E+02
    0.124311553613409302E+03    0.170034199602419744E+01    0.592723143249149658E+02    0.121817402296604156E+10    0.185196902270487783E+03   -0.925984511352438915E+02
    0.152783556023293386E+03    0.168269962469236090E+01    0.922178274842050314E+02    0.140179268959704494E+10    0.185134909686540368E+03   -0.925674548432701840E+02
    0.140174090862274170E+03    0.168956262042154415E+01    0.714445352554321289E+02    0.234001985040899229E+10    0.185114430551481917E+03   -0.925572152757409583E+02
    0.158136061158629701E+03    0.169171078687127308E+01    0.232312011584450389E+02    0.891378198621116042E+09    0.184841901049171497E+03   -0.924209505245857486E+02
    0.918072055503572102E+02    0.169358893048685166E+01    0.642026777152151595E+02    0.978741374993657708E+09    0.184575199525845392E+03   -0.922875997629226958E+02
    0.172959501442687156E+03    0.168009428347375134E+01    0.168669843292848363E+02    0.155453224989944553E+10    0.184414424408882951E+03   -0.922072122044414755E+02
    0.162326398509694599E+03    0.169434184912613151E+01    0.257617586688065359E+01    0.207278130948611522E+10    0.184204750994074118E+03   -0.921023754970370589E+02
    0.166985850067222827E+03    0.169182912983686173E+01    0.962577357485078693E+02    0.138863886867550850E+10    0.184023421368981928E+03   -0.920117106844909642E+02
    0.135556074840002481E+03    0.169229181744118251E+01    0.795122096091644437E+02    0.217926821467926216E+10    0.183677186591479796E+03   -0.918385932957398978E+02
    0.146355211734771729E+03    0.168991212681961356E+01    0.851881504058837891E+00    0.875729415735738993E+09    0.182820002680793351E+03   -0.914100013403966756E+02
    0.180467329918261726E+03    0.169069253741040071E+01    0.564928718568587840E+02    0.150605166746961832E+10    0.182772107166589478E+03   -0.913860535832947392E+02
    0.167816326267941719E+03    0.168427439798277945E+01    0.298502202864928385E+02    0.110234960113969016E+10    0.182669502154112195E+03   -0.913347510770560973E+02
    0.858846738794737092E+02    0.169840980496968763E+01    0.236467271940338577E+02    0.201156044437082815E+10    0.182520898978875891E+03   -0.912604494894379457E+02
    0.933967840575028987E+02    0.168289160181534192E+01    0.374348800000009732E+02    0.115258918389508867E+10    0.182456057656694327E+03   -0.912280288283471634E+02
    0.121798747393971666E+03    0.168738415990605772E+01    0.867857919102759183E+02    0.109288122708579087E+10    0.182428478474805956E+03   -0.912142392374029782E+02
    0.167273053418952003E+03    0.169135392942371876E+01    0.112912460212531429E+01    0.202558110993562531E+10    0.182387734580681723E+03   -0.911938672903408616E+02
    0.930650716292856544E+02    0.168710478167709321E+01    0.740032774010128946E+02    0.186211629582562733E+10    0.182282685505810434E+03   -0.911413427529052171E+02
    0.122437955953709320E+03    0.168874062976850814E+01    0.458386972751820636E+02    0.242232308611959696E+10    0.182211742032018208E+03   -0.911058710160091039E+02
    0.166479289531707764E+03    0.169305137675823669E+01    0.264465630054473877E+02    0.191709544542930079E+10    0.182201929808643627E+03   -0.911009649043218133E+02
    0.971182508963495081E+02    0.168871889949339304E+01    0.622799781679341038E+02    0.218088744421834183E+10    0.182196006164267260E+03   -0.910980030821336300E+02
    0.707750473589559164E+02    0.169237130064216901E+01    0.517702825923359242E+02    0.125975129692183232E+10    0.182156841985722963E+03   -0.910784209928614814E+02
    0.740313573261563675E+02    0.168972709301747903E+01    0.356414706989345031E+01    0.199396443542756367E+10    0.181894178970937332E+03   -0.909470894854686662E+02
    0.128990032194138564E+03    0.167940787632073407E+01    0.174899646251334460E+02    0.189207537162218547E+10    0.181881579186906464E+03   -0.909407895934532320E+02
    0.872869866358393409E+02    0.168496552894503893E+01    0.641670074754582060E+02    0.127435984227571535E+10    0.181847501867199583E+03   -0.909237509335997913E+02
    0.996139085223420011E+02    0.168814231275534987E+01    0.269750869349059101E+02    0.240922477123235559E+10    0.181746015081798163E+03   -0.908730075408990814E+02
    0.125161323155810521E+03    0.168587611209042088E+01    0.143460163715084299E+02    0.912674832569012880E+09    0.181587804588682218E+03   -0.907939022943411089E+02
    0.151036341828683618E+03    0.169252790801567277E+01    0.879301100865628342E+02    0.168286353541327286E+10    0.181502204667311389E+03   -0.907511023336556946E+02
    0.145151355886200918E+03    0.167880234772238479E+01    0.269605755996858640E+02    0.138550776071856642E+10    0.181347685706542109E+03   -0.906738428532710543E+02
    0.144236121986279386E+03    0.169823574261801902E+01    0.280077254388066947E+02    0.148753345262824440E+10    0.181266939161555058E+03   -0.906334695807775290E+02
    0.982384557584811233E+02    0.169317256038864139E+01    0.559736065406905414E+01    0.981289316829745412E+09    0.181189231162002670E+03   -0.905946155810013352E+02
    0.174949159867940352E+03    0.168842041172102308E+01    0.236880249457110104E+02    0.180694057595766044E+10    0.181120936270108018E+03   -0.905604681350540091E+02
    0.118797553051865847E+03    0.169240898449638943E+01    0.526492605150652793E+02    0.969109677476612449E+09    0.181045028997159079E+03   -0.905225144985795396E+02
    0.151140987873077393E+03    0.169737438903948457E+01    0.117530584335327148E+02    0.126311789146330547E+10    0.180964114705623501E+03   -0.904820573528117507E+02
    0.175574131625420080E+03    0.169276621782192982E+01    0.282987677170949645E+02    0.147190447263568711E+10    0.180916208359331819E+03   -0.904581041796659093E+02
    0.163674201605099626E+03    0.169279433166309512E+01    0.711612737782899956E+02    0.126730600189614534E+10    0.180912386865204525E+03   -0.904561934326022623E+02
    0.114389983444893403E+03    0.169648651491243974E+01    0.871270925028905623E+02    0.127449082869338059E+10    0.180836786656642204E+03   -0.904183933283211019E+02
    0.181992548666093484E+03    0.168751526231509819E+01    0.862062696472431256E+01    0.154230084276870346E+10    0.180792026047917432E+03   -0.903960130239587158E+02
    0.868640949894310950E+02    0.168843518325963537E+01    0.329005517228141073E+02    0.210061771411305189E+10    0.180710800644727783E+03   -0.903554003223638915E+02
    0.164707716021856754E+03    0.169171088358874111E+01    0.606478289881779844E+02    0.169367193861289334E+10    0.180659979141184976E+03   -0.903299895705924882E+02
    0.938382094472059691E+02    0.167967363270575198E+01    0.734180972182002733E+00    0.150371421218697739E+10    0.180575386282170712E+03   -0.902876931410853558E+02
    0.985056556775498393E+02    0.168730836564236353E+01    0.707611510376485313E+02    0.181933638858954453E+10    0.180537910587385767E+03   -0.902689552936928834E+02
    0.122863270186455125E+03    0.168930435127087830E+01    0.933549453068100235E+02    0.175604305994979572E+10    0.180487835817227108E+03   -0.902439179086135539E+02
    0.946848392123149125E+02    0.168454695815932598E+01    0.221764077620781563E+02    0.111764118017230654E+10    0.180402507274301115E+03   -0.902012536371505576E+02
    0.111509661466388579E+03    0.168190988023215038E+01    0.538496080919161031E+02    0.164735871879158378E+10    0.180394268188905016E+03   -0.901971340944525082E+02
    0.138207920041634395E+03    0.168828128407698452E+01    0.435224263542644749E+02    0.972713236359917521E+09    0.180189809500095805E+03   -0.900949047500479026E+02
    0.128561546480889149E+03    0.169313092417595423E+01    0.963791789377955865E+02    0.157800672955928063E+10    0.180186475719578539E+03   -0.900932378597892694E+02
    0.151975929181207732E+03    0.168120464231490230E+01    0.190638518528446888E+02    0.172020998462155747E+10    0.180170826702386307E+03   -0.900854133511931536E+02
    0.121032659170671522E+03    0.168146789586774803E+01    0.500693410214747203E+02    0.162658929448653936E+10    0.179939077569790356E+03   -0.899695387848951782E+02
    0.174226866478990161E+03    0.169240472152479704E+01    0.938244246585176328E-01    0.143083528021967697E+10    0.179906158485372714E+03   -0.899530792426863570E+02
    0.137736316000560350E+03    0.169554877333575149E+01    0.314101825810153166E+02    0.193708864915823317E+10    0.179892208891511075E+03   -0.899461044457555374E+02
    0.122035672819814195E+03    0.169687913711168292E+01    0.325838341670773843E+02    0.115579645596777678E+10    0.179811991773366969E+03   -0.899059958866834847E+02
    0.918444789794234140E+02    0.169023828626778760E+01    0.285462008002257974E+02    0.106700513788638341E+10    0.179646079384000473E+03   -0.898230396920002363E+02
    0.802750151249997401E+02    0.169315528255416425E+01    0.267289534850121413E+02    0.187759632627236295E+10    0.179640460500036227E+03   -0.898202302500181133E+02
    0.906689545770005338E+02    0.168778139488206880E+01    0.569112554688748631E+02    0.178363953002623129E+10    0.179634952480811023E+03   -0.898174762404055116E+02
    0.154291862649272531E+03    0.168800765911425410E+01    0.813655746251148742E+02    0.141962964022754741E+10    0.179527565568638892E+03   -0.897637827843194458E+02
    0.164553626260424977E+03    0.168712377496346533E+01    0.148059402754453941E+02    0.187360466308989549E+10    0.179522271721736786E+03   -0.897611358608683929E+02
    0.117871022552225313E+03    0.169221947334106315E+01    0.699822183859814544E+02    0.196530493117352724E+10    0.179456309954276577E+03   -0.897281549771382885E+02
    0.117017588466072439E+03    0.169783416135471232E+01    0.295815449659307905E+01    0.183193260903665423E+10    0.179422830417845319E+03   -0.897114152089226593E+02
    0.104116831387986764E+03    0.169280416379849408E+01    0.103939080166494389E+02    0.226101604971261215E+10    0.179398532281435507E+03   -0.896992661407177536E+02
    0.980991732317208118E+02    0.169055783353660471E+01    0.582012513807536607E+02    0.196292010034412193E+10    0.179340455535423985E+03   -0.896702277677119923E+02
    0.902663147183179149E+02    0.169828341586666265E+01    0.267465807662654171E+02    0.150389606115123463E+10    0.179241527723444733E+03   -0.896207638617223665E+02
    0.983056919084726388E+02    0.168625950056409790E+01    0.614893874258333781E+02    0.170204172527001286E+10    0.179240813888308367E+03   -0.896204069441541833E+02
    0.127330845490353568E+03    0.168242962976397470E+01    0.601055279712277795E+02    0.146230494156402779E+10    0.179235138113953440E+03   -0.896175690569767198E+02
    0.766101119989605195E+02    0.168960283447380477E+01    0.782850313424808153E+01    0.165576284168915582E+10    0.179197050906030427E+03   -0.895985254530152133E+02
    0.139347827706421810E+03    0.169189695400523776E+01    0.339473668609064276E+02    0.212622432553222752E+10    0.179126701417238365E+03   -0.895633507086191827E+02
    0.949918966929963773E+02    0.168315634118330282E+01    0.258148300736141820E+02    0.171282472901346302E+10    0.179119944057969349E+03   -0.895599720289846744E+02
    0.107715489448496371E+03    0.168779419086294324E+01    0.723423183330957329E+02    0.121753441366967130E+10    0.179117716758135714E+03   -0.895588583790678570E+02
    0.139466806924509541E+03    0.169281348939921372E+01    0.605953731388408698E+02    0.189424687395786285E+10    0.179088566076277345E+03   -0.895442830381386727E+02
    0.833847652114136082E+02    0.169542721231954840E+01    0.205832003610625662E+02    0.124384134303910589E+10    0.179072072444934520E+03   -0.895360362224672599E+02
    0.127385410631200287E+03    0.168955015376142081E+01    0.278231003593090733E+02    0.971217249618184328E+09    0.179036989291861630E+03   -0.895184946459308151E+02
    0.109379266690860504E+03    0.169341707599175195E+01    0.552258408814464730E+02    0.201324080886051488E+10    0.178965028405294390E+03   -0.894825142026471951E+02
    0.125428922633300459E+03    0.168905664818933476E+01    0.524106656582750787E+02    0.102852427523333645E+10    0.178859802450524597E+03   -0.894299012252622987E+02
    0.127831519029051151E+03    0.169018743167164853E+01    0.382177001447133264E+02    0.994967910564672470E+09    0.178850427550233576E+03   -0.894252137751167879E+02
    0.137034117360661526E+03    0.168299692766238396E+01    0.559353086022928849E+02    0.153002592806506491E+10    0.178799080538536202E+03   -0.893995402692681012E+02
    0.939258127859054781E+02    0.168911624192828280E+01    0.495851511471441242E-01    0.210225644336683249E+10    0.178747630555504486E+03   -0.893738152777522430E+02
    0.876022327384573885E+02    0.169227391491012025E+01    0.669108469455639465E+02    0.141789795690569758E+10    0.178713509014520895E+03   -0.893567545072604474E+02
    0.175874078220581424E+03    0.168927966490974057E+01    0.121991851017346367E+02    0.144173080274731898E+10    0.178646706383056880E+03   -0.893233531915284402E+02
    0.147761762142181396E+03    0.168694007576889637E+01    0.706979513168334961E+02    0.158118662783614159E+10    0.178609060914142390E+03   -0.893045304570711949E+02
    0.115802679390956669E+03    0.168599099878169811E+01    0.614087049736407522E+02    0.179775538674540234E+10    0.178572350399010901E+03   -0.892861751995054505E+02
    0.150265694816388930E+03    0.169566001016223167E+01    0.329339478193056010E+02    0.136040657630657220E+10    0.178527373385402143E+03   -0.892636866927010715E+02
    0.938998791532153518E+02    0.169745117044554528E+01    0.372301687448159413E+02    0.154649279927297163E+10    0.178504497097013314E+03   -0.892522485485066568E+02
    0.120772360353696300E+03    0.169459614682105220E+01    0.279018356736182582E+02    0.205083670101931691E+10    0.178463227792287768E+03   -0.892316138961438838E+02
    0.129464196962615631E+03    0.168595251660805689E+01    0.328765088699582009E+02    0.103766958018092513E+10    0.178461626895222253E+03   -0.892308134476111263E+02
    0.155251979827880859E+03    0.169196268153037055E+01    0.690205752849578857E+02    0.133116239520464301E+10    0.178369857149796246E+03   -0.891849285748981231E+02
    0.135988846514681910E+03    0.169741166026058599E+01    0.159693230440981502E+02    0.142126642181841135E+10    0.178337381969452565E+03   -0.891686909847262825E+02
    0.147842216730912980E+03    0.169618833514999445E+01    0.893988386094072496E+01    0.129661381289002085E+10    0.178308192972780574E+03   -0.891540964863902872E+02
    0.117266325637050429E+03    0.169567413287622015E+01    0.850440183732620647E+00    0.192498399963651752E+10    0.178112968564526568E+03   -0.890564842822632841E+02
    0.902996806190870132E+02    0.169625382212325526E+01    0.385800359207720831E+02    0.130798349209615254E+10    0.178062064495920538E+03   -0.890310322479602689E+02
    0.108242215262033483E+03    0.168767955294075467E+01    0.703947322322356968E+02    0.166500519934914184E+10    0.178034728933862681E+03   -0.890173644669313404E+02
    0.108242215262033483E+03    0.168767955294075467E+01    0.703947322322356968E+02    0.166500519934914184E+10    0.178034728933862681E+03   -0.890173644669313404E+02
    0.924967388762682532E+02    0.169716024767963658E+01    0.240445385046508520E+02    0.127752844497110343E+10    0.177972218640941207E+03   -0.889861093204706037E+02
    0.157526142295418452E+03    0.169273620430307936E+01    0.514207929846623983E+02    0.148169059147283244E+10    0.177941136191937318E+03   -0.889705680959686589E+02
    0.148685878071661648E+03    0.168136079230651236E+01    0.136317845331800775E+02    0.145003577804759717E+10    0.177870867539129733E+03   -0.889354337695648667E+02
    0.138633666085447402E+03    0.169181906832374485E+01    0.626429108776538044E+02    0.180288731565936136E+10    0.177862428777153099E+03   -0.889312143885765494E+02
    0.138633666085447402E+03    0.169181906832374485E+01    0.626429108776538044E+02    0.180288731565936136E+10    0.177862428777153099E+03   -0.889312143885765494E+02
    0.136894261212687155E+03    0.168249954562416004E+01    0.553255923744083411E+01    0.182325244047886562E+10    0.177830103131717721E+03   -0.889150515658588603E+02
    0.170841189025447989E+03    0.168862380091151287E+01    0.141045188620489288E+02    0.153258604219562578E+10    0.177808885341273992E+03   -0.889044426706369961E+02
    0.170841189025447989E+03    0.168862380091151287E+01    0.141045188620489288E+02    0.153258604219562578E+10    0.177808885341273992E+03   -0.889044426706369961E+02
    0.142845197188256719E+03    0.169024778447722435E+01    0.202040148379964641E+02    0.205155843528921199E+10    0.177797595843593569E+03   -0.888987979217967847E+02
    0.153639264319814998E+03    0.168966950530148763E+01    0.442666071169377844E+02    0.180937944463865161E+10    0.177775170598914173E+03   -0.888875852994570863E+02
    0.875468932178610970E+02    0.169339544400459996E+01    0.150142322255493141E+02    0.181670556771318269E+10    0.177725271007437641E+03   -0.888626355037188205E+02
    0.875468932178610970E+02    0.169339544400459996E+01    0.150142322255493141E+02    0.181670556771318269E+10    0.177725271007437641E+03   -0.888626355037188205E+02
    0.108935013574160152E+03    0.168614709741587077E+01    0.339188470394523733E+01    0.106730685045340025E+10    0.177672112582072259E+03   -0.888360562910361296E+02
    0.108935013574160152E+03    0.168614709741587077E+01    0.339188470394523733E+01    0.106730685045340025E+10    0.177672112582072259E+03   -0.888360562910361296E+02
    0.897285063624320429E+02    0.169226225779473061E+01    0.533448223277141125E+02    0.126786261416597557E+10    0.177665248954263063E+03   -0.888326244771315316E+02
    0.897285063624320429E+02    0.169226225779473061E+01    0.533448223277141125E+02    0.126786261416597557E+10    0.177665248954263063E+03   -0.888326244771315316E+02
    0.109757498274598959E+03    0.168726440080829776E+01    0.336128699416184133E+02    0.200677819816431451E+10    0.177660406851821278E+03   -0.888302034259106392E+02
    0.109757498274598959E+03    0.168726440080829776E+01    0.336128699416184133E+02    0.200677819816431451E+10    0.177660406851821278E+03   -0.888302034259106392E+02
    0.160132273438141226E+03    0.168615596170597115E+01    0.407840258365762232E+01    0.176713283496345305E+10    0.177648073587463102E+03   -0.888240367937315511E+02
    0.160132273438141226E+03    0.168615596170597115E+01    0.407840258365762232E+01    0.176713283496345305E+10    0.177648073587463102E+03   -0.888240367937315511E+02
    0.136813524963158727E+03    0.169141832489111588E+01    0.823738098327026904E+02    0.140137729286462283E+10    0.177618365775606151E+03   -0.888091828878030753E+02
    0.123252195853796977E+03    0.169534355478632914E+01    0.282664451360336813E+02    0.186940433655293012E+10    0.177602607327237592E+03   -0.888013036636187962E+02
    0.133082159413675669E+03    0.168413914880889504E+01    0.595877238352009115E+02    0.133119654578197527E+10    0.177570529316957874E+03   -0.887852646584789369E+02
    0.110286373824258519E+03    0.168477847109794432E+01    0.289391552808457035E+02    0.118542909629604340E+10    0.177550459651726896E+03   -0.887752298258634482E+02
    0.110286373824258519E+03    0.168477847109794432E+01    0.289391552808457035E+02    0.118542909629604340E+10    0.177550459651726896E+03   -0.887752298258634482E+02
    0.116769707307459313E+03    0.168865801667791038E+01    0.823165652539363180E+02    0.143226290893455172E+10    0.177533227824014205E+03   -0.887666139120071023E+02
    0.126700263309760643E+03    0.169460173887877086E+01    0.355744159374605502E+02    0.117849437318942428E+10    0.177429868283705048E+03   -0.887149341418525239E+02
    0.161805689020604035E+03    0.168394870067693181E+01    0.982669798708450948E+01    0.146133468933023477E+10    0.177412741556990994E+03   -0.887063707784954971E+02
    0.153111990595271521E+03    0.169114803023806570E+01    0.501884233166189375E+01    0.185659681913868237E+10    0.177408531521478068E+03   -0.887042657607390339E+02
    0.153111990595271521E+03    0.169114803023806570E+01    0.501884233166189375E+01    0.185659681913868237E+10    0.177408531521478068E+03   -0.887042657607390339E+02
    0.126280910137000234E+03    0.169157813608098406E+01    0.595402267391713451E+02    0.118526890401720953E+10    0.177294034693320896E+03   -0.886470173466604479E+02
    0.126280910137000234E+03    0.169157813608098406E+01    0.595402267391713451E+02    0.118526890401720953E+10    0.177294034693320896E+03   -0.886470173466604479E+02
    0.121757000849765831E+03    0.168982676580492019E+01    0.716244788633907064E+02    0.174061142587270451E+10    0.177290565988510139E+03   -0.886452829942550693E+02
    0.836901724320466371E+02    0.169085908590699807E+01    0.309574810737055799E+02    0.139773166218874979E+10    0.177229534232794322E+03   -0.886147671163971609E+02
    0.836901724320466371E+02    0.169085908590699807E+01    0.309574810737055799E+02    0.139773166218874979E+10    0.177229534232794322E+03   -0.886147671163971609E+02
    0.112245355549189881E+03    0.169305715047793748E+01    0.345687898557579700E+02    0.111720521003329873E+10    0.177209461290764466E+03   -0.886047306453822330E+02
    0.116233506740464790E+03    0.169224671077145894E+01    0.696336801425638043E+02    0.173174647336242008E+10    0.177200325583449455E+03   -0.886001627917247276E+02
    0.116233506740464790E+03    0.169224671077145894E+01    0.696336801425638043E+02    0.173174647336242008E+10    0.177200325583449455E+03   -0.886001627917247276E+02
    0.111912797066579841E+03    0.169073692851209767E+01    0.300053667694713191E+02    0.207279339804699016E+10    0.177185057440248499E+03   -0.885925287201242497E+02
    0.111912797066579841E+03    0.169073692851209767E+01    0.300053667694713191E+02    0.207279339804699016E+10    0.177185057440248499E+03   -0.885925287201242497E+02
    0.103090383101966381E+03    0.169392076761726118E+01    0.323742643488866344E+01    0.194587504644779253E+10    0.177182350801338657E+03   -0.885911754006693286E+02
    0.108923452073583775E+03    0.169749090942994663E+01    0.702951500953625263E+01    0.151139826109104323E+10    0.177181478932841003E+03   -0.885907394664205015E+02
    0.108923452073583775E+03    0.169749090942994663E+01    0.702951500953625263E+01    0.151139826109104323E+10    0.177181478932841003E+03   -0.885907394664205015E+02
    0.141032614659169298E+03    0.168138037183137357E+01    0.767319752106918607E+01    0.151947160265295768E+10    0.177165288723363972E+03   -0.885826443616819859E+02
    0.136118603577393031E+03    0.169300561924709503E+01    0.449452065493637534E+02    0.185489832913088465E+10    0.177163988135286843E+03   -0.885819940676434214E+02
    0.136118603577393031E+03    0.169300561924709503E+01    0.449452065493637534E+02    0.185489832913088465E+10    0.177163988135286843E+03   -0.885819940676434214E+02
    0.125644956191168973E+03    0.168649836671691822E+01    0.537868060457893904E+02    0.121267447884293270E+10    0.177066721021480987E+03   -0.885333605107404935E+02
    0.125644956191168973E+03    0.168649836671691822E+01    0.537868060457893904E+02    0.121267447884293270E+10    0.177066721021480987E+03   -0.885333605107404935E+02
    0.109940141141621794E+03    0.168955017121656303E+01    0.653464599894230531E+02    0.173527051625050330E+10    0.177052239549667377E+03   -0.885261197748336883E+02
    0.964823857206312283E+02    0.169271729702686513E+01    0.560305034500961838E+02    0.165105587548660874E+10    0.177035011610668732E+03   -0.885175058053343662E+02
    0.964823857206312283E+02    0.169271729702686513E+01    0.560305034500961838E+02    0.165105587548660874E+10    0.177035011610668732E+03   -0.885175058053343662E+02
    0.122790985185438259E+03    0.168756489787476571E+01    0.664996675937067607E+02    0.168078042226119852E+10    0.177011821020241115E+03   -0.885059105101205574E+02
    0.123717869937957744E+03    0.169111226541849047E+01    0.104914759202037242E+02    0.210146800796412158E+10    0.176968880290380127E+03   -0.884844401451900637E+02
    0.137329856380765960E+03    0.168652024274645673E+01    0.592790242382761150E+02    0.163752620720522833E+10    0.176968651126339068E+03   -0.884843255631695342E+02
    0.137329856380765960E+03    0.168652024274645673E+01    0.592790242382761150E+02    0.163752620720522833E+10    0.176968651126339068E+03   -0.884843255631695342E+02
    0.889593334519857564E+02    0.169249081379525346E+01    0.691376346176578727E+00    0.175116898114619327E+10    0.176954079500184520E+03   -0.884770397500922599E+02
    0.889593334519857564E+02    0.169249081379525346E+01    0.691376346176578727E+00    0.175116898114619327E+10    0.176954079500184520E+03   -0.884770397500922599E+02
    0.166142849782665593E+03    0.168624042463322876E+01    0.822615685501955340E+01    0.146630589305004549E+10    0.176934428366248312E+03   -0.884672141831241561E+02
    0.124763657879694520E+03    0.168517281479639092E+01    0.128797731410207454E+02    0.112172908672236705E+10    0.176884116929199877E+03   -0.884420584645999384E+02
    0.154098786842468257E+03    0.168661123178615191E+01    0.266009937831246752E+02    0.121553043547665977E+10    0.176862222996531102E+03   -0.884311114982655511E+02
    0.123578900848090981E+03    0.169700979513254513E+01    0.232912486144762774E+02    0.144816838540575933E+10    0.176835668870276237E+03   -0.884178344351381185E+02
    0.166133835019723847E+03    0.169063397372707680E+01    0.109272459155955683E+02    0.142564510086765790E+10    0.176809001639439344E+03   -0.884045008197196722E+02
    0.166133835019723847E+03    0.169063397372707680E+01    0.109272459155955683E+02    0.142564510086765790E+10    0.176809001639439344E+03   -0.884045008197196722E+02
    0.150572319860921510E+03    0.168739739566709579E+01    0.604266939660906743E+02    0.132317105032469678E+10    0.176805331726217076E+03   -0.884026658631085382E+02
    0.121886221004047044E+03    0.169648346773616243E+01    0.194902775134344814E+02    0.163919698179460001E+10    0.176785606385465428E+03   -0.883928031927327140E+02
    0.868806378848810112E+02    0.169326757075621726E+01    0.298646891622589550E+02    0.136553761124117351E+10    0.176726868372581635E+03   -0.883634341862908173E+02
    0.131090317589834143E+03    0.168449754972014465E+01    0.249277443616850825E+02    0.119113242329995322E+10    0.176716535217051614E+03   -0.883582676085258072E+02
    0.934616662792056019E+02    0.169486033453471641E+01    0.375710686451042051E+02    0.146585534980552173E+10    0.176711940013449691E+03   -0.883559700067248457E+02
    0.157304917017145272E+03    0.168794060873923812E+01    0.438444733952475119E+02    0.154565530343992329E+10    0.176682775579571654E+03   -0.883413877897858271E+02
    0.157304917017145272E+03    0.168794060873923812E+01    0.438444733952475119E+02    0.154565530343992329E+10    0.176682775579571654E+03   -0.883413877897858271E+02
    0.134574913828027178E+03    0.168242733306989201E+01    0.229224920741782157E+02    0.125925835049228835E+10    0.176680934684173820E+03   -0.883404673420869102E+02
    0.134574913828027178E+03    0.168242733306989201E+01    0.229224920741782157E+02    0.125925835049228835E+10    0.176680934684173820E+03   -0.883404673420869102E+02
    0.103548309166501213E+03    0.169249722851158935E+01    0.703253123847272388E+01    0.114927774901320171E+10    0.176627413288153377E+03   -0.883137066440766887E+02
    0.103548309166501213E+03    0.169249722851158935E+01    0.703253123847272388E+01    0.114927774901320171E+10    0.176627413288153377E+03   -0.883137066440766887E+02
    0.125885301676677940E+03    0.168212194025220607E+01    0.233258916329957060E+02    0.152268401466874933E+10    0.176568157409791667E+03   -0.882840787048958333E+02
    0.125885301676677940E+03    0.168212194025220607E+01    0.233258916329957060E+02    0.152268401466874933E+10    0.176568157409791667E+03   -0.882840787048958333E+02
    0.121389940450816852E+03    0.169097371589439560E+01    0.775972085611108042E+02    0.139722628624841046E+10    0.176524130976768106E+03   -0.882620654883840530E+02
    0.121389940450816852E+03    0.169097371589439560E+01    0.775972085611108042E+02    0.139722628624841046E+10    0.176524130976768106E+03   -0.882620654883840530E+02
    0.103923028775831611E+03    0.168960907147969741E+01    0.379063302598543288E+02    0.118766850972363377E+10    0.176506534617595719E+03   -0.882532673087978594E+02
    0.142351676558798744E+03    0.168793633595532966E+01    0.453522753700382566E+02    0.178482680823100281E+10    0.176493084161718741E+03   -0.882465420808593706E+02
    0.142351676558798744E+03    0.168793633595532966E+01    0.453522753700382566E+02    0.178482680823100281E+10    0.176493084161718741E+03   -0.882465420808593706E+02
    0.101805418744235610E+03    0.169399534425334841E+01    0.395571153376698774E+02    0.176130710505269456E+10    0.176484342945975243E+03   -0.882421714729876214E+02
    0.860744139132768566E+02    0.169082063713088537E+01    0.118087523712511944E+01    0.137768812178007841E+10    0.176463194860090397E+03   -0.882315974300451984E+02
    0.122499619782489688E+03    0.169549251377747723E+01    0.439417176017238162E+02    0.157526015559182119E+10    0.176450565339508842E+03   -0.882252826697544208E+02
    0.149411243999974346E+03    0.168548284628634559E+01    0.408722965796842885E+02    0.153421076283603263E+10    0.176439837128457953E+03   -0.882199185642289763E+02
    0.149411243999974346E+03    0.168548284628634559E+01    0.408722965796842885E+02    0.153421076283603263E+10    0.176439837128457953E+03   -0.882199185642289763E+02
    0.878904760101185047E+02    0.169099441163107178E+01    0.306834325233456227E+02    0.133797006812259817E+10    0.176427045400550128E+03   -0.882135227002750639E+02
    0.981855069962280993E+02    0.168735031123435553E+01    0.447447171256977256E+02    0.127548952311009645E+10    0.176415535142493638E+03   -0.882077675712468192E+02
    0.981855069962280993E+02    0.168735031123435553E+01    0.447447171256977256E+02    0.127548952311009645E+10    0.176415535142493638E+03   -0.882077675712468192E+02
    0.100574854399812253E+03    0.169040014381189585E+01    0.171281091324382864E+02    0.117079951758990526E+10    0.176397619228035751E+03   -0.881988096140178754E+02
    0.110905151030440692E+03    0.169164779529295983E+01    0.710312408410639251E+00    0.199861336843010616E+10    0.176380264451169495E+03   -0.881901322255847475E+02
    0.899999407243319212E+02    0.169160915950898927E+01    0.220708982834125642E+02    0.169224242600168157E+10    0.176350458040999968E+03   -0.881752290204999838E+02
    0.140005582031341334E+03    0.168430153186926401E+01    0.808300493344318127E+01    0.178204265698586464E+10    0.176310003843850581E+03   -0.881550019219252903E+02
    0.101094062926291912E+03    0.168824088141648887E+01    0.671707274474183347E+01    0.117696906285588479E+10    0.176282219781236336E+03   -0.881411098906181678E+02
    0.101094062926291912E+03    0.168824088141648887E+01    0.671707274474183347E+01    0.117696906285588479E+10    0.176282219781236336E+03   -0.881411098906181678E+02
    0.121592481071251541E+03    0.168793681623690683E+01    0.672686320952475398E+02    0.154629106995663738E+10    0.176275293478948868E+03   -0.881376467394744338E+02
    0.121592481071251541E+03    0.168793681623690683E+01    0.672686320952475398E+02    0.154629106995663738E+10    0.176275293478948868E+03   -0.881376467394744338E+02
    0.923108766100640707E+02    0.168898384805933999E+01    0.392040475299991087E+02    0.132682208733222079E+10    0.176257271202119966E+03   -0.881286356010599832E+02
    0.146355199922051867E+03    0.168641746589604979E+01    0.534111845468686752E+02    0.143088756444645834E+10    0.176239537998179600E+03   -0.881197689990897999E+02
    0.146355199922051867E+03    0.168641746589604979E+01    0.534111845468686752E+02    0.143088756444645834E+10    0.176239537998179600E+03   -0.881197689990897999E+02
    0.154530700585503894E+03    0.169251129877650919E+01    0.187769152590121102E+02    0.157801528767808747E+10    0.176234915748003857E+03   -0.881174578740019285E+02
    0.136511246728886164E+03    0.168482007500950637E+01    0.289538334401094444E+01    0.117713247846352243E+10    0.176232756168776689E+03   -0.881163780843883444E+02
    0.136511246728886164E+03    0.168482007500950637E+01    0.289538334401094444E+01    0.117713247846352243E+10    0.176232756168776689E+03   -0.881163780843883444E+02
    0.106071209226239901E+03    0.168985718398940743E+01    0.645122417807922091E+02    0.152541241554868555E+10    0.176229717619776409E+03   -0.881148588098882044E+02
    0.106071209226239901E+03    0.168985718398940743E+01    0.645122417807922091E+02    0.152541241554868555E+10    0.176229717619776409E+03   -0.881148588098882044E+02
    0.115441407953531993E+03    0.169195577291431531E+01    0.172367444345346712E+02    0.110913586963689446E+10    0.176205889750982863E+03   -0.881029448754914313E+02
    0.972588924900363736E+02    0.168566263203420519E+01    0.226695223653136715E+02    0.130653220725649142E+10    0.176153236000016591E+03   -0.880766180000082954E+02
    0.972588924900363736E+02    0.168566263203420519E+01    0.226695223653136715E+02    0.130653220725649142E+10    0.176153236000016591E+03   -0.880766180000082954E+02
    0.121846962659943856E+03    0.169183256172587115E+01    0.279900435067194984E+02    0.114536418580241299E+10    0.176117912864003586E+03   -0.880589564320017928E+02
    0.121846962659943856E+03    0.169183256172587115E+01    0.279900435067194984E+02    0.114536418580241299E+10    0.176117912864003586E+03   -0.880589564320017928E+02
    0.108307401751502240E+03    0.168927735591414274E+01    0.166585622512183491E+02    0.114594668642879796E+10    0.176104324766370013E+03   -0.880521623831850064E+02
    0.134161621703919764E+03    0.169154536464362049E+01    0.316750257024811397E+02    0.189037723571298027E+10    0.176099033913812093E+03   -0.880495169569060465E+02
    0.101550580055315777E+03    0.168565634933706421E+01    0.147701625290384779E+02    0.124328685522489333E+10    0.176073443121427971E+03   -0.880367215607139855E+02
    0.101550580055315777E+03    0.168565634933706421E+01    0.147701625290384779E+02    0.124328685522489333E+10    0.176073443121427971E+03   -0.880367215607139855E+02
    0.136192073434270185E+03    0.169201896599015078E+01    0.284070053035584849E+02    0.117447591274447131E+10    0.176072181552850708E+03   -0.880360907764253540E+02
    0.116638998499569581E+03    0.169103122208925671E+01    0.224467234791840013E+02    0.112082669919176984E+10    0.176041115234481083E+03   -0.880205576172405415E+02
    0.116638998499569581E+03    0.169103122208925671E+01    0.224467234791840013E+02    0.112082669919176984E+10    0.176041115234481083E+03   -0.880205576172405415E+02
    0.143444966147977425E+03    0.169477486497669094E+01    0.587649923843201361E+01    0.138546715560674930E+10    0.176035726545666080E+03   -0.880178632728330399E+02
    0.143444966147977425E+03    0.169477486497669094E+01    0.587649923843201361E+01    0.138546715560674930E+10    0.176035726545666080E+03   -0.880178632728330399E+02
    0.137005428920720419E+03    0.168867148865294525E+01    0.679313491038579116E+02    0.145990906014260864E+10    0.176029765550014361E+03   -0.880148827750071803E+02
    0.110943371872770513E+03    0.169539498962930146E+01    0.433436390204848010E+02    0.149722000103042603E+10    0.176026437576234713E+03   -0.880132187881173564E+02
    0.110943371872770513E+03    0.169539498962930146E+01    0.433436390204848010E+02    0.149722000103042603E+10    0.176026437576234713E+03   -0.880132187881173564E+02
    0.132534016305032878E+03    0.168216293621884794E+01    0.175204153822889097E+02    0.139067922396868587E+10    0.176009975156244877E+03   -0.880049875781224387E+02
    0.132534016305032878E+03    0.168216293621884794E+01    0.175204153822889097E+02    0.139067922396868587E+10    0.176009975156244877E+03   -0.880049875781224387E+02
    0.149349908633190864E+03    0.169395660648083179E+01    0.198727660251022820E+01    0.140687075931171441E+10    0.175993503206048956E+03   -0.879967516030244781E+02
    0.149349908633190864E+03    0.169395660648083179E+01    0.198727660251022820E+01    0.140687075931171441E+10    0.175993503206048956E+03   -0.879967516030244781E+02
    0.148317587425354446E+03    0.168494693618518965E+01    0.297734821911152316E+02    0.154311035892070627E+10    0.175959948229216536E+03   -0.879799741146082681E+02
    0.148317587425354446E+03    0.168494693618518965E+01    0.297734821911152316E+02    0.154311035892070627E+10    0.175959948229216536E+03   -0.879799741146082681E+02
    0.103842464876366691E+03    0.169208099480855978E+01    0.548796977944856366E+02    0.162465900146469760E+10    0.175947057816054496E+03   -0.879735289080272480E+02
    0.103842464876366691E+03    0.169208099480855978E+01    0.548796977944856366E+02    0.162465900146469760E+10    0.175947057816054496E+03   -0.879735289080272480E+02
    0.132696579389808647E+03    0.168738510229078420E+01    0.482648642425602645E+02    0.174479257941936088E+10    0.175930894181823419E+03   -0.879654470909117094E+02
    0.123067392691886994E+03    0.168684546383321621E+01    0.724001063442078596E+01    0.113569157530205703E+10    0.175929610056046897E+03   -0.879648050280234486E+02
    0.144159555679601652E+03    0.168327667705276718E+01    0.170902748559874880E+02    0.148084795715953088E+10    0.175920958325371799E+03   -0.879604791626858997E+02
    0.145146895400253612E+03    0.169316872146836950E+01    0.239686671564998512E+02    0.170004858328326464E+10    0.175913814708899736E+03   -0.879569073544498679E+02
    0.145146895400253612E+03    0.169316872146836950E+01    0.239686671564998512E+02    0.170004858328326464E+10    0.175913814708899736E+03   -0.879569073544498679E+02
    0.133532578107082117E+03    0.168702949716146544E+01    0.411424051535598068E+02    0.121021309906391191E+10    0.175894629327535796E+03   -0.879473146637678980E+02
    0.149688254806285272E+03    0.168699960285029071E+01    0.171364551182616438E+02    0.175623583198286343E+10    0.175875551938175221E+03   -0.879377759690876104E+02
    0.149688254806285272E+03    0.168699960285029071E+01    0.171364551182616438E+02    0.175623583198286343E+10    0.175875551938175221E+03   -0.879377759690876104E+02
    0.123383134569612054E+03    0.169593826428807204E+01    0.117350471328601103E+02    0.152856544796808958E+10    0.175868011106776009E+03   -0.879340055533880047E+02
    0.124462768202065561E+03    0.168569525450894941E+01    0.544052292984865105E+02    0.144360259872215009E+10    0.175811085019119446E+03   -0.879055425095597229E+02
    0.153034207316827150E+03    0.169336013238518879E+01    0.168181808667217716E+02    0.130210673408689380E+10    0.175792825219760800E+03   -0.878964126098804002E+02
    0.123499862584304140E+03    0.169437960758739314E+01    0.326397820743511815E+02    0.174553812459753108E+10    0.175778648842596709E+03   -0.878893244212983547E+02
    0.103734862345148144E+03    0.168530605787911569E+01    0.204992931164109713E+02    0.161611847852689242E+10    0.175777650559030860E+03   -0.878888252795154301E+02
    0.103734862345148144E+03    0.168530605787911569E+01    0.204992931164109713E+02    0.161611847852689242E+10    0.175777650559030860E+03   -0.878888252795154301E+02
    0.151239658141642593E+03    0.169306895268956281E+01    0.561857506960082809E+01    0.152497371045150638E+10    0.175776970696332057E+03   -0.878884853481660286E+02
    0.150764639387834478E+03    0.169076674939939964E+01    0.335679887611656866E+02    0.165506954860085702E+10    0.175708801721510355E+03   -0.878544008607551774E+02
    0.150764639387834478E+03    0.169076674939939964E+01    0.335679887611656866E+02    0.165506954860085702E+10    0.175708801721510355E+03   -0.878544008607551774E+02
    0.158423045731059943E+03    0.169187948339252703E+01    0.153605699273069654E+02    0.128255942507688236E+10    0.175701967015671244E+03   -0.878509835078356218E+02
    0.158423045731059943E+03    0.169187948339252703E+01    0.153605699273069654E+02    0.128255942507688236E+10    0.175701967015671244E+03   -0.878509835078356218E+02
    0.138439656225321642E+03    0.169079741504775538E+01    0.385459249068380174E+02    0.120272795393868613E+10    0.175677107583850557E+03   -0.878385537919252783E+02
    0.138439656225321642E+03    0.169079741504775538E+01    0.385459249068380174E+02    0.120272795393868613E+10    0.175677107583850557E+03   -0.878385537919252783E+02
    0.152175962372690492E+03    0.168530631492243721E+01    0.305439411879774205E+02    0.129468392774770737E+10    0.175669524155104824E+03   -0.878347620775524121E+02
    0.152175962372690492E+03    0.168530631492243721E+01    0.305439411879774205E+02    0.129468392774770737E+10    0.175669524155104824E+03   -0.878347620775524121E+02
    0.104409097936191429E+03    0.169059107361417582E+01    0.162012782179280741E+02    0.118403064639800739E+10    0.175663644420458212E+03   -0.878318222102291060E+02
    0.104409097936191429E+03    0.169059107361417582E+01    0.162012782179280741E+02    0.118403064639800739E+10    0.175663644420458212E+03   -0.878318222102291060E+02
    0.160683706364481054E+03    0.168760011822793721E+01    0.367583223666854408E+01    0.150405634611053991E+10    0.175641831345108415E+03   -0.878209156725542073E+02
    0.157375150461502358E+03    0.169013870060470595E+01    0.399998543537726947E+01    0.159177261760128236E+10    0.175627390479241996E+03   -0.878136952396209978E+02
    0.135896510461950243E+03    0.169147303018755646E+01    0.538741551399389280E+02    0.165908381309786725E+10    0.175612930823295926E+03   -0.878064654116479630E+02
    0.125813940476585032E+03    0.168526283302444746E+01    0.495960539273643448E+02    0.139722246115306330E+10    0.175608056940436711E+03   -0.878040284702183556E+02
    0.125813940476585032E+03    0.168526283302444746E+01    0.495960539273643448E+02    0.139722246115306330E+10    0.175608056940436711E+03   -0.878040284702183556E+02
    0.138393123463228505E+03    0.169437937190758459E+01    0.795288857560468188E+01    0.157941461813238335E+10    0.175573197380353008E+03   -0.877865986901765041E+02
    0.118742384017616246E+03    0.169603914668650280E+01    0.203419274117667008E+02    0.129195772941079640E+10    0.175569945530064331E+03   -0.877849727650321654E+02
    0.118742384017616246E+03    0.169603914668650280E+01    0.203419274117667008E+02    0.129195772941079640E+10    0.175569945530064331E+03   -0.877849727650321654E+02
    0.146284605186579370E+03    0.168755142179486706E+01    0.498397946554765738E+02    0.148187910661599493E+10    0.175545326355295742E+03   -0.877726631776478712E+02
    0.146284605186579370E+03    0.168755142179486706E+01    0.498397946554765738E+02    0.148187910661599493E+10    0.175545326355295742E+03   -0.877726631776478712E+02
    0.132716115109349005E+03    0.168567710546012117E+01    0.448098389643945723E+02    0.156624231804111981E+10    0.175542733815682936E+03   -0.877713669078414682E+02
    0.123063559111677947E+03    0.168915886152406447E+01    0.138394387883649017E+02    0.111985360904512072E+10    0.175526660006748159E+03   -0.877633300033740795E+02
    0.126881666112555052E+03    0.169129423170772397E+01    0.674886137386018561E+02    0.142615151215852666E+10    0.175481458215853081E+03   -0.877407291079265406E+02
    0.995426212107257982E+02    0.169462432976361010E+01    0.198511936389770796E+02    0.128429742892833734E+10    0.175411047509048672E+03   -0.877055237545243358E+02
    0.120605963417307663E+03    0.168451059385420732E+01    0.342538867303889845E+02    0.153752598980793810E+10    0.175408594050160133E+03   -0.877042970250800664E+02
    0.120605963417307663E+03    0.168451059385420732E+01    0.342538867303889845E+02    0.153752598980793810E+10    0.175408594050160133E+03   -0.877042970250800664E+02
    0.106159101234159607E+03    0.169178305680380614E+01    0.212431618431290836E+02    0.119796550691992044E+10    0.175407314611776826E+03   -0.877036573058884130E+02
    0.146834713067525314E+03    0.168912885441675131E+01    0.331115668190113936E+02    0.122413886116713762E+10    0.175361782193733177E+03   -0.876808910968665884E+02
    0.131831762345774422E+03    0.169422884931961892E+01    0.652023841644885915E+00    0.123776247815204120E+10    0.175327204810198964E+03   -0.876636024050994820E+02
    0.131831762345774422E+03    0.169422884931961892E+01    0.652023841644885915E+00    0.123776247815204120E+10    0.175327204810198964E+03   -0.876636024050994820E+02
    0.130712710357824392E+03    0.169021485567991592E+01    0.232683113542240569E+02    0.188833267803725934E+10    0.175263960074575181E+03   -0.876319800372875903E+02
    0.130712710357824392E+03    0.169021485567991592E+01    0.232683113542240569E+02    0.188833267803725934E+10    0.175263960074575181E+03   -0.876319800372875903E+02
    0.119616772940117500E+03    0.168836669955562724E+01    0.478029441719048052E+02    0.173248787820948291E+10    0.175261145252943237E+03   -0.876305726264716185E+02
    0.100252304359798131E+03    0.169367826002964916E+01    0.361988787854030889E+02    0.151940916626241136E+10    0.175259890887108668E+03   -0.876299454435543339E+02
    0.100252304359798131E+03    0.169367826002964916E+01    0.361988787854030889E+02    0.151940916626241136E+10    0.175259890887108668E+03   -0.876299454435543339E+02
    0.925935285452915480E+02    0.169155948429123271E+01    0.126634170868072164E+02    0.129672408315452623E+10    0.175251857408177557E+03   -0.876259287040887784E+02
    0.104953709889425824E+03    0.169493245479707011E+01    0.542204405934093625E+01    0.150680738998167014E+10    0.175231750870027639E+03   -0.876158754350138196E+02
    0.104953709889425824E+03    0.169493245479707011E+01    0.542204405934093625E+01    0.150680738998167014E+10    0.175231750870027639E+03   -0.876158754350138196E+02
    0.113307396030897976E+03    0.168885367650946372E+01    0.548126079418216676E+02    0.158645517162992287E+10    0.175208754306141998E+03   -0.876043771530709989E+02
    0.990491536624622597E+02    0.168819849585213522E+01    0.354705092266832409E+02    0.130641583545234346E+10    0.175200265078525490E+03   -0.876001325392627450E+02
    0.990491536624622597E+02    0.168819849585213522E+01    0.354705092266832409E+02    0.130641583545234346E+10    0.175200265078525490E+03   -0.876001325392627450E+02
    0.120493022785413032E+03    0.168405371749991417E+01    0.288110199767727231E+02    0.147332938418066287E+10    0.175171540266304305E+03   -0.875857701331521525E+02
    0.136184579813010942E+03    0.169319643093307914E+01    0.375637038410885609E+02    0.163697129895202136E+10    0.175167770217856457E+03   -0.875838851089282286E+02
    0.159680989471927859E+03    0.168830381916565830E+01    0.208411627563701920E+02    0.128449907232610083E+10    0.175143605816264483E+03   -0.875718029081322413E+02
    0.159680989471927859E+03    0.168830381916565830E+01    0.208411627563701920E+02    0.128449907232610083E+10    0.175143605816264483E+03   -0.875718029081322413E+02
    0.160506140041475106E+03    0.168761946101865568E+01    0.729146595225621841E+01    0.130469447119424558E+10    0.175139583409926445E+03   -0.875697917049632224E+02
    0.108821700873129899E+03    0.168718384961831958E+01    0.352604596167450239E+02    0.166890422609443164E+10    0.175121049325326993E+03   -0.875605246626634965E+02
    0.123757037057049544E+03    0.169357714002290161E+01    0.511719656111691705E+02    0.152925291901732874E+10    0.175108333757465374E+03   -0.875541668787326870E+02
    0.123757037057049544E+03    0.169357714002290161E+01    0.511719656111691705E+02    0.152925291901732874E+10    0.175108333757465374E+03   -0.875541668787326870E+02
    0.106594033315625580E+03    0.168872148929254684E+01    0.408435137195987537E+02    0.125051088041977000E+10    0.175107069501678609E+03   -0.875535347508393045E+02
    0.127821888020938772E+03    0.169429535906162387E+01    0.206252675930838194E+02    0.167131360353017139E+10    0.175093940378835896E+03   -0.875469701894179479E+02
    0.126535183035201527E+03    0.168988173285323628E+01    0.456392518052095539E+02    0.121910793585479784E+10    0.175079881580316965E+03   -0.875399407901584823E+02
    0.126535183035201527E+03    0.168988173285323628E+01    0.456392518052095539E+02    0.121910793585479784E+10    0.175079881580316965E+03   -0.875399407901584823E+02
    0.940173240277655964E+02    0.169234774143616140E+01    0.168938521480196364E+02    0.131872164846737146E+10    0.175073197841365072E+03   -0.875365989206825361E+02
    0.140466408577181227E+03    0.169405329229953994E+01    0.290476698120855694E+02    0.133371678893306828E+10    0.175070860658303246E+03   -0.875354303291516231E+02
    0.115612411175814671E+03    0.168341396065792770E+01    0.812372239434639098E+01    0.148987609336308861E+10    0.175065825248906890E+03   -0.875329126244534450E+02
    0.105078094018431656E+03    0.169312266207706097E+01    0.365302318872850265E+02    0.166129394514163351E+10    0.175061474923502232E+03   -0.875307374617511158E+02
    0.104588465106456468E+03    0.168663944613926731E+01    0.286981159342095316E+01    0.171790131661621189E+10    0.175057399208133234E+03   -0.875286996040666168E+02
    0.142214828671752173E+03    0.169239561708620689E+01    0.411241020080447583E+02    0.153759651156609774E+10    0.175050713323528726E+03   -0.875253566617643628E+02
    0.127668988359982635E+03    0.168386285101614419E+01    0.279477368877365642E+02    0.143313223965834618E+10    0.175042552049650112E+03   -0.875212760248250561E+02
    0.112806773738142411E+03    0.168965069244486688E+01    0.205632159213842129E+02    0.187041707028755975E+10    0.175015266497774462E+03   -0.875076332488872310E+02
    0.130170940383392377E+03    0.169084404748957984E+01    0.624378580491699680E+02    0.131757970201080489E+10    0.174987662645052239E+03   -0.874938313225261197E+02
    0.110081553459167480E+03    0.168383260862248707E+01    0.147695541381835938E+01    0.134873942460901570E+10    0.174986430354378683E+03   -0.874932151771893416E+02
    0.154210912227194882E+03    0.169093981780868918E+01    0.166790519974473455E+02    0.126525950186496592E+10    0.174973663263243566E+03   -0.874868316316217829E+02
    0.100515838927388373E+03    0.168713068651053155E+01    0.411715056819646996E+01    0.125885637945331693E+10    0.174965911409499881E+03   -0.874829557047499407E+02
    0.124168041962989520E+03    0.168900339506697472E+01    0.265205160654123873E+02    0.118186965440604067E+10    0.174945445300214374E+03   -0.874727226501071868E+02
    0.105441652368882686E+03    0.169354552891740795E+01    0.423064885028625923E+02    0.130534781788030148E+10    0.174899030134642373E+03   -0.874495150673211867E+02
    0.128688624259631609E+03    0.169460524176977367E+01    0.267923500188816064E+02    0.150002044902663136E+10    0.174896208941129316E+03   -0.874481044705646582E+02
    0.128688624259631609E+03    0.169460524176977367E+01    0.267923500188816064E+02    0.150002044902663136E+10    0.174896208941129316E+03   -0.874481044705646582E+02
    0.151211952609968051E+03    0.168762808767352346E+01    0.362477326628498489E+02    0.139303388578880548E+10    0.174895373747712142E+03   -0.874476868738560711E+02
    0.151211952609968051E+03    0.168762808767352346E+01    0.362477326628498489E+02    0.139303388578880548E+10    0.174895373747712142E+03   -0.874476868738560711E+02
    0.131845631637855718E+03    0.169052846344038898E+01    0.348447845718696030E+02    0.179023282334877062E+10    0.174893717734544737E+03   -0.874468588672723683E+02
    0.131845631637855718E+03    0.169052846344038898E+01    0.348447845718696030E+02    0.179023282334877062E+10    0.174893717734544737E+03   -0.874468588672723683E+02
    0.110254226062198455E+03    0.168660801001581540E+01    0.390648066516601489E+02    0.150510079050149536E+10    0.174890043652794674E+03   -0.874450218263973369E+02
    0.109008174831154165E+03    0.168531654588390101E+01    0.257821516288204435E+02    0.134682838770445323E+10    0.174870279385060485E+03   -0.874351396925302424E+02
    0.126941152641817041E+03    0.169313306574666256E+01    0.529487320679982361E+02    0.146988994113548732E+10    0.174862138075402783E+03   -0.874310690377013913E+02
    0.126941152641817041E+03    0.169313306574666256E+01    0.529487320679982361E+02    0.146988994113548732E+10    0.174862138075402783E+03   -0.874310690377013913E+02
    0.139768937886714468E+03    0.169258647249588501E+01    0.435102785163374861E+02    0.149267979805248475E+10    0.174855269395276281E+03   -0.874276346976381404E+02
    0.125347143068468171E+03    0.169074003784310767E+01    0.535759182880356164E+02    0.162164321001492357E+10    0.174841528297895394E+03   -0.874207641489476970E+02
    0.125347143068468171E+03    0.169074003784310767E+01    0.535759182880356164E+02    0.162164321001492357E+10    0.174841528297895394E+03   -0.874207641489476970E+02
    0.145581301441992593E+03    0.168890634289337305E+01    0.354254271096632678E+02    0.163701638852226543E+10    0.174826261946743585E+03   -0.874131309733717927E+02
    0.144805085113429925E+03    0.168539822936411654E+01    0.194223070150462540E+02    0.152556788068390775E+10    0.174745971758065991E+03   -0.873729858790329956E+02
    0.158135557406004352E+03    0.168972796993409546E+01    0.130569342050389476E+02    0.129086015235629368E+10    0.174735216115388937E+03   -0.873676080576944685E+02
    0.145133608822601673E+03    0.168913228227319734E+01    0.175998861102446611E+02    0.174074529901499128E+10    0.174733968079750724E+03   -0.873669840398753621E+02
    0.145133608822601673E+03    0.168913228227319734E+01    0.175998861102446611E+02    0.174074529901499128E+10    0.174733968079750724E+03   -0.873669840398753621E+02
    0.100986242893348887E+03    0.168815600799116505E+01    0.308947794803614713E+02    0.129246489665816450E+10    0.174728296921006347E+03   -0.873641484605031735E+02
    0.125082763168163936E+03    0.169227539027301654E+01    0.299137255138325120E+01    0.181689200267650628E+10    0.174726396795832272E+03   -0.873631983979161362E+02
    0.128092336863772118E+03    0.169010825118446095E+01    0.191268056609462072E+02    0.185696522619788599E+10    0.174722629484014050E+03   -0.873613147420070248E+02
    0.128092336863772118E+03    0.169010825118446095E+01    0.191268056609462072E+02    0.185696522619788599E+10    0.174722629484014050E+03   -0.873613147420070248E+02
    0.143445925266904339E+03    0.169258447425809044E+01    0.215737370899642400E+02    0.157392841614015174E+10    0.174696485258406994E+03   -0.873482426292034972E+02
    0.104729990617320908E+03    0.169094538482788947E+01    0.470473373889539985E+02    0.136038748043842363E+10    0.174678183331515669E+03   -0.873390916657578344E+02
    0.104729990617320908E+03    0.169094538482788947E+01    0.470473373889539985E+02    0.136038748043842363E+10    0.174678183331515669E+03   -0.873390916657578344E+02
    0.134900254155186104E+03    0.168983180325173543E+01    0.551909979014686769E+02    0.127042464499110675E+10    0.174650966896622151E+03   -0.873254834483110756E+02
    0.136972554771691875E+03    0.168863918382044820E+01    0.412279923404087683E+02    0.167097602820108056E+10    0.174648491188254070E+03   -0.873242455941270350E+02
    0.131235567549167172E+03    0.169028799518903750E+01    0.291199014112033083E+01    0.118161812390699744E+10    0.174646626658107152E+03   -0.873233133290535761E+02
    0.101808495152511696E+03    0.168809292511793507E+01    0.486949946161955971E+01    0.167057481493369293E+10    0.174634817096404902E+03   -0.873174085482024509E+02
    0.131875425722592240E+03    0.169271496637326102E+01    0.497486935484841197E+02    0.146565930490865421E+10    0.174630786116754933E+03   -0.873153930583774667E+02
    0.118956949058503326E+03    0.169046062468226599E+01    0.477959996184400424E+02    0.167407668800276136E+10    0.174628743170289084E+03   -0.873143715851445421E+02
    0.118956949058503326E+03    0.169046062468226599E+01    0.477959996184400424E+02    0.167407668800276136E+10    0.174628743170289084E+03   -0.873143715851445421E+02
    0.105589531250928815E+03    0.168874348320026857E+01    0.434633601219454846E+02    0.132465516130060053E+10    0.174621071023531442E+03   -0.873105355117657211E+02
    0.959409358006498536E+02    0.168881935716171250E+01    0.513405288674383087E+01    0.142487494301810646E+10    0.174613548735932966E+03   -0.873067743679664829E+02
    0.966185825660617041E+02    0.169144338403207306E+01    0.653363283795550487E+01    0.128738578755044413E+10    0.174604690881426450E+03   -0.873023454407132249E+02
    0.101776604795661783E+03    0.168680930036556087E+01    0.191399559551004543E+02    0.138657881206342363E+10    0.174597368484432934E+03   -0.872986842422164671E+02
    0.112063102918303017E+03    0.168488243370387214E+01    0.199356396823996889E+02    0.145035693726124930E+10    0.174583021305481111E+03   -0.872915106527405555E+02
    0.137442894916658844E+03    0.169407251977216844E+01    0.472687516596482649E+01    0.137924257015322781E+10    0.174571189601479375E+03   -0.872855948007396876E+02
    0.143502272678660631E+03    0.168919835357691683E+01    0.484532485386526588E+02    0.143910400254247665E+10    0.174571025659985196E+03   -0.872855128299925980E+02
    0.116963832154525122E+03    0.169226486057677872E+01    0.709954787703727952E+01    0.180748799862842011E+10    0.174559782934756811E+03   -0.872798914673784054E+02
    0.101726194056480182E+03    0.169009682145234907E+01    0.398342555244971095E+02    0.144721876693979335E+10    0.174556736113185053E+03   -0.872783680565925266E+02
    0.116548110870447815E+03    0.168423823357393943E+01    0.632320842553173712E+01    0.151009621993693137E+10    0.174491541814652408E+03   -0.872457709073262038E+02
    0.129789698641480697E+03    0.169357029078170851E+01    0.861973654848852355E+01    0.166791951928100300E+10    0.174490323875858792E+03   -0.872451619379293959E+02
    0.134764477532413622E+03    0.169163222395634216E+01    0.393254115557938349E+02    0.163357922271316457E+10    0.174477437146555928E+03   -0.872387185732779642E+02
    0.136964230763962092E+03    0.168581036292305075E+01    0.363621245031310920E+02    0.140322075136743259E+10    0.174477267810210549E+03   -0.872386339051052744E+02
    0.144739768026524786E+03    0.168798735071521966E+01    0.192903059156031595E+02    0.123561915706755042E+10    0.174432688737077797E+03   -0.872163443685388984E+02
    0.144739768026524786E+03    0.168798735071521966E+01    0.192903059156031595E+02    0.123561915706755042E+10    0.174432688737077797E+03   -0.872163443685388984E+02
    0.141300510937701603E+03    0.169139754672628873E+01    0.454330751151559369E+02    0.135390954083078122E+10    0.174431605892678419E+03   -0.872158029463392097E+02
    0.104655424639785679E+03    0.168626945381478643E+01    0.157880644540523374E+01    0.152574219701426673E+10    0.174430281854611280E+03   -0.872151409273056402E+02
    0.131237808937497704E+03    0.168747786592589133E+01    0.336804939903016098E+01    0.180227863187062097E+10    0.174413739920955265E+03   -0.872068699604776327E+02
    0.977557034954053563E+02    0.169111757396666706E+01    0.908607982741737530E+01    0.150507302950786424E+10    0.174410273671065738E+03   -0.872051368355328691E+02
    0.986751408372862926E+02    0.169041732653627985E+01    0.681871956827255232E+01    0.155563838548046112E+10    0.174402023914569554E+03   -0.872010119572847771E+02
    0.133093317296332657E+03    0.168451394278182498E+01    0.198547049470224266E+02    0.147112256605917668E+10    0.174377565949635169E+03   -0.871887829748175847E+02
    0.105991418364786099E+03    0.169209320685394315E+01    0.303938527355543044E+02    0.163617121574028659E+10    0.174376668075450823E+03   -0.871883340377254115E+02
    0.118292814556085119E+03    0.169365610569713465E+01    0.117332195151725518E+02    0.169885534828937101E+10    0.174375563515630631E+03   -0.871877817578153156E+02
    0.153137746552763019E+03    0.169048275076480459E+01    0.124213957995359063E+02    0.141547499433392286E+10    0.174373952786722896E+03   -0.871869763933614479E+02
    0.119100730520790066E+03    0.168748852485189604E+01    0.240492209606132867E+02    0.122434250907819080E+10    0.174354863970180361E+03   -0.871774319850901804E+02
    0.106612408131642766E+03    0.168914141227593717E+01    0.416276546606309310E+02    0.129562730797617483E+10    0.174337561031327482E+03   -0.871687805156637410E+02
    0.143580082864463549E+03    0.168478217274724318E+01    0.116000167808045891E+02    0.136761023819343901E+10    0.174331212839677107E+03   -0.871656064198385536E+02
    0.100757582289849552E+03    0.169309949866490106E+01    0.126088250924485230E+02    0.132323680917846417E+10    0.174304374169899319E+03   -0.871521870849496594E+02
    0.128212427186925026E+03    0.168595049238135397E+01    0.192669101425166929E+02    0.124073883581003904E+10    0.174300600254572089E+03   -0.871503001272860445E+02
    0.145013425852918004E+03    0.169077807396918112E+01    0.407983602110189665E+02    0.128625602755254197E+10    0.174299972587761999E+03   -0.871499862938809997E+02
    0.115403290977763362E+03    0.168567146056419870E+01    0.297287515561024129E+02    0.139135217946271658E+10    0.174294102354806967E+03   -0.871470511774034833E+02
    0.122258606555523713E+03    0.169430042932564606E+01    0.224856515572888753E+02    0.149873149286887741E+10    0.174264483210196943E+03   -0.871322416050984714E+02
    0.143258406101066328E+03    0.168486344986694081E+01    0.124589443997018954E+02    0.132994598438312769E+10    0.174264273803471980E+03   -0.871321369017359899E+02
    0.105555283011165628E+03    0.169385835580514255E+01    0.424529431108969391E+01    0.137023456792926788E+10    0.174243348377398604E+03   -0.871216741886993020E+02
    0.151601369154221231E+03    0.169084075965259339E+01    0.155850838225045174E+01    0.136535377675280404E+10    0.174210282869520825E+03   -0.871051414347604123E+02
    0.105107027730132174E+03    0.169357719996132849E+01    0.941008310858567043E+01    0.127500985917111087E+10    0.174200927964652465E+03   -0.871004639823262323E+02
    0.117394533706973988E+03    0.168661214946692284E+01    0.124736245269194068E+01    0.172853376687772822E+10    0.174155838310615479E+03   -0.870779191553077396E+02
    0.132739233206649146E+03    0.169393198221695962E+01    0.666603631526410645E+01    0.143836919455570483E+10    0.174135335412962490E+03   -0.870676677064812452E+02
    0.126389155538475379E+03    0.169306091500069100E+01    0.444537398851304033E+02    0.141268186146522975E+10    0.174130153506309853E+03   -0.870650767531549263E+02
    0.101381782701853865E+03    0.168954790129824906E+01    0.261551930862820399E+02    0.132382129554306126E+10    0.174122074774133864E+03   -0.870610373870669321E+02
    0.120372630932087617E+03    0.169172497568334590E+01    0.514108194556617377E+02    0.136891461557000661E+10    0.174118216528528791E+03   -0.870591082642643954E+02
    0.132863126305266803E+03    0.168832676653115299E+01    0.364508738671276831E+02    0.164621688682007980E+10    0.174101716461540292E+03   -0.870508582307701460E+02
    0.124909648898353325E+03    0.168771478121863328E+01    0.194860015443103372E+02    0.176044019955476189E+10    0.174100000010380768E+03   -0.870500000051903839E+02
    0.137720291072092181E+03    0.169236318863379487E+01    0.104499163874236913E+02    0.160901907418447375E+10    0.174066454049875063E+03   -0.870332270249375313E+02
    0.113226220536231466E+03    0.168534623133527584E+01    0.135817271372289028E+02    0.131434860002731681E+10    0.174051687770067190E+03   -0.870258438850335949E+02
    0.114725350269082895E+03    0.169045898380301662E+01    0.491197015241295531E+02    0.145656444532095170E+10    0.174048056479937884E+03   -0.870240282399689420E+02
    0.122428890478039364E+03    0.169195763119499487E+01    0.968948171481064868E+01    0.175780038786830521E+10    0.174030792952083857E+03   -0.870153964760419285E+02
    0.135881720252197027E+03    0.168888391502652357E+01    0.487206840969891246E+02    0.139108153499379492E+10    0.174029246913370940E+03   -0.870146234566854702E+02
    0.145917269358423454E+03    0.168658891361334473E+01    0.191787477518893894E+02    0.127169832036182022E+10    0.174023078046707752E+03   -0.870115390233538761E+02
    0.123241355008523897E+03    0.169122864954299201E+01    0.831466407242249161E+01    0.177684070138480234E+10    0.174022877363021905E+03   -0.870114386815109526E+02
    0.145829097762930701E+03    0.168661418938163776E+01    0.435972016767875648E+01    0.153736480373405981E+10    0.174016662381528846E+03   -0.870083311907644230E+02
    0.115095675623769026E+03    0.168978855100285941E+01    0.401899579340064417E+01    0.178086432738181543E+10    0.174005081007751187E+03   -0.870025405038755935E+02
    0.145445509412658538E+03    0.168727867066459347E+01    0.206464645465027132E+02    0.151904498964025021E+10    0.173999156274990355E+03   -0.869995781374951775E+02
    0.126422495624030020E+03    0.169413233071513858E+01    0.224125978435269424E+02    0.134780206614170527E+10    0.173997471348715237E+03   -0.869987356743576186E+02
    0.127935066285298547E+03    0.168602869395275889E+01    0.158277124427482399E+02    0.164053951354726839E+10    0.173991107291231941E+03   -0.869955536456159706E+02
    0.125266336294065610E+03    0.168509692738008732E+01    0.240512433233075313E+02    0.135973671174595284E+10    0.173986939830183388E+03   -0.869934699150916941E+02
    0.145875784182301970E+03    0.169123056824676055E+01    0.213051950264932515E+02    0.146614744631301427E+10    0.173979499994157891E+03   -0.869897499970789454E+02
    0.125143143502877834E+03    0.169358673133433713E+01    0.327508290268973852E+02    0.147751627758683896E+10    0.173978656435396857E+03   -0.869893282176984286E+02
    0.103942413696690636E+03    0.168755994947414090E+01    0.983175516122346238E+01    0.151242167100886822E+10    0.173973168590333330E+03   -0.869865842951666650E+02
    0.121749023712014136E+03    0.169432472542447732E+01    0.979129931551707600E+01    0.135397817979390478E+10    0.173965476436259451E+03   -0.869827382181297253E+02
    0.115816536321582532E+03    0.169222905026712001E+01    0.402897171187531811E+01    0.172420636636212206E+10    0.173955544833603540E+03   -0.869777724168017699E+02
    0.134300381907132191E+03    0.168480929079937258E+01    0.155485527854526246E+02    0.142450227301700616E+10    0.173934398588089579E+03   -0.869671992940447893E+02
    0.118828499500799907E+03    0.168672200333856503E+01    0.291826768953877540E+02    0.155263786414571261E+10    0.173902807510570284E+03   -0.869514037552851420E+02
    0.115941820640984034E+03    0.168565507873556664E+01    0.610173158388804149E+00    0.156943356025173521E+10    0.173902514624295179E+03   -0.869512573121475896E+02
    0.138288275250549361E+03    0.169212135277579390E+01    0.410690160096284274E+01    0.158184845749350834E+10    0.173902436419612854E+03   -0.869512182098064272E+02
    0.140085133237424628E+03    0.168956634425575958E+01    0.421097907022414972E+02    0.145749359683098316E+10    0.173888248120740343E+03   -0.869441240603701715E+02
    0.117889990534173933E+03    0.169366295320798876E+01    0.333580043973666278E+02    0.133417108525893307E+10    0.173886714072060386E+03   -0.869433570360301928E+02
    0.101106010172812944E+03    0.168951753295659923E+01    0.447982842368655465E+01    0.131361034208190989E+10    0.173867288361807596E+03   -0.869336441809037979E+02
    0.116929501808663190E+03    0.168782017217096114E+01    0.234437131317248486E+02    0.124281113665390325E+10    0.173859816595789141E+03   -0.869299082978945705E+02
    0.109382606841099516E+03    0.168643780054943382E+01    0.185166775549448070E+01    0.152350317592888188E+10    0.173843911122075895E+03   -0.869219555610379473E+02
    0.120898883735126205E+03    0.168869903147339362E+01    0.471085603800408403E+01    0.177555667010781002E+10    0.173819404990096018E+03   -0.869097024950480090E+02
    0.110652210585013691E+03    0.169321335665296302E+01    0.254875974595074268E+02    0.150454891785924697E+10    0.173791401964610145E+03   -0.868957009823050726E+02
    0.102644550651444973E+03    0.168824753664768212E+01    0.569611838970164186E+01    0.134393319374303150E+10    0.173789057392104098E+03   -0.868945286960520491E+02
    0.143369877161579637E+03    0.168873208114787787E+01    0.372661568851386349E+02    0.127980279738758278E+10    0.173776477510828300E+03   -0.868882387554141502E+02
    0.108471313625046292E+03    0.168802285118775441E+01    0.313771600571160150E+02    0.142670540014038038E+10    0.173762183017113045E+03   -0.868810915085565227E+02
    0.134476435466861005E+03    0.169350433330631955E+01    0.121642736351762544E+02    0.135378103147656870E+10    0.173756261998834475E+03   -0.868781309994172375E+02
    0.125013323862620396E+03    0.169304592834472833E+01    0.619950480337302423E+01    0.124998902940335846E+10    0.173755284419696295E+03   -0.868776422098481476E+02
    0.103532239314293918E+03    0.169236590777266493E+01    0.159965240889929277E+02    0.142911883289665771E+10    0.173733138275957856E+03   -0.868665691379789280E+02
    0.108403978367128275E+03    0.168863421730680829E+01    0.325197528981595738E+02    0.132613263671882844E+10    0.173725956144102781E+03   -0.868629780720513907E+02
    0.131746443745005337E+03    0.168821708714579999E+01    0.392827056417835436E+02    0.152251367855577922E+10    0.173694480867168693E+03   -0.868472404335843464E+02
    0.102583553922864809E+03    0.169143558035774566E+01    0.153314449281576586E+02    0.142999550053757524E+10    0.173693095318178990E+03   -0.868465476590894951E+02
    0.134740099763684015E+03    0.168996605384825638E+01    0.436564157438947902E+02    0.146132396130510092E+10    0.173676831463635608E+03   -0.868384157318178040E+02
    0.109000667238882514E+03    0.169046906562667054E+01    0.371418963877534054E+02    0.140239021011837053E+10    0.173650184080463077E+03   -0.868250920402315387E+02
    0.138358877661008393E+03    0.169179122397030013E+01    0.304347920822665365E+02    0.144620093604044366E+10    0.173642249598205467E+03   -0.868211247991027335E+02
    0.134416168248516868E+03    0.168540204933409332E+01    0.852566847837752917E+01    0.126970793078829670E+10    0.173617746443514704E+03   -0.868088732217573522E+02
    0.146120317874589034E+03    0.168658468929306737E+01    0.892954772435685307E+01    0.135752183650221729E+10    0.173615746845197350E+03   -0.868078734225986750E+02
    0.131224904437509821E+03    0.168930463189249513E+01    0.170600548984457667E+01    0.122032354168270445E+10    0.173597534831573796E+03   -0.867987674157868980E+02
    0.122741807074468795E+03    0.169157491779530944E+01    0.341533557158622401E+02    0.159051235208961010E+10    0.173595045564588816E+03   -0.867975227822944078E+02
    0.134074043889778636E+03    0.168533766844357191E+01    0.108918929748069360E+02    0.146354649577798915E+10    0.173586593112027401E+03   -0.867932965560137006E+02
    0.129292338176730624E+03    0.168965448095450288E+01    0.467718020402914121E+02    0.132547027346325326E+10    0.173577227318919512E+03   -0.867886136594597559E+02
    0.126130922320511928E+03    0.168843973224825783E+01    0.389296060994519166E+02    0.153284607417243528E+10    0.173549788137765461E+03   -0.867748940688827304E+02
    0.126905603872996764E+03    0.168921991136446747E+01    0.391776363185855701E+02    0.156155099807250786E+10    0.173536168443203934E+03   -0.867680842216019670E+02
    0.116025208015257235E+03    0.169155156282224750E+01    0.437875154009185774E+01    0.167525230272305894E+10    0.173523918145740652E+03   -0.867619590728703258E+02
    0.122638445054471660E+03    0.169186634494438670E+01    0.421097452102090699E+02    0.140820329051799607E+10    0.173519921944418115E+03   -0.867599609722090577E+02
    0.126894366104472354E+03    0.168922955234764749E+01    0.408887471078792331E+02    0.153313694894508910E+10    0.173519692012728228E+03   -0.867598460063641141E+02
    0.126253296011568040E+03    0.169262413430888881E+01    0.369203880672442040E+02    0.140668521821465611E+10    0.173515172928822011E+03   -0.867575864644110055E+02
    0.141977010824002718E+03    0.168578268356538152E+01    0.377406744391586546E+01    0.133049284403339672E+10    0.173506155149452326E+03   -0.867530775747261629E+02
    0.117576924539714668E+03    0.168640194923121722E+01    0.431098729889905563E+01    0.157380782877731323E+10    0.173499759495523591E+03   -0.867498797477617956E+02
    0.128607286396246678E+03    0.168488970425741957E+01    0.364788377176424872E+01    0.136298115985945940E+10    0.173483909698186352E+03   -0.867419548490931760E+02
    0.109625567112991419E+03    0.169027663798710770E+01    0.328743119984433321E+02    0.147600224007160759E+10    0.173479432194423424E+03   -0.867397160972117121E+02
    0.119080622264606035E+03    0.168578552961861217E+01    0.168081508816329759E+02    0.139863246226962662E+10    0.173477321267238437E+03   -0.867386606336192187E+02
    0.139039243862450377E+03    0.168833788966029807E+01    0.880088727343895272E+01    0.163357534805167890E+10    0.173474093578221442E+03   -0.867370467891107211E+02
    0.115358429752927194E+03    0.169087426955305586E+01    0.108863594717383028E+01    0.167476238363130260E+10    0.173464532006378249E+03   -0.867322660031891246E+02
    0.113230715992122470E+03    0.168739210163274000E+01    0.110618471247863006E+02    0.158731920711707878E+10    0.173464375949038981E+03   -0.867321879745194906E+02
    0.118142816733096438E+03    0.168966358086118196E+01    0.185810375871944800E+02    0.123718994279091692E+10    0.173463803031339012E+03   -0.867319015156695059E+02
    0.119079505292863885E+03    0.168682402020220534E+01    0.614606029455518454E+00    0.161887391807254314E+10    0.173460565795811476E+03   -0.867302828979057381E+02
    0.140028195770648296E+03    0.168894830005618690E+01    0.359901649758363007E+02    0.138485131897596598E+10    0.173437868075366453E+03   -0.867189340376832263E+02
    0.108952768890074680E+03    0.169076655494279904E+01    0.315321579406741677E+02    0.137224759651866460E+10    0.173430101715683151E+03   -0.867150508578415753E+02
    0.116747582041422106E+03    0.168561446879123644E+01    0.120673560220586995E+01    0.137731076829313111E+10    0.173414077485406835E+03   -0.867070387427034177E+02
    0.118509409677644769E+03    0.169141524073392224E+01    0.118561740473194313E+02    0.124477322836722159E+10    0.173382709824752197E+03   -0.866913549123760987E+02
    0.124682750298729232E+03    0.168794047238448330E+01    0.722905989958941397E+01    0.168944416039898491E+10    0.173290902134806231E+03   -0.866454510674031155E+02
    0.116095859772260610E+03    0.168938016961597848E+01    0.127681181223285947E+02    0.139823493124021077E+10    0.172399980469465618E+03   -0.861999902347328089E+02
    0.116095859772260610E+03    0.168938016961597848E+01    0.127681181223285947E+02    0.139823493124021077E+10    0.172399980469465618E+03   -0.861999902347328089E+02
    0.127066072106772594E+03    0.168987893085634377E+01    0.327611876594078950E+02    0.145326468414369678E+10    0.172804395883304380E+03   -0.864021979416521901E+02
    0.118808102659634969E+03    0.169318831110257717E+01    0.191966493241076748E+02    0.142320187919495106E+10    0.173208287929787161E+03   -0.866041439648935807E+02
    0.119600442897898162E+03    0.169011383441692287E+01    0.305008001548597250E+02    0.151647297649441075E+10    0.172968670565556067E+03   -0.864843352827780336E+02
    0.126279766021819583E+03    0.168941337660431357E+01    0.431799147430946384E+01    0.146656644812767363E+10    0.172217362423741804E+03   -0.861086812118709020E+02
    0.119317618143667232E+03    0.168940111694207529E+01    0.119837858800560184E+02    0.153570084463124108E+10    0.172563923265517246E+03   -0.862819616327586232E+02
    0.119317618143667232E+03    0.168940111694207529E+01    0.119837858800560184E+02    0.153570084463124108E+10    0.172563923265517246E+03   -0.862819616327586232E+02
    0.136330582652866696E+03    0.169000224967980972E+01    0.340850465776694449E+02    0.131994474272169042E+10    0.173089509507559399E+03   -0.865447547537796993E+02
    0.121874871649789242E+03    0.168768961158374386E+01    0.369092312937070188E+01    0.137868824769998622E+10    0.172362682938939940E+03   -0.861813414694699702E+02
    0.122493075891768640E+03    0.169154750209234495E+01    0.282621937391921421E+02    0.145739305294992590E+10    0.172891802999449908E+03   -0.864459014997249540E+02
    0.140377121093978587E+03    0.168974773626822738E+01    0.125377517490830481E+02    0.132262226413491654E+10    0.172653495260470208E+03   -0.863267476302351042E+02
    0.109002159133576271E+03    0.169088008822735403E+01    0.350880456963536247E+01    0.140148676127315211E+10    0.173000872209796057E+03   -0.865004361048980286E+02
    0.134742922408282055E+03    0.168873234177339460E+01    0.941167792439007833E+01    0.164693434760504913E+10    0.173222785163295072E+03   -0.866113925816475358E+02
    0.108347463823872246E+03    0.168928037655113439E+01    0.490580435433991902E+01    0.138124234988736010E+10    0.172960766365362872E+03   -0.864803831826814360E+02
    0.141343901780612839E+03    0.169010412112960040E+01    0.207017492552128353E+02    0.136708081825035691E+10    0.172973980085988103E+03   -0.864869900429940515E+02
    0.135974969069596455E+03    0.168933275505323710E+01    0.142864429427134398E+01    0.142278520900696731E+10    0.172393348072176224E+03   -0.861966740360881118E+02
    0.135974969069596455E+03    0.168933275505323710E+01    0.142864429427134398E+01    0.142278520900696731E+10    0.172393348072176224E+03   -0.861966740360881118E+02
    0.140383226431626440E+03    0.168817197860298185E+01    0.875700515490903619E+01    0.126645155930328441E+10    0.172969591885114482E+03   -0.864847959425572412E+02
    0.125138502689506552E+03    0.169174209647496188E+01    0.199874641006062248E+02    0.127910523341874909E+10    0.172650316725315037E+03   -0.863251583626575183E+02
    0.126543739698953331E+03    0.169126781958661909E+01    0.224050998850547023E+01    0.149133805570604658E+10    0.172667617239194044E+03   -0.863338086195970220E+02
    0.118703989740856912E+03    0.168823017178740309E+01    0.235166254511072523E+02    0.131709257950228953E+10    0.172728055556631432E+03   -0.863640277783157160E+02
    0.117361998701607817E+03    0.169026558041994490E+01    0.948525681700863643E+01    0.156560422237474465E+10    0.172786393026596897E+03   -0.863931965132984487E+02
    0.128457173269562475E+03    0.169041071154865974E+01    0.450194794755847472E+01    0.144219856715988898E+10    0.172318780129401489E+03   -0.861593900647007445E+02
    0.128457173269562475E+03    0.169041071154865974E+01    0.450194794755847472E+01    0.144219856715988898E+10    0.172318780129401489E+03   -0.861593900647007445E+02
    0.129755724909892450E+03    0.168783563645571655E+01    0.137567228641505857E+02    0.130148726208068633E+10    0.172389730085960082E+03   -0.861948650429800409E+02
    0.130429389176615786E+03    0.169296280255483844E+01    0.646037244028989388E+01    0.146750532535294580E+10    0.173331409774457370E+03   -0.866657048872286850E+02
    0.142198238688585008E+03    0.169017174199467091E+01    0.947271503425434780E+01    0.128697696179490781E+10    0.172844695542007514E+03   -0.864223477710037571E+02
    0.141624319981344456E+03    0.169082768408841821E+01    0.128587229880079921E+02    0.141798244216026878E+10    0.173133210127191148E+03   -0.865666050635955742E+02
    0.133597961175712271E+03    0.168982508162694911E+01    0.147862151095542749E+01    0.149068685955854154E+10    0.172530264058824912E+03   -0.862651320294124559E+02
    0.137928438472028205E+03    0.169022829933983454E+01    0.274429557273450300E+02    0.146388625994709182E+10    0.173105876876476458E+03   -0.865529384382382290E+02
    0.134796932698006742E+03    0.168931846386416673E+01    0.173707465939653680E+02    0.133106255478543377E+10    0.172380890854473080E+03   -0.861904454272365399E+02
    0.121406917879066100E+03    0.168902978759486988E+01    0.301365105688938719E+02    0.152772289792006898E+10    0.172988110299421635E+03   -0.864940551497108174E+02
    0.122827349604140679E+03    0.169059215198656543E+01    0.185248750158271065E+02    0.160528696528060699E+10    0.172994400444436849E+03   -0.864972002222184244E+02
    0.114226141995470698E+03    0.169101550330997674E+01    0.158616261428928933E+02    0.153643843815972781E+10    0.172961603420562426E+03   -0.864808017102812130E+02
    0.112855753633313398E+03    0.169227492584449002E+01    0.206387338178131898E+02    0.146694716185691857E+10    0.173131662883549666E+03   -0.865658314417748329E+02
    0.125737618164583537E+03    0.168714914375509939E+01    0.190952111723902576E+02    0.146051954559329176E+10    0.172830637469453279E+03   -0.864153187347266396E+02
    0.124161238811173675E+03    0.169176445650703777E+01    0.123831371636863885E+02    0.132658866011531353E+10    0.172533414684972684E+03   -0.862667073424863418E+02
    0.124161238811173675E+03    0.169176445650703777E+01    0.123831371636863885E+02    0.132658866011531353E+10    0.172533414684972684E+03   -0.862667073424863418E+02
    0.108610336185129654E+03    0.169123584969738383E+01    0.123359714797824012E+02    0.146040722638006020E+10    0.173116055487404026E+03   -0.865580277437020129E+02
    0.117694675369929314E+03    0.169178550784297888E+01    0.354532746508108021E+01    0.151061821219781971E+10    0.172891925191912179E+03   -0.864459625959560896E+02
    0.129433956419630306E+03    0.169106082633202748E+01    0.161369603834566107E+02    0.142095372201452923E+10    0.172512188468171900E+03   -0.862560942340859498E+02
    0.112408760524694429E+03    0.169168074183935158E+01    0.195983313521246245E+02    0.151637229485325980E+10    0.173149250434289968E+03   -0.865746252171449839E+02
    0.118421591626192679E+03    0.168835558149184206E+01    0.313805296722207352E+02    0.128191700048283434E+10    0.173070771871084673E+03   -0.865353859355423367E+02
    0.120504060796003571E+03    0.169137873699198216E+01    0.293767634838288405E+01    0.136133240236071682E+10    0.172493648375206703E+03   -0.862468241876033517E+02
    0.133359721940552049E+03    0.169107387995273828E+01    0.208503124337268737E+02    0.144971313756461120E+10    0.172813290940147681E+03   -0.864066454700738404E+02
    0.119348938324973673E+03    0.169069676138017710E+01    0.253639035662422874E+01    0.140889759349167466E+10    0.172395530337887209E+03   -0.861977651689436044E+02
    0.128236811083950442E+03    0.168841977104428942E+01    0.340547922203620175E+02    0.127519576659948468E+10    0.173067945949233774E+03   -0.865339729746168871E+02
    0.134424463913960949E+03    0.169014953933981604E+01    0.373444009164946991E+02    0.137811881107849073E+10    0.173191962829228487E+03   -0.865959814146142435E+02
    0.136257496873890773E+03    0.168785129279785395E+01    0.296458773362692547E+02    0.147150694438033819E+10    0.173285188163550771E+03   -0.866425940817753855E+02
    0.133526633401689082E+03    0.169016580514027903E+01    0.580315118555629805E+01    0.163426020965413618E+10    0.173187349642873784E+03   -0.865936748214368919E+02
    0.119606556038948256E+03    0.168828781220400037E+01    0.269788387775761791E+02    0.145684490367327309E+10    0.172831887396833309E+03   -0.864159436984166547E+02
    0.140151286975088283E+03    0.168741078146361012E+01    0.231735085843217590E+02    0.137682357021706128E+10    0.173231147806403158E+03   -0.866155739032015788E+02
    0.127161273907554190E+03    0.169148431162281043E+01    0.643992296207691339E+01    0.150883833897061276E+10    0.172758588615988259E+03   -0.863792943079941296E+02
    0.124138983254373073E+03    0.169050741716066910E+01    0.265955384922233300E+02    0.160446724871985555E+10    0.173182940397928434E+03   -0.865914701989642168E+02
    0.115033083319387686E+03    0.168993310211892012E+01    0.265047143232543263E+02    0.161333952892456388E+10    0.173372207842294699E+03   -0.866861039211473496E+02
    0.124497149946272728E+03    0.169124227898404844E+01    0.342318678583920715E+02    0.130539747083021021E+10    0.173000596625531671E+03   -0.865002983127658354E+02
    0.120801455328671835E+03    0.169266224181517488E+01    0.281705074296334175E+02    0.145291574649030566E+10    0.173196001017964534E+03   -0.865980005089822669E+02
    0.116928425930851517E+03    0.168837250097217084E+01    0.212522947379797920E+02    0.155747660816548347E+10    0.173053900866129624E+03   -0.865269504330648118E+02
    0.126152250794524249E+03    0.169034432363373743E+01    0.191524231553954607E+02    0.155874916252573729E+10    0.172762540402932814E+03   -0.863812702014664069E+02
    0.131164669546394435E+03    0.168856190451364752E+01    0.152936453330217548E+01    0.129237560511332512E+10    0.172167998679920174E+03   -0.860839993399600871E+02
    0.118438190891949233E+03    0.169153503246103898E+01    0.166389564952733049E+01    0.136841261820292068E+10    0.172598109915436481E+03   -0.862990549577182406E+02
    0.108737802432680553E+03    0.168940981991439143E+01    0.232365196055771008E+02    0.132845112028998208E+10    0.173195063330497078E+03   -0.865975316652485390E+02
    0.121293415002920042E+03    0.168925427380414117E+01    0.995722651092057554E+01    0.123039233671375203E+10    0.173378730545296776E+03   -0.866893652726483879E+02
    0.125283649232967861E+03    0.169091525578725244E+01    0.996908925002759005E+01    0.167658189640749335E+10    0.173274422128650485E+03   -0.866372110643252427E+02
    0.116755243205836408E+03    0.169067293779710370E+01    0.208656981346714296E+02    0.160593176132716560E+10    0.173172443770144866E+03   -0.865862218850724332E+02
    0.127615375928982033E+03    0.168880346699988659E+01    0.140337868364915384E+02    0.135795238296026945E+10    0.172177284898769727E+03   -0.860886424493848637E+02
    0.123673391827923368E+03    0.168838852523105598E+01    0.605396614796120858E+01    0.142281414601180243E+10    0.172196560354864005E+03   -0.860982801774320023E+02
    0.123673391827923368E+03    0.168838852523105598E+01    0.605396614796120858E+01    0.142281414601180243E+10    0.172196560354864005E+03   -0.860982801774320023E+02
    0.136607183885910700E+03    0.169138688976911400E+01    0.231656337160044927E+02    0.141280891095326018E+10    0.173087876194791420E+03   -0.865439380973957100E+02
    0.126427649282464387E+03    0.169085995696351321E+01    0.303380414492576804E+02    0.155429466200570941E+10    0.173172986672239290E+03   -0.865864933361196449E+02
    0.135061475592897267E+03    0.168831521429534859E+01    0.201803398441665216E+02    0.136116012185907984E+10    0.172577386907050226E+03   -0.862886934535251129E+02
    0.121131785043315062E+03    0.168748513337718098E+01    0.972810653977402495E+01    0.147904066878620887E+10    0.172630623832406286E+03   -0.863153119162031430E+02
    0.121177104267354139E+03    0.168924615390997457E+01    0.269333659107035395E+02    0.147001995343705487E+10    0.172653502926392775E+03   -0.863267514631963877E+02
    0.114456541555820053E+03    0.168977357373275505E+01    0.341304617515958810E+02    0.131666336765732408E+10    0.173157914923376438E+03   -0.865789574616882192E+02
    0.119532097207545263E+03    0.168551233543244416E+01    0.123954103961067791E+00    0.137179995854745889E+10    0.173316181830099822E+03   -0.866580909150499110E+02
    0.124635392964323955E+03    0.169024099451888032E+01    0.850742834007970572E+01    0.167889118429516625E+10    0.173143851852021726E+03   -0.865719259260108629E+02
    0.112325880326783320E+03    0.169093517920430658E+01    0.171115105406022998E+02    0.135379975701426983E+10    0.172803357454787118E+03   -0.864016787273935591E+02
    0.122191401568871925E+03    0.169088987028194127E+01    0.566027612534282643E+01    0.169446710759443307E+10    0.173338788569974383E+03   -0.866693942849871917E+02
    0.119779798368172351E+03    0.169323075845531035E+01    0.899396054301796255E+01    0.143002359254250956E+10    0.173174692996188440E+03   -0.865873464980942202E+02
    0.124471765024857760E+03    0.168746215821275181E+01    0.216462539367097868E+02    0.133570969106346464E+10    0.172727314813588805E+03   -0.863636574067944025E+02
    0.124747977626669396E+03    0.168843318574143697E+01    0.935831477278533219E+00    0.143183566730693936E+10    0.172193665759432122E+03   -0.860968328797160609E+02
    0.129196238091263609E+03    0.169300620440551763E+01    0.143575503738687527E+02    0.143003888571907902E+10    0.173208507234403385E+03   -0.866042536172016924E+02
    0.146409572791393941E+03    0.168786223765885013E+01    0.784630559884691436E+01    0.134133399362492871E+10    0.173224458701348908E+03   -0.866122293506744541E+02
    0.122925672398773330E+03    0.168805412337122074E+01    0.128724461559967978E+02    0.137589431940521765E+10    0.172329722290318898E+03   -0.861648611451594491E+02
    0.110977612196010909E+03    0.169060293039608567E+01    0.167203782953887554E+02    0.126221803979010463E+10    0.173308455641103592E+03   -0.866542278205517960E+02
    0.132799592148680119E+03    0.168648558846301233E+01    0.220720053120226041E+02    0.142177574793224096E+10    0.173230938090804727E+03   -0.866154690454023637E+02
    0.125088967462021415E+03    0.169294842764998021E+01    0.117286633282790866E+02    0.148141271900957155E+10    0.173163928688043285E+03   -0.865819643440216424E+02
    0.122361722764395196E+03    0.168764813274503411E+01    0.138288311745431987E+02    0.160126186954507113E+10    0.173105946112192385E+03   -0.865529730560961923E+02
    0.118352810890362264E+03    0.169017241309460187E+01    0.232269422666369429E+02    0.133577468212838531E+10    0.172540061976140294E+03   -0.862700309880701468E+02
    0.125906177471197225E+03    0.169237877273202009E+01    0.216531846353987056E+02    0.146659407052041984E+10    0.172994620102136025E+03   -0.864973100510680126E+02
    0.135351629193886794E+03    0.169181131290730957E+01    0.170908013571661215E+02    0.144325249181657410E+10    0.173070168905006426E+03   -0.865350844525032130E+02
    0.126870266628955875E+03    0.169020448202803331E+01    0.240775982089039289E+02    0.136439781241291690E+10    0.172429060939011578E+03   -0.862145304695057888E+02
