    0.863954879877685400E+01    0.170418751186342576E+01    0.566241346569768211E+01    0.855078578549318463E+08    0.106814909272404947E+03   -0.534074546362024734E+02
    0.308634132560802392E+02    0.169597683507469377E+01    0.560475391349658381E+02    0.269155588986263536E+08    0.104775799764834559E+03   -0.523878998824172797E+02
    0.739933107992212342E+02    0.169133216560660715E+01    0.690459438718676921E+02    0.434004211809273958E+09    0.103430135661565288E+03   -0.517150678307826439E+02
    0.107778200242309481E+03    0.168817784552204131E+01    0.230129765270325066E+02    0.803017468324467540E+09    0.103372501363657449E+03   -0.516862506818287244E+02
    0.120363693258050489E+03    0.168959901478418817E+01    0.925762075354008118E+02    0.336477218601007983E+08    0.102548226824479698E+03   -0.512741134122398492E+02
    0.740962055889894202E+02    0.168910052687001966E+01    0.865674292158245180E+02    0.290619573437447846E+09    0.101468893761228031E+03   -0.507344468806140156E+02
    0.361533898158917637E+02    0.167111329052507829E+01    0.239002321302913181E+02    0.455321449465988040E+09    0.101090769817111322E+03   -0.505453849085556612E+02
    0.421750545501708984E+02    0.167946908442188980E+01    0.552828609943389893E+02    0.118230987264215983E+08    0.100949549082855469E+03   -0.504747745414277347E+02
    0.131268845305504215E+03    0.168357107585479615E+01    0.896643351623324136E+01    0.174357322178262770E+08    0.100716309661011991E+03   -0.503581548305059954E+02
    0.564229089266920525E+02    0.169485149857658990E+01    0.614739508068876574E+02    0.130895478512611967E+08    0.100299099333346049E+03   -0.501495496666730247E+02
    0.100790441036224365E+03    0.169256215027562806E+01    0.126830577850341797E+02    0.139538857493962869E+08    0.100222279395830213E+03   -0.501111396979151067E+02
    0.138967360430549093E+03    0.168406854469173939E+01    0.606152088495337296E+02    0.226042507852141112E+08    0.100091291087357490E+03   -0.500456455436787451E+02
    0.917980385303189621E+02    0.168908183155157410E+01    0.171109005983177944E+02    0.160750130773790609E+08    0.997882162726940294E+02   -0.498941081363470147E+02
    0.613114604633262132E+02    0.168551441641390376E+01    0.992899526528850345E+02    0.573762772180224180E+09    0.994506462485089173E+02   -0.497253231242544587E+02
    0.115549232951879233E+03    0.167987947369540747E+01    0.207870136724581762E+02    0.561559620552109241E+09    0.992638636399318557E+02   -0.496319318199659278E+02
    0.715701871639120384E+02    0.169277132124708030E+01    0.683966298615711423E+02    0.135546890339946840E+08    0.991468216759247980E+02   -0.495734108379623990E+02
    0.382806779161184849E+02    0.167105404720764383E+01    0.370417011046753757E+02    0.164621020497253090E+09    0.991351895928189606E+02   -0.495675947964094803E+02
    0.141510137024585646E+03    0.167952323704391282E+01    0.109202119288809705E+02    0.222820119139504246E+08    0.990949034563919042E+02   -0.495474517281959521E+02
    0.429990887641906738E+02    0.169778877758553404E+01    0.273104786872863770E+02    0.732842753773713261E+08    0.988633434100361796E+02   -0.494316717050180898E+02
    0.746844376624865731E+02    0.168357814398440420E+01    0.658399530314773216E+02    0.888425534749187589E+09    0.987935143066270740E+02   -0.493967571533135370E+02
    0.893895715966095850E+02    0.168424822461770929E+01    0.800282373208702609E+02    0.186027080772935927E+09    0.986672347961583114E+02   -0.493336173980791557E+02
    0.646665361717754479E+02    0.167647404540939027E+01    0.860790569994740196E+02    0.455975896535190225E+09    0.986117348291829501E+02   -0.493058674145914750E+02
    0.521517103088001193E+02    0.168471850891384367E+01    0.743756908476034084E+02    0.182637257314145714E+09    0.985063284783649493E+02   -0.492531642391824747E+02
    0.733105107577855932E+02    0.167424388648174594E+01    0.867573031281559963E+02    0.114078999116225541E+09    0.984161188559013169E+02   -0.492080594279506585E+02
    0.716605563111121455E+02    0.169745615004334138E+01    0.261289242413294716E+02    0.474255204150859043E+08    0.982812226902314023E+02   -0.491406113451157012E+02
    0.251087143351506406E+02    0.168285285871768120E+01    0.532365230014752129E+02    0.484315223469479755E+08    0.982286078854775440E+02   -0.491143039427387720E+02
    0.493245494032640295E+02    0.169004451716760107E+01    0.460045320516330349E+02    0.117330717502078861E+09    0.980924591339211389E+02   -0.490462295669605695E+02
    0.250851772268306838E+02    0.167261114148266188E+01    0.278339135979626668E+02    0.650629897379986420E+08    0.980521029752633240E+02   -0.490260514876316620E+02
    0.447168951093697871E+02    0.168348730519532275E+01    0.682625379361766562E+02    0.167965522450745732E+09    0.980130469829323090E+02   -0.490065234914661545E+02
    0.102342103036507979E+03    0.167943499116826267E+01    0.623330157693716771E+02    0.218061933839616209E+09    0.979830110675372623E+02   -0.489915055337686312E+02
    0.833969834325116608E+02    0.169550893019413151E+01    0.438951132342571171E+02    0.492365737356726527E+08    0.979394151192264388E+02   -0.489697075596132194E+02
    0.497334599494934082E+02    0.168938432912992598E+01    0.510797560214996338E+02    0.146596267676659316E+09    0.978895100872808683E+02   -0.489447550436404342E+02
    0.480100620246619982E+02    0.168252136257727991E+01    0.504868793762887194E+02    0.204610457623022139E+09    0.976816763201405820E+02   -0.488408381600702910E+02
    0.669747344931516295E+02    0.168167833121587162E+01    0.897270465123330467E+02    0.120844645528429374E+08    0.976618007281539917E+02   -0.488309003640769959E+02
    0.442062597464194695E+02    0.167581179108012601E+01    0.908437438111516400E+02    0.749301746981006116E+08    0.976412161044827087E+02   -0.488206080522413544E+02
    0.560034117685290340E+02    0.168319269059393983E+01    0.281107435888782504E+02    0.290336311790974915E+09    0.976132094078989496E+02   -0.488066047039494748E+02
    0.819980236393438418E+02    0.168054087883711500E+01    0.665564569973709581E+02    0.441504052755634069E+09    0.975580237910836559E+02   -0.487790118955418279E+02
    0.271180272102355957E+02    0.168035120592429221E+01    0.178701698780059814E+02    0.426612827982202172E+08    0.974766484371766495E+02   -0.487383242185883248E+02
    0.344867502519794726E+02    0.168215070275880119E+01    0.247176612521306360E+02    0.131358022185140073E+09    0.974616791640701763E+02   -0.487308395820350881E+02
    0.621059682002177524E+02    0.168443997159923864E+01    0.245496302268319155E+01    0.247604613723818839E+09    0.973943219263976658E+02   -0.486971609631988329E+02
    0.577900026340461537E+02    0.168475023710933436E+01    0.537418686897729998E+02    0.197735693824205935E+09    0.973322735026604562E+02   -0.486661367513302281E+02
    0.993132630048125975E+02    0.167509139088322700E+01    0.333842343186263051E+02    0.612241344186985135E+09    0.973094447855357600E+02   -0.486547223927678800E+02
    0.121376020185520716E+03    0.167431961968702270E+01    0.448014453676725140E+02    0.629812578939931691E+08    0.973040234659868020E+02   -0.486520117329934010E+02
    0.748684022261191586E+02    0.168418600987604083E+01    0.183798251380941231E+02    0.283854657290722430E+09    0.972761294082808661E+02   -0.486380647041404330E+02
    0.989153290784913395E+02    0.167687106251700246E+01    0.467406114056436763E+02    0.241098301767718285E+09    0.972584803399614941E+02   -0.486292401699807471E+02
    0.131059719188193242E+03    0.168441397709467400E+01    0.419976187100417988E+02    0.381166349687793925E+08    0.972492121304642296E+02   -0.486246060652321148E+02
    0.926040906240713326E+02    0.168922220492314201E+01    0.612083766265140170E+02    0.231374077245825119E+08    0.972415719496891882E+02   -0.486207859748445941E+02
    0.653979804028546283E+02    0.167975608532473020E+01    0.849226311568586851E+02    0.215656486611725181E+09    0.972403008216733724E+02   -0.486201504108366862E+02
    0.632837504903057706E+02    0.168628595511500978E+01    0.357933323023498744E+02    0.697309849339826941E+09    0.972385860623675029E+02   -0.486192930311837515E+02
    0.984389280747254531E+02    0.168756643449927868E+01    0.583685503102105798E+02    0.193550365501573160E+08    0.972241989126969486E+02   -0.486120994563484743E+02
    0.792674861196072271E+02    0.168732428501208753E+01    0.461238869915280105E+02    0.168159521924924701E+09    0.972061931249741917E+02   -0.486030965624870959E+02
    0.984938179025875655E+02    0.166971526173989759E+01    0.143643164421064835E+02    0.543346191594749764E+08    0.971629910141416246E+02   -0.485814955070708123E+02
    0.105679357092680874E+03    0.168856390610648277E+01    0.411663861995607974E+02    0.119437365471381210E+08    0.971491585984665562E+02   -0.485745792992332781E+02
    0.111854970637665289E+03    0.167569550421106617E+01    0.667579659395685638E+02    0.119832218429557774E+08    0.971427829050351619E+02   -0.485713914525175809E+02
    0.820923876776612644E+02    0.168287661878193018E+01    0.786270058077460465E+01    0.278346538129412353E+09    0.969817422623685843E+02   -0.484908711311842922E+02
    0.825337064924987089E+02    0.168670093511012897E+01    0.550310630531421907E+02    0.188533471960203871E+08    0.969694051879656627E+02   -0.484847025939828313E+02
    0.119925175372264576E+03    0.167577891996715755E+01    0.354154472954632737E+02    0.833190701236425042E+08    0.969650584632014301E+02   -0.484825292316007150E+02
    0.961253076204593384E+02    0.169199091613151520E+01    0.300866583432634300E+02    0.662504033424023464E+08    0.969177566712439784E+02   -0.484588783356219892E+02
    0.473035587518999563E+02    0.169457918476164004E+01    0.277124170698123500E+02    0.420707116483089849E+08    0.968690391568112830E+02   -0.484345195784056415E+02
    0.108942954610798182E+03    0.167467166231764475E+01    0.427825199112731003E+01    0.228734217268468104E+08    0.968417045568656363E+02   -0.484208522784328181E+02
    0.104852557182312012E+03    0.168990101495868439E+01    0.478231847286224365E+02    0.660432249146622047E+08    0.968324709040321636E+02   -0.484162354520160818E+02
    0.507513896691171382E+02    0.166888204836579379E+01    0.489093378037255349E+02    0.434936622076995149E+08    0.968163077561570589E+02   -0.484081538780785294E+02
    0.676928961650453260E+02    0.168795659549488852E+01    0.574308859123358744E+02    0.151156415972253561E+09    0.967620358915039560E+02   -0.483810179457519780E+02
    0.594138155657208387E+02    0.168250653892774849E+01    0.706861660400294909E+02    0.588255146593750477E+09    0.967452500677037079E+02   -0.483726250338518540E+02
    0.370007576370399391E+02    0.169160136172083742E+01    0.418920917284403558E+02    0.475438043289809376E+08    0.966960244883940447E+02   -0.483480122441970224E+02
    0.464817166076959936E+02    0.167896887180041654E+01    0.853494116792696218E+02    0.398199233311758041E+08    0.966663447789840689E+02   -0.483331723894920344E+02
    0.116291157518860331E+03    0.168791963611104201E+01    0.274918067581858310E+02    0.360045948327888697E+08    0.966417489352948422E+02   -0.483208744676474211E+02
    0.101374700124976812E+03    0.168252598651694485E+01    0.112979036115226066E+02    0.157937846090934258E+08    0.966331167660215442E+02   -0.483165583830107721E+02
    0.828014143530961917E+02    0.168325370390542561E+01    0.830505784992606095E+02    0.211661451120168716E+08    0.966318877531388125E+02   -0.483159438765694063E+02
    0.119947641752748325E+03    0.168302932674959482E+01    0.142431448786269144E+01    0.117268863648381289E+08    0.966145500458239894E+02   -0.483072750229119947E+02
    0.897472215598698853E+02    0.169067122683042315E+01    0.756179027268395316E+02    0.620778618931247741E+08    0.965988168232250644E+02   -0.482994084116125322E+02
    0.707385553019535678E+02    0.168403172713897575E+01    0.337438054655198272E+01    0.203801207608357221E+09    0.965953995723664889E+02   -0.482976997861832444E+02
    0.758460848003624761E+02    0.169330679450052601E+01    0.378051486604654272E+02    0.784640330371141434E+08    0.965673377572733358E+02   -0.482836688786366679E+02
    0.108630279874669711E+03    0.167925407380332525E+01    0.409982886221185368E+02    0.112214504239019543E+09    0.965661324324134966E+02   -0.482830662162067483E+02
    0.422591667817394665E+02    0.167872072409327577E+01    0.440925306679298217E+02    0.163767352245271027E+09    0.965475928392529994E+02   -0.482737964196264997E+02
    0.762783405546745001E+02    0.169082859461162527E+01    0.514571505517833714E+02    0.955605647499775141E+08    0.964529616887978420E+02   -0.482264808443989210E+02
    0.900017063835316407E+02    0.167653426649686588E+01    0.765082015592944629E+02    0.241843795892485455E+08    0.964126881858745861E+02   -0.482063440929372931E+02
    0.734818877851224812E+02    0.169288069492049353E+01    0.287922521416476904E+02    0.862410168320163041E+08    0.964011591325946569E+02   -0.482005795662973284E+02
    0.706071151830402215E+02    0.168703602336764180E+01    0.382595605640779013E+02    0.225008680874147266E+08    0.963331128740481262E+02   -0.481665564370240631E+02
    0.111044693646895368E+03    0.168099839654915106E+01    0.781967046761237015E+02    0.841729732026771605E+08    0.962637536689917823E+02   -0.481318768344958912E+02
    0.701628604827473055E+02    0.168006565820558973E+01    0.908949228259884165E+02    0.292041585350074172E+08    0.962473641117916685E+02   -0.481236820558958343E+02
    0.701628604827473055E+02    0.168006565820558973E+01    0.908949228259884165E+02    0.292041585350074172E+08    0.962473641117916685E+02   -0.481236820558958343E+02
    0.421383884085305169E+02    0.168474977853918295E+01    0.344351907472043877E+02    0.313113019447613619E+08    0.962348954409498845E+02   -0.481174477204749422E+02
    0.711637410679367690E+02    0.167174549504010095E+01    0.820697503690270835E+01    0.115548863331060410E+09    0.962251815738488432E+02   -0.481125907869244216E+02
    0.711637410679367690E+02    0.167174549504010095E+01    0.820697503690270835E+01    0.115548863331060410E+09    0.962251815738488432E+02   -0.481125907869244216E+02
    0.125448759532052648E+03    0.168029824486883572E+01    0.680130028017228749E+01    0.214880778043912984E+08    0.961798356862577464E+02   -0.480899178431288732E+02
    0.813367813364657479E+02    0.168526330856336548E+01    0.929651520942143463E+02    0.931291219550640285E+08    0.961708539136797640E+02   -0.480854269568398820E+02
    0.398032655337302899E+02    0.168458651855994157E+01    0.383277418075828678E+02    0.344312618139768317E+08    0.961595926476082923E+02   -0.480797963238041461E+02
    0.757491814585401926E+02    0.169087553097759669E+01    0.443602775291345353E+02    0.949130461523938775E+08    0.961351172455254925E+02   -0.480675586227627463E+02
    0.547003117918945634E+02    0.168267432662793204E+01    0.434478838468550279E+02    0.126538269194665439E+08    0.960919410475567872E+02   -0.480459705237783936E+02
    0.776885004827432226E+02    0.168825971126234164E+01    0.755218530031566644E+02    0.289702037980134226E+08    0.960800541148559830E+02   -0.480400270574279915E+02
    0.781401828932374940E+02    0.168658254490855519E+01    0.172262793148636533E+02    0.205598455878407918E+08    0.960068455236756506E+02   -0.480034227618378253E+02
    0.127069499432859359E+03    0.167839269727319351E+01    0.479988619984046210E+02    0.329358962569603324E+08    0.959905538299876042E+02   -0.479952769149938021E+02
    0.391858656895694750E+02    0.169062143703833567E+01    0.444894993318235237E+02    0.612348312318380475E+08    0.959587303409092840E+02   -0.479793651704546420E+02
    0.656805796581646177E+02    0.167948834110719836E+01    0.492508835260933751E+02    0.229969564604951404E+08    0.958813470161170187E+02   -0.479406735080585094E+02
    0.734520827267244698E+02    0.168856653956989899E+01    0.185453122305186184E+02    0.271921731187214777E+08    0.958697375950105197E+02   -0.479348687975052599E+02
    0.102704743302068493E+03    0.168456289307053675E+01    0.697760047507764458E+01    0.146555317273395266E+08    0.958591956173216317E+02   -0.479295978086608159E+02
    0.113451390885102796E+03    0.168401565731712255E+01    0.671697361164641507E+02    0.257728473984103911E+08    0.958591671511358214E+02   -0.479295835755679107E+02
    0.403963240584769636E+02    0.168459955643039949E+01    0.492925888885846675E+02    0.968503894256419092E+08    0.958539305248641540E+02   -0.479269652624320770E+02
    0.727180749206485899E+02    0.168281498964792675E+01    0.611790869578944267E+02    0.210616183322001658E+08    0.958294591054992679E+02   -0.479147295527496340E+02
    0.727180749206485899E+02    0.168281498964792675E+01    0.611790869578944267E+02    0.210616183322001658E+08    0.958294591054992679E+02   -0.479147295527496340E+02
    0.658908021105117996E+02    0.167883949692521872E+01    0.384808708887670861E+02    0.143606824468554948E+08    0.958118821234143923E+02   -0.479059410617071961E+02
    0.532638430595397949E+02    0.169428833922469635E+01    0.157733798027038574E+02    0.510710824878832102E+08    0.957414339588520704E+02   -0.478707169794260352E+02
    0.532638430595397949E+02    0.169428833922469635E+01    0.157733798027038574E+02    0.510710824878832102E+08    0.957414339588520704E+02   -0.478707169794260352E+02
    0.117379057579741954E+03    0.168355153144660941E+01    0.155816509586957466E+02    0.140654640821928140E+08    0.957366540999811093E+02   -0.478683270499905547E+02
    0.686711046734133959E+02    0.169370327852173186E+01    0.147926621468917441E+01    0.461313140273575857E+08    0.957041409232277260E+02   -0.478520704616138630E+02
    0.686711046734133959E+02    0.169370327852173186E+01    0.147926621468917441E+01    0.461313140273575857E+08    0.957041409232277260E+02   -0.478520704616138630E+02
    0.478303083763403336E+02    0.167436154628184797E+01    0.488588721317844730E+02    0.354286162302758098E+08    0.956718651890942908E+02   -0.478359325945471454E+02
    0.106492729290528828E+03    0.167869383627634949E+01    0.595488333064873174E+02    0.114180836139854100E+08    0.956620516271656669E+02   -0.478310258135828335E+02
    0.578442222806468322E+02    0.167576241988197783E+01    0.917579427264193015E+02    0.472929433337134495E+08    0.956194376262798187E+02   -0.478097188131399093E+02
    0.578442222806468322E+02    0.167576241988197783E+01    0.917579427264193015E+02    0.472929433337134495E+08    0.956194376262798187E+02   -0.478097188131399093E+02
    0.434390163867649477E+02    0.169021902588919049E+01    0.501944153540108360E+02    0.449243179731558487E+08    0.956188031037156634E+02   -0.478094015518578317E+02
    0.118295666940242512E+03    0.168041150368993453E+01    0.792905438923189632E+01    0.195388145025890134E+08    0.955714316158575059E+02   -0.477857158079287530E+02
    0.751108301167519272E+02    0.168241223435536491E+01    0.447795553362702208E+02    0.548315234808693767E+09    0.955454283001637350E+02   -0.477727141500818675E+02
    0.751108301167519272E+02    0.168241223435536491E+01    0.447795553362702208E+02    0.548315234808693767E+09    0.955454283001637350E+02   -0.477727141500818675E+02
    0.115427872255371469E+03    0.168639733229052147E+01    0.784482902627663936E+01    0.555132860977276787E+08    0.955140389443420474E+02   -0.477570194721710237E+02
    0.488697290420532227E+02    0.168867055206828520E+01    0.637923538684844971E+02    0.780102578462256044E+08    0.954856320536117380E+02   -0.477428160268058690E+02
    0.711433291435241699E+02    0.168657276388087074E+01    0.995409488677978516E+00    0.118502330795882121E+09    0.954793910554170395E+02   -0.477396955277085198E+02
    0.674849445473369087E+02    0.168319863799932889E+01    0.879101493458562686E+02    0.310728197765154541E+08    0.954375796881905956E+02   -0.477187898440952978E+02
    0.116227647721368882E+03    0.167681288127626815E+01    0.345342847299703806E+02    0.848728951043286026E+08    0.954176999660965919E+02   -0.477088499830482959E+02
    0.759026178161319507E+02    0.167868700978234009E+01    0.199699787116319634E+02    0.803630804038649321E+09    0.953759669316154088E+02   -0.476879834658077044E+02
    0.575174129334646835E+02    0.169303334345834089E+01    0.284356052812991251E+02    0.415552510108056664E+08    0.953558748561300149E+02   -0.476779374280650075E+02
    0.121377707684260798E+03    0.168449453576820907E+01    0.326960833787925864E+02    0.538671257393830791E+08    0.953494477029647385E+02   -0.476747238514823692E+02
    0.104847903714070554E+03    0.167239184984739730E+01    0.262545538604886666E+02    0.668219496895240769E+08    0.953296427776436843E+02   -0.476648213888218422E+02
    0.819088006989217803E+02    0.168032983148968640E+01    0.430605112364928360E+02    0.230303096173627883E+09    0.953057296292268745E+02   -0.476528648146134373E+02
    0.323193116943392553E+02    0.167869647337086114E+01    0.204755020743224101E+02    0.771238815132915825E+08    0.952774431847956862E+02   -0.476387215923978431E+02
    0.847263498162523376E+02    0.169122015074050314E+01    0.552659806395184532E+02    0.634306436656404063E+08    0.952750253931634035E+02   -0.476375126965817017E+02
    0.633096804118364318E+02    0.167728560589679310E+01    0.255094205859297389E+02    0.214569186622677475E+09    0.952745859179451031E+02   -0.476372929589725516E+02
    0.999943749440774212E+02    0.168755409263894207E+01    0.247870038517661584E+02    0.129617496501473598E+08    0.952442771404985677E+02   -0.476221385702492839E+02
    0.468008691331088613E+02    0.168778178989119376E+01    0.120116214041627209E+02    0.376343333821097836E+08    0.952376658830923475E+02   -0.476188329415461737E+02
    0.844040522685313732E+02    0.168648683598859117E+01    0.963608140463672385E+02    0.501567957905844375E+08    0.951906621222861133E+02   -0.475953310611430567E+02
    0.117051308788989957E+03    0.168656898672966893E+01    0.233240929080244861E+02    0.468971304800486267E+08    0.951556343179273938E+02   -0.475778171589636969E+02
    0.824069220679139249E+02    0.168593110167272076E+01    0.637539573715121577E+02    0.135438901440400686E+08    0.951511229586835441E+02   -0.475755614793417720E+02
    0.101338033110925167E+03    0.167797613473586305E+01    0.511491089715747194E+01    0.115094799489354908E+09    0.951218845042284329E+02   -0.475609422521142164E+02
    0.847752887358228406E+02    0.167871381043861079E+01    0.401177815956946304E+01    0.620951068734803915E+09    0.950484466889796806E+02   -0.475242233444898403E+02
    0.106936987890997145E+03    0.168536378053296265E+01    0.547623486905759265E+02    0.754991675565760881E+08    0.950280257305589657E+02   -0.475140128652794829E+02
    0.799544580507649982E+02    0.168773385559752676E+01    0.459201805574694077E+02    0.273955760605242588E+08    0.950266618063588737E+02   -0.475133309031794369E+02
    0.850222097573787465E+02    0.168865359400800807E+01    0.613864610558533030E+00    0.921725231063886583E+08    0.949928482568408299E+02   -0.474964241284204149E+02
    0.115741908946801473E+03    0.168120127976658118E+01    0.106602322359163413E+02    0.212240553942982517E+08    0.949099755285138684E+02   -0.474549877642569342E+02
    0.727774797854422104E+02    0.168368532369061397E+01    0.619473609718949518E+02    0.111101012415366694E+09    0.948615527994685692E+02   -0.474307763997342846E+02
    0.727774797854422104E+02    0.168368532369061397E+01    0.619473609718949518E+02    0.111101012415366694E+09    0.948615527994685692E+02   -0.474307763997342846E+02
    0.971970212219542020E+02    0.168409053966065803E+01    0.851785095040350200E+02    0.704700986814578176E+08    0.948596941305579691E+02   -0.474298470652789845E+02
    0.100388786640032862E+03    0.168615709391695257E+01    0.360428851800586969E+02    0.255761449487165362E+08    0.948502408525891383E+02   -0.474251204262945691E+02
    0.585905489860569091E+02    0.169284330776608427E+01    0.237108351512887623E+02    0.453310711097396463E+08    0.948357675349319038E+02   -0.474178837674659519E+02
    0.693535801515483712E+02    0.167897238540213589E+01    0.468784361039461928E+02    0.559085158289285064E+09    0.948260975599796865E+02   -0.474130487799898432E+02
    0.733946133814146577E+02    0.169298318340338128E+01    0.217495619132585887E+02    0.464611352481477335E+08    0.947937605651254387E+02   -0.473968802825627193E+02
    0.448013492746293380E+02    0.168523845307147946E+01    0.688206768336770125E+02    0.659925118110238090E+08    0.947694301463650959E+02   -0.473847150731825479E+02
    0.737617866961477660E+02    0.168196770799502193E+01    0.604291916311330723E+02    0.255691700826690048E+08    0.947559396197275419E+02   -0.473779698098637709E+02
    0.110657031289465522E+03    0.167898887928040663E+01    0.275911251874760914E+02    0.143891381124716979E+08    0.947243255288968697E+02   -0.473621627644484349E+02
    0.115334213937339143E+03    0.167483411142478644E+01    0.143818116566579555E+02    0.591557669500465021E+08    0.947228361442851394E+02   -0.473614180721425697E+02
    0.572782386835047888E+02    0.167564964056582522E+01    0.765789168945158991E+02    0.417254704559481069E+08    0.947042010650447423E+02   -0.473521005325223712E+02
    0.112963303840694664E+03    0.168039954848278628E+01    0.474032560957205718E+02    0.219052232422114983E+08    0.946959648139163619E+02   -0.473479824069581809E+02
    0.955187336163765366E+02    0.168285912548650951E+01    0.692329248242486273E+02    0.136020028264494557E+08    0.946865033685902517E+02   -0.473432516842951259E+02
    0.955187336163765366E+02    0.168285912548650951E+01    0.692329248242486273E+02    0.136020028264494557E+08    0.946865033685902517E+02   -0.473432516842951259E+02
    0.708897577241664010E+02    0.168554735048592241E+01    0.855911978555974571E+02    0.784568731375739276E+08    0.946487514677189949E+02   -0.473243757338594975E+02
    0.708897577241664010E+02    0.168554735048592241E+01    0.855911978555974571E+02    0.784568731375739276E+08    0.946487514677189949E+02   -0.473243757338594975E+02
    0.782616838464455213E+02    0.168444153725689838E+01    0.804060772407220128E+02    0.299135629122454636E+08    0.946066272735803153E+02   -0.473033136367901577E+02
    0.782616838464455213E+02    0.168444153725689838E+01    0.804060772407220128E+02    0.299135629122454636E+08    0.946066272735803153E+02   -0.473033136367901577E+02
    0.869702280310621489E+02    0.169082925217018976E+01    0.497836014548672239E+02    0.502323835366430953E+08    0.946054144612086674E+02   -0.473027072306043337E+02
    0.591777777476982720E+02    0.168617378477203284E+01    0.651400928963610966E+02    0.333791710033173189E+08    0.945991888340303433E+02   -0.472995944170151716E+02
    0.591777777476982720E+02    0.168617378477203284E+01    0.651400928963610966E+02    0.333791710033173189E+08    0.945991888340303433E+02   -0.472995944170151716E+02
    0.975030169975650693E+02    0.168507395865486842E+01    0.260802778575609970E+02    0.227906734769308157E+08    0.945878172142532065E+02   -0.472939086071266033E+02
    0.975030169975650693E+02    0.168507395865486842E+01    0.260802778575609970E+02    0.227906734769308157E+08    0.945878172142532065E+02   -0.472939086071266033E+02
    0.396606951566179760E+02    0.167825362917360432E+01    0.455284197449726946E+01    0.414869556285326108E+08    0.945852740727005994E+02   -0.472926370363502997E+02
    0.118423329254635675E+03    0.167626395922884708E+01    0.155299788004650061E+02    0.314819407593937665E+08    0.945795556702345550E+02   -0.472897778351172775E+02
    0.118423329254635675E+03    0.167626395922884708E+01    0.155299788004650061E+02    0.314819407593937665E+08    0.945795556702345550E+02   -0.472897778351172775E+02
    0.784188220828220750E+02    0.167813506440667215E+01    0.406486568173283302E+02    0.227387157694666237E+08    0.945607095971411979E+02   -0.472803547985705990E+02
    0.502212747010944156E+02    0.169118480762740542E+01    0.342561815552618683E+02    0.593460299392392337E+08    0.945569772280682344E+02   -0.472784886140341172E+02
    0.411893243425712186E+02    0.168103135076034538E+01    0.483228652120916493E+02    0.862534907820874006E+08    0.945142876217448986E+02   -0.472571438108724493E+02
    0.626256616253767788E+02    0.168226148142557919E+01    0.291993213968905536E+02    0.128429953587631136E+08    0.944866390951153079E+02   -0.472433195475576539E+02
    0.829803723519952854E+02    0.168349560624393368E+01    0.139158898606741346E+02    0.160188331145093560E+09    0.944842299456007026E+02   -0.472421149728003513E+02
    0.108459242220385534E+03    0.168434187547053282E+01    0.495382330473363552E+02    0.755999483235960454E+08    0.944767114136043773E+02   -0.472383557068021886E+02
    0.776043284067050934E+02    0.168619976409789230E+01    0.601465420857115376E+02    0.988626913930887878E+08    0.944763326572102216E+02   -0.472381663286051108E+02
    0.661528429848389550E+02    0.167487062700111888E+01    0.369497048969175310E+02    0.112067778452105194E+09    0.944466793921534418E+02   -0.472233396960767209E+02
    0.765817362555988836E+02    0.167441840900960126E+01    0.619600692424172834E+02    0.313208520362933204E+08    0.944401354188936324E+02   -0.472200677094468162E+02
    0.902931358354218787E+02    0.168413881730852433E+01    0.207165790119837716E+02    0.211543963726711720E+08    0.943761879332350020E+02   -0.471880939666175010E+02
    0.814294690710358680E+02    0.169107298365867109E+01    0.516420739340041592E+02    0.455768471874066442E+08    0.943745655440542492E+02   -0.471872827720271246E+02
    0.814294690710358680E+02    0.169107298365867109E+01    0.516420739340041592E+02    0.455768471874066442E+08    0.943745655440542492E+02   -0.471872827720271246E+02
    0.695297947368739955E+02    0.168777133092862752E+01    0.834533656476875478E+02    0.444817565607464239E+08    0.943675306056477439E+02   -0.471837653028238719E+02
    0.392444823563807788E+02    0.168147387266832826E+01    0.531642676694498491E+02    0.612175841809496135E+08    0.943458165518743215E+02   -0.471729082759371607E+02
    0.109036473226912960E+03    0.168384171437112329E+01    0.329184314092163390E+02    0.255496764543302208E+08    0.943237287820261940E+02   -0.471618643910130970E+02
    0.373999200154585978E+02    0.167732362135152191E+01    0.374350196426658002E+02    0.537244622238281518E+08    0.942998665784928392E+02   -0.471499332892464196E+02
    0.500966057958485678E+02    0.169073953410423927E+01    0.308971082303867099E+02    0.500310042333524227E+08    0.942733528518550798E+02   -0.471366764259275399E+02
    0.500966057958485678E+02    0.169073953410423927E+01    0.308971082303867099E+02    0.500310042333524227E+08    0.942733528518550798E+02   -0.471366764259275399E+02
    0.683755126850621338E+02    0.168461716601975242E+01    0.152989097880216800E+02    0.146082778477451771E+09    0.942527443455305445E+02   -0.471263721727652722E+02
    0.101133995558687587E+03    0.168591555703026641E+01    0.410493960904944970E+02    0.804099116306322813E+08    0.942480946181223658E+02   -0.471240473090611829E+02
    0.773626179728437933E+02    0.168501351111113284E+01    0.389835274591929988E+02    0.122781309903300889E+08    0.942269678952038419E+02   -0.471134839476019209E+02
    0.956495304659241441E+02    0.168190438243174700E+01    0.889477977276705616E+02    0.373189046197197065E+08    0.942178116024626604E+02   -0.471089058012313302E+02
    0.956495304659241441E+02    0.168190438243174700E+01    0.889477977276705616E+02    0.373189046197197065E+08    0.942178116024626604E+02   -0.471089058012313302E+02
    0.105078309425399311E+03    0.168271544448888211E+01    0.573090278907857140E+02    0.121969399175573252E+08    0.942058562493654961E+02   -0.471029281246827480E+02
    0.105078309425399311E+03    0.168271544448888211E+01    0.573090278907857140E+02    0.121969399175573252E+08    0.942058562493654961E+02   -0.471029281246827480E+02
    0.112678184198629253E+03    0.167808783980933596E+01    0.259892598115472779E+02    0.259011219747814536E+08    0.941963057703227093E+02   -0.470981528851613547E+02
    0.709057231610133414E+02    0.169151887390215272E+01    0.466000358938992676E+02    0.510709930347438976E+08    0.941570740771639407E+02   -0.470785370385819704E+02
    0.100704228913262909E+03    0.168487429437172853E+01    0.295008663376945819E+02    0.257507300315322168E+08    0.941324390650878513E+02   -0.470662195325439257E+02
    0.907788401016842670E+02    0.168702841486982891E+01    0.743577179223018874E+02    0.523342217627540827E+08    0.941215519223300134E+02   -0.470607759611650067E+02
    0.103363563499684531E+03    0.167598879769449116E+01    0.131612014207605093E+02    0.127965712304702792E+08    0.941121751478689532E+02   -0.470560875739344766E+02
    0.103363563499684531E+03    0.167598879769449116E+01    0.131612014207605093E+02    0.127965712304702792E+08    0.941121751478689532E+02   -0.470560875739344766E+02
    0.446695382083055890E+02    0.167512850029889226E+01    0.492319350227746497E+02    0.706935668017075360E+08    0.941065540894496166E+02   -0.470532770447248083E+02
    0.100424693801018677E+03    0.168349359192342329E+01    0.408378531257276833E+02    0.140002980815732256E+08    0.940918098817915336E+02   -0.470459049408957668E+02
    0.100424693801018677E+03    0.168349359192342329E+01    0.408378531257276833E+02    0.140002980815732256E+08    0.940918098817915336E+02   -0.470459049408957668E+02
    0.609709659311658143E+02    0.168287762001551155E+01    0.690738979882896587E+02    0.972850181443295479E+08    0.940677879086495636E+02   -0.470338939543247818E+02
    0.530018189854800497E+02    0.168933622398106209E+01    0.184719758947794777E+01    0.694305245779852718E+08    0.940483382800169920E+02   -0.470241691400084960E+02
    0.849920636340469571E+02    0.168182359658386682E+01    0.508396885806990184E+02    0.233802669581727386E+08    0.940323076304459278E+02   -0.470161538152229639E+02
    0.101308495324685822E+03    0.168297655071969188E+01    0.389683990805578233E+02    0.226156680089931153E+08    0.940202507245529091E+02   -0.470101253622764546E+02
    0.924665143792918514E+02    0.168030994305019776E+01    0.317884382729407688E+01    0.220316578385807015E+08    0.940087383228412108E+02   -0.470043691614206054E+02
    0.919260445673851763E+02    0.167783264175476532E+01    0.280316758231639440E+02    0.150826447386376590E+09    0.939837644287892147E+02   -0.469918822143946073E+02
    0.519047626316191568E+02    0.168239582146287425E+01    0.782680130470408244E+02    0.643424889471870735E+08    0.939704118752236184E+02   -0.469852059376118092E+02
    0.835357558535160933E+02    0.167954764501750664E+01    0.574795275533188104E+02    0.121721604531492274E+08    0.939541501697517134E+02   -0.469770750848758567E+02
    0.103087036428234725E+03    0.168598500758058112E+01    0.698726350590210643E+02    0.476190621876821741E+08    0.939518685290492499E+02   -0.469759342645246250E+02
    0.462284733543508466E+02    0.168225689311744864E+01    0.660456863479486884E+02    0.530954184040077701E+08    0.939426124357303962E+02   -0.469713062178651981E+02
    0.462284733543508466E+02    0.168225689311744864E+01    0.660456863479486884E+02    0.530954184040077701E+08    0.939426124357303962E+02   -0.469713062178651981E+02
    0.400390479369743701E+02    0.168044891555070031E+01    0.250565050441486186E+02    0.843667358694340736E+08    0.939090685334454065E+02   -0.469545342667227033E+02
    0.400390479369743701E+02    0.168044891555070031E+01    0.250565050441486186E+02    0.843667358694340736E+08    0.939090685334454065E+02   -0.469545342667227033E+02
    0.839483455398877965E+02    0.167899253006383731E+01    0.368642633759826452E+02    0.232143805273255743E+08    0.938600573065969854E+02   -0.469300286532984927E+02
    0.839483455398877965E+02    0.167899253006383731E+01    0.368642633759826452E+02    0.232143805273255743E+08    0.938600573065969854E+02   -0.469300286532984927E+02
    0.383481138050835426E+02    0.168187307273168440E+01    0.290884299397273232E+02    0.683776852195708752E+08    0.938558701931864334E+02   -0.469279350965932167E+02
    0.619803062605408073E+02    0.168389910595987202E+01    0.866568198102818883E+02    0.576832915176638961E+08    0.938538086126694822E+02   -0.469269043063347411E+02
    0.100672974891546360E+03    0.167480448043328667E+01    0.558301112634079999E+02    0.558203169207628295E+08    0.937173239046341280E+02   -0.468586619523170640E+02
    0.704466024879153707E+02    0.168675948579592916E+01    0.743499549436062637E+02    0.696005787033030987E+08    0.936743912948249431E+02   -0.468371956474124715E+02
    0.704466024879153707E+02    0.168675948579592916E+01    0.743499549436062637E+02    0.696005787033030987E+08    0.936743912948249431E+02   -0.468371956474124715E+02
    0.946857346780530804E+02    0.168324817701570373E+01    0.679477211262461793E+02    0.838576157023674697E+08    0.936673054618774614E+02   -0.468336527309387307E+02
    0.946857346780530804E+02    0.168324817701570373E+01    0.679477211262461793E+02    0.838576157023674697E+08    0.936673054618774614E+02   -0.468336527309387307E+02
    0.733248079614164112E+02    0.169083056883172844E+01    0.193253202879348187E+02    0.608883373437949717E+08    0.935721151077898412E+02   -0.467860575538949206E+02
    0.109093474367928209E+03    0.167758287836945641E+01    0.573832453875461734E+01    0.890118343020918816E+08    0.935413267315185806E+02   -0.467706633657592903E+02
    0.109093474367928209E+03    0.167758287836945641E+01    0.573832453875461734E+01    0.890118343020918816E+08    0.935413267315185806E+02   -0.467706633657592903E+02
    0.799232520391731782E+02    0.167945166175516158E+01    0.788670583788888422E+02    0.899409591257965565E+08    0.934958161328563051E+02   -0.467479080664281526E+02
    0.799232520391731782E+02    0.167945166175516158E+01    0.788670583788888422E+02    0.899409591257965565E+08    0.934958161328563051E+02   -0.467479080664281526E+02
    0.759245392423369623E+02    0.168946497402224316E+01    0.522257464686029707E+02    0.403977226558338106E+08    0.934733170431201899E+02   -0.467366585215600949E+02
    0.759245392423369623E+02    0.168946497402224316E+01    0.522257464686029707E+02    0.403977226558338106E+08    0.934733170431201899E+02   -0.467366585215600949E+02
    0.826552268507607408E+02    0.168512611356207698E+01    0.737030432705415137E+02    0.754255931801922619E+08    0.934604245708238750E+02   -0.467302122854119375E+02
    0.503960734619770534E+02    0.167966572337597175E+01    0.550535642786090662E+02    0.901743118096492440E+08    0.934313971558785852E+02   -0.467156985779392926E+02
    0.503960734619770534E+02    0.167966572337597175E+01    0.550535642786090662E+02    0.901743118096492440E+08    0.934313971558785852E+02   -0.467156985779392926E+02
    0.110892596047849167E+03    0.168067474409007844E+01    0.681720421865465767E+02    0.506647269827630892E+08    0.934067910465670934E+02   -0.467033955232835467E+02
    0.897375457758088118E+02    0.168471094213913264E+01    0.696915454998064234E+02    0.323768218594593666E+08    0.933922835107297260E+02   -0.466961417553648630E+02
    0.855221288942607742E+02    0.167281992156265291E+01    0.321765056799250786E+02    0.368352945391705707E+08    0.933679728047074207E+02   -0.466839864023537103E+02
    0.855221288942607742E+02    0.167281992156265291E+01    0.321765056799250786E+02    0.368352945391705707E+08    0.933679728047074207E+02   -0.466839864023537103E+02
    0.679418091648420415E+02    0.168702037006640992E+01    0.583152678177792367E+02    0.791079390313070714E+08    0.933649166276480571E+02   -0.466824583138240286E+02
    0.102431962473945489E+03    0.167739634089545930E+01    0.465404558167761095E+01    0.976379324150189608E+08    0.933633353288483647E+02   -0.466816676644241824E+02
    0.102042726006165481E+03    0.168641060712496893E+01    0.471404124372412880E+02    0.384958313316500336E+08    0.933440677639894147E+02   -0.466720338819947074E+02
    0.414759581568087086E+02    0.168241397262218029E+01    0.457400103149308990E+01    0.671433201779007763E+08    0.933252490506905872E+02   -0.466626245253452936E+02
    0.916754046808596854E+02    0.168021358153227562E+01    0.280057058727491217E+02    0.236954490335618034E+08    0.933162461686176243E+02   -0.466581230843088122E+02
    0.729459802517988862E+02    0.167540010524026650E+01    0.714669473994384816E+02    0.707814773737033606E+08    0.932575621594627933E+02   -0.466287810797313966E+02
    0.118080853185326404E+03    0.167729070491211840E+01    0.351786996294733783E+02    0.439791441832522675E+08    0.932485873077498866E+02   -0.466242936538749433E+02
    0.117654360466007347E+03    0.168321403103939549E+01    0.198776957406074501E+02    0.418052399909500405E+08    0.932202244588918347E+02   -0.466101122294459174E+02
    0.120184676835914928E+03    0.167850346735263423E+01    0.258942373463790609E+01    0.499702523228413165E+08    0.932057874765698671E+02   -0.466028937382849335E+02
    0.841064697888406698E+02    0.167887515079187577E+01    0.218864616084875685E+02    0.117346052026319608E+09    0.932021580783193144E+02   -0.466010790391596572E+02
    0.841064697888406698E+02    0.167887515079187577E+01    0.218864616084875685E+02    0.117346052026319608E+09    0.932021580783193144E+02   -0.466010790391596572E+02
    0.442551771489596391E+02    0.168479568937981394E+01    0.218505165293345769E+02    0.671255640110431761E+08    0.931290210680488002E+02   -0.465645105340244001E+02
    0.114783974481499541E+03    0.168332878284618959E+01    0.471753928695582125E+01    0.404963165050998554E+08    0.931065910268781636E+02   -0.465532955134390818E+02
    0.114783974481499541E+03    0.168332878284618959E+01    0.471753928695582125E+01    0.404963165050998554E+08    0.931065910268781636E+02   -0.465532955134390818E+02
    0.723373230639548837E+02    0.168767440165519278E+01    0.335994843909872358E+02    0.325612392128862143E+08    0.930939837901479450E+02   -0.465469918950739725E+02
    0.109387075871963901E+03    0.168560786115301209E+01    0.184346125256398423E+02    0.442227437559291050E+08    0.930557328003725956E+02   -0.465278664001862978E+02
    0.109387075871963901E+03    0.168560786115301209E+01    0.184346125256398423E+02    0.442227437559291050E+08    0.930557328003725956E+02   -0.465278664001862978E+02
    0.740708112716674805E+02    0.168012485997525429E+01    0.390571355819702148E+02    0.134277534614517152E+09    0.930527570043232117E+02   -0.465263785021616059E+02
    0.620751112442426702E+02    0.168484441841483457E+01    0.607028114190129600E+02    0.832906649040265679E+08    0.930220631205553161E+02   -0.465110315602776581E+02
    0.106255191884695265E+03    0.167910664563383105E+01    0.338842105948491508E+02    0.861321216818990558E+08    0.929382890531126122E+02   -0.464691445265563061E+02
    0.106255191884695265E+03    0.167910664563383105E+01    0.338842105948491508E+02    0.861321216818990558E+08    0.929382890531126122E+02   -0.464691445265563061E+02
    0.668813213345842854E+02    0.168012411846838283E+01    0.273222241085179292E+02    0.130868689138587743E+09    0.929282158585055242E+02   -0.464641079292527621E+02
    0.668813213345842854E+02    0.168012411846838283E+01    0.273222241085179292E+02    0.130868689138587743E+09    0.929282158585055242E+02   -0.464641079292527621E+02
    0.668071577111387711E+02    0.168881021942112874E+01    0.531202587920874265E+02    0.442136379188008159E+08    0.929226725252344323E+02   -0.464613362626172162E+02
    0.563283398077921049E+02    0.167602905482151532E+01    0.500308274927329535E+02    0.854352918090975434E+08    0.929168571069275657E+02   -0.464584285534637829E+02
    0.491621869219473737E+02    0.167599123614581069E+01    0.440179236089651624E+02    0.708783374716095477E+08    0.929137200585034861E+02   -0.464568600292517431E+02
    0.107707863032642990E+03    0.168312836109832897E+01    0.572317365057737462E+02    0.381475562597114295E+08    0.928956589907187578E+02   -0.464478294953593789E+02
    0.759663677252823248E+02    0.168579280718833213E+01    0.512247851156445861E+02    0.309821665094759427E+08    0.928694649406931774E+02   -0.464347324703465887E+02
    0.677885882523956127E+02    0.168941644420749371E+01    0.476989135114166274E+02    0.460891852523694411E+08    0.928615473302064629E+02   -0.464307736651032315E+02
    0.806432686440608393E+02    0.167668004126598258E+01    0.724867125770582277E+02    0.713347502562345117E+08    0.928559659626881455E+02   -0.464279829813440728E+02
    0.108677335283154918E+03    0.167993728488770966E+01    0.383867226712022358E+02    0.289134467761127949E+08    0.928239669513205854E+02   -0.464119834756602927E+02
    0.108677335283154918E+03    0.167993728488770966E+01    0.383867226712022358E+02    0.289134467761127949E+08    0.928239669513205854E+02   -0.464119834756602927E+02
    0.547491382798801425E+02    0.168542427706171405E+01    0.141309813524707319E+02    0.858916159040952474E+08    0.928190365725912727E+02   -0.464095182862956364E+02
    0.584490799782501895E+02    0.168224516918737299E+01    0.432581039083274490E+02    0.329516548914328590E+08    0.928118292264905307E+02   -0.464059146132452653E+02
    0.584490799782501895E+02    0.168224516918737299E+01    0.432581039083274490E+02    0.329516548914328590E+08    0.928118292264905307E+02   -0.464059146132452653E+02
    0.457289087785058257E+02    0.168457785899465207E+01    0.327546081865266032E+02    0.567040104185611755E+08    0.928094445041002984E+02   -0.464047222520501492E+02
    0.756162884005904488E+02    0.168200053149116746E+01    0.655258656850458436E+02    0.937109492597712427E+08    0.928053706282343001E+02   -0.464026853141171500E+02
    0.756162884005904488E+02    0.168200053149116746E+01    0.655258656850458436E+02    0.937109492597712427E+08    0.928053706282343001E+02   -0.464026853141171500E+02
    0.103098064245188766E+03    0.168270372603841700E+01    0.559955206500175251E+02    0.698520797990040481E+08    0.927963336401137013E+02   -0.463981668200568507E+02
    0.103098064245188766E+03    0.168270372603841700E+01    0.559955206500175251E+02    0.698520797990040481E+08    0.927963336401137013E+02   -0.463981668200568507E+02
    0.631402142546920331E+02    0.168699723489563813E+01    0.242586659858158491E+02    0.371452957205339894E+08    0.927854546153470068E+02   -0.463927273076735034E+02
    0.111377808888097476E+03    0.167988208266485239E+01    0.620063035691665334E+02    0.447438418898355663E+08    0.927819766099003118E+02   -0.463909883049501559E+02
    0.111377808888097476E+03    0.167988208266485239E+01    0.620063035691665334E+02    0.447438418898355663E+08    0.927819766099003118E+02   -0.463909883049501559E+02
    0.875790758159012483E+02    0.168496784688101919E+01    0.698614432022646241E+02    0.679872387852292061E+08    0.927575245494206797E+02   -0.463787622747103399E+02
    0.761312753701961213E+02    0.167982925111210579E+01    0.112050456507091756E+02    0.123440476410761952E+09    0.927342111197369690E+02   -0.463671055598684845E+02
    0.112089550236889096E+03    0.168186385110966419E+01    0.336953508158116293E+02    0.306845002928928025E+08    0.927280492045209570E+02   -0.463640246022604785E+02
    0.834512424013071552E+02    0.168896112785010777E+01    0.243182535211552384E+02    0.589730065698477179E+08    0.927157376649570324E+02   -0.463578688324785162E+02
    0.743037669380598516E+02    0.168972834830374752E+01    0.378130942446146676E+02    0.489794310141502693E+08    0.926921265620754156E+02   -0.463460632810377078E+02
    0.600558556546081519E+02    0.168873411864846434E+01    0.288383769664814871E+02    0.451611537975801080E+08    0.926788849864157100E+02   -0.463394424932078550E+02
    0.101085487638374900E+03    0.167927860392253625E+01    0.362555083232372226E+02    0.923149744041448981E+08    0.926605628365768581E+02   -0.463302814182884291E+02
    0.726008290402643581E+02    0.168380897463453016E+01    0.783678220865242139E+02    0.419262947392371893E+08    0.926333028353860186E+02   -0.463166514176930093E+02
    0.686736991416647982E+02    0.167247710835720098E+01    0.117768855254788356E+02    0.426102824345741048E+08    0.926270196360974012E+02   -0.463135098180487006E+02
    0.686736991416647982E+02    0.167247710835720098E+01    0.117768855254788356E+02    0.426102824345741048E+08    0.926270196360974012E+02   -0.463135098180487006E+02
    0.541679915134532308E+02    0.167827165987086602E+01    0.362811238992843172E+02    0.959216766780404896E+08    0.925957494506260019E+02   -0.462978747253130010E+02
    0.807397351668652732E+02    0.167467987165408982E+01    0.473354016456882789E+02    0.800676421780577451E+08    0.925942228888790737E+02   -0.462971114444395369E+02
    0.580960526353428151E+02    0.167523185368376848E+01    0.303915538242160999E+02    0.920856157573568374E+08    0.925839894521406279E+02   -0.462919947260703140E+02
    0.434893440947272794E+02    0.168058203773900972E+01    0.896741387177413962E+01    0.504423082505408898E+08    0.925791830087719632E+02   -0.462895915043859816E+02
    0.718490337870266416E+02    0.168889406093476468E+01    0.370695407246639306E+02    0.423100610932756290E+08    0.925589600333537703E+02   -0.462794800166768852E+02
    0.880882277414385300E+02    0.168825322709012671E+01    0.105716049184241392E+02    0.500109930387677997E+08    0.925207602706248053E+02   -0.462603801353124027E+02
    0.858960194284859853E+02    0.168673479924982939E+01    0.278917682496921628E+02    0.751585402429695874E+08    0.924990068571356829E+02   -0.462495034285678415E+02
    0.646394637894823063E+02    0.168515562239612371E+01    0.352701149296362759E+01    0.920912200256232470E+08    0.924841114155285169E+02   -0.462420557077642584E+02
    0.113195775993213374E+03    0.168020232353394161E+01    0.289024231446060611E+02    0.336820142726567984E+08    0.924763015751897797E+02   -0.462381507875948898E+02
    0.860755173581889466E+02    0.168524969546311021E+01    0.704198162373074581E+02    0.520862457196718231E+08    0.924605290555495856E+02   -0.462302645277747928E+02
    0.860755173581889466E+02    0.168524969546311021E+01    0.704198162373074581E+02    0.520862457196718231E+08    0.924605290555495856E+02   -0.462302645277747928E+02
    0.102539118514985049E+03    0.168118840686613069E+01    0.225119683500583534E+02    0.281996958207240701E+08    0.924475044381910607E+02   -0.462237522190955303E+02
    0.985846227805097470E+02    0.168526996956775688E+01    0.138361499938704675E+02    0.339260355821662173E+08    0.924135652184130976E+02   -0.462067826092065488E+02
    0.903069865461959864E+02    0.167990676733839273E+01    0.666497696036193332E+02    0.784739197022308111E+08    0.924126320877680030E+02   -0.462063160438840015E+02
    0.873516385801527377E+02    0.168168482709302936E+01    0.242140490396346308E+02    0.128751497731882967E+08    0.924018543824074925E+02   -0.462009271912037462E+02
    0.841680559628784835E+02    0.167256951701009959E+01    0.161225808442430960E+02    0.628698395695710108E+08    0.923726215544347582E+02   -0.461863107772173791E+02
    0.101637328356285025E+03    0.167693260895710772E+01    0.562227042147157121E+02    0.521021868437704444E+08    0.923487282061475838E+02   -0.461743641030737919E+02
    0.716129717667495242E+02    0.168470664165672845E+01    0.504181996403013741E+02    0.327439437476400174E+08    0.923232790282344666E+02   -0.461616395141172333E+02
    0.608182905476429667E+02    0.167400143748877062E+01    0.521103849490806326E+01    0.817970467500950545E+08    0.923139995406699825E+02   -0.461569997703349912E+02
    0.608182905476429667E+02    0.167400143748877062E+01    0.521103849490806326E+01    0.817970467500950545E+08    0.923139995406699825E+02   -0.461569997703349912E+02
    0.633615361825631567E+02    0.168841469397684718E+01    0.141394012868374794E+02    0.592274696836613417E+08    0.923123454094817930E+02   -0.461561727047408965E+02
    0.633615361825631567E+02    0.168841469397684718E+01    0.141394012868374794E+02    0.592274696836613417E+08    0.923123454094817930E+02   -0.461561727047408965E+02
    0.636251045564384654E+02    0.168392683967565349E+01    0.133693907603315392E+02    0.319726438217318170E+08    0.922963592243662845E+02   -0.461481796121831422E+02
    0.755605874338518078E+02    0.168542152265384138E+01    0.559272499850921179E+02    0.766373990456290096E+08    0.922924012840517918E+02   -0.461462006420258959E+02
    0.651274739249650736E+02    0.167852752333034871E+01    0.652560600087854681E+02    0.405575188993618041E+08    0.921807147465853518E+02   -0.460903573732926759E+02
    0.651274739249650736E+02    0.167852752333034871E+01    0.652560600087854681E+02    0.405575188993618041E+08    0.921807147465853518E+02   -0.460903573732926759E+02
    0.864914227340497490E+02    0.167966774372628036E+01    0.782021797232737725E+02    0.610451875108536929E+08    0.921577277391253915E+02   -0.460788638695626958E+02
    0.654348569576843886E+02    0.167269459915900365E+01    0.237984509781766684E+01    0.581704208853491247E+08    0.921473669760303267E+02   -0.460736834880151633E+02
    0.647801144334261920E+02    0.168334305287744512E+01    0.367072112281649510E+02    0.323244041644443199E+08    0.920902997756074910E+02   -0.460451498878037455E+02
    0.942015833072086792E+02    0.168224202533367206E+01    0.584445634062005439E+02    0.727425003084692210E+08    0.920896770716171318E+02   -0.460448385358085659E+02
    0.942015833072086792E+02    0.168224202533367206E+01    0.584445634062005439E+02    0.727425003084692210E+08    0.920896770716171318E+02   -0.460448385358085659E+02
    0.654241068977490983E+02    0.168427311859862638E+01    0.491793403613768731E+02    0.839222324481848031E+08    0.920805732497203735E+02   -0.460402866248601867E+02
    0.874532631407449230E+02    0.167926952299783183E+01    0.761377130057520901E+02    0.585607014562862664E+08    0.920773321322785847E+02   -0.460386660661392924E+02
    0.665761330604437234E+02    0.168571275528140041E+01    0.491163864382724498E+02    0.728710505576140881E+08    0.920417835518414336E+02   -0.460208917759207168E+02
    0.945298959012886968E+02    0.168317587552559300E+01    0.415918486072989566E+02    0.803436904219461977E+08    0.920361185369412311E+02   -0.460180592684706156E+02
    0.751175980713859843E+02    0.168562560280738305E+01    0.267424643068602741E+02    0.319775361912683211E+08    0.920284740951684341E+02   -0.460142370475842171E+02
    0.751175980713859843E+02    0.168562560280738305E+01    0.267424643068602741E+02    0.319775361912683211E+08    0.920284740951684341E+02   -0.460142370475842171E+02
    0.769868376170843618E+02    0.168827881985197936E+01    0.252782239292198909E+02    0.530733274719295278E+08    0.920050169894381611E+02   -0.460025084947190805E+02
    0.698735242412183197E+02    0.168653196092863467E+01    0.163573044759113948E+02    0.385905299627177492E+08    0.920033835708947407E+02   -0.460016917854473704E+02
    0.953919912481542696E+02    0.168427239226675618E+01    0.684828626145841390E+01    0.756759988652317673E+08    0.919799796958015321E+02   -0.459899898479007661E+02
    0.106582857655879465E+03    0.168121888758646354E+01    0.593392136271955835E+02    0.486767518617425933E+08    0.919679756032747662E+02   -0.459839878016373831E+02
    0.817210882690383187E+02    0.168559241693913342E+01    0.409661807435635126E+02    0.337161687161665037E+08    0.919656644189646499E+02   -0.459828322094823250E+02
    0.471568143861292697E+02    0.168129254525845262E+01    0.167974649579473265E+02    0.675492653426468223E+08    0.919494700212529494E+02   -0.459747350106264747E+02
    0.592222766852999740E+02    0.167795244216347483E+01    0.281222779377761647E+02    0.364093808076268360E+08    0.919451097293282089E+02   -0.459725548646641045E+02
    0.550360570546979986E+02    0.167602368543083924E+01    0.447162123890466461E+02    0.643695903743740693E+08    0.918896767400812280E+02   -0.459448383700406140E+02
    0.569303400091490488E+02    0.168396445974625086E+01    0.563502397784344424E+02    0.484728790854528695E+08    0.918879555156552215E+02   -0.459439777578276107E+02
    0.737895141471903742E+02    0.168683172850465057E+01    0.315567916355338707E+00    0.674860352953362912E+08    0.918734081942249787E+02   -0.459367040971124894E+02
    0.855478182615748892E+02    0.167587921421253738E+01    0.655338457229657667E+00    0.322112279587737359E+08    0.918511862196581603E+02   -0.459255931098290802E+02
    0.716080001720656156E+02    0.167456748280177159E+01    0.212747620618764310E+01    0.393895127788410112E+08    0.918431046765472558E+02   -0.459215523382736279E+02
    0.742478654860847911E+02    0.168559216324781036E+01    0.154226407624611515E+02    0.353475590323725268E+08    0.918073811605017340E+02   -0.459036905802508670E+02
    0.742478654860847911E+02    0.168559216324781036E+01    0.154226407624611515E+02    0.353475590323725268E+08    0.918073811605017340E+02   -0.459036905802508670E+02
    0.616590130109936752E+02    0.167679209124635475E+01    0.518853997374913547E+02    0.428541081453112960E+08    0.917991431587678903E+02   -0.458995715793839452E+02
    0.110086136909572858E+03    0.168297773971143383E+01    0.281002250288228019E+02    0.434899477953035310E+08    0.917959001968788613E+02   -0.458979500984394306E+02
    0.104357694330034292E+03    0.168307261909922512E+01    0.413339885641267770E+02    0.560788716193424389E+08    0.917862489001906141E+02   -0.458931244500953071E+02
    0.773914696269042821E+02    0.168680828509554481E+01    0.237758091615356513E+02    0.390633920060782135E+08    0.917836500744093655E+02   -0.458918250372046828E+02
    0.605917839719433999E+02    0.168695323899414573E+01    0.148187318286260972E+02    0.498501561109857783E+08    0.917745744939405483E+02   -0.458872872469702742E+02
    0.750987667672740002E+02    0.168176381972177813E+01    0.606843900902074651E+02    0.816383608459238112E+08    0.917735531475493929E+02   -0.458867765737746964E+02
    0.874069161889606505E+02    0.168233677095689949E+01    0.627954369255979614E+02    0.362058465070935562E+08    0.917681246792843979E+02   -0.458840623396421989E+02
    0.874069161889606505E+02    0.168233677095689949E+01    0.627954369255979614E+02    0.362058465070935562E+08    0.917681246792843979E+02   -0.458840623396421989E+02
    0.858291790407334787E+02    0.167903774580493659E+01    0.731878642164082009E+02    0.423858203542856053E+08    0.917647024606270350E+02   -0.458823512303135175E+02
    0.528621573321572242E+02    0.167626909224235332E+01    0.362973979856208189E+02    0.618601620950597748E+08    0.917302957321795276E+02   -0.458651478660897638E+02
    0.890302774496577172E+02    0.168621534684405794E+01    0.265812011332640541E+01    0.561625072804756463E+08    0.917182270145763425E+02   -0.458591135072881713E+02
    0.748549411449712636E+02    0.168252092014444110E+01    0.541818620115206784E+02    0.340589277207830474E+08    0.917144158525306921E+02   -0.458572079262653460E+02
    0.991833171208933493E+02    0.167551131813160592E+01    0.266837726317090969E+02    0.531622617302427590E+08    0.917092742183969847E+02   -0.458546371091984923E+02
    0.991833171208933493E+02    0.167551131813160592E+01    0.266837726317090969E+02    0.531622617302427590E+08    0.917092742183969847E+02   -0.458546371091984923E+02
    0.101844740070518270E+03    0.168229437352895839E+01    0.610080298479071885E+02    0.456873261833739430E+08    0.916710413116198168E+02   -0.458355206558099084E+02
    0.859550530178336061E+02    0.168501174138975585E+01    0.109048213779515955E+02    0.338086536155750826E+08    0.916660909565179054E+02   -0.458330454782589527E+02
    0.590101074928452576E+02    0.168103562172676346E+01    0.622325820154015688E+02    0.503306275709880590E+08    0.916619443265945222E+02   -0.458309721632972611E+02
    0.699185069624975029E+02    0.168756096115176923E+01    0.257630453953931564E+02    0.451240671035487577E+08    0.916503218524466661E+02   -0.458251609262233330E+02
    0.982427869956815414E+02    0.168152538973449528E+01    0.269950164216876658E+02    0.829903778492943943E+08    0.916419628877699211E+02   -0.458209814438849605E+02
    0.544401183491861218E+02    0.168147544489778134E+01    0.425935975547866050E+02    0.715391906810166091E+08    0.916363937701165980E+02   -0.458181968850582990E+02
    0.635005588067022160E+02    0.167686762632819808E+01    0.578134501805451748E+02    0.524644199597530290E+08    0.916351192986375338E+02   -0.458175596493187669E+02
    0.765394556051204233E+02    0.167824388158487725E+01    0.705574984049036118E+02    0.522680020850014538E+08    0.916342270286894234E+02   -0.458171135143447117E+02
    0.101456178397981333E+03    0.168247031254975155E+01    0.159177691317398899E+02    0.721766287567969412E+08    0.916168414902157053E+02   -0.458084207451078527E+02
    0.510384916269859232E+02    0.167688490368805265E+01    0.284997981718690525E+02    0.598244023538643643E+08    0.915927494962147648E+02   -0.457963747481073824E+02
    0.100691491920098002E+03    0.167670700452259691E+01    0.162704389684845196E+02    0.359738368060924932E+08    0.915920153664374368E+02   -0.457960076832187184E+02
    0.107640662130672922E+03    0.167775254525483497E+01    0.420700195059815556E+02    0.472366944739697054E+08    0.915641859002304557E+02   -0.457820929501152278E+02
    0.107558414545528024E+03    0.168328000373471132E+01    0.230194973498106563E+02    0.497968695244627297E+08    0.915415864009791704E+02   -0.457707932004895852E+02
    0.868814284037045752E+02    0.168195725658845263E+01    0.696318352255639752E+02    0.566362333294145241E+08    0.915355002746536286E+02   -0.457677501373268143E+02
    0.804601066559145579E+02    0.168676204645120653E+01    0.396703679069159136E+02    0.424828956395906955E+08    0.915208659277911636E+02   -0.457604329638955818E+02
    0.661337593018620282E+02    0.168420704217707473E+01    0.608930438318133511E+02    0.642120318256212026E+08    0.915159941381744062E+02   -0.457579970690872031E+02
    0.777706701445124935E+02    0.167640052793408922E+01    0.639886797764083539E+02    0.479339763166353330E+08    0.915009353665224694E+02   -0.457504676832612347E+02
    0.542842875013536812E+02    0.168271402481819199E+01    0.434973961963036757E+02    0.644818659113439098E+08    0.914745514896846714E+02   -0.457372757448423357E+02
    0.508933552019752469E+02    0.167844933927689732E+01    0.723751206000936165E+01    0.475356483096721396E+08    0.914688358022322063E+02   -0.457344179011161032E+02
    0.111802410906307230E+03    0.168069040458719221E+01    0.328532477755082866E+02    0.450537134890967906E+08    0.914657602057707777E+02   -0.457328801028853889E+02
    0.672566533894020608E+02    0.168338173562080007E+01    0.634478985324746816E+02    0.563001261599963605E+08    0.914578737066881047E+02   -0.457289368533440523E+02
    0.730563969503223802E+02    0.167876090146695245E+01    0.517242318024315537E+02    0.357995588505740836E+08    0.914458979204919018E+02   -0.457229489602459509E+02
    0.106764399940101555E+03    0.168010098509657024E+01    0.457506111238753022E+02    0.408395782819441631E+08    0.914438565969976338E+02   -0.457219282984988169E+02
    0.105300650533300640E+03    0.168078047563299937E+01    0.178749930339586136E+02    0.333066367878653482E+08    0.914402665291439405E+02   -0.457201332645719702E+02
    0.650570090541382484E+02    0.167995613866902516E+01    0.152724592847525464E+02    0.330163443763332143E+08    0.914371662846836699E+02   -0.457185831423418350E+02
    0.645492750381144731E+02    0.168587547182819297E+01    0.158120956784929483E+02    0.699461449626281559E+08    0.914314476951820723E+02   -0.457157238475910361E+02
    0.606236410038726206E+02    0.168304609794600557E+01    0.105788572178540594E+02    0.845065854498926103E+08    0.914269459869562411E+02   -0.457134729934781205E+02
    0.650273719200926905E+02    0.167992389431748212E+01    0.423495233385926397E+02    0.912343329755693525E+08    0.914110202817029318E+02   -0.457055101408514659E+02
    0.575834136499330640E+02    0.168511832831402186E+01    0.342562546672378474E+02    0.574003435994681418E+08    0.913896938161434491E+02   -0.456948469080717246E+02
    0.704873728672413478E+02    0.168693079827830505E+01    0.406873089973191284E+02    0.501981176436595544E+08    0.913750725870140883E+02   -0.456875362935070441E+02
    0.784732860195426696E+02    0.167905618716147242E+01    0.514045505031893839E+02    0.342216891867542192E+08    0.913635495306399434E+02   -0.456817747653199717E+02
    0.758773571951827392E+02    0.168342792644545924E+01    0.663406561762815414E+02    0.606248114163184389E+08    0.913580115870388738E+02   -0.456790057935194369E+02
    0.878858605189042947E+02    0.167414247540668915E+01    0.975325283970570567E+01    0.511744582919556946E+08    0.913448216517872993E+02   -0.456724108258936496E+02
    0.748421626837910878E+02    0.167551593988632641E+01    0.523757149600411438E+02    0.619986644827140123E+08    0.913213555870410261E+02   -0.456606777935205130E+02
    0.961452394864045345E+02    0.168216176523584693E+01    0.313039175239568053E+02    0.761506217215489447E+08    0.912872676216815933E+02   -0.456436338108407966E+02
    0.688529297247223440E+02    0.168664789107291546E+01    0.259654521741543896E+02    0.647382924388693646E+08    0.912857902975264892E+02   -0.456428951487632446E+02
    0.738522273684377666E+02    0.168578337260593725E+01    0.138904930391285735E+02    0.402764302461407483E+08    0.912813103163998392E+02   -0.456406551581999196E+02
    0.101179516483492449E+03    0.167656537005057737E+01    0.113378878317273983E+02    0.664220896741044968E+08    0.912764196990347045E+02   -0.456382098495173523E+02
    0.512883334671091191E+02    0.168175797148457051E+01    0.133102207747767576E+02    0.574120669878547117E+08    0.912724338151327856E+02   -0.456362169075663928E+02
    0.671952876019112324E+02    0.168598136832791656E+01    0.429341642747484684E+02    0.610057791367936954E+08    0.912714530946731202E+02   -0.456357265473365601E+02
    0.572741324607507991E+02    0.168101956920250606E+01    0.401920737063248339E+02    0.425978682517804205E+08    0.912698074381165441E+02   -0.456349037190582720E+02
    0.865537290084767648E+02    0.167961700583608753E+01    0.683120671311169474E+02    0.516338849593429863E+08    0.912449823864751579E+02   -0.456224911932375790E+02
    0.818699452830908001E+02    0.168289430698482367E+01    0.280139528095279076E+02    0.898628532811573595E+08    0.912008304321217906E+02   -0.456004152160608953E+02
    0.861394037376739306E+02    0.168479213061589972E+01    0.467360566192564306E+02    0.670839517531750277E+08    0.911956104516323762E+02   -0.455978052258161881E+02
    0.965031100878078263E+02    0.167647987678866950E+01    0.180052339539641544E+02    0.374983645758869201E+08    0.911922364363650786E+02   -0.455961182181825393E+02
    0.765083135457038139E+02    0.168674079923912101E+01    0.349089539331643408E+02    0.515022749655054137E+08    0.911862195802485189E+02   -0.455931097901242595E+02
    0.768008685339271437E+02    0.168706700210865268E+01    0.211085082599186151E+02    0.489765192000367865E+08    0.911795407732265204E+02   -0.455897703866132602E+02
    0.691753356542320716E+02    0.168592572728394940E+01    0.414510026377559768E+02    0.647205721674133837E+08    0.911795012262349900E+02   -0.455897506131174950E+02
    0.803500710717685109E+02    0.167957268589617459E+01    0.687020973368123578E+02    0.631685298528023064E+08    0.911741110611470162E+02   -0.455870555305735081E+02
    0.101754488959314898E+03    0.167866433193123976E+01    0.457370994826740116E+02    0.519755666865461096E+08    0.911395678542830012E+02   -0.455697839271415006E+02
    0.655012362523522427E+02    0.168235159818919122E+01    0.536477247724576642E+02    0.420463372610470727E+08    0.911315196424648093E+02   -0.455657598212324046E+02
    0.105854060009462216E+03    0.167850924695821591E+01    0.250267942498639151E+02    0.545778833763646558E+08    0.911232370114048251E+02   -0.455616185057024126E+02
    0.934226974553448741E+02    0.167782339621366949E+01    0.366986521823049259E+02    0.344405259944089428E+08    0.911214645655700366E+02   -0.455607322827850183E+02
    0.952775583418920888E+02    0.167816698085012761E+01    0.344458961373863062E+02    0.340143428313817307E+08    0.910989969255214476E+02   -0.455494984627607238E+02
    0.888531464953488950E+02    0.168113361794079919E+01    0.117241883478551880E+02    0.916119020317648202E+08    0.910921619079472009E+02   -0.455460809539736005E+02
    0.575195532546865635E+02    0.168068999861383994E+01    0.482382753258260166E+02    0.645757554449797943E+08    0.910515894493560438E+02   -0.455257947246780219E+02
    0.955126099794861432E+02    0.168419791519667639E+01    0.386655803547513033E+01    0.420869543801511601E+08    0.910506944992067559E+02   -0.455253472496033780E+02
    0.850581057047577502E+02    0.168031519766192616E+01    0.651438462495158035E+02    0.551543712308697179E+08    0.910372004381190720E+02   -0.455186002190595360E+02
    0.100121600256637635E+03    0.168111244735722720E+01    0.284755949039136915E+02    0.336969043022702336E+08    0.910367707632360350E+02   -0.455183853816180175E+02
    0.729007564391419862E+02    0.167410336152886274E+01    0.721496263894635970E+01    0.557986757401123345E+08    0.910334432562046629E+02   -0.455167216281023315E+02
    0.853608704877731270E+02    0.168544375609916419E+01    0.413676034113810118E+02    0.616745595915690809E+08    0.910330330984762099E+02   -0.455165165492381050E+02
    0.887110844056857246E+02    0.167659066293614134E+01    0.358537908138053609E+02    0.374430781782553792E+08    0.910290663883491220E+02   -0.455145331941745610E+02
    0.957610771720302694E+02    0.168447508025274284E+01    0.272866869605097477E+02    0.541890107591423690E+08    0.910267770167845640E+02   -0.455133885083922820E+02
    0.956098002151535837E+02    0.167664911878831790E+01    0.470647468187969480E+02    0.455056085503587723E+08    0.910204068550509078E+02   -0.455102034275254539E+02
    0.103565795678643909E+03    0.167732326934475839E+01    0.110468756108787751E+02    0.607153130700761005E+08    0.910084601651514333E+02   -0.455042300825757167E+02
    0.615057910263616918E+02    0.168524671177621799E+01    0.348536771018280191E+02    0.493957321461505219E+08    0.910014888166201672E+02   -0.455007444083100836E+02
    0.976821995075173533E+02    0.167807149967781166E+01    0.333597477422918089E+02    0.362297323906928897E+08    0.910006291283683311E+02   -0.455003145641841655E+02
    0.776414070832618535E+02    0.168571962935095687E+01    0.505155473816332989E+01    0.444756866554882899E+08    0.909621834380093901E+02   -0.454810917190046951E+02
    0.556844999545942443E+02    0.167659117378795575E+01    0.849026600278209642E+01    0.518861649034058377E+08    0.909447323501700708E+02   -0.454723661750850354E+02
    0.676354467162940978E+02    0.168464427195421851E+01    0.278516862749502847E+01    0.440169307278086096E+08    0.909286656547263021E+02   -0.454643328273631511E+02
    0.715619237486422719E+02    0.167756927651225718E+01    0.812169042151258225E+01    0.932658606864158958E+08    0.909277475196876424E+02   -0.454638737598438212E+02
    0.883560711213757486E+02    0.167826137519241203E+01    0.418085788864035663E+02    0.351178025035927296E+08    0.909256730224682457E+02   -0.454628365112341228E+02
    0.106104201335273743E+03    0.168139210755723423E+01    0.173122835311812362E+01    0.442998864467166588E+08    0.909065309105788657E+02   -0.454532654552894329E+02
    0.749883100744574165E+02    0.168388424312860119E+01    0.410005117725983848E+01    0.780814722782809585E+08    0.908987464908110496E+02   -0.454493732454055248E+02
    0.604961102368091517E+02    0.167683058246742900E+01    0.166855294177653306E+02    0.765794767126648724E+08    0.908926378401051807E+02   -0.454463189200525903E+02
    0.969300656232441753E+02    0.168295612787120996E+01    0.460680201847083168E+02    0.416655325280105621E+08    0.908497692997639206E+02   -0.454248846498819603E+02
    0.734338663929847684E+02    0.168156933603026459E+01    0.383987313345610133E+02    0.352666836989213824E+08    0.908354709939537770E+02   -0.454177354969768885E+02
    0.921218084066114500E+02    0.168477988852236904E+01    0.187604058053768448E+02    0.619401727884064540E+08    0.908349040944542025E+02   -0.454174520472271013E+02
    0.861565610961980752E+02    0.167716158334222953E+01    0.494609274496200158E+02    0.676152341796264350E+08    0.908320540361472126E+02   -0.454160270180736063E+02
    0.890322584937810149E+02    0.168230767687465188E+01    0.365882028047771541E+02    0.340084937962125242E+08    0.908259470180187236E+02   -0.454129735090093618E+02
    0.799578233991852585E+02    0.168371177346976153E+01    0.874703513587153658E+01    0.783971481780501604E+08    0.908239308443832556E+02   -0.454119654221916278E+02
    0.594785888468967698E+02    0.168081340637906917E+01    0.308412649741417084E+02    0.420618063867646903E+08    0.908180321423406411E+02   -0.454090160711703206E+02
    0.100499069685138252E+03    0.167754267584010774E+01    0.138728166369757400E+02    0.670340888639023378E+08    0.908101793554447738E+02   -0.454050896777223869E+02
    0.967384308229585201E+02    0.168060216169873566E+01    0.569714821692980706E+02    0.437524424043259248E+08    0.908098064430904799E+02   -0.454049032215452399E+02
    0.534636823667666476E+02    0.167975323900779072E+01    0.241495713427020284E+02    0.519597608844139576E+08    0.907947950697938069E+02   -0.453973975348969034E+02
    0.805353863047174201E+02    0.168374498930733729E+01    0.113678616757873741E+02    0.769080891621389687E+08    0.907349647999402862E+02   -0.453674823999701431E+02
    0.864103295348245979E+02    0.167738808150255880E+01    0.476798904798448646E+02    0.680020890522140414E+08    0.906973492560345278E+02   -0.453486746280172639E+02
    0.769425789921384080E+02    0.168552016598611432E+01    0.285246556645283853E+02    0.656871661310380772E+08    0.906940629390033450E+02   -0.453470314695016725E+02
    0.913840687389377848E+02    0.168325554762945107E+01    0.723216378770213386E+00    0.405113540561935008E+08    0.906474693750731717E+02   -0.453237346875365859E+02
    0.738140272291178121E+02    0.167562685719243065E+01    0.393787603590312827E+02    0.459681171919233948E+08    0.906359423584360826E+02   -0.453179711792180413E+02
    0.860784351502068290E+02    0.167522240225207475E+01    0.575298705779748953E+01    0.608939432549782768E+08    0.906330192501854839E+02   -0.453165096250927419E+02
    0.101473595366059072E+03    0.167971222548923449E+01    0.267354721163927833E+00    0.658396272879217789E+08    0.906228907456504658E+02   -0.453114453728252329E+02
    0.621083520283152879E+02    0.168245960011910789E+01    0.446273490147460734E+02    0.589835417165600955E+08    0.906175227545393085E+02   -0.453087613772696542E+02
    0.903418872430021338E+02    0.168150656383565500E+01    0.109515455687698626E+02    0.791447404373309314E+08    0.905996081511393783E+02   -0.452998040755696891E+02
    0.980607394220474617E+02    0.168280014678285661E+01    0.160311805329742962E+01    0.436559079620001689E+08    0.905972773077688203E+02   -0.452986386538844101E+02
    0.824616988737573138E+02    0.168437321806819984E+01    0.278175904370458191E+02    0.390781899346567020E+08    0.905801421489374547E+02   -0.452900710744687274E+02
    0.602969187811893406E+02    0.168194273973093344E+01    0.217966483981802774E+02    0.712874341681573838E+08    0.905679576301323266E+02   -0.452839788150661633E+02
    0.813934959018928765E+02    0.167694025214564135E+01    0.205471160666318333E+02    0.409480093852586597E+08    0.899885784671652971E+02   -0.449942892335826485E+02
    0.770006491847306478E+02    0.168055134770905301E+01    0.759809675394171080E+01    0.596675794949697107E+08    0.890659221992997345E+02   -0.445329610996498673E+02
    0.770006491847306478E+02    0.168055134770905301E+01    0.759809675394171080E+01    0.596675794949697107E+08    0.890659221992997345E+02   -0.445329610996498673E+02
    0.719320902478921766E+02    0.167703784182041460E+01    0.265196278734388287E+02    0.574245788497000635E+08    0.896742617873304368E+02   -0.448371308936652184E+02
    0.825136619295675757E+02    0.167736475645559602E+01    0.207724878965210946E+01    0.455746480207350105E+08    0.895215537884398032E+02   -0.447607768942199016E+02
    0.775920515398701554E+02    0.168192325808385901E+01    0.131241927901135238E+02    0.500807207824145555E+08    0.891049864002580563E+02   -0.445524932001290281E+02
    0.680278647227084150E+02    0.168059727390379909E+01    0.329225945599339020E+01    0.699907326830500513E+08    0.897793136694961902E+02   -0.448896568347480951E+02
    0.667316663117264852E+02    0.167676239182169273E+01    0.180997745153912746E+02    0.427478568362840340E+08    0.903962376803946199E+02   -0.451981188401973100E+02
    0.819420255771228483E+02    0.168270469638778342E+01    0.218851068796762949E+01    0.626466843459409028E+08    0.897026756916661725E+02   -0.448513378458330862E+02
    0.682124059667159770E+02    0.168121338882846505E+01    0.402660604114961700E+02    0.719707144543534219E+08    0.903643822216780563E+02   -0.451821911108390282E+02
    0.675971625774398035E+02    0.168268905996100648E+01    0.363845683723266831E+02    0.695042315401511937E+08    0.903284219944522135E+02   -0.451642109972261068E+02
    0.831313097211768053E+02    0.168146250158928456E+01    0.453238439254928878E+02    0.575990322696116641E+08    0.897973934613843028E+02   -0.448986967306921514E+02
    0.808531132601615923E+02    0.168164173078079981E+01    0.508280908120186652E+02    0.531240546920854300E+08    0.900805288322147248E+02   -0.450402644161073624E+02
    0.684858302379906405E+02    0.168261357375555476E+01    0.345446095620913383E+02    0.542392940304697827E+08    0.898924956536363311E+02   -0.449462478268181655E+02
    0.799760093464668671E+02    0.168428519351848660E+01    0.459119620352689921E+02    0.550799389890359342E+08    0.905300332941135650E+02   -0.452650166470567825E+02
    0.774247305230717728E+02    0.168214786434454444E+01    0.468321717356828344E+02    0.621590412295001745E+08    0.899480842871072639E+02   -0.449740421435536319E+02
    0.835126180821250443E+02    0.168263337937645008E+01    0.316494417785961879E+02    0.600872946999396086E+08    0.896275744067270779E+02   -0.448137872033635389E+02
    0.836333713498995053E+02    0.168453358209781490E+01    0.329338047037771489E+02    0.487640815202041715E+08    0.900337391896620574E+02   -0.450168695948310287E+02
    0.724819755199157640E+02    0.168088741230037986E+01    0.131388507748986854E+02    0.802924395956960768E+08    0.900987226660159166E+02   -0.450493613330079583E+02
    0.814122026642867667E+02    0.167761644563181012E+01    0.227437529037985229E+02    0.576753090929078832E+08    0.893445796335687845E+02   -0.446722898167843923E+02
    0.730381851310657169E+02    0.168235971789925975E+01    0.381295308293659119E+02    0.558306307904024273E+08    0.897542719390643100E+02   -0.448771359695321550E+02
    0.613863115893488072E+02    0.167928978069881363E+01    0.402718527039268466E+02    0.453450174035398215E+08    0.904787034882818375E+02   -0.452393517441409188E+02
    0.725361241591402433E+02    0.168091416193356946E+01    0.803396937048383286E+01    0.743012337636125833E+08    0.898269274489561838E+02   -0.449134637244780919E+02
    0.759394075756195406E+02    0.168201088443964442E+01    0.404756433618613656E+02    0.529101365842850432E+08    0.896877344930973663E+02   -0.448438672465486832E+02
    0.732338091428259759E+02    0.167809051119988539E+01    0.266306347281815903E+02    0.542995936211633012E+08    0.893809815820594054E+02   -0.446904907910297027E+02
    0.640249237523624544E+02    0.167924302752098642E+01    0.152653016013266978E+02    0.571513975096671358E+08    0.895910738617581615E+02   -0.447955369308790807E+02
    0.907800450117067896E+02    0.167776531158649100E+01    0.384557890007294958E+02    0.672747276281378418E+08    0.903494242700958239E+02   -0.451747121350479119E+02
    0.949644576844406743E+02    0.167714899876445278E+01    0.173028568203661148E+01    0.417753744089601338E+08    0.904191096306154805E+02   -0.452095548153077402E+02
    0.737443601044913208E+02    0.168179273465048684E+01    0.339613719225963280E+02    0.652951473360593617E+08    0.895642663993762937E+02   -0.447821331996881469E+02
    0.874814704637330038E+02    0.168127983126377067E+01    0.129225523856288262E+02    0.362176880893148407E+08    0.901898707878145558E+02   -0.450949353939072779E+02
    0.828474207768267803E+02    0.168526967605611189E+01    0.230355301635209848E+02    0.503150188824423179E+08    0.903092001588839821E+02   -0.451546000794419911E+02
    0.924248391341446904E+02    0.168011506314070536E+01    0.270161775035977492E+02    0.335189836555516049E+08    0.905521635469874013E+02   -0.452760817734937007E+02
    0.892114279987374914E+02    0.168358071219777750E+01    0.346007213757401360E+02    0.489705720797163025E+08    0.899332792577829423E+02   -0.449666396288914711E+02
    0.839054732116183146E+02    0.168149306729546910E+01    0.765658798380610350E+00    0.412190477250017375E+08    0.898160210708842897E+02   -0.449080105354421448E+02
    0.939328683572868073E+02    0.168218680860791281E+01    0.901867933244810338E+01    0.478054684118695110E+08    0.896772548395011597E+02   -0.448386274197505799E+02
    0.944421129997506767E+02    0.168228673445320109E+01    0.225813255946382370E+02    0.390298788614763469E+08    0.902705783323144715E+02   -0.451352891661572357E+02
    0.944795035468992666E+02    0.167973156380586408E+01    0.228799954868644839E+02    0.703926114035596251E+08    0.902290356753908043E+02   -0.451145178376954021E+02
    0.774352254956799015E+02    0.168114967243327573E+01    0.149489130996190180E+02    0.638986513564830571E+08    0.891072500930178109E+02   -0.445536250465089054E+02
    0.683890034271212528E+02    0.167853926795798603E+01    0.447610383660007543E+02    0.435607239208126664E+08    0.903161675433056104E+02   -0.451580837716528052E+02
    0.851756287482249235E+02    0.168094510182387813E+01    0.158995220292549391E+02    0.604357152263755873E+08    0.891382206897052924E+02   -0.445691103448526462E+02
    0.957232470656363290E+02    0.168259291201233463E+01    0.529575146641573902E+01    0.594206352440320924E+08    0.903213757659835323E+02   -0.451606878829917662E+02
    0.818553251274370126E+02    0.168354665504691914E+01    0.307192273745834115E+02    0.711289763749319911E+08    0.904458693945553591E+02   -0.452229346972776796E+02
    0.776256504123131919E+02    0.167710090694290059E+01    0.148335622413378889E+02    0.682584012021888196E+08    0.896606516868094445E+02   -0.448303258434047223E+02
    0.649240035706357048E+02    0.168272228060747131E+01    0.415007792186228528E+02    0.529625836938039139E+08    0.903383548376401393E+02   -0.451691774188200696E+02
    0.728590103131708275E+02    0.168036261183334101E+01    0.186954211342714487E+02    0.717696186887900680E+08    0.896213333188779302E+02   -0.448106666594389651E+02
    0.610828944274407917E+02    0.167967007685345515E+01    0.409504974544789206E+02    0.509838549234407544E+08    0.902980868749904744E+02   -0.451490434374952372E+02
    0.843387514146625392E+02    0.168130225925847432E+01    0.297746074719007652E+02    0.810758106511021554E+08    0.904752865869109115E+02   -0.452376432934554558E+02
    0.652532524842446549E+02    0.168088389375848157E+01    0.384274855740478216E+01    0.717870303295412511E+08    0.901067090424124757E+02   -0.450533545212062378E+02
    0.767978164161852703E+02    0.168452313253571928E+01    0.165156304107991829E+02    0.652715253469493464E+08    0.901765297805202124E+02   -0.450882648902601062E+02
    0.102522249481099720E+03    0.167951380294489105E+01    0.314141126609351566E+02    0.474773023039380312E+08    0.902157013770524401E+02   -0.451078506885262200E+02
    0.916482682520730094E+02    0.168027194881747932E+01    0.213279961053922165E+02    0.633841626016181856E+08    0.894442567977786211E+02   -0.447221283988893106E+02
    0.785804609384031778E+02    0.167913622547452368E+01    0.469062513165016810E+02    0.716571876933215857E+08    0.903983887734135720E+02   -0.451991943867067860E+02
    0.847174398782891700E+02    0.167932323996684607E+01    0.287169386256926522E+02    0.637721297245321125E+08    0.892456992060001539E+02   -0.446228496030000770E+02
    0.860862747273559989E+02    0.168342138014755172E+01    0.255522908999460689E+02    0.602454462239015251E+08    0.898744347748131247E+02   -0.449372173874065624E+02
    0.968090001588500826E+02    0.168323728759267666E+01    0.367351270027282837E+02    0.471552541101472825E+08    0.903665489054317561E+02   -0.451832744527158781E+02
    0.840136797291237372E+02    0.167921147190014119E+01    0.158625973175782065E+02    0.668140770670521259E+08    0.892525010195531365E+02   -0.446262505097765683E+02
    0.722423312877614734E+02    0.168501054888854118E+01    0.166668735830266108E+02    0.595648646744471043E+08    0.903409867121757202E+02   -0.451704933560878601E+02
    0.651421283799253104E+02    0.167780053446274979E+01    0.211393325973931354E+02    0.484191164323289394E+08    0.897370289730848469E+02   -0.448685144865424235E+02
    0.648768697635853613E+02    0.167831925925303982E+01    0.326957325937708347E+02    0.566733681490154117E+08    0.898911216396319901E+02   -0.449455608198159950E+02
    0.727769032981958759E+02    0.168065327058057834E+01    0.936913020449012457E+01    0.747569851228765398E+08    0.897938319523137665E+02   -0.448969159761568832E+02
    0.627540688504820707E+02    0.168163298164403119E+01    0.122045611758229722E+02    0.495040057440316677E+08    0.898679426620374642E+02   -0.449339713310187321E+02
    0.836322256176591168E+02    0.167715038326610633E+01    0.203017843379034240E+02    0.402812346666683555E+08    0.899968279569756078E+02   -0.449984139784878039E+02
    0.815975699976038840E+02    0.168078206596006030E+01    0.306223125555679268E+02    0.376221967935693860E+08    0.899748576368321551E+02   -0.449874288184160775E+02
    0.895724453272281380E+02    0.167677869825375558E+01    0.274960572522324860E+02    0.462072991999598294E+08    0.898653792798471613E+02   -0.449326896399235807E+02
    0.795335098875003723E+02    0.168035828917410668E+01    0.493408360572334317E+02    0.521303991531982645E+08    0.898433138271364271E+02   -0.449216569135682136E+02
    0.742412088752293897E+02    0.167772993806342807E+01    0.228070489824286113E+02    0.823701100119699538E+08    0.903501656014305183E+02   -0.451750828007152592E+02
    0.935786104672212673E+02    0.167853461057428599E+01    0.101689401090433371E+02    0.651474067389505431E+08    0.897514148497410957E+02   -0.448757074248705479E+02
    0.904166177980650332E+02    0.168059935186860265E+01    0.597433036375049653E+02    0.488732956509972513E+08    0.904927785535225269E+02   -0.452463892767612634E+02
    0.625116169050581476E+02    0.167923289788244601E+01    0.304160360537800329E+02    0.734028643515192717E+08    0.904054624097896919E+02   -0.452027312048948460E+02
    0.927393268510655417E+02    0.168018434634198388E+01    0.419984902096751114E+02    0.464611683841609433E+08    0.896871273675469638E+02   -0.448435636837734819E+02
    0.825236940796794016E+02    0.167902339781912557E+01    0.233470626875113787E+02    0.826516455032733381E+08    0.902632924066211757E+02   -0.451316462033105879E+02
    0.681802852369421117E+02    0.168119943091643864E+01    0.224606426455466561E+02    0.650299507439898923E+08    0.894822287512318439E+02   -0.447411143756159220E+02
    0.941287344783201263E+02    0.168058051477607617E+01    0.251886087740929483E+02    0.554578195390528366E+08    0.896824539326534591E+02   -0.448412269663267296E+02
    0.732719553877181795E+02    0.168143473941639932E+01    0.175295775595999181E+02    0.463581413413280845E+08    0.892118195647928474E+02   -0.446059097823964237E+02
    0.817562746874607029E+02    0.168229429684901821E+01    0.452618485164918312E+02    0.602851698233081326E+08    0.899314658480968774E+02   -0.449657329240484387E+02
    0.760135761751647436E+02    0.168541616858026844E+01    0.295662218104719976E+02    0.543091024793131724E+08    0.905269994291729745E+02   -0.452634997145864872E+02
    0.922624269384254916E+02    0.167702422446666000E+01    0.114777097558187666E+02    0.437175691570406780E+08    0.899652851668903395E+02   -0.449826425834451697E+02
    0.760987477642615886E+02    0.167667894154420205E+01    0.370289417886064198E+01    0.674471287288379222E+08    0.898218662603695464E+02   -0.449109331301847732E+02
    0.949053236753871516E+02    0.167614683067504244E+01    0.236084201013882904E+02    0.464185042444499359E+08    0.904794431137358970E+02   -0.452397215568679485E+02
    0.832699703736558803E+02    0.167791023048603249E+01    0.293414913180686909E+02    0.442279709793786407E+08    0.894466873438264827E+02   -0.447233436719132413E+02
    0.769375614674713688E+02    0.167668355680630055E+01    0.155629750578643886E+02    0.764440622892014980E+08    0.903108080458226539E+02   -0.451554040229113269E+02
    0.892891633793621367E+02    0.168012728398698652E+01    0.180118577355844174E+02    0.597594011014761329E+08    0.892522605877518345E+02   -0.446261302938759172E+02
    0.974056181511553945E+02    0.168105672945325901E+01    0.513640766767009982E+01    0.393206828890438750E+08    0.903410774665091054E+02   -0.451705387332545527E+02
    0.830971026472930845E+02    0.167858744956548800E+01    0.521767622277592693E+02    0.470329685942105129E+08    0.899969308776145738E+02   -0.449984654388072869E+02
    0.966930247066707125E+02    0.168122159858983822E+01    0.318483561793914909E+02    0.596684373469747007E+08    0.900762921948201978E+02   -0.450381460974100989E+02
    0.757415305312609206E+02    0.168152363000878124E+01    0.878396324458998912E+01    0.469182230614946783E+08    0.891928834476120471E+02   -0.445964417238060236E+02
    0.789477138345097700E+02    0.168410079240866772E+01    0.322273617750980179E+02    0.630798183188054860E+08    0.900346841043135271E+02   -0.450173420521567635E+02
