# Units are F_lambda in 1e-18 erg cm^(-2) s^(-1) A^(-1). 'data' column has been
# divided by 'polynomial' to match photometry.
# wavelength data error polynomial model usedpixel?
10199.386 3.51484125804e-09 1.97179404357e-10 996759325045.0 1.68991237803e-10 0
10222.317 1.84697656506e-09 1.7695286681e-10 1.001685043e+12 1.63421852946e-10 0
10245.248 2.40172208938e-09 1.69618860261e-10 1.00661076096e+12 1.61246321473e-10 0
10268.178 1.56608443632e-09 1.51325528734e-10 1.01153626411e+12 1.63736794986e-10 0
10291.109 -1.64848752788e-09 1.41990760644e-10 1.01646198207e+12 1.67812695557e-10 0
10314.04 3.50251809368e-09 1.32852627848e-10 1.02138770003e+12 1.70500161654e-10 0
10336.971 3.78146366597e-10 1.26883374726e-10 1.02631341798e+12 1.71547370507e-10 0
10359.902 8.12414415631e-10 1.16534725857e-10 1.03123913594e+12 1.72025409765e-10 0
10382.833 5.97872739719e-10 1.1425216707e-10 1.0361648539e+12 1.72397110146e-10 0
10405.764 3.41465727969e-10 1.04903620254e-10 1.04109057185e+12 1.72630531626e-10 0
10428.694 -1.12060648781e-10 1.02126212544e-10 1.04601607501e+12 1.72722165452e-10 0
10451.625 7.09811128452e-10 9.25723438267e-11 1.05094179296e+12 1.72643848811e-10 0
10474.556 2.58661836997e-10 8.72826477251e-11 1.05586751092e+12 1.72438571107e-10 0
10497.487 9.59368491706e-10 7.91141362099e-11 1.06079322888e+12 1.72040378379e-10 0
10520.418 4.95428791585e-10 7.28447525781e-11 1.06571894683e+12 1.7140456681e-10 0
10543.349 4.97178090458e-10 6.65698745287e-11 1.07064466479e+12 1.70678270799e-10 0
10566.279 5.93120438827e-10 6.31329726538e-11 1.07557016794e+12 1.70070105188e-10 0
10589.21 3.23068809937e-10 5.779745931e-11 1.0804958859e+12 1.69589350603e-10 0
10612.141 1.61908247795e-10 5.47998241315e-11 1.08542160386e+12 1.68981096527e-10 0
10635.072 6.49528710559e-11 5.10031811766e-11 1.09034732182e+12 1.68061689323e-10 0
10658.003 5.42436267876e-10 5.02622022098e-11 1.09527303977e+12 1.6687580631e-10 0
10680.934 3.02091860825e-10 4.52527924161e-11 1.10019875773e+12 1.65653785193e-10 0
10703.865 1.87560392119e-10 4.27610274133e-11 1.10512447569e+12 1.64635010133e-10 0
10726.795 1.73184229237e-10 3.78604088115e-11 1.11004997884e+12 1.63778012433e-10 0
10749.726 1.66620636247e-10 3.55132359511e-11 1.1149756968e+12 1.63006776106e-10 0
10772.657 1.19709349621e-10 3.14628739064e-11 1.11990141475e+12 1.62222851018e-10 0
10795.588 1.4307882102e-10 2.96753999164e-11 1.12482713271e+12 1.6136008895e-10 0
10818.519 2.55829148675e-10 2.72088864231e-11 1.12975285067e+12 1.60563162865e-10 0
10841.45 1.58117968349e-10 2.55748894907e-11 1.13467856862e+12 1.59937403406e-10 0
10864.381 1.43212895846e-10 2.35734037826e-11 1.13960428658e+12 1.59447965337e-10 0
10887.311 1.21114383604e-10 2.29105465277e-11 1.14452978973e+12 1.58956967956e-10 0
10910.242 1.88138800113e-10 2.18710222638e-11 1.14945550769e+12 1.58321318883e-10 0
10933.173 1.40234401256e-10 2.11547064847e-11 1.15438122565e+12 1.57521750466e-10 0
10956.104 1.90323141957e-10 2.04554394596e-11 1.15930694361e+12 1.56681093442e-10 0
10979.035 1.52623849052e-10 1.98937014608e-11 1.16423266156e+12 1.55867013707e-10 0
11001.966 1.58798228924e-10 1.87671528378e-11 1.16915837952e+12 1.54961128731e-10 1
11024.897 1.44175081124e-10 1.84642250471e-11 1.17408409748e+12 1.53973509953e-10 1
11047.827 1.68588627178e-10 1.75936769208e-11 1.17900960063e+12 1.52929300264e-10 1
11070.758 1.88325355701e-10 1.75660491528e-11 1.18393531859e+12 1.51873511178e-10 1
11093.689 1.30314994972e-10 1.63048273971e-11 1.18886103654e+12 1.5091763016e-10 1
11116.62 1.45539661372e-10 1.64246050864e-11 1.1937867545e+12 1.50182745258e-10 1
11139.551 1.69206640175e-10 1.59384384821e-11 1.19871247246e+12 1.49698240045e-10 1
11162.482 1.44039032145e-10 1.59427227823e-11 1.20363819042e+12 1.49227543992e-10 1
11185.413 1.64816803332e-10 1.5548321334e-11 1.20856390837e+12 1.48824669968e-10 1
11208.343 1.63226376859e-10 1.57678269116e-11 1.21348941152e+12 1.48530502246e-10 1
11231.274 1.59404693278e-10 1.52395038035e-11 1.21841512948e+12 1.48247897566e-10 1
11254.205 1.4474842426e-10 1.53204988121e-11 1.22334084744e+12 1.47956532403e-10 1
11277.136 1.51544359542e-10 1.49219131387e-11 1.2282665654e+12 1.47566281082e-10 1
11300.067 1.68595094866e-10 1.52244400597e-11 1.23319228335e+12 1.46962182465e-10 1
11322.998 1.75395511389e-10 1.48401501154e-11 1.23811800131e+12 1.46105103886e-10 1
11345.929 1.24872285338e-10 1.46268435439e-11 1.24304371927e+12 1.4494497039e-10 1
11368.859 1.47711791836e-10 1.44129868565e-11 1.24796922242e+12 1.43341483442e-10 1
11391.79 1.63162627138e-10 1.47007010775e-11 1.25289494038e+12 1.41069861228e-10 1
11414.721 1.46996043335e-10 1.41754843044e-11 1.25782065833e+12 1.38005056123e-10 1
11437.652 1.49433649974e-10 1.44202061015e-11 1.26274637629e+12 1.34453923468e-10 1
11460.583 1.39605226622e-10 1.39660777265e-11 1.26767209425e+12 1.31590512539e-10 1
11483.514 1.18714442655e-10 1.40367183007e-11 1.27259781221e+12 1.30844630721e-10 1
11506.445 1.03590851265e-10 1.35752552423e-11 1.27752353016e+12 1.3221520151e-10 1
11529.375 1.36009498599e-10 1.40921725001e-11 1.28244903331e+12 1.3433419409e-10 1
11552.306 1.18097414797e-10 1.34808873507e-11 1.28737475127e+12 1.36170687444e-10 1
11575.237 1.61831683095e-10 1.40792210738e-11 1.29230046923e+12 1.37342561356e-10 1
11598.168 1.18880332145e-10 1.34464291365e-11 1.29722618719e+12 1.38021837982e-10 1
11621.099 1.5251138459e-10 1.38154349957e-11 1.30215190514e+12 1.38889213629e-10 1
11644.03 1.37173574722e-10 1.32771242452e-11 1.3070776231e+12 1.40517407882e-10 1
11666.961 1.36298463886e-10 1.34299368367e-11 1.31200334106e+12 1.43281995488e-10 1
11689.891 1.36514832058e-10 1.3015447323e-11 1.31692884421e+12 1.46526053837e-10 1
11712.822 1.4150932739e-10 1.33290306697e-11 1.32185456217e+12 1.47781562995e-10 1
11735.753 1.64192800619e-10 1.31053311995e-11 1.32678028012e+12 1.47095733074e-10 1
11758.684 1.43652780926e-10 1.31383668957e-11 1.33170599808e+12 1.47807349501e-10 1
11781.615 1.49157585899e-10 1.27941854101e-11 1.33663171604e+12 1.52373238497e-10 1
11804.546 1.5834827091e-10 1.31075625645e-11 1.341557434e+12 1.58523399003e-10 1
11827.477 1.47046503859e-10 1.24329487344e-11 1.34648315195e+12 1.57776997408e-10 1
11850.407 1.46462448093e-10 1.27258249642e-11 1.3514086551e+12 1.49460184937e-10 1
11873.338 1.39762357841e-10 1.21908390205e-11 1.35633437306e+12 1.40975766569e-10 1
11896.269 1.55766264948e-10 1.26543201506e-11 1.36126009102e+12 1.35391033561e-10 1
11919.2 1.25635245859e-10 1.19053007967e-11 1.36618580898e+12 1.32061894952e-10 1
11942.131 1.35090520619e-10 1.23622576771e-11 1.37111152693e+12 1.29984418099e-10 1
11965.062 1.62651040756e-10 1.20791396176e-11 1.37603724489e+12 1.28443639629e-10 1
11987.993 1.31385797361e-10 1.2135909109e-11 1.38096296285e+12 1.27192575093e-10 1
12010.923 1.4251621602e-10 1.17906501143e-11 1.385888466e+12 1.26241526304e-10 1
12033.854 1.31613713832e-10 1.20899917429e-11 1.39081418396e+12 1.25423126149e-10 1
12056.785 1.28482785191e-10 1.15510088792e-11 1.39573990191e+12 1.24636890591e-10 1
12079.716 1.3565154831e-10 1.18930833767e-11 1.40066561987e+12 1.23844790133e-10 1
12102.647 1.34834560302e-10 1.14261532266e-11 1.40559133783e+12 1.22952039917e-10 1
12125.578 4.73368051284e-11 8.16731208797e-12 1.41051705579e+12 1.21934780713e-10 1
12148.509 1.26871932466e-10 1.12774633465e-11 1.41544277374e+12 1.20823009766e-10 1
12171.439 1.17285912893e-10 1.15928272039e-11 1.42036827689e+12 1.19631057582e-10 1
12194.37 1.23194394023e-10 1.1088301822e-11 1.42529399485e+12 1.18385499332e-10 1
12217.301 1.21785623873e-10 1.13094064186e-11 1.43021971281e+12 1.1749579548e-10 1
12240.232 1.32156341744e-10 1.11068548583e-11 1.43514543077e+12 1.1706675447e-10 1
12263.163 1.23930980881e-10 1.13288485881e-11 1.44007114872e+12 1.16751511543e-10 1
12286.094 1.30698740153e-10 1.09934127653e-11 1.44499686668e+12 1.1638373041e-10 1
12309.024 1.26553451287e-10 1.11751914014e-11 1.44992236983e+12 1.16024427552e-10 1
12331.955 1.30711722823e-10 1.08714106529e-11 1.45484808779e+12 1.1569255294e-10 1
12354.886 1.21817756491e-10 1.10777415901e-11 1.45977380575e+12 1.15418534012e-10 1
12377.817 1.1939472033e-10 1.06739039284e-11 1.4646995237e+12 1.15091861292e-10 1
12400.748 1.19011633063e-10 1.09171811596e-11 1.46962524166e+12 1.14566172981e-10 1
12423.679 1.35620819813e-10 1.06942000866e-11 1.47455095962e+12 1.13965332296e-10 1
12446.61 1.28099829401e-10 1.08994499504e-11 1.47947667758e+12 1.13724023959e-10 1
12469.54 1.29844871223e-10 1.05835131503e-11 1.48440218073e+12 1.13813124734e-10 1
12492.471 1.15142179336e-10 1.07433017364e-11 1.48932789868e+12 1.13810489459e-10 1
12515.402 1.1061228707e-10 1.03348995298e-11 1.49425361664e+12 1.13600526093e-10 1
12538.333 1.23036054289e-10 1.06293074032e-11 1.4991793346e+12 1.1310321676e-10 1
12561.264 1.13131599226e-10 1.02559877542e-11 1.50410505256e+12 1.12469660745e-10 1
12584.195 1.22432950746e-10 1.05402085304e-11 1.50903077051e+12 1.11996672214e-10 1
12607.126 1.09282321692e-10 1.01470049615e-11 1.51395648847e+12 1.11720212006e-10 1
12630.056 1.17793410539e-10 1.04525533172e-11 1.51888199162e+12 1.11505643154e-10 1
12652.987 1.31054363844e-10 1.01637423821e-11 1.52380770958e+12 1.11152892505e-10 1
12675.918 1.16728624354e-10 1.03396777458e-11 1.52873342754e+12 1.10608197374e-10 1
12698.849 1.26357796365e-10 1.01357756355e-11 1.53365914549e+12 1.09974911363e-10 1
12721.78 1.23981591482e-10 1.02452951244e-11 1.53858486345e+12 1.0927040937e-10 1
12744.711 1.1620480103e-10 9.87931743629e-12 1.54351058141e+12 1.08662301171e-10 1
12767.642 1.06072978312e-10 1.00607580734e-11 1.54843629937e+12 1.08321611276e-10 1
12790.572 1.15559214672e-10 9.83368779589e-12 1.55336180252e+12 1.08098347389e-10 1
12813.503 1.19878923206e-10 1.01207420279e-11 1.55828752047e+12 1.07801426169e-10 1
12836.434 9.41434197088e-11 9.52029552599e-12 1.56321323843e+12 1.07461449191e-10 1
12859.365 1.0805356841e-10 9.89508228004e-12 1.56813895639e+12 1.07049283028e-10 1
12882.296 1.1189204924e-10 9.57322495737e-12 1.57306467435e+12 1.06553082356e-10 1
12905.227 1.16579803589e-10 9.90077067402e-12 1.5779903923e+12 1.0602532917e-10 1
12928.158 1.23648062416e-10 9.62741417642e-12 1.58291611026e+12 1.05520217573e-10 1
12951.088 1.09236197449e-10 9.76850516386e-12 1.58784161341e+12 1.05110411622e-10 1
12974.019 1.11165991738e-10 9.4131739801e-12 1.59276733137e+12 1.04767007103e-10 1
12996.95 1.21701950248e-10 9.71882678375e-12 1.59769304933e+12 1.04456906642e-10 1
13019.881 1.02434660913e-10 9.24165515989e-12 1.60261876728e+12 1.04242741934e-10 1
13042.812 1.17502875805e-10 9.62613112239e-12 1.60754448524e+12 1.04076735739e-10 1
13065.743 1.24768804782e-10 9.35535613004e-12 1.6124702032e+12 1.03913691005e-10 1
13088.674 1.20151347891e-10 9.50449905242e-12 1.61739592116e+12 1.03723813401e-10 1
13111.604 1.12632593802e-10 9.0852661989e-12 1.62232142431e+12 1.03417490187e-10 1
13134.535 9.94997660741e-11 9.33051077839e-12 1.62724714226e+12 1.03003436058e-10 1
13157.466 1.11086652902e-10 8.98492393631e-12 1.63217286022e+12 1.02540263995e-10 1
13180.397 1.09684738838e-10 9.28266397794e-12 1.63709857818e+12 1.02044196181e-10 1
13203.328 1.102162498e-10 8.9302046471e-12 1.64202429614e+12 1.01658288581e-10 1
13226.259 1.04564023514e-10 9.10283121632e-12 1.64695001409e+12 1.01415289836e-10 1
13249.19 1.10453175417e-10 8.79639595042e-12 1.65187573205e+12 1.01101140956e-10 1
13272.12 1.01093110291e-10 8.99369742333e-12 1.6568012352e+12 1.00650631509e-10 1
13295.051 1.02156361896e-10 8.67558955615e-12 1.66172695316e+12 1.00135916027e-10 1
13317.982 9.33050255131e-11 8.86984628303e-12 1.66665267112e+12 9.96088058094e-11 1
13340.913 1.1022640111e-10 8.6967300457e-12 1.67157838907e+12 9.91410135955e-11 1
13363.844 1.05830179154e-10 8.95812299953e-12 1.67650410703e+12 9.88072654038e-11 1
13386.775 1.04217510238e-10 8.53482838637e-12 1.68142982499e+12 9.85874858302e-11 1
13409.706 1.04948835221e-10 8.89709590766e-12 1.68635554295e+12 9.83293284028e-11 1
13432.636 9.94669220638e-11 8.45728983543e-12 1.6912810461e+12 9.80121522655e-11 1
13455.567 9.93762750935e-11 8.71568037181e-12 1.69620676405e+12 9.7710301523e-11 1
13478.498 9.90169735639e-11 8.38329063186e-12 1.70113248201e+12 9.75510617993e-11 1
13501.429 9.64552440257e-11 8.61260008614e-12 1.70605819997e+12 9.75631808544e-11 1
13524.36 1.0477656635e-10 8.34427714394e-12 1.71098391793e+12 9.75468716374e-11 1
13547.291 1.05385240702e-10 8.54144512829e-12 1.71590963588e+12 9.7382288092e-11 1
13570.222 6.40220458942e-11 6.83867051763e-12 1.72083535384e+12 9.71122303062e-11 1
13593.152 9.98313696258e-11 8.56407939728e-12 1.72576085699e+12 9.6826306425e-11 1
13616.083 9.47896819532e-11 8.14613298795e-12 1.73068657495e+12 9.6514667801e-11 1
13639.014 9.91141862172e-11 8.51232620349e-12 1.73561229291e+12 9.61635206476e-11 1
13661.945 1.09978528941e-10 8.28155714499e-12 1.74053801086e+12 9.59688579858e-11 1
13684.876 1.00353537635e-10 8.45836424798e-12 1.74546372882e+12 9.59645052911e-11 1
13707.807 1.05174839999e-10 8.20784884555e-12 1.75038944678e+12 9.59692349919e-11 1
13730.738 9.5800437083e-11 8.39577148086e-12 1.75531516474e+12 9.58914086131e-11 1
13753.668 9.77709543586e-11 8.08346736875e-12 1.76024066789e+12 9.56789085778e-11 1
13776.599 1.00525214746e-10 8.40555718656e-12 1.76516638584e+12 9.52532898906e-11 1
13799.53 1.00452286984e-10 8.06829145745e-12 1.7700921038e+12 9.45901765971e-11 1
13822.461 9.28768871947e-11 8.30772222072e-12 1.77501782176e+12 9.37880194548e-11 1
13845.392 9.33921308687e-11 7.9454497766e-12 1.77994353972e+12 9.29438759611e-11 1
13868.323 8.46149315143e-11 8.17493546784e-12 1.78486925767e+12 9.2004451971e-11 1
13891.254 8.50633240527e-11 7.83004600572e-12 1.78979497563e+12 9.10479800236e-11 1
13914.184 8.78391715389e-11 8.15811942478e-12 1.79472047878e+12 9.04926348964e-11 1
13937.115 8.65683378668e-11 7.76343707186e-12 1.79964619674e+12 9.04707379733e-11 1
13960.046 8.0648850187e-11 8.0528910384e-12 1.8045719147e+12 9.05912626064e-11 1
13982.977 9.38504294979e-11 7.79253630707e-12 1.80949763265e+12 9.06000007402e-11 1
14005.908 9.09964865391e-11 8.04344531561e-12 1.81442335061e+12 9.04882206182e-11 1
14028.839 9.45655141019e-11 7.72843773794e-12 1.81934906857e+12 9.02955228614e-11 1
14051.769 9.37958916123e-11 8.01126772612e-12 1.82427457172e+12 9.00937729594e-11 1
14074.7 8.92710825171e-11 7.58482877917e-12 1.82920028968e+12 8.99074705993e-11 1
14097.631 9.17186928814e-11 7.93524923556e-12 1.83412600763e+12 8.9678571447e-11 1
14120.562 8.69982109658e-11 7.46264871674e-12 1.83905172559e+12 8.94056126444e-11 1
14143.493 8.29736776528e-11 7.80012957877e-12 1.84397744355e+12 8.91444988399e-11 1
14166.424 8.9798770134e-11 7.47672635745e-12 1.84890316151e+12 8.89071241744e-11 1
14189.355 9.09774747111e-11 7.8275520253e-12 1.85382887946e+12 8.87368522937e-11 1
14212.285 9.60983342774e-11 7.51207805109e-12 1.85875438261e+12 8.86906708667e-11 1
14235.216 9.37356791793e-11 7.77979546788e-12 1.86368010057e+12 8.87226149059e-11 1
14258.147 9.19772475799e-11 7.41813488032e-12 1.86860581853e+12 8.86886525571e-11 1
14281.078 8.32905542079e-11 7.61456678053e-12 1.87353153649e+12 8.85138801942e-11 1
14304.009 8.04801544685e-11 7.27599362065e-12 1.87845725444e+12 8.82471874562e-11 1
14326.94 9.09137931632e-11 7.62523194191e-12 1.8833829724e+12 8.79360398194e-11 1
14349.871 8.35341386742e-11 7.23018702912e-12 1.88830869036e+12 8.75421080322e-11 1
14372.801 8.18894622395e-11 7.51445650452e-12 1.89323419351e+12 8.71111776969e-11 1
14395.732 8.82085534462e-11 7.24176025263e-12 1.89815991147e+12 8.67261965522e-11 1
14418.663 8.45878333119e-11 2.55952229615e-06 1.90308562942e+12 8.637184937e-11 1
14441.594 8.59568525235e-11 7.1953848801e-12 1.90801134738e+12 8.59572202011e-11 1
14464.525 9.38905849306e-11 7.52759631298e-12 1.91293706534e+12 8.5461117695e-11 1
14487.456 8.23656840186e-11 7.16555851633e-12 1.9178627833e+12 8.49156704529e-11 1
14510.387 9.46216860988e-11 7.4636435524e-12 1.92278850125e+12 8.4341250636e-11 1
14533.317 8.84102774637e-11 7.15680955187e-12 1.9277140044e+12 8.37762653366e-11 1
14556.248 8.52328181471e-11 7.28307083681e-12 1.93263972236e+12 8.33539578542e-11 1
14579.179 7.78811011282e-11 7.07513032321e-12 1.93756544032e+12 8.30820512264e-11 1
14602.11 9.52419418805e-11 7.37073676706e-12 1.94249115828e+12 8.27998855758e-11 1
14625.041 8.27913540073e-11 7.05957782732e-12 1.94741687623e+12 8.24712895582e-11 1
14647.972 8.33309842668e-11 7.24226067806e-12 1.95234259419e+12 8.20429045437e-11 1
14670.903 8.86079026179e-11 7.08397715017e-12 1.95726831215e+12 8.14574148672e-11 1
14693.833 8.82951921717e-11 7.27306440818e-12 1.9621938153e+12 8.08556230639e-11 1
14716.764 7.80674317975e-11 3.03173716654e-06 1.96711953326e+12 8.03681908121e-11 1
14739.695 7.85406571703e-11 7.10712900293e-12 1.97204525121e+12 7.99814801822e-11 1
14762.626 8.56383086247e-11 6.95102215171e-12 1.97697096917e+12 7.96823280514e-11 1
14785.557 9.06971141167e-11 7.21470604036e-12 1.98189668713e+12 7.94810625364e-11 1
14808.488 8.06049496875e-11 6.89983259949e-12 1.98682240509e+12 7.93109508309e-11 1
14831.419 8.17855019495e-11 7.12672040996e-12 1.99174812304e+12 7.91849557124e-11 1
14854.349 7.62673969357e-11 6.78845396773e-12 1.99667362619e+12 7.90678132661e-11 1
14877.28 8.37415991816e-11 7.04631975485e-12 2.00159934415e+12 7.89725236112e-11 1
14900.211 3.83906139299e-11 4.98924892046e-12 2.00652506211e+12 7.89337982165e-11 1
14923.142 7.54172667327e-11 6.96481273061e-12 2.01145078007e+12 7.89531771382e-11 1
14946.073 8.10321039549e-11 6.75421034383e-12 2.01637649802e+12 7.89425389505e-11 1
14969.004 7.46932491373e-11 6.89417539338e-12 2.02130221598e+12 7.88366621379e-11 1
14991.935 8.57261451639e-11 6.7735168241e-12 2.02622793394e+12 7.86975003466e-11 1
15014.865 7.58719293117e-11 6.84970211799e-12 2.03115343709e+12 7.85922654928e-11 1
15037.796 8.55961417649e-11 6.72919614448e-12 2.03607915505e+12 7.85780588778e-11 1
15060.727 7.57357427435e-11 6.80530467306e-12 2.041004873e+12 7.85808244209e-11 1
15083.658 7.37564610777e-11 6.60243903663e-12 2.04593059096e+12 7.84862403079e-11 1
15106.589 7.64998353701e-11 6.79342864705e-12 2.05085630892e+12 7.83014039277e-11 1
15129.52 7.30578427268e-11 6.52322513996e-12 2.05578202688e+12 7.80774839768e-11 1
15152.451 8.0071364032e-11 6.7509073205e-12 2.06070774483e+12 7.78461120607e-11 1
15175.381 7.54029255445e-11 6.50959409814e-12 2.06563324798e+12 7.76110985525e-11 1
15198.312 7.5901291673e-11 6.63907390522e-12 2.07055896594e+12 7.73562206366e-11 1
15221.243 7.91467657046e-11 6.5233856482e-12 2.0754846839e+12 7.70671406915e-11 1
15244.174 7.81856117691e-11 6.70960161877e-12 2.08041040186e+12 7.68069387516e-11 1
15267.105 7.44065038368e-11 6.44267985019e-12 2.08533611981e+12 7.65674215021e-11 1
15290.036 7.44586669419e-11 6.60022526877e-12 2.09026183777e+12 7.62569668012e-11 1
15312.967 7.16732492943e-11 6.35576846741e-12 2.09518755573e+12 7.59185643668e-11 1
15335.897 7.98973366175e-11 6.64291712344e-12 2.10011305888e+12 7.57350303275e-11 1
15358.828 8.1067618268e-11 6.43094519159e-12 2.10503877684e+12 7.58089916404e-11 1
15381.759 8.09251247693e-11 6.63467657135e-12 2.10996449479e+12 7.60545976041e-11 1
15404.69 3.42498852013e-11 4.44356649974e-12 2.11489021275e+12 7.64883642252e-11 1
15427.621 7.30367140642e-11 2.7643949718e-06 2.11981593071e+12 7.74027477007e-11 1
15450.552 8.14104058762e-11 6.35849728294e-12 2.12474164867e+12 7.93135408679e-11 1
15473.483 8.06058085363e-11 6.52366196606e-12 2.12966736662e+12 8.23358342404e-11 1
15496.413 8.79638420323e-11 6.43032692293e-12 2.13459286977e+12 8.43493491215e-11 1
15519.344 8.41509865969e-11 6.51294411738e-12 2.13951858773e+12 8.27262783642e-11 1
15542.275 9.18211209672e-11 6.42797528639e-12 2.14444430569e+12 7.92182080973e-11 1
15565.206 8.32266096726e-11 6.57499306519e-12 2.14937002365e+12 7.65715572207e-11 1
15588.137 7.88533378772e-11 6.26546937792e-12 2.1542957416e+12 7.50458762804e-11 1
15611.068 8.07656848851e-11 6.46991439352e-12 2.15922145956e+12 7.41945929085e-11 1
15633.999 7.76623982629e-11 6.25368003646e-12 2.16414717752e+12 7.36301533615e-11 1
15656.929 7.68277114387e-11 6.40708959356e-12 2.16907268067e+12 7.3175406149e-11 1
15679.86 7.49902024321e-11 6.18185413958e-12 2.17399839863e+12 7.2813506494e-11 1
15702.791 7.70007448736e-11 6.40910433443e-12 2.17892411658e+12 7.25004892002e-11 1
15725.722 6.42421551981e-11 6.04064748013e-12 2.18384983454e+12 7.21831517408e-11 1
15748.653 6.76791687621e-11 6.23941910554e-12 2.1887755525e+12 7.1900815586e-11 1
15771.584 4.92995839755e-11 5.10283334871e-12 2.19370127046e+12 7.16897126383e-11 1
15794.514 6.68691620446e-11 6.20564488879e-12 2.19862677361e+12 7.14854565006e-11 1
15817.445 7.29975667091e-11 6.11927877898e-12 2.20355249156e+12 7.12395556313e-11 1
15840.376 6.90259199039e-11 6.215268478e-12 2.20847820952e+12 7.09728300506e-11 1
15863.307 7.02318985117e-11 6.07189443967e-12 2.21340392748e+12 7.07472071241e-11 1
15886.238 7.03804280492e-11 6.14882149191e-12 2.21832964544e+12 7.054291233e-11 1
15909.169 7.27230720601e-11 6.09058285564e-12 2.22325536339e+12 7.03081996575e-11 1
15932.1 6.56240021172e-11 6.12308582735e-12 2.22818108135e+12 7.00945321776e-11 1
15955.03 7.48247446672e-11 6.08693785345e-12 2.2331065845e+12 6.99445193557e-11 1
15977.961 7.06143337727e-11 6.13577426247e-12 2.23803230246e+12 6.98050481527e-11 1
16000.892 4.23769839359e-11 4.77320569647e-12 2.24295802042e+12 6.96439331077e-11 1
16023.823 7.16051801311e-11 6.09999252449e-12 2.24788373837e+12 6.9482821976e-11 1
16046.754 6.62197504457e-11 5.95697250927e-12 2.25280945633e+12 6.9344112762e-11 1
16069.685 6.72269368562e-11 6.08245030524e-12 2.25773517429e+12 6.92233347039e-11 1
16092.616 6.62063195211e-11 5.9607089362e-12 2.26266089225e+12 6.9086023092e-11 1
16115.546 6.567602465e-11 6.04387159308e-12 2.2675863954e+12 6.88780766929e-11 1
16138.477 6.36420061966e-11 5.91949935974e-12 2.27251211335e+12 6.85953800456e-11 1
16161.408 7.02939714968e-11 6.08955371221e-12 2.27743783131e+12 6.8302647677e-11 1
16184.339 7.27818318222e-11 5.88124578326e-12 2.28236354927e+12 6.8015953626e-11 1
16207.27 6.23771912212e-11 6.01477749104e-12 2.28728926723e+12 6.7751439343e-11 1
16230.201 6.49034409781e-11 5.93974172929e-12 2.29221498518e+12 6.75369158649e-11 1
16253.132 6.7746564147e-11 6.03707469074e-12 2.29714070314e+12 6.73800113213e-11 1
16276.062 7.46334573395e-11 6.01680175928e-12 2.30206620629e+12 6.72578055889e-11 1
16298.993 6.31027479853e-11 5.95909281497e-12 2.30699192425e+12 6.71531452949e-11 1
16321.924 6.18220378575e-11 5.89782081813e-12 2.31191764221e+12 6.70535399841e-11 1
16344.855 6.41662326233e-11 5.99438453147e-12 2.31684336016e+12 6.69745588458e-11 1
16367.786 6.56776944085e-11 5.88566241526e-12 2.32176907812e+12 6.69018596729e-11 1
16390.717 6.01812494857e-11 5.95671766807e-12 2.32669479608e+12 6.67778338105e-11 1
16413.648 6.47192924799e-11 5.88375677663e-12 2.33162051404e+12 6.65815951485e-11 1
16436.578 6.52768911368e-11 5.96216119757e-12 2.33654601719e+12 6.63518889721e-11 1
16459.509 6.86022929891e-11 5.87220114325e-12 2.34147173514e+12 6.60985486949e-11 1
16482.44 6.53124600853e-11 5.93142222414e-12 2.3463974531e+12 6.58641616537e-11 1
16505.371 6.6998102149e-11 5.91775268124e-12 2.35132317106e+12 6.56378312344e-11 1
16528.302 6.19443729737e-11 6.05872328112e-12 2.35624888902e+12 6.5378962515e-11 1
16551.233 5.94210396748e-11 6.00888852442e-12 2.36117460697e+12 6.51453404957e-11 1
16574.164 6.55339371565e-11 6.26000040824e-12 2.36610032493e+12 6.49995498472e-11 1
16597.094 6.56084375622e-11 6.27423405676e-12 2.37102582808e+12 6.4939559172e-11 1
16620.025 7.48199938237e-11 6.63927175884e-12 2.37595154604e+12 6.48791310823e-11 1
16642.956 7.03086011746e-11 6.66547084975e-12 2.380877264e+12 6.46853352672e-11 1
16665.887 6.78498271753e-11 7.06532355249e-12 2.38580298195e+12 6.43771039255e-11 1
16688.818 6.56283584188e-11 7.24834064218e-12 2.39072869991e+12 6.40808490471e-11 1
16711.749 6.5896319946e-11 7.71114225082e-12 2.39565441787e+12 6.37798168732e-11 1
16734.68 6.87644405352e-11 8.00444388972e-12 2.40058013583e+12 6.34385157339e-11 1
16757.61 7.22994688443e-11 8.63794233666e-12 2.40550563898e+12 6.31056744597e-11 0
16780.541 8.79664792735e-11 9.0306180831e-12 2.41043135693e+12 6.27909187276e-11 0
16803.472 5.7808359456e-11 9.62903549201e-12 2.41535707489e+12 6.24952535064e-11 0
16826.403 6.17094913211e-11 1.00074801472e-11 2.42028279285e+12 6.22336919163e-11 0
16849.334 3.86241746153e-11 1.06241792758e-11 2.42520851081e+12 6.20119099702e-11 0
16872.265 1.78347732759e-11 8.99805810773e-12 2.43013422876e+12 6.17805538711e-11 0
16895.196 6.31902677415e-11 1.18929154245e-11 2.43505994672e+12 6.14855197983e-11 0
16918.126 4.64101947845e-11 1.22778330508e-11 2.43998544987e+12 6.11065644944e-11 0
16941.057 3.09771226033e-11 1.31161121197e-11 2.44491116783e+12 6.06609111428e-11 0
16963.988 5.80947330925e-11 1.36719384031e-11 2.44983688579e+12 6.02890627319e-11 0
16986.919 8.84585538613e-11 1.47590699584e-11 2.45476260374e+12 6.01751652656e-11 0
17009.85 1.09657889425e-10 1.51259713159e-11 2.4596883217e+12 6.0310393095e-11 0
17032.781 7.80144180411e-11 1.6279531543e-11 2.46461403966e+12 6.05195106383e-11 0
17055.712 2.42426297513e-11 1.63652793503e-11 2.46953975762e+12 6.06343621871e-11 0
17078.642 9.35510244053e-11 1.80956434143e-11 2.47446526077e+12 6.06094186271e-11 0
17101.573 5.95528866835e-11 1.82661009855e-11 2.47939097872e+12 6.05300628599e-11 0
17124.504 1.90101676904e-10 2.0471741412e-11 2.48431669668e+12 6.04509428238e-11 0
17147.435 1.83314412175e-10 2.12105786441e-11 2.48924241464e+12 6.03461174261e-11 0
17170.366 7.71182293151e-11 2.32238629958e-11 2.4941681326e+12 6.0196171924e-11 0
17193.297 2.24853016174e-10 2.42942152759e-11 2.49909385055e+12 6.00689310105e-11 0
17216.228 2.40046171188e-10 2.66615735913e-11 2.50401956851e+12 6.00457813237e-11 0
17239.158 9.67365179658e-12 2.6910388658e-11 2.50894507166e+12 6.00892081109e-11 0
17262.089 2.7696176863e-10 2.96944327084e-11 2.51387078962e+12 6.01583915309e-11 0
17285.02 -1.75209310745e-11 2.98394117087e-11 2.51879650758e+12 6.0245164574e-11 0
17307.951 2.69612639266e-10 3.24926999375e-11 2.52372222553e+12 6.03077130113e-11 0
17330.882 5.6173925028e-10 3.35428754399e-11 2.52864794349e+12 6.02869798621e-11 0
