    0.796846376692203791E+02    0.135678799722225873E+01    0.447580661130126423E+01    0.108949859185324460E+09    0.785022491934027926E+03   -0.392511245967013963E+03
    0.118858118475878562E+02    0.135725468470804933E+01    0.231404805479540592E+02    0.896766748382032871E+09    0.783328976943824387E+03   -0.391664488471912193E+03
    0.462543021007020911E+02    0.135535050357436093E+01    0.612104236167789395E+01    0.208713896328235179E+09    0.782309243534944130E+03   -0.391154621767472065E+03
    0.800572701026691824E+01    0.136719043749768954E+01    0.724129728783856663E+01    0.618258418021058515E+08    0.778419794994827271E+03   -0.389209897497413635E+03
    0.471354421633982845E+01    0.135536037160960987E+01    0.120834984663323652E+02    0.706377006285792440E+08    0.778375877222186546E+03   -0.389187938611093273E+03
    0.357026232677283843E+02    0.136101221135467054E+01    0.116199266346957053E+02    0.131967284076280922E+09    0.778329577892740986E+03   -0.389164788946370493E+03
    0.104937294474010230E+02    0.137087006723631855E+01    0.484454280052907638E+00    0.127392535962962508E+09    0.778098471061235273E+03   -0.389049235530617636E+03
    0.407107411031120350E+02    0.136941043185029998E+01    0.439915312361443966E+01    0.639432601317444593E+08    0.778066401675177758E+03   -0.389033200837588879E+03
    0.217045064448918090E+02    0.137571580422245843E+01    0.198165159155086057E+01    0.861540570336297005E+08    0.777898527692836410E+03   -0.388949263846418205E+03
    0.492735926530433375E+02    0.134995595624422804E+01    0.862385944928100656E+01    0.148678069237923503E+09    0.777612014862263322E+03   -0.388806007431131661E+03
    0.253323522315844016E+02    0.135837283973857503E+01    0.123894046428441271E+02    0.152704085914563626E+09    0.777432145245587435E+03   -0.388716072622793718E+03
    0.799231765972934660E+01    0.137153645483916309E+01    0.850498083700030105E+00    0.555863775388992727E+08    0.777314341303870719E+03   -0.388657170651935360E+03
    0.462164138540719183E+01    0.135991279820680933E+01    0.104785613141100491E+02    0.693643035815989673E+08    0.777138267468972799E+03   -0.388569133734486400E+03
    0.463660576749418141E+02    0.136098254076343728E+01    0.963078421862808831E+01    0.711454526320697367E+08    0.777069332954486754E+03   -0.388534666477243377E+03
    0.200034368795669479E+02    0.136573498077320132E+01    0.209545960397009479E+01    0.157315893524496078E+09    0.776932220337555577E+03   -0.388466110168777789E+03
    0.257662885210323509E+02    0.136842628095217256E+01    0.158267944162026675E+01    0.546377292655042037E+08    0.776850567515932653E+03   -0.388425283757966326E+03
    0.230872480166014817E+02    0.137503719217483944E+01    0.128315238554395261E+01    0.821895962445122600E+08    0.776803390822691199E+03   -0.388401695411345599E+03
    0.157086829873325602E+02    0.137607135483229270E+01    0.125596844297861865E+01    0.828215237041864693E+08    0.776777640142247037E+03   -0.388388820071123519E+03
    0.301159475351589556E+01    0.136187651625725503E+01    0.861894894990569149E+01    0.168517575573284060E+09    0.776740498495313432E+03   -0.388370249247656716E+03
    0.723188014139163737E+01    0.136926535637027680E+01    0.288556431920508771E+01    0.591703657094763294E+08    0.776631019151849614E+03   -0.388315509575924807E+03
    0.168504960160716415E+02    0.136646627786245611E+01    0.895401688438479582E+01    0.109153530409603417E+09    0.776603949186112118E+03   -0.388301974593056059E+03
    0.283425433406492608E+02    0.136180547470988134E+01    0.703900160558766785E+01    0.158124911103597522E+09    0.776484869214749096E+03   -0.388242434607374548E+03
    0.458215283245195906E+02    0.135422291673314343E+01    0.111087722850899553E+02    0.971926867838050574E+08    0.776329053100659735E+03   -0.388164526550329867E+03
    0.598087878082235846E+02    0.134353878376976055E+01    0.325668106386322798E+01    0.142257908354751229E+09    0.776316870419592419E+03   -0.388158435209796210E+03
    0.287884879764984163E+02    0.135442054536331380E+01    0.105373720416343843E+02    0.167189276007118940E+09    0.776301818928408238E+03   -0.388150909464204119E+03
    0.658499401141140250E+01    0.136593143168383069E+01    0.863753707595296660E+01    0.120476297293488681E+09    0.776291748422511773E+03   -0.388145874211255887E+03
    0.413461416662189976E+02    0.135444245383877293E+01    0.176818171815161418E+01    0.173803661128414303E+09    0.776135588851289640E+03   -0.388067794425644820E+03
    0.176578410897514537E+02    0.137017847558044936E+01    0.450754785617828890E+01    0.658254980021277368E+08    0.776118789528867410E+03   -0.388059394764433705E+03
    0.460547571765811057E+02    0.136104167404125742E+01    0.583190129803045743E+01    0.629566862013338134E+08    0.776042247124953633E+03   -0.388021123562476816E+03
    0.751974615429442395E+01    0.137136029741065313E+01    0.553980211666592925E+01    0.884368573027472794E+08    0.776036155302759198E+03   -0.388018077651379599E+03
    0.359088443745467956E+02    0.136452345731932345E+01    0.167789268394993663E+01    0.540867896852919012E+08    0.775923448023456103E+03   -0.387961724011728052E+03
    0.391387405925538667E+01    0.136076585071056755E+01    0.766500617661557015E+01    0.669123458241511509E+08    0.775526770057474664E+03   -0.387763385028737332E+03
    0.426279797529134896E+01    0.137122453631862196E+01    0.539307466051277729E+01    0.823501718547093719E+08    0.775490721950408556E+03   -0.387745360975204278E+03
    0.723476056331727868E+01    0.136123205420151860E+01    0.709002849504715549E+01    0.166449710824093491E+09    0.775489955593224067E+03   -0.387744977796612034E+03
    0.129479746705572847E+02    0.136220369865500901E+01    0.119043526359442815E+02    0.848206890394756496E+08    0.775436483932345254E+03   -0.387718241966172627E+03
    0.212321543794907193E+02    0.136325103765373434E+01    0.144905542306993440E+01    0.161785187644305468E+09    0.775286494038195087E+03   -0.387643247019097544E+03
    0.126921555247202704E+02    0.135316500556001573E+01    0.132609221290630632E+02    0.106893568210830808E+09    0.775281372365061884E+03   -0.387640686182530942E+03
    0.524618497510731601E+02    0.134889291718138860E+01    0.199484737901360631E+01    0.142750004021478981E+09    0.775277501480514957E+03   -0.387638750740257478E+03
    0.207013924673149745E+02    0.136559997739118155E+01    0.978827998137027500E+01    0.807995246471843868E+08    0.775143461851217126E+03   -0.387571730925608563E+03
    0.632978434341562668E+01    0.134848063184796163E+01    0.132478129674532727E+02    0.582837789039213419E+09    0.775100831535972475E+03   -0.387550415767986237E+03
    0.300730775229342449E+02    0.135579028738085361E+01    0.103743545261686876E+02    0.131650345221247032E+09    0.775090966664887105E+03   -0.387545483332443553E+03
    0.110987903944123918E+02    0.136569492490735245E+01    0.375989347106824567E+01    0.607024165324594378E+08    0.775080143447990508E+03   -0.387540071723995254E+03
    0.150133745894489028E+02    0.136084332663274954E+01    0.103283187406451642E+02    0.127755516418768167E+09    0.775066730074404177E+03   -0.387533365037202088E+03
    0.160561087280894874E+02    0.136707672301108274E+01    0.821824356714323834E+01    0.805613156922169477E+08    0.774793131117555617E+03   -0.387396565558777809E+03
    0.262779625865043904E+02    0.135174107026844226E+01    0.111947881895011339E+02    0.126777981658900633E+09    0.774782009342763786E+03   -0.387391004671381893E+03
    0.193894477445190248E+02    0.136454090859205324E+01    0.919426744814722241E+01    0.100648283436146736E+09    0.774709556839397237E+03   -0.387354778419698619E+03
    0.413991049370221020E+02    0.136025089066843585E+01    0.132293586254256934E+01    0.136311386777458161E+09    0.774658288239476860E+03   -0.387329144119738430E+03
    0.104173587773462950E+01    0.136922131128432412E+01    0.199162205682662585E+01    0.653408241104933843E+08    0.774636912149574755E+03   -0.387318456074787377E+03
    0.316518826034167802E+02    0.136433528193367715E+01    0.137980278463951223E+01    0.120763763736007258E+09    0.774555790819928689E+03   -0.387277895409964344E+03
    0.164799486843124079E+02    0.136251645969737467E+01    0.715415428663046082E+00    0.540703502426285967E+08    0.774462791545516893E+03   -0.387231395772758447E+03
    0.195153940613259493E+02    0.136671335026688245E+01    0.602156038526504034E+01    0.100321777483259261E+09    0.774462204553503625E+03   -0.387231102276751812E+03
    0.270386065738089663E+02    0.134828514738241623E+01    0.100572175794068031E+02    0.958955110881135315E+08    0.774273631174557067E+03   -0.387136815587278534E+03
    0.350011302898440206E+02    0.135394040034495511E+01    0.105611730461110387E+02    0.957758351691179872E+08    0.774235441348967470E+03   -0.387117720674483735E+03
    0.327689893323215031E+02    0.134659823779029497E+01    0.675953221680307026E+00    0.603526345449340492E+08    0.774225256716788863E+03   -0.387112628358394431E+03
    0.133226797334130023E+02    0.137091333483757705E+01    0.710321078281498375E+00    0.656176503154480234E+08    0.774172037178523738E+03   -0.387086018589261869E+03
    0.496003279764827738E+02    0.136025982097290177E+01    0.552120277071418641E+01    0.726998061889609843E+08    0.774087491514097451E+03   -0.387043745757048725E+03
    0.311705657503794527E+02    0.135806056750820914E+01    0.506806597652007707E+01    0.152133001131552339E+09    0.774066696134216500E+03   -0.387033348067108250E+03
    0.613120833611070353E+02    0.135274596233926636E+01    0.213283652022677117E+01    0.901979877121531367E+08    0.773969531037405659E+03   -0.386984765518702829E+03
    0.466492226960237311E+01    0.135834044905168527E+01    0.515241472444871995E+01    0.655217164168682471E+08    0.773927352048840703E+03   -0.386963676024420351E+03
    0.212867545349829541E+02    0.136712213447637865E+01    0.583306271117439401E+01    0.902791840440872908E+08    0.773913468200324928E+03   -0.386956734100162464E+03
    0.278204839579181673E+02    0.136450769572820163E+01    0.354814694009272813E+01    0.110966693940139875E+09    0.773852058705756690E+03   -0.386926029352878345E+03
    0.453165394558799122E+02    0.135949744461197697E+01    0.706441573968872749E+01    0.784545290258529186E+08    0.773821670020731972E+03   -0.386910835010365986E+03
    0.271495359342393483E+01    0.136415907634949085E+01    0.857863207589653243E+01    0.823157429730698913E+08    0.773741734439021002E+03   -0.386870867219510501E+03
    0.339106695335421051E+02    0.135700274859954351E+01    0.241972599115734521E+01    0.158252961811906576E+09    0.773731243045961719E+03   -0.386865621522980859E+03
    0.103575010411525774E+02    0.135133316704093831E+01    0.979487750127735701E+01    0.153472583626791626E+09    0.773723404419486769E+03   -0.386861702209743385E+03
    0.358925923385681216E+02    0.136122778348556817E+01    0.305399983130121178E+00    0.133100364613516659E+09    0.773615395022052894E+03   -0.386807697511026447E+03
    0.591720310427187428E+02    0.136019704473155367E+01    0.124611402886364875E+01    0.761935196934051216E+08    0.773610157970679438E+03   -0.386805078985339719E+03
    0.450766369573073860E+02    0.135765662214769267E+01    0.658227905550577130E+01    0.951809620386749655E+08    0.773533698753610679E+03   -0.386766849376805339E+03
    0.160539234364979500E+02    0.136991229937980119E+01    0.313631710363199412E+01    0.757577485961605310E+08    0.773484441925619649E+03   -0.386742220962809824E+03
    0.194079621930611772E+02    0.136084115956656171E+01    0.576412724762368534E+01    0.143258091616970599E+09    0.773481013688153212E+03   -0.386740506844076606E+03
    0.590295901837974171E+02    0.135546605607402371E+01    0.220132235554548261E+01    0.894326624115732610E+08    0.773462785821182933E+03   -0.386731392910591467E+03
    0.761041549882532209E+01    0.136140445130473187E+01    0.773074610641084359E+01    0.125541094669643834E+09    0.773424439275380337E+03   -0.386712219637690168E+03
    0.272820749414414578E+02    0.135659624591448669E+01    0.383487411412588797E+01    0.162332199871379077E+09    0.773417967687757027E+03   -0.386708983843878514E+03
    0.326666851791522106E+02    0.136055012909599515E+01    0.605386056380861248E+01    0.675411839850009829E+08    0.773391534459738864E+03   -0.386695767229869432E+03
    0.177331624269160351E+02    0.136401499138236693E+01    0.871915529900907060E+01    0.835165071142598242E+08    0.773335334407208165E+03   -0.386667667203604083E+03
    0.108308155364482914E+02    0.136356468674315456E+01    0.380722743557612864E+01    0.135441398119960159E+09    0.773317342824908337E+03   -0.386658671412454169E+03
    0.679005384872253792E+01    0.136928704632689757E+01    0.402820033315523229E+01    0.796712710386183858E+08    0.773285293670138230E+03   -0.386642646835069115E+03
    0.201673281444486925E+02    0.136271070262363581E+01    0.913638533710403777E+01    0.854040248324640542E+08    0.773243045386115000E+03   -0.386621522693057500E+03
    0.238042928486841587E+01    0.136204938879678195E+01    0.479311652306821134E+01    0.676306037947450131E+08    0.773150755141835589E+03   -0.386575377570917794E+03
    0.238042928486841587E+01    0.136204938879678195E+01    0.479311652306821134E+01    0.676306037947450131E+08    0.773150755141835589E+03   -0.386575377570917794E+03
    0.321770528361293557E+02    0.135929581615327399E+01    0.182473787012299882E+01    0.144362704655216008E+09    0.773087184652587439E+03   -0.386543592326293719E+03
    0.593786395094641435E+02    0.135519166302635652E+01    0.193438824580676139E+01    0.775310308641911894E+08    0.773074452720874433E+03   -0.386537226360437216E+03
    0.139274078569669357E+01    0.136786094562714777E+01    0.461114498441000009E+01    0.847038842169749439E+08    0.773055702929024847E+03   -0.386527851464512423E+03
    0.282928417930239497E+02    0.136580454664836948E+01    0.484856844504510498E+01    0.715089392408661544E+08    0.773029953807462107E+03   -0.386514976903731053E+03
    0.559187647107292207E+02    0.135902555250462509E+01    0.130873957317625300E+01    0.879697755064990968E+08    0.773009065144711712E+03   -0.386504532572355856E+03
    0.256417089731386092E+02    0.136451508106723418E+01    0.566469877393305410E+01    0.699889101172116250E+08    0.772962837186423940E+03   -0.386481418593211970E+03
    0.223059651175043534E+02    0.135713734397902130E+01    0.415187971844518966E+01    0.160242716809824616E+09    0.772942377123347569E+03   -0.386471188561673785E+03
    0.147566763986634815E+02    0.135702018122980883E+01    0.784791265020285422E+01    0.139541511450844407E+09    0.772912925231240592E+03   -0.386456462615620296E+03
    0.219515126236963383E+02    0.135112463905894220E+01    0.947695651105255266E+01    0.879677974368546009E+08    0.772891163788417202E+03   -0.386445581894208601E+03
    0.314867840159936421E+02    0.136460325290196449E+01    0.507314662177947717E+01    0.704523835443671644E+08    0.772875590936993149E+03   -0.386437795468496574E+03
    0.195033246097127702E+02    0.134641311102848649E+01    0.820436694285418433E+01    0.106512725343327120E+09    0.772864195572298058E+03   -0.386432097786149029E+03
    0.459501907590423784E+02    0.136046895922995859E+01    0.363268583806342837E+01    0.960087908362052441E+08    0.772859730120132326E+03   -0.386429865060066163E+03
    0.507365253795948803E+02    0.136210814205227515E+01    0.199456722218134619E+01    0.884384611751092821E+08    0.772859665317352892E+03   -0.386429832658676446E+03
    0.230027747484692888E+02    0.134411122891010670E+01    0.711321530203459762E+01    0.117945503923543438E+09    0.772794428724118347E+03   -0.386397214362059174E+03
    0.237909698844877973E+02    0.135961793004595055E+01    0.406393246917865447E+01    0.143688892738969833E+09    0.772770359388300903E+03   -0.386385179694150452E+03
    0.463226601359813728E+02    0.136416279454165768E+01    0.122919016083097743E+01    0.885387968081931770E+08    0.772728548786089732E+03   -0.386364274393044866E+03
    0.423746169303138984E+02    0.136164879704657338E+01    0.437080620473623771E+01    0.948526802267318517E+08    0.772692909876808017E+03   -0.386346454938404008E+03
    0.287373669791914317E+02    0.135704541850303495E+01    0.861307560580162246E+01    0.794538180484553725E+08    0.772657288722162434E+03   -0.386328644361081217E+03
    0.229639323799741923E+02    0.135838403230712434E+01    0.304273595581760503E+01    0.154567624596012354E+09    0.772627541586559346E+03   -0.386313770793279673E+03
    0.981140793650640752E+01    0.136311204827256383E+01    0.554751145790529598E+01    0.113329994904149458E+09    0.772624453010889852E+03   -0.386312226505444926E+03
    0.824287016895245372E+01    0.135702607071384951E+01    0.693645616066169257E+01    0.145845307281112492E+09    0.772570528619511379E+03   -0.386285264309755689E+03
    0.257235319223310590E+02    0.136150281720380839E+01    0.311697299702060260E+01    0.123895904937022984E+09    0.772510576952630004E+03   -0.386255288476315002E+03
    0.224151847089421743E+02    0.136038921633886423E+01    0.346474904261505345E+00    0.571826241168926209E+08    0.772469130388778467E+03   -0.386234565194389234E+03
    0.219308430721847607E+02    0.136335281049805679E+01    0.421031277116729719E+01    0.663538263982733265E+08    0.772454748152663456E+03   -0.386227374076331728E+03
    0.488531294124545283E+02    0.135749020777306750E+01    0.388071947795062755E+01    0.917334076372041851E+08    0.772446352119318476E+03   -0.386223176059659238E+03
    0.450376214867439444E+02    0.136372016920720784E+01    0.311656190572483238E+01    0.778447372274006307E+08    0.772433446426867476E+03   -0.386216723213433738E+03
    0.450376214867439444E+02    0.136372016920720784E+01    0.311656190572483238E+01    0.778447372274006307E+08    0.772433446426867476E+03   -0.386216723213433738E+03
    0.184555938318069082E+02    0.136410026934306239E+01    0.148511703811500390E+00    0.119473491746412963E+09    0.772362902794262482E+03   -0.386181451397131241E+03
    0.453111416035223158E+02    0.135340564053389123E+01    0.605690102922278495E+01    0.874810388247022033E+08    0.772335904485118817E+03   -0.386167952242559409E+03
    0.146822121167017929E+02    0.136730278560318164E+01    0.121574358651720305E+01    0.986119268395365179E+08    0.772317144348348734E+03   -0.386158572174174367E+03
    0.306584175458030188E+02    0.136553099215891982E+01    0.145406247288613732E+01    0.971624481263959557E+08    0.772278129779203482E+03   -0.386139064889601741E+03
    0.527987678638653293E+02    0.135820059584993102E+01    0.149864452286305605E+01    0.899636947856657952E+08    0.772262488066062019E+03   -0.386131244033031010E+03
    0.102921631642477784E+02    0.135730543725310682E+01    0.890636047455904389E+01    0.995401977885281891E+08    0.772204864996231208E+03   -0.386102432498115604E+03
    0.314757805533181099E+02    0.135851140377971480E+01    0.224407960274303253E+01    0.623591193313979506E+08    0.772182264590239924E+03   -0.386091132295119962E+03
    0.314757805533181099E+02    0.135851140377971480E+01    0.224407960274303253E+01    0.623591193313979506E+08    0.772182264590239924E+03   -0.386091132295119962E+03
    0.555680408752498352E+02    0.135996881969974281E+01    0.298938757691893826E-01    0.760870630542059988E+08    0.772170657879105306E+03   -0.386085328939552653E+03
    0.108486636822757987E+02    0.135298225297280394E+01    0.892406005281008952E+01    0.917768507420675904E+08    0.772123942856195640E+03   -0.386061971428097820E+03
    0.108486636822757987E+02    0.135298225297280394E+01    0.892406005281008952E+01    0.917768507420675904E+08    0.772123942856195640E+03   -0.386061971428097820E+03
    0.115547576149227531E+02    0.134936541006640076E+01    0.565057624883598653E+01    0.162569671323810637E+09    0.772115875220411795E+03   -0.386057937610205897E+03
    0.100542611177120556E+02    0.134386445939196486E+01    0.577867549653684343E+01    0.127888857422365993E+09    0.772100488141306073E+03   -0.386050244070653036E+03
    0.284215159564795039E+00    0.136580074705813770E+01    0.291425999111450773E+01    0.102655972395707309E+09    0.772099606901600851E+03   -0.386049803450800425E+03
    0.241486623388002961E+02    0.136694625411845472E+01    0.310293751580555055E+01    0.786315952796029449E+08    0.771994160460843545E+03   -0.385997080230421773E+03
    0.241486623388002961E+02    0.136694625411845472E+01    0.310293751580555055E+01    0.786315952796029449E+08    0.771994160460843545E+03   -0.385997080230421773E+03
    0.167284755912214216E+02    0.135562542791619234E+01    0.797149974907719994E+01    0.115588412228610680E+09    0.771993363170219141E+03   -0.385996681585109570E+03
    0.213747833795480133E+02    0.135940525179256855E+01    0.819777115622772357E+01    0.845843332470922023E+08    0.771957517977812017E+03   -0.385978758988906009E+03
    0.531464808960510311E+02    0.135781197284755728E+01    0.190923978231366465E+01    0.799315736128074378E+08    0.771914399088825803E+03   -0.385957199544412902E+03
    0.547788378246162608E+02    0.134142857810303240E+01    0.369358798784743136E+01    0.849396467036964595E+08    0.771902247442381622E+03   -0.385951123721190811E+03
    0.505991638605076322E+01    0.134948011651872291E+01    0.752484696216975646E+01    0.119954128918406710E+09    0.771756794160870982E+03   -0.385878397080435491E+03
    0.419091295432894917E+01    0.136282365791793247E+01    0.625579114340905473E+01    0.790049695579893142E+08    0.771701283917441060E+03   -0.385850641958720530E+03
    0.165123701121339899E+02    0.135682164232955960E+01    0.393943802966994072E+01    0.150135152545767605E+09    0.771655123815908951E+03   -0.385827561907954475E+03
    0.214528665867804165E+02    0.135866413852658874E+01    0.780869456123711991E+01    0.928441461523872167E+08    0.771641169462474522E+03   -0.385820584731237261E+03
    0.183358063647321714E+02    0.136621220494625017E+01    0.961728159433317464E+00    0.666042471327226236E+08    0.771631506109618499E+03   -0.385815753054809250E+03
    0.449244280273880108E+02    0.135485062131645573E+01    0.497948394097880342E+01    0.869736186125372201E+08    0.771610859221159217E+03   -0.385805429610579608E+03
    0.183244526647513446E+02    0.135903600128390512E+01    0.208306762273879364E+01    0.633653109357721359E+08    0.771571880388623867E+03   -0.385785940194311934E+03
    0.265838156207633070E+02    0.134477735806341725E+01    0.462539090319840085E+01    0.118151826926945180E+09    0.771545364207097009E+03   -0.385772682103548505E+03
    0.360353911628414636E+02    0.135357439594300555E+01    0.533439185708451369E+01    0.105770167928219572E+09    0.771543711031784369E+03   -0.385771855515892184E+03
    0.360353911628414636E+02    0.135357439594300555E+01    0.533439185708451369E+01    0.105770167928219572E+09    0.771543711031784369E+03   -0.385771855515892184E+03
    0.374210479934817144E+02    0.135310969584063634E+01    0.589088929234940384E+01    0.977264700895242393E+08    0.771473005375871367E+03   -0.385736502687935683E+03
    0.374210479934817144E+02    0.135310969584063634E+01    0.589088929234940384E+01    0.977264700895242393E+08    0.771473005375871367E+03   -0.385736502687935683E+03
    0.874268342887696015E+01    0.136758313481951799E+01    0.117236479433376450E+01    0.903024337507662475E+08    0.771469153346373787E+03   -0.385734576673186893E+03
    0.874268342887696015E+01    0.136758313481951799E+01    0.117236479433376450E+01    0.903024337507662475E+08    0.771469153346373787E+03   -0.385734576673186893E+03
    0.210875442302404004E+02    0.135590488089493810E+01    0.580670309938352247E+01    0.123928916137250617E+09    0.771442640604744497E+03   -0.385721320302372249E+03
    0.146850310583945287E+02    0.135282879496652320E+01    0.649701289616180411E+01    0.135218047142184645E+09    0.771430246988366548E+03   -0.385715123494183274E+03
    0.329647628452472219E+02    0.136389438572490129E+01    0.360412972269886644E+01    0.725873174570028186E+08    0.771409194499038790E+03   -0.385704597249519395E+03
    0.160426530520561208E+02    0.136055618362794006E+01    0.541370280115184865E+01    0.710911709774884731E+08    0.771377140864313787E+03   -0.385688570432156894E+03
    0.160426530520561208E+02    0.136055618362794006E+01    0.541370280115184865E+01    0.710911709774884731E+08    0.771377140864313787E+03   -0.385688570432156894E+03
    0.217189748194439325E+02    0.135477389206518151E+01    0.773336002389481258E+01    0.101610761971787825E+09    0.771341435176951677E+03   -0.385670717588475839E+03
    0.217189748194439325E+02    0.135477389206518151E+01    0.773336002389481258E+01    0.101610761971787825E+09    0.771341435176951677E+03   -0.385670717588475839E+03
    0.963211003343146821E+01    0.136343038401103467E+01    0.524275901327078842E+01    0.984470609161675721E+08    0.771328735446268979E+03   -0.385664367723134490E+03
    0.434666885383248740E+02    0.135548323956637495E+01    0.472142295420754543E+01    0.791964886415875852E+08    0.771314283058428714E+03   -0.385657141529214357E+03
    0.434666885383248740E+02    0.135548323956637495E+01    0.472142295420754543E+01    0.791964886415875852E+08    0.771314283058428714E+03   -0.385657141529214357E+03
    0.433815971113297394E+02    0.135906275867717885E+01    0.391799567508734015E+01    0.824866810522084385E+08    0.771296798739184396E+03   -0.385648399369592198E+03
    0.138427217124482862E+02    0.136408648273891342E+01    0.262789237162531553E+01    0.683622829565406889E+08    0.771131710401241662E+03   -0.385565855200620831E+03
    0.238430022130594494E+02    0.136408380802835993E+01    0.482768773346705604E+01    0.773400519945879430E+08    0.771124173149968783E+03   -0.385562086574984392E+03
    0.414438137037206076E+02    0.134446133616271446E+01    0.278481231194373979E+01    0.930197270124977529E+08    0.771080403702252624E+03   -0.385540201851126312E+03
    0.622380682806321683E+01    0.136626440293414642E+01    0.103413666368000401E+01    0.700971393680867106E+08    0.771069768062879916E+03   -0.385534884031439958E+03
    0.622380682806321683E+01    0.136626440293414642E+01    0.103413666368000401E+01    0.700971393680867106E+08    0.771069768062879916E+03   -0.385534884031439958E+03
    0.107889011777246111E+02    0.136503802643947680E+01    0.300245123918202328E+01    0.974476995776420236E+08    0.771019178638568064E+03   -0.385509589319284032E+03
    0.183692520202183687E+02    0.135935177661542328E+01    0.699768888071000639E+01    0.892887764596085399E+08    0.771003307716814220E+03   -0.385501653858407110E+03
    0.183692520202183687E+02    0.135935177661542328E+01    0.699768888071000639E+01    0.892887764596085399E+08    0.771003307716814220E+03   -0.385501653858407110E+03
    0.189624410549332651E+02    0.135607314639750554E+01    0.732161139202801614E+01    0.819715196209265441E+08    0.770991819695376876E+03   -0.385495909847688438E+03
    0.152436684860148778E-01    0.135587256347625029E+01    0.448275835962506886E+01    0.132795106294115707E+09    0.770907817280341192E+03   -0.385453908640170596E+03
    0.152436684860148778E-01    0.135587256347625029E+01    0.448275835962506886E+01    0.132795106294115707E+09    0.770907817280341192E+03   -0.385453908640170596E+03
    0.154634544761750643E+02    0.136801785339449000E+01    0.124078453547772902E+00    0.819749033001732230E+08    0.770886834820784088E+03   -0.385443417410392044E+03
    0.154634544761750643E+02    0.136801785339449000E+01    0.124078453547772902E+00    0.819749033001732230E+08    0.770886834820784088E+03   -0.385443417410392044E+03
    0.824061896483450340E+01    0.135845425609328196E+01    0.687307342086659023E+01    0.953197402772595584E+08    0.770871100209355063E+03   -0.385435550104677532E+03
    0.115569849786085932E+02    0.135922990086045647E+01    0.495391972186713492E+01    0.113122520370531663E+09    0.770852275893617843E+03   -0.385426137946808922E+03
    0.231148333140250237E+02    0.135488337893815980E+01    0.472637616683259054E+01    0.121205377754611239E+09    0.770840999565096809E+03   -0.385420499782548404E+03
    0.286584847275964769E+02    0.136106208904068660E+01    0.525488954065420710E+01    0.908738711299771816E+08    0.770811274803362039E+03   -0.385405637401681020E+03
    0.286584847275964769E+02    0.136106208904068660E+01    0.525488954065420710E+01    0.908738711299771816E+08    0.770811274803362039E+03   -0.385405637401681020E+03
    0.289369308247437758E+02    0.135280442808046786E+01    0.306295667729570598E+01    0.126531682965773880E+09    0.770800767063954709E+03   -0.385400383531977354E+03
    0.323415150905957418E+02    0.136312755446474321E+01    0.308512765139479139E+01    0.725159167593099475E+08    0.770759523897774216E+03   -0.385379761948887108E+03
    0.159966545502787838E+02    0.136348953010538354E+01    0.520887919880262906E+01    0.795345520784079134E+08    0.770751822564811960E+03   -0.385375911282405980E+03
    0.159966545502787838E+02    0.136348953010538354E+01    0.520887919880262906E+01    0.795345520784079134E+08    0.770751822564811960E+03   -0.385375911282405980E+03
    0.905428130848597412E+01    0.135579295463483307E+01    0.339240465310607631E+01    0.144588992284882069E+09    0.770727093162116375E+03   -0.385363546581058188E+03
    0.905428130848597412E+01    0.135579295463483307E+01    0.339240465310607631E+01    0.144588992284882069E+09    0.770727093162116375E+03   -0.385363546581058188E+03
    0.318208029509052750E+02    0.135815168457079949E+01    0.298694936092119701E+01    0.685641796472008675E+08    0.770720470776800312E+03   -0.385360235388400156E+03
    0.219581046991720008E+02    0.135148854451878164E+01    0.417479604293758033E+01    0.134765573115422338E+09    0.770694173736911580E+03   -0.385347086868455790E+03
    0.219581046991720008E+02    0.135148854451878164E+01    0.417479604293758033E+01    0.134765573115422338E+09    0.770694173736911580E+03   -0.385347086868455790E+03
    0.518671182854219737E+01    0.136598029617433125E+01    0.731128723785238521E+00    0.960610344563145489E+08    0.770676317813549872E+03   -0.385338158906774936E+03
    0.518671182854219737E+01    0.136598029617433125E+01    0.731128723785238521E+00    0.960610344563145489E+08    0.770676317813549872E+03   -0.385338158906774936E+03
    0.109036668766363576E+02    0.136467028573975857E+01    0.118344913721536127E+01    0.102560344313405842E+09    0.770667034828690248E+03   -0.385333517414345124E+03
    0.148973019569907645E+02    0.136232205356401637E+01    0.581799910362551920E+01    0.839755915472410470E+08    0.770650591452812250E+03   -0.385325295726406125E+03
    0.148973019569907645E+02    0.136232205356401637E+01    0.581799910362551920E+01    0.839755915472410470E+08    0.770650591452812250E+03   -0.385325295726406125E+03
    0.186607735273116830E+02    0.136700274044124681E+01    0.929957009350188324E+00    0.802781326993281394E+08    0.770630558147920738E+03   -0.385315279073960369E+03
    0.186607735273116830E+02    0.136700274044124681E+01    0.929957009350188324E+00    0.802781326993281394E+08    0.770630558147920738E+03   -0.385315279073960369E+03
    0.489950341449694378E+02    0.135814654912293231E+01    0.685924318435689351E+00    0.826241384105718732E+08    0.770616921774581215E+03   -0.385308460887290607E+03
    0.355292598312728281E+01    0.136283725962527380E+01    0.313406958431024218E+01    0.104451489811931714E+09    0.770588511423309455E+03   -0.385294255711654728E+03
    0.355292598312728281E+01    0.136283725962527380E+01    0.313406958431024218E+01    0.104451489811931714E+09    0.770588511423309455E+03   -0.385294255711654728E+03
    0.144085111194808029E+02    0.134762985424194137E+01    0.559557566066624013E+01    0.105164891520516515E+09    0.770577031631027921E+03   -0.385288515815513961E+03
    0.102431577041398629E+02    0.134377812587776679E+01    0.417578092963749281E+01    0.108135881573495716E+09    0.770568242148345007E+03   -0.385284121074172504E+03
    0.102431577041398629E+02    0.134377812587776679E+01    0.417578092963749281E+01    0.108135881573495716E+09    0.770568242148345007E+03   -0.385284121074172504E+03
    0.388705454609975902E+02    0.135004227059677251E+01    0.255940998394944330E+01    0.742473803677757084E+08    0.770555119890405422E+03   -0.385277559945202711E+03
    0.302432083600932735E+02    0.135242242622505748E+01    0.315432443513458671E-01    0.139555517996784747E+09    0.770544155560410559E+03   -0.385272077780205279E+03
    0.302432083600932735E+02    0.135242242622505748E+01    0.315432443513458671E-01    0.139555517996784747E+09    0.770544155560410559E+03   -0.385272077780205279E+03
    0.125705732898362648E+02    0.136281112669279847E+01    0.497799267656388977E+01    0.896488661071495563E+08    0.770488239875490876E+03   -0.385244119937745438E+03
    0.399075518270890983E+01    0.136628804883692934E+01    0.121329042140440091E+01    0.757579567476065457E+08    0.770479539530247166E+03   -0.385239769765123583E+03
    0.399075518270890983E+01    0.136628804883692934E+01    0.121329042140440091E+01    0.757579567476065457E+08    0.770479539530247166E+03   -0.385239769765123583E+03
    0.121635084875412325E+02    0.136268549590921495E+01    0.521099779049603207E+01    0.843920649188337177E+08    0.770424222072527527E+03   -0.385212111036263764E+03
    0.298272211386095831E+00    0.136473803569119223E+01    0.275625056700196325E+01    0.846011030407978594E+08    0.770424141329957138E+03   -0.385212070664978569E+03
    0.145071053342144722E+02    0.136429430214907788E+01    0.357030442339476839E+00    0.666150237027741000E+08    0.770423541744224849E+03   -0.385211770872112425E+03
    0.411930020395672258E+02    0.136040732469514802E+01    0.872545692134656159E+00    0.924629321977986991E+08    0.770403450491165017E+03   -0.385201725245582509E+03
    0.617764131832289554E+01    0.135407780145960466E+01    0.635312412009096761E+01    0.101561047694400221E+09    0.770369126986115816E+03   -0.385184563493057908E+03
    0.351235291504219020E+02    0.135207936273857676E+01    0.903007786185208383E+00    0.678936998673232496E+08    0.770348905496103612E+03   -0.385174452748051806E+03
    0.270709720285769322E+02    0.136051061854407118E+01    0.392672996529545726E+01    0.982667744224960208E+08    0.770346186550162201E+03   -0.385173093275081101E+03
    0.270709720285769322E+02    0.136051061854407118E+01    0.392672996529545726E+01    0.982667744224960208E+08    0.770346186550162201E+03   -0.385173093275081101E+03
    0.332157631684113994E+02    0.135512233333944176E+01    0.536890925173299838E+01    0.890688115477205813E+08    0.770339697096766713E+03   -0.385169848548383357E+03
    0.188718176142929011E+02    0.135677116760262972E+01    0.576224658539078582E+01    0.102439701974761680E+09    0.770306466579946118E+03   -0.385153233289973059E+03
    0.188718176142929011E+02    0.135677116760262972E+01    0.576224658539078582E+01    0.102439701974761680E+09    0.770306466579946118E+03   -0.385153233289973059E+03
    0.187766994398361504E+02    0.135886890505063596E+01    0.599236492511399277E+01    0.892787739675969779E+08    0.770266736219723271E+03   -0.385133368109861635E+03
    0.435720841599992852E+02    0.135357941557688255E+01    0.184823180726413727E+01    0.946062898603429198E+08    0.770263357888438804E+03   -0.385131678944219402E+03
    0.435720841599992852E+02    0.135357941557688255E+01    0.184823180726413727E+01    0.946062898603429198E+08    0.770263357888438804E+03   -0.385131678944219402E+03
    0.842324050333284724E+01    0.135440563568677197E+01    0.624485374820335881E+01    0.892914610758693665E+08    0.770251569531231098E+03   -0.385125784765615549E+03
    0.337560402896909011E+02    0.135266198890114109E+01    0.218140519803653543E+01    0.109126911888366044E+09    0.770214384348301792E+03   -0.385107192174150896E+03
    0.337560402896909011E+02    0.135266198890114109E+01    0.218140519803653543E+01    0.109126911888366044E+09    0.770214384348301792E+03   -0.385107192174150896E+03
    0.340351580556356410E+02    0.136421111605319423E+01    0.996869101213626263E+00    0.836522815382698476E+08    0.770201484309909574E+03   -0.385100742154954787E+03
    0.340351580556356410E+02    0.136421111605319423E+01    0.996869101213626263E+00    0.836522815382698476E+08    0.770201484309909574E+03   -0.385100742154954787E+03
    0.284675692602412518E+02    0.135543474855950574E+01    0.465276980184398870E+01    0.748287743552767336E+08    0.770191577083842958E+03   -0.385095788541921479E+03
    0.391918096060664993E+02    0.135820717312025274E+01    0.243407001927598543E+01    0.735431932569791824E+08    0.770161213091937498E+03   -0.385080606545968749E+03
    0.240873438607051646E+02    0.136299441087006312E+01    0.417598983799566792E+01    0.827931626222935617E+08    0.770149854337308398E+03   -0.385074927168654199E+03
    0.268248416434475949E+02    0.136522347597542137E+01    0.138516771167671626E+01    0.777133844495897740E+08    0.770141118056842060E+03   -0.385070559028421030E+03
    0.462834978800359238E+02    0.135862252047177390E+01    0.242738915052794851E+00    0.747449031354163140E+08    0.770137375393932075E+03   -0.385068687696966037E+03
    0.462834978800359238E+02    0.135862252047177390E+01    0.242738915052794851E+00    0.747449031354163140E+08    0.770137375393932075E+03   -0.385068687696966037E+03
    0.226738885486911990E+02    0.135781195568300950E+01    0.516630222736030209E+01    0.991063485480217189E+08    0.770127789485441099E+03   -0.385063894742720549E+03
    0.226738885486911990E+02    0.135781195568300950E+01    0.516630222736030209E+01    0.991063485480217189E+08    0.770127789485441099E+03   -0.385063894742720549E+03
    0.731882232302882940E+01    0.135576345404808163E+01    0.518301946398186253E+01    0.785919641809501648E+08    0.770097993507166052E+03   -0.385048996753583026E+03
    0.195063577648427433E+02    0.136197836598976330E+01    0.373577700566950632E+01    0.975573275892875642E+08    0.770068516716381964E+03   -0.385034258358190982E+03
    0.195063577648427433E+02    0.136197836598976330E+01    0.373577700566950632E+01    0.975573275892875642E+08    0.770068516716381964E+03   -0.385034258358190982E+03
    0.209675202557018672E+02    0.134892360729490779E+01    0.498729918396897265E+01    0.968171563838577867E+08    0.770026680498184078E+03   -0.385013340249092039E+03
    0.209675202557018672E+02    0.134892360729490779E+01    0.498729918396897265E+01    0.968171563838577867E+08    0.770026680498184078E+03   -0.385013340249092039E+03
    0.172168912966749303E+02    0.136247765508728214E+01    0.349443749121767100E+01    0.730710541430734247E+08    0.770024549977028528E+03   -0.385012274988514264E+03
    0.320656158458117879E+01    0.135795883430362707E+01    0.307568503793673553E+01    0.120626035202678740E+09    0.770010808639945708E+03   -0.385005404319972854E+03
    0.139956597710293913E+02    0.136296773988447684E+01    0.103291877506453789E+01    0.679513779252242297E+08    0.770006349722197911E+03   -0.385003174861098955E+03
    0.139956597710293913E+02    0.136296773988447684E+01    0.103291877506453789E+01    0.679513779252242297E+08    0.770006349722197911E+03   -0.385003174861098955E+03
    0.347577559421289877E+02    0.136406983174052288E+01    0.553029663513728065E+00    0.822611832872050107E+08    0.769968382116149314E+03   -0.384984191058074657E+03
    0.347577559421289877E+02    0.136406983174052288E+01    0.553029663513728065E+00    0.822611832872050107E+08    0.769968382116149314E+03   -0.384984191058074657E+03
    0.237281703582139443E+02    0.135043222849167655E+01    0.487513809852301883E+01    0.101672084605343074E+09    0.769951093872767501E+03   -0.384975546936383751E+03
    0.378612460242376088E+02    0.135813050225929821E+01    0.160278843922130376E+00    0.673067696922067404E+08    0.769937283475971753E+03   -0.384968641737985877E+03
    0.378612460242376088E+02    0.135813050225929821E+01    0.160278843922130376E+00    0.673067696922067404E+08    0.769937283475971753E+03   -0.384968641737985877E+03
    0.978599069129876753E+01    0.135515413468498291E+01    0.392623697470894673E+01    0.121841676276964173E+09    0.769917144833918201E+03   -0.384958572416959100E+03
    0.978599069129876753E+01    0.135515413468498291E+01    0.392623697470894673E+01    0.121841676276964173E+09    0.769917144833918201E+03   -0.384958572416959100E+03
    0.271328631438034851E+01    0.135649030642460033E+01    0.172246782483194072E+01    0.133871248025685415E+09    0.769905189182154686E+03   -0.384952594591077343E+03
    0.271328631438034851E+01    0.135649030642460033E+01    0.172246782483194072E+01    0.133871248025685415E+09    0.769905189182154686E+03   -0.384952594591077343E+03
    0.237728485776177472E+02    0.135857512969068672E+01    0.515832129270113082E+01    0.891958503586651087E+08    0.769896756225621971E+03   -0.384948378112810985E+03
    0.237728485776177472E+02    0.135857512969068672E+01    0.515832129270113082E+01    0.891958503586651087E+08    0.769896756225621971E+03   -0.384948378112810985E+03
    0.926655791418984087E+01    0.136114288067236022E+01    0.145646816703435467E+01    0.111327712525622353E+09    0.769852477377087553E+03   -0.384926238688543776E+03
    0.926655791418984087E+01    0.136114288067236022E+01    0.145646816703435467E+01    0.111327712525622353E+09    0.769852477377087553E+03   -0.384926238688543776E+03
    0.293570893062367944E+02    0.136284192801479032E+01    0.100397654604461062E+01    0.944266403993236423E+08    0.769844297873931737E+03   -0.384922148936965868E+03
    0.293570893062367944E+02    0.136284192801479032E+01    0.100397654604461062E+01    0.944266403993236423E+08    0.769844297873931737E+03   -0.384922148936965868E+03
    0.258305274678442984E+02    0.136547603376219873E+01    0.103738364168870431E+00    0.746931181137758195E+08    0.769836519185937391E+03   -0.384918259592968695E+03
    0.258305274678442984E+02    0.136547603376219873E+01    0.103738364168870431E+00    0.746931181137758195E+08    0.769836519185937391E+03   -0.384918259592968695E+03
    0.188326837122164186E+02    0.136164072141548576E+01    0.331988877001547511E+01    0.983511259989913851E+08    0.769790262883481091E+03   -0.384895131441740546E+03
    0.188326837122164186E+02    0.136164072141548576E+01    0.331988877001547511E+01    0.983511259989913851E+08    0.769790262883481091E+03   -0.384895131441740546E+03
    0.356542253856957032E+02    0.134259576731263008E+01    0.197654869462567673E+01    0.784435657441131622E+08    0.769782405429415576E+03   -0.384891202714707788E+03
    0.356542253856957032E+02    0.134259576731263008E+01    0.197654869462567673E+01    0.784435657441131622E+08    0.769782405429415576E+03   -0.384891202714707788E+03
    0.105469360964690022E+02    0.136100995684190273E+01    0.476933493433839395E+01    0.881464259115183204E+08    0.769774046923657124E+03   -0.384887023461828562E+03
    0.105469360964690022E+02    0.136100995684190273E+01    0.476933493433839395E+01    0.881464259115183204E+08    0.769774046923657124E+03   -0.384887023461828562E+03
    0.133457346926906038E+02    0.134877001643731553E+01    0.261049061237136248E+01    0.133425811488182798E+09    0.769762482522487630E+03   -0.384881241261243815E+03
    0.133457346926906038E+02    0.134877001643731553E+01    0.261049061237136248E+01    0.133425811488182798E+09    0.769762482522487630E+03   -0.384881241261243815E+03
    0.175703616912482126E+02    0.135561501480079594E+01    0.340155206073017524E+01    0.113611968176804319E+09    0.769754237427121666E+03   -0.384877118713560833E+03
    0.175703616912482126E+02    0.135561501480079594E+01    0.340155206073017524E+01    0.113611968176804319E+09    0.769754237427121666E+03   -0.384877118713560833E+03
    0.266596093337249478E+02    0.135462969935733057E+01    0.154731872384822972E+00    0.660395152250216156E+08    0.769735549293607050E+03   -0.384867774646803525E+03
    0.302405806270745749E+02    0.135040914435700410E+01    0.410827756167219071E+01    0.828930145308306515E+08    0.769725089650479845E+03   -0.384862544825239922E+03
    0.302405806270745749E+02    0.135040914435700410E+01    0.410827756167219071E+01    0.828930145308306515E+08    0.769725089650479845E+03   -0.384862544825239922E+03
    0.117781057875271831E+02    0.136487056714356902E+01    0.381331957681103395E+00    0.946684173716228306E+08    0.769711180713795329E+03   -0.384855590356897665E+03
    0.117781057875271831E+02    0.136487056714356902E+01    0.381331957681103395E+00    0.946684173716228306E+08    0.769711180713795329E+03   -0.384855590356897665E+03
    0.199195571331683019E+01    0.135762575596098989E+01    0.380791744904593399E+01    0.110525583150236621E+09    0.769710830103812668E+03   -0.384855415051906334E+03
    0.199195571331683019E+01    0.135762575596098989E+01    0.380791744904593399E+01    0.110525583150236621E+09    0.769710830103812668E+03   -0.384855415051906334E+03
    0.178719904171000508E+02    0.135334004928297547E+01    0.344711129488553381E+01    0.117980797886376306E+09    0.769700728695039970E+03   -0.384850364347519985E+03
    0.176963658002706552E+02    0.134892623589559069E+01    0.310017194886271419E+01    0.120518810177538544E+09    0.769699273222985425E+03   -0.384849636611492713E+03
    0.326317721792698521E+02    0.135708981820496799E+01    0.387198084850510638E+01    0.782358116282035857E+08    0.769699262462773277E+03   -0.384849631231386638E+03
    0.251351460244268754E+01    0.135479786005512359E+01    0.321518522826008679E+01    0.121851980428989202E+09    0.769695445977263944E+03   -0.384847722988631972E+03
    0.583007019738824717E+01    0.136340934911740219E+01    0.136761922231049460E+01    0.987632406529047936E+08    0.769685743831373657E+03   -0.384842871915686828E+03
    0.583007019738824717E+01    0.136340934911740219E+01    0.136761922231049460E+01    0.987632406529047936E+08    0.769685743831373657E+03   -0.384842871915686828E+03
    0.130326436725528652E+02    0.135865976094698238E+01    0.102319790176279790E+01    0.121576951112413809E+09    0.769676816756847302E+03   -0.384838408378423651E+03
    0.321965668520823627E+02    0.135152787809953900E+01    0.259654024559383245E+01    0.103654875430804640E+09    0.769644803551293535E+03   -0.384822401775646767E+03
    0.321965668520823627E+02    0.135152787809953900E+01    0.259654024559383245E+01    0.103654875430804640E+09    0.769644803551293535E+03   -0.384822401775646767E+03
    0.300345111648425380E+02    0.135855111665843542E+01    0.297948031240260391E+01    0.967740211847722530E+08    0.769635905246237371E+03   -0.384817952623118686E+03
    0.245749047400748886E+02    0.135226001999369450E+01    0.723061460150273505E+00    0.127648330961121753E+09    0.769635759776725877E+03   -0.384817879888362938E+03
    0.121916184235776317E+02    0.136555587125679012E+01    0.110400260283183904E+01    0.782126584430845529E+08    0.769619410670895604E+03   -0.384809705335447802E+03
    0.303722616764392299E+02    0.135402409028463788E+01    0.196823001010482557E+00    0.111746061714391381E+09    0.769615804057369701E+03   -0.384807902028684850E+03
    0.837591402032378518E+01    0.135431284182992395E+01    0.534488468299184660E+01    0.934476644354817569E+08    0.769609792447293330E+03   -0.384804896223646665E+03
    0.837591402032378518E+01    0.135431284182992395E+01    0.534488468299184660E+01    0.934476644354817569E+08    0.769609792447293330E+03   -0.384804896223646665E+03
    0.469191484894546829E+01    0.135767965990902706E+01    0.444568616018846452E+01    0.101912680339912966E+09    0.769605485409544485E+03   -0.384802742704772243E+03
    0.469191484894546829E+01    0.135767965990902706E+01    0.444568616018846452E+01    0.101912680339912966E+09    0.769605485409544485E+03   -0.384802742704772243E+03
    0.200087224478305217E+02    0.135376798308934099E+01    0.543876753336146646E+01    0.863977163464018852E+08    0.769588550191468130E+03   -0.384794275095734065E+03
    0.174862682469463024E+02    0.136198762944091167E+01    0.348466088475907743E+01    0.935994297795540094E+08    0.769587911244426095E+03   -0.384793955622213048E+03
    0.376430878129591804E+02    0.135139283045719338E+01    0.378950185312587950E+00    0.708857407928580344E+08    0.769584828110472358E+03   -0.384792414055236179E+03
    0.673339270850162741E+01    0.135668388525430417E+01    0.484068021625751221E+01    0.820727528354508728E+08    0.769576287496038731E+03   -0.384788143748019365E+03
    0.811482862327176768E+01    0.135941403872249378E+01    0.465400908481255815E+01    0.914408650246388465E+08    0.769573630237252360E+03   -0.384786815118626180E+03
    0.811482862327176768E+01    0.135941403872249378E+01    0.465400908481255815E+01    0.914408650246388465E+08    0.769573630237252360E+03   -0.384786815118626180E+03
    0.296693175933325781E+01    0.136273320295409150E+01    0.956225685422528615E+00    0.716003365776233226E+08    0.769563355893275570E+03   -0.384781677946637785E+03
    0.126169349302439460E+01    0.136128693027332082E+01    0.232486002692298488E+01    0.102000685665270090E+09    0.769553808365425198E+03   -0.384776904182712599E+03
    0.465828047738015911E+02    0.134256169027919170E+01    0.435981582651147448E+00    0.789805626048425436E+08    0.769545958793200043E+03   -0.384772979396600022E+03
    0.263906706488316338E+02    0.135634771773130636E+01    0.449825290481952056E+01    0.940299309278538674E+08    0.769537822325220759E+03   -0.384768911162610380E+03
    0.743512815606313904E+01    0.135797600868877888E+01    0.251222389915849087E+01    0.114699308458450526E+09    0.769533964906416031E+03   -0.384766982453208016E+03
    0.989277114392480605E+01    0.136078244241035096E+01    0.105429185550885451E+01    0.110704031936122879E+09    0.769525757071530165E+03   -0.384762878535765083E+03
    0.163258927088118568E+02    0.136310529272176928E+01    0.670737531108692386E+00    0.998770440656443089E+08    0.769503773665225026E+03   -0.384751886832612513E+03
    0.163258927088118568E+02    0.136310529272176928E+01    0.670737531108692386E+00    0.998770440656443089E+08    0.769503773665225026E+03   -0.384751886832612513E+03
    0.323780364997546357E+02    0.136157093589218725E+01    0.135503694383247075E+01    0.913441712319476157E+08    0.769494035045732744E+03   -0.384747017522866372E+03
    0.323780364997546357E+02    0.136157093589218725E+01    0.135503694383247075E+01    0.913441712319476157E+08    0.769494035045732744E+03   -0.384747017522866372E+03
    0.630053107389402278E+01    0.136239667192324543E+01    0.110260761776861416E+01    0.103477920765532941E+09    0.769489511270909816E+03   -0.384744755635454908E+03
    0.630053107389402278E+01    0.136239667192324543E+01    0.110260761776861416E+01    0.103477920765532941E+09    0.769489511270909816E+03   -0.384744755635454908E+03
    0.224727275550504118E+02    0.135353264010832364E+01    0.304309359994954765E+01    0.111063785198467210E+09    0.769460805341328978E+03   -0.384730402670664489E+03
    0.202224665969616630E+02    0.134997649573942780E+01    0.404574178367326009E+01    0.105578149821545348E+09    0.769452280661281293E+03   -0.384726140330640646E+03
    0.291149140744056680E+02    0.135076746722634278E+01    0.278519481726563622E+01    0.758724101441273689E+08    0.769442435879958339E+03   -0.384721217939979169E+03
    0.323180604683355455E+02    0.136105878444229034E+01    0.274856653615508906E+01    0.819491244855905920E+08    0.769441843970645095E+03   -0.384720921985322548E+03
    0.485132565924492098E+01    0.136012127417074846E+01    0.201271365394455648E+01    0.716481504615853876E+08    0.769437256158433684E+03   -0.384718628079216842E+03
    0.485132565924492098E+01    0.136012127417074846E+01    0.201271365394455648E+01    0.716481504615853876E+08    0.769437256158433684E+03   -0.384718628079216842E+03
    0.211078512743279063E+02    0.135384162139375586E+01    0.152133025777264841E+01    0.120938163878539905E+09    0.769429035252469362E+03   -0.384714517626234681E+03
    0.738093829864826478E+01    0.135927794346692399E+01    0.764536212617510924E-01    0.120776342174369618E+09    0.769427416725131138E+03   -0.384713708362565569E+03
    0.238286647420680850E+02    0.135504528239678157E+01    0.299170106552884096E+01    0.108438631015498713E+09    0.769425794961110000E+03   -0.384712897480555000E+03
    0.142244175935724613E+02    0.135334850448602628E+01    0.408165468809271825E+01    0.110863521254290625E+09    0.769382123950658524E+03   -0.384691061975329262E+03
    0.240581508103234043E+02    0.135934443830931184E+01    0.299966318212588989E+01    0.982873552204972208E+08    0.769377845038270038E+03   -0.384688922519135019E+03
    0.240581508103234043E+02    0.135934443830931184E+01    0.299966318212588989E+01    0.982873552204972208E+08    0.769377845038270038E+03   -0.384688922519135019E+03
    0.214022893636482863E+02    0.136400292430178038E+01    0.216032488802941502E+01    0.804149172147276253E+08    0.769361139119240875E+03   -0.384680569559620437E+03
    0.214022893636482863E+02    0.136400292430178038E+01    0.216032488802941502E+01    0.804149172147276253E+08    0.769361139119240875E+03   -0.384680569559620437E+03
    0.686308632283726450E+01    0.135977618234444386E+01    0.323873647031022882E+01    0.102709811096102968E+09    0.769357732556363771E+03   -0.384678866278181886E+03
    0.160095178048132460E+02    0.135656257716708772E+01    0.176284455939597740E+01    0.115373093386887670E+09    0.769353840686466469E+03   -0.384676920343233235E+03
    0.104723056694704120E+02    0.135187152373636654E+01    0.377667960916803125E+01    0.785227980466127843E+08    0.769351532145032934E+03   -0.384675766072516467E+03
    0.116079164302464939E+02    0.135510191555893611E+01    0.502018859527783867E+01    0.950417993873234391E+08    0.769325772801131507E+03   -0.384662886400565753E+03
    0.103999034653953015E+01    0.135904642062799752E+01    0.659786737288157621E+00    0.705057581218391210E+08    0.769304754904221340E+03   -0.384652377452110670E+03
    0.162662264772638920E+02    0.136376557290176259E+01    0.159145971624296029E+00    0.964903658942833543E+08    0.769303787196972507E+03   -0.384651893598486254E+03
    0.117745707674917917E+02    0.136252962805316047E+01    0.115742039561507792E+01    0.998078413378567994E+08    0.769238520659053393E+03   -0.384619260329526696E+03
    0.137395330183909081E+02    0.135807125435303844E+01    0.248394359237333795E+01    0.109780274380274341E+09    0.769222367556071504E+03   -0.384611183778035752E+03
    0.245999371204591348E+02    0.136190953714576923E+01    0.125307821046856782E+01    0.957092324483061433E+08    0.769178984244403637E+03   -0.384589492122201818E+03
    0.245999371204591348E+02    0.136190953714576923E+01    0.125307821046856782E+01    0.957092324483061433E+08    0.769178984244403637E+03   -0.384589492122201818E+03
    0.168279530360027891E+02    0.136164563566624275E+01    0.367572495667451360E+01    0.815398612835703194E+08    0.769147190367851181E+03   -0.384573595183925590E+03
    0.851341187885631712E+01    0.135784208466591716E+01    0.972903975125667175E+00    0.117339418804365933E+09    0.769127237386447291E+03   -0.384563618693223646E+03
    0.851341187885631712E+01    0.135784208466591716E+01    0.972903975125667175E+00    0.117339418804365933E+09    0.769127237386447291E+03   -0.384563618693223646E+03
    0.922117080870405559E+01    0.135980460509882994E+01    0.356277635629405465E+01    0.963971428682186007E+08    0.769122544219849715E+03   -0.384561272109924857E+03
    0.296935932487713750E+02    0.134384222470788894E+01    0.141649068026845870E+01    0.947750753263314217E+08    0.769099048649437691E+03   -0.384549524324718845E+03
    0.155214483400444632E+02    0.134614414634816471E+01    0.197548303983326212E+01    0.110924780846838608E+09    0.769097919868474037E+03   -0.384548959934237018E+03
    0.118897811149502211E+02    0.136053433411250491E+01    0.355959449927526095E+00    0.109031800151617602E+09    0.769091085757007590E+03   -0.384545542878503795E+03
    0.648067490894713671E+01    0.135587900454326915E+01    0.322633784761940445E+01    0.772615804862546027E+08    0.769088901956851032E+03   -0.384544450978425516E+03
    0.109446004833137263E+02    0.135788240103346980E+01    0.703579825959565253E+00    0.116367719548152670E+09    0.769083968102135941E+03   -0.384541984051067971E+03
    0.109446004833137263E+02    0.135788240103346980E+01    0.703579825959565253E+00    0.116367719548152670E+09    0.769083968102135941E+03   -0.384541984051067971E+03
    0.300031158514253882E+02    0.135941442207325847E+01    0.290347472234335102E+01    0.794524515361284763E+08    0.769074372226958985E+03   -0.384537186113479493E+03
    0.300031158514253882E+02    0.135941442207325847E+01    0.290347472234335102E+01    0.794524515361284763E+08    0.769074372226958985E+03   -0.384537186113479493E+03
    0.808231818588951789E+01    0.135471364279861617E+01    0.190738080857448611E+01    0.119998302074888438E+09    0.769062412323299895E+03   -0.384531206161649948E+03
    0.269240720679233991E+01    0.135411875302379436E+01    0.337631429144407358E+00    0.128827985584690601E+09    0.769056578424077770E+03   -0.384528289212038885E+03
    0.269240720679233991E+01    0.135411875302379436E+01    0.337631429144407358E+00    0.128827985584690601E+09    0.769056578424077770E+03   -0.384528289212038885E+03
    0.311013741365753695E+02    0.135843391893753473E+01    0.192737429965793128E+01    0.734657551871831566E+08    0.769050621659075659E+03   -0.384525310829537830E+03
    0.120697075177052433E+02    0.134603585539927662E+01    0.219274014953514618E+01    0.104262142495740607E+09    0.769040307575709789E+03   -0.384520153787854895E+03
    0.263584135865950344E+02    0.135712621478722095E+01    0.163488044006451094E+01    0.103413458891308755E+09    0.769037209062701777E+03   -0.384518604531350888E+03
    0.263584135865950344E+02    0.135712621478722095E+01    0.163488044006451094E+01    0.103413458891308755E+09    0.769037209062701777E+03   -0.384518604531350888E+03
    0.359392798859844476E+02    0.134014905847734433E+01    0.795191519797321611E+00    0.109315648155847281E+09    0.769036006419857017E+03   -0.384518003209928509E+03
    0.370536561853397757E+02    0.135844737534541204E+01    0.541899549148142423E+00    0.906876665849927813E+08    0.769008451810614929E+03   -0.384504225905307464E+03
    0.370536561853397757E+02    0.135844737534541204E+01    0.541899549148142423E+00    0.906876665849927813E+08    0.769008451810614929E+03   -0.384504225905307464E+03
    0.675751688814977403E+01    0.135205723134858746E+01    0.370034756774485629E+01    0.859032872614978701E+08    0.769004582212033256E+03   -0.384502291106016628E+03
    0.342120574545663771E+02    0.136069295810209656E+01    0.159963406081773285E+01    0.806626601106805354E+08    0.769001420948478994E+03   -0.384500710474239497E+03
    0.249747819135446676E+02    0.135290692633852672E+01    0.385615140077420326E+01    0.929881036025466770E+08    0.768968731115136734E+03   -0.384484365557568367E+03
    0.192157940581937332E+02    0.136057328353845541E+01    0.266120397909379980E+01    0.954492260824959576E+08    0.768964855017470654E+03   -0.384482427508735327E+03
    0.142023635658124121E+02    0.136175889839315056E+01    0.294654679315018164E+01    0.887442073049602062E+08    0.768963842790681610E+03   -0.384481921395340805E+03
    0.137908160325065374E+02    0.135373485057369614E+01    0.418755618485457504E+01    0.995991832271200418E+08    0.768959393409870586E+03   -0.384479696704935293E+03
    0.344215564988717233E+02    0.136075425476204281E+01    0.732480797483132107E+00    0.868201128958137482E+08    0.768943478020484349E+03   -0.384471739010242175E+03
    0.195080434594582144E+02    0.135570410256715346E+01    0.286796065957418467E+01    0.105542419358263865E+09    0.768921893992714331E+03   -0.384460946996357166E+03
    0.284353873596952411E+02    0.135086306639070930E+01    0.287251313301458922E+01    0.948476114333433509E+08    0.768911209441033748E+03   -0.384455604720516874E+03
    0.268511188383432042E+02    0.136159791078335490E+01    0.585073704974655440E-01    0.693840712237845063E+08    0.768892654228802940E+03   -0.384446327114401470E+03
    0.979665604579036398E+01    0.135835093774015325E+01    0.362233886838244246E+01    0.964012974293823242E+08    0.768890186468818001E+03   -0.384445093234409001E+03
    0.101510472794221389E+02    0.135975423947612417E+01    0.361144408916277193E+01    0.878843465416608602E+08    0.768885946069585998E+03   -0.384442973034792999E+03
    0.289118724287051272E+02    0.135168256054905456E+01    0.275180760225930277E+01    0.788395291979418397E+08    0.768880941106416344E+03   -0.384440470553208172E+03
    0.320191656139156038E+02    0.135373920442115736E+01    0.260911900516983009E+01    0.781765847913569510E+08    0.768877328143843670E+03   -0.384438664071921835E+03
    0.334935645203270198E+02    0.136245455148838968E+01    0.272290939336112370E+00    0.806959551133677661E+08    0.768870278263211276E+03   -0.384435139131605638E+03
    0.221906041610336615E+02    0.135921128944932623E+01    0.321800014019747360E+01    0.905251412664860189E+08    0.768870180041339609E+03   -0.384435090020669804E+03
    0.102456913425888292E+02    0.136069634587509092E+01    0.161070579293546112E+01    0.101848579917267904E+09    0.768868631977060204E+03   -0.384434315988530102E+03
    0.156012343363636052E+02    0.135654459570619745E+01    0.423087660704549062E+01    0.872478623873534650E+08    0.768867284216159987E+03   -0.384433642108079994E+03
    0.340752124984750537E+02    0.135504958516628093E+01    0.193382518735267239E+01    0.932044664025913477E+08    0.768858336126477639E+03   -0.384429168063238819E+03
    0.117491435590356978E+02    0.136362190598604061E+01    0.582468669419151236E-01    0.936023227428762913E+08    0.768855602438159394E+03   -0.384427801219079697E+03
    0.236647691103046505E+02    0.135259561977911202E+01    0.328762108396887864E+01    0.786493180636366308E+08    0.768853627991166945E+03   -0.384426813995583473E+03
    0.732276463482380446E+01    0.135788810765789281E+01    0.358937777494953858E+01    0.801473776800980419E+08    0.768844500552045702E+03   -0.384422250276022851E+03
    0.347822971010914372E+01    0.136123683613677349E+01    0.227992840560745291E+01    0.894219465155682564E+08    0.768834495956623414E+03   -0.384417247978311707E+03
    0.408314857674039686E+02    0.135211492129017441E+01    0.845166199385646993E-01    0.782516892831962109E+08    0.768833626943379045E+03   -0.384416813471689522E+03
    0.257644239964081407E+02    0.136150162369913930E+01    0.797873859573249411E+00    0.711024638589421809E+08    0.768817616616043324E+03   -0.384408808308021662E+03
    0.400477333952910186E+02    0.135463386227614491E+01    0.406116930821453170E+00    0.890578755217393637E+08    0.768807437210373337E+03   -0.384403718605186668E+03
    0.257537206311429188E+02    0.135767279863805346E+01    0.329069416805571668E+01    0.889978530642941445E+08    0.768805795209741518E+03   -0.384402897604870759E+03
    0.153736409903599629E+02    0.135702641132892321E+01    0.932461570588413724E+00    0.697436028980982453E+08    0.768791504450484126E+03   -0.384395752225242063E+03
    0.251669476511899504E+02    0.135796547728336114E+01    0.170047374186810885E+01    0.715519767156714201E+08    0.768786324374768469E+03   -0.384393162187384235E+03
    0.313521235390463247E+02    0.135431011926579381E+01    0.845548972426863998E+00    0.101281781883297682E+09    0.768785779222466999E+03   -0.384392889611233500E+03
    0.149224586718569689E+02    0.136145399679087564E+01    0.311502599983648976E+01    0.813462891028777510E+08    0.768780267123412614E+03   -0.384390133561706307E+03
    0.137072901157436799E+02    0.135474532032916151E+01    0.409703936993140427E+01    0.898596731971242875E+08    0.768762953549965005E+03   -0.384381476774982502E+03
    0.105375422621982757E+02    0.135325361834410840E+01    0.379705119667417890E+01    0.983368896677839607E+08    0.768762549599852491E+03   -0.384381274799926246E+03
    0.308855278761863072E+01    0.136183577023747326E+01    0.104225875400916923E+01    0.755960418430580795E+08    0.768748061388640735E+03   -0.384374030694320368E+03
    0.370669264003646575E+02    0.135618318422608541E+01    0.113163063762399085E+01    0.772900038576507270E+08    0.768726391153123814E+03   -0.384363195576561907E+03
    0.973641535114961099E+00    0.136136035141402667E+01    0.170040759507723260E+01    0.880868957270404994E+08    0.768721187088818397E+03   -0.384360593544409198E+03
    0.140826075087799865E+02    0.136281865073590436E+01    0.206171063003422006E+01    0.828555357056992501E+08    0.768717240109372824E+03   -0.384358620054686412E+03
    0.256467708721293270E+02    0.136155644753243954E+01    0.182605917395069062E+01    0.768041063685653061E+08    0.768712490874593868E+03   -0.384356245437296934E+03
    0.185279367900643379E+02    0.136056841122650196E+01    0.100402530717138561E+01    0.100283000407107338E+09    0.768708045622553072E+03   -0.384354022811276536E+03
    0.457108064492965660E+01    0.135571217301323088E+01    0.286523402765200252E+01    0.102160982138779849E+09    0.768683163891485037E+03   -0.384341581945742519E+03
    0.294899304764607741E+02    0.134940241608066880E+01    0.117766538359049000E+01    0.993293464129871428E+08    0.768669031069172433E+03   -0.384334515534586217E+03
    0.170380399842108616E+02    0.135555742874956975E+01    0.354939579512251058E+01    0.791395039311776906E+08    0.768647474602150282E+03   -0.384323737301075141E+03
    0.310780247105385534E+02    0.134772120570570220E+01    0.828204809545920129E+00    0.951372522106284350E+08    0.768646714817140492E+03   -0.384323357408570246E+03
    0.275254040793023087E+02    0.136132792669191627E+01    0.162402488768550501E+01    0.850673356313294172E+08    0.768629931162359298E+03   -0.384314965581179649E+03
    0.363028182719869292E+02    0.135196672630058656E+01    0.876029039833199463E+00    0.782335527466064692E+08    0.768623324809130509E+03   -0.384311662404565254E+03
    0.503814299454405390E+01    0.135535806255348645E+01    0.303624716434572095E+01    0.814973908160864711E+08    0.768614092933322354E+03   -0.384307046466661177E+03
    0.196491810805835065E+02    0.136117340162084810E+01    0.104632308012427999E+01    0.967884532828929573E+08    0.768613718779450664E+03   -0.384306859389725332E+03
    0.338670386595236010E+02    0.135943556623005657E+01    0.103017324167860869E+01    0.835906941485940218E+08    0.768576590389610260E+03   -0.384288295194805130E+03
    0.902810283594284435E+01    0.136346003353241563E+01    0.700083814075026734E+00    0.778530836218749881E+08    0.768573632717829582E+03   -0.384286816358914791E+03
    0.148349785149800883E+02    0.135986602141234458E+01    0.323370762525432420E+01    0.815266965462256968E+08    0.768564693308023379E+03   -0.384282346654011690E+03
    0.265145345469761686E+02    0.136236335113770135E+01    0.354130479708295143E+00    0.876223968480383307E+08    0.768541298781642695E+03   -0.384270649390821347E+03
    0.525422532782049334E+01    0.135992233155951525E+01    0.108127146192298662E+01    0.102515686210746080E+09    0.768535109384681391E+03   -0.384267554692340696E+03
    0.318058765186784775E+02    0.135708130610497046E+01    0.681151701017733924E+00    0.957329960241086781E+08    0.768533709544111503E+03   -0.384266854772055751E+03
    0.672339578076852540E+01    0.136135778494657056E+01    0.442102190516207527E+00    0.998836802011368424E+08    0.768529756591595742E+03   -0.384264878295797871E+03
    0.169388027769315990E+02    0.135603639583570468E+01    0.131075712574001885E+00    0.111524075290654421E+09    0.768513069282490505E+03   -0.384256534641245253E+03
    0.207468692462157875E+02    0.134885692052478534E+01    0.205464391806298297E+01    0.805623627705100328E+08    0.768512059631187185E+03   -0.384256029815593593E+03
    0.104164725425543949E+02    0.136016145508913144E+01    0.357626336224077190E+00    0.706006411821590662E+08    0.768486007144588484E+03   -0.384243003572294242E+03
    0.279324575072723604E+02    0.135512034457137753E+01    0.239246868293953296E+01    0.775262450610930771E+08    0.768479694023338993E+03   -0.384239847011669497E+03
    0.233500744720367734E+02    0.135771026365222935E+01    0.217354956181452996E+01    0.750970247637885809E+08    0.768463139128436978E+03   -0.384231569564218489E+03
    0.158622165864751867E+02    0.135539499898327520E+01    0.327010835002279399E+00    0.111916166823214263E+09    0.768458630530723212E+03   -0.384229315265361606E+03
    0.338251470189761339E+01    0.135914993073349066E+01    0.851225179872512450E+00    0.105114951292703956E+09    0.768455655506287144E+03   -0.384227827753143572E+03
    0.199983607532583427E+02    0.135717525941944239E+01    0.139432822017288216E+01    0.717787158511484265E+08    0.768425932080368170E+03   -0.384212966040184085E+03
    0.320707039578185302E+02    0.135445464655987702E+01    0.142695360160385198E+01    0.763836188522897214E+08    0.768422222163713741E+03   -0.384211111081856870E+03
    0.188833166705177291E+02    0.135633007832806496E+01    0.324550247378990164E+01    0.905915517569975704E+08    0.768418930746317301E+03   -0.384209465373158650E+03
    0.606656581574429588E+00    0.136164172882786350E+01    0.102599153148030675E+01    0.804701589044221044E+08    0.768418812795842996E+03   -0.384209406397921498E+03
    0.403160895549172960E+01    0.135976877251013417E+01    0.229297051670403196E+01    0.839631815479450822E+08    0.768387633018266911E+03   -0.384193816509133455E+03
    0.601331707003412319E+01    0.135837042560667909E+01    0.240318400618304029E+01    0.962543956205353439E+08    0.768377059723706680E+03   -0.384188529861853340E+03
    0.185186199672580614E+02    0.135790812596558075E+01    0.297001238768334774E+01    0.897408735194252580E+08    0.768352417147181086E+03   -0.384176208573590543E+03
    0.171586051926911907E+02    0.136347129321176519E+01    0.387510892936408169E+00    0.781315989337226301E+08    0.768333954347700228E+03   -0.384166977173850114E+03
    0.735584182426427180E+01    0.136349687655995755E+01    0.178754042269463120E+00    0.830390289457116574E+08    0.768333202797846639E+03   -0.384166601398923319E+03
    0.139629570217508530E+02    0.135168315335910383E+01    0.296661659616314788E+01    0.922671003812562227E+08    0.768315772000864285E+03   -0.384157886000432143E+03
    0.136790849950717082E+02    0.135607059151097120E+01    0.122420681701384271E+01    0.106095591696023270E+09    0.768159123986741520E+03   -0.384079561993370760E+03
    0.920013603584314277E+00    0.135035423691724943E+01    0.116981061023323329E+01    0.108183551130559653E+09    0.768223284250086408E+03   -0.384111642125043204E+03
    0.127363106381306661E+02    0.135969997418586974E+01    0.228053822847683607E+01    0.853941927431058586E+08    0.768073043797474043E+03   -0.384036521898737021E+03
    0.131301846761478700E+02    0.135838869617267166E+01    0.252744916016143328E+01    0.853122956782465130E+08    0.768020932546181825E+03   -0.384010466273090913E+03
    0.271697216205158973E+02    0.135245706836360702E+01    0.140089300901483815E+01    0.909641678607774824E+08    0.767950333885283271E+03   -0.383975166942641636E+03
    0.111447832214578781E+02    0.135428940395281283E+01    0.178879142678927550E+01    0.760010056171196103E+08    0.768285690486000249E+03   -0.384142845243000124E+03
    0.167907303302835622E+02    0.135407051896774355E+01    0.184797740323133408E+01    0.105135353258712485E+09    0.768240935970647229E+03   -0.384120467985323614E+03
    0.191154601013885745E+02    0.135259594843945496E+01    0.205478297321155923E+01    0.805083318807081133E+08    0.767887829400401870E+03   -0.383943914700200935E+03
    0.898403909656190436E+01    0.135391523781779100E+01    0.145652415266470858E+01    0.101190999058153927E+09    0.767879148061076648E+03   -0.383939574030538324E+03
    0.166142080340310940E+02    0.134827309442421717E+01    0.947398938474486862E+00    0.101578707357675627E+09    0.768033229222794716E+03   -0.384016614611397358E+03
    0.161985883421528776E+02    0.134881028132063041E+01    0.109080148723354586E+01    0.104368607296786159E+09    0.768071590890885318E+03   -0.384035795445442659E+03
    0.109240476143633529E+02    0.135269587545563419E+01    0.361274657252597775E+00    0.944062672559271008E+08    0.767209286621030060E+03   -0.383604643310515030E+03
    0.131518675103029619E+02    0.135467586362562242E+01    0.319061690218456429E+01    0.929117919367659092E+08    0.768294916727756572E+03   -0.384147458363878286E+03
    0.234155318043512359E+02    0.135509390755716574E+01    0.217699015520382400E+01    0.844557218016366065E+08    0.767842175183799441E+03   -0.383921087591899720E+03
    0.469358992156113608E+01    0.135579608402919094E+01    0.206734199550480957E+01    0.848527702784056664E+08    0.768052524769706110E+03   -0.384026262384853055E+03
    0.199650736172540419E+02    0.134982652146443804E+01    0.106403996202114870E+01    0.101880627409776986E+09    0.768033379146629954E+03   -0.384016689573314977E+03
    0.159139817306790832E+02    0.135381975972060298E+01    0.253974809481022135E+01    0.894112558250365257E+08    0.767961531142523768E+03   -0.383980765571261884E+03
    0.217558557376288642E+01    0.135440348503027264E+01    0.539251793688213854E+00    0.108060891794238254E+09    0.768044137553379414E+03   -0.384022068776689707E+03
    0.116658889842278910E+02    0.135183353192624844E+01    0.233524132970052856E+01    0.102970274937626839E+09    0.768237772641238280E+03   -0.384118886320619140E+03
    0.151188688320862230E+02    0.135846037280186471E+01    0.176644259740181897E+01    0.868191108750429004E+08    0.767674560723666445E+03   -0.383837280361833223E+03
    0.194668948961578749E+02    0.136053417711815761E+01    0.137848789457931975E+01    0.817144560786874741E+08    0.767786207956990211E+03   -0.383893103978495105E+03
    0.809061716581482671E+01    0.135982849247621851E+01    0.138284911003049804E+01    0.797536947222619504E+08    0.767799866640370738E+03   -0.383899933320185369E+03
    0.622225947282231306E+01    0.136065574945231305E+01    0.218550969742590029E+00    0.870946902263884991E+08    0.767547186575725163E+03   -0.383773593287862582E+03
    0.123244061020765212E+02    0.136193744372535286E+01    0.200333655414674933E+00    0.857219835791356266E+08    0.767693221162531927E+03   -0.383846610581265963E+03
    0.101557596038972591E+02    0.135708762629268032E+01    0.260804032343688597E+00    0.911129133864872456E+08    0.767097522957986484E+03   -0.383548761478993242E+03
    0.265477101038646524E+02    0.135960246329936485E+01    0.616644271299080504E+00    0.829491487949458063E+08    0.767694028062369398E+03   -0.383847014031184699E+03
    0.235599744644072757E+02    0.135919522175013663E+01    0.890945215813290448E+00    0.773006468779268265E+08    0.767732552821078798E+03   -0.383866276410539399E+03
    0.743229363154634903E+01    0.135962766324648299E+01    0.559224899267082520E+00    0.102633255321604639E+09    0.768249904334353005E+03   -0.384124952167176502E+03
    0.124577389666672644E+02    0.135807846848076874E+01    0.160825283065443442E-01    0.727046224747714251E+08    0.767632134831400663E+03   -0.383816067415700331E+03
    0.200334347956475369E+02    0.136090001872662114E+01    0.724652645267691353E+00    0.760765270444969982E+08    0.767869941960479423E+03   -0.383934970980239711E+03
    0.113133416277138323E+02    0.135656804273980081E+01    0.947481117195955180E-01    0.963230753188171238E+08    0.767180413972730776E+03   -0.383590206986365388E+03
    0.238806612558515532E+02    0.135406809952338270E+01    0.629417311562572579E-01    0.912345953250576109E+08    0.767179567870772075E+03   -0.383589783935386038E+03
    0.229935712897616575E+02    0.135435889390278086E+01    0.151037880692471638E+01    0.773014349190664440E+08    0.767866617691212355E+03   -0.383933308845606177E+03
    0.144131592817271184E+02    0.135354385831391721E+01    0.439312962772505256E+00    0.735192903024081737E+08    0.767964681304923829E+03   -0.383982340652461914E+03
    0.558169812621876549E+01    0.135463682462645041E+01    0.972524372649938074E+00    0.767348072117775083E+08    0.768072483287800651E+03   -0.384036241643900325E+03
    0.278620042368411376E+02    0.135398636125040239E+01    0.147663264871738614E+00    0.825316207794487476E+08    0.767224506151793776E+03   -0.383612253075896888E+03
    0.800310605266876074E+01    0.135955849565202036E+01    0.814485372061414026E+00    0.882854702094764560E+08    0.767551874260729278E+03   -0.383775937130364639E+03
    0.316467004877114588E+01    0.136134652922795496E+01    0.660617761557491079E+00    0.827520444338384271E+08    0.767972197641495541E+03   -0.383986098820747770E+03
    0.310132156782154240E+02    0.135896847467678894E+01    0.636061439997554712E+00    0.812286077414375246E+08    0.767950647884283740E+03   -0.383975323942141870E+03
    0.249726479919919875E+02    0.135326942570829223E+01    0.316036477271412319E+00    0.752473373922058940E+08    0.767735180177618986E+03   -0.383867590088809493E+03
    0.316503873550263286E+02    0.135637513776122343E+01    0.927960287690570262E+00    0.882823940553670973E+08    0.768054305723243147E+03   -0.384027152861621573E+03
    0.219703339530066195E+02    0.136043350046190858E+01    0.307466858201540655E-01    0.824814772516265810E+08    0.767309061834246450E+03   -0.383654530917123225E+03
    0.168425030788857200E+02    0.135427164219870888E+01    0.105678707993991483E+01    0.102434902579871029E+09    0.767839929996360411E+03   -0.383919964998180205E+03
    0.206301873986130104E+02    0.136158697597093892E+01    0.437901676411781127E+00    0.784014708657439053E+08    0.767745389856361953E+03   -0.383872694928180977E+03
    0.574185946756431065E+01    0.135753762889541441E+01    0.937269782520655736E+00    0.737589987521855831E+08    0.768286448910242257E+03   -0.384143224455121128E+03
    0.164514806948489145E+02    0.135937331685844343E+01    0.761864920545886171E+00    0.906783907038178891E+08    0.767560230561823801E+03   -0.383780115280911900E+03
    0.199950103810229827E+02    0.135993902244218567E+01    0.512501814735800254E+00    0.759876897011124194E+08    0.767630132427672152E+03   -0.383815066213836076E+03
    0.328781337596441574E+02    0.135657946968997845E+01    0.283395733383630111E+00    0.925558338242116868E+08    0.768210054982121051E+03   -0.384105027491060525E+03
    0.216263859709259911E+02    0.135515887725977779E+01    0.227035537617141459E+00    0.759234637594886273E+08    0.767360022975386528E+03   -0.383680011487693264E+03
    0.329614983702674778E+02    0.135668452156448693E+01    0.681447824264598379E+00    0.823429646593574584E+08    0.767920352149017162E+03   -0.383960176074508581E+03
    0.918425510051451610E+01    0.135590714138011403E+01    0.736725297059736689E-01    0.787124478815017939E+08    0.767112834814753114E+03   -0.383556417407376557E+03
    0.137847720977883768E+02    0.135828951814604748E+01    0.119444743701052469E+01    0.768961391751465648E+08    0.767663176922816774E+03   -0.383831588461408387E+03
    0.214632418803460396E+02    0.135669557473918179E+01    0.293160430512454173E+01    0.833984776239632070E+08    0.768217502499751618E+03   -0.384108751249875809E+03
    0.191448486179264137E+02    0.135940725696939202E+01    0.197668536742101231E+01    0.815673414088726938E+08    0.767890530834371020E+03   -0.383945265417185510E+03
    0.199689645775346776E+02    0.135864112909206569E+01    0.164691208535689027E+00    0.962898547409243286E+08    0.767641559875199505E+03   -0.383820779937599752E+03
    0.502522191187163969E+01    0.135416280891925322E+01    0.150514042912328572E+01    0.955997023366201818E+08    0.767836445118153733E+03   -0.383918222559076867E+03
    0.644348787539206036E+01    0.135346190905585062E+01    0.102607266458073543E+01    0.956370364003338516E+08    0.767599967156189336E+03   -0.383799983578094668E+03
    0.249014497462314992E+02    0.135338784811138035E+01    0.233652012049198277E+01    0.825839754413453341E+08    0.768059907530939881E+03   -0.384029953765469941E+03
    0.331498914450966495E+02    0.135425247679770822E+01    0.870913062706463847E+00    0.772443919491308928E+08    0.768186033786133635E+03   -0.384093016893066817E+03
    0.114463738399216641E+02    0.136203946136310727E+01    0.152500283944544651E+00    0.774196448133745044E+08    0.767780506693370285E+03   -0.383890253346685142E+03
    0.811993250804611044E+01    0.135726998464197912E+01    0.904355985586320132E+00    0.100496381433138609E+09    0.767801594315404145E+03   -0.383900797157702073E+03
    0.689446584164132759E+01    0.135701986486752024E+01    0.266598986656822801E+01    0.935019192624567747E+08    0.768294790638833774E+03   -0.384147395319416887E+03
    0.211561961157600464E+02    0.135725796554168010E+01    0.764152485315309327E+00    0.985037767092034966E+08    0.767876759053431556E+03   -0.383938379526715778E+03
    0.800137436303231731E+01    0.135826815449529636E+01    0.145076937511937820E+01    0.866914114540262669E+08    0.767611621430003993E+03   -0.383805810715001996E+03
    0.211421079775142182E+02    0.136091925553158521E+01    0.220120096128342135E+01    0.811806277970748842E+08    0.768307045960990308E+03   -0.384153522980495154E+03
    0.998000173259737444E+00    0.135834450507122129E+01    0.844001631654428208E+00    0.854121307551663071E+08    0.767738145791878424E+03   -0.383869072895939212E+03
    0.260559782605109724E+02    0.135428158944471666E+01    0.156132168209509792E+01    0.782300078258473128E+08    0.767914926839293003E+03   -0.383957463419646501E+03
    0.120313288857594927E+02    0.136158007692326666E+01    0.175714427335182194E+00    0.868013848370081335E+08    0.767617585810627702E+03   -0.383808792905313851E+03
    0.310511054911374167E+02    0.135293354310521874E+01    0.781578130914868274E+00    0.825195614967099875E+08    0.767795585423511966E+03   -0.383897792711755983E+03
    0.269158160369854755E+02    0.136125133074327609E+01    0.434824100786349921E+00    0.812858347290810645E+08    0.767929885096034582E+03   -0.383964942548017291E+03
    0.565292697621533158E+01    0.135689954659065681E+01    0.443660875784971098E+00    0.109199175494331703E+09    0.768189083736922271E+03   -0.384094541868461135E+03
    0.287097028559403045E+01    0.135964178441482897E+01    0.739799220934033941E+00    0.772026575640856177E+08    0.768032664639358813E+03   -0.384016332319679407E+03
    0.843357864460893403E+01    0.135931529996347789E+01    0.225200009432134030E+01    0.785721105781649351E+08    0.768294987240057935E+03   -0.384147493620028968E+03
    0.179731183201160931E+02    0.135462889388098029E+01    0.212962439140368964E+01    0.100642728080170527E+09    0.768178091130491339E+03   -0.384089045565245669E+03
    0.166986992541592265E+02    0.135449563612855761E+01    0.969700630648722695E+00    0.847289447483515739E+08    0.767158175792684460E+03   -0.383579087896342230E+03
    0.166986992541592265E+02    0.135449563612855761E+01    0.969700630648722695E+00    0.847289447483515739E+08    0.767158175792684460E+03   -0.383579087896342230E+03
    0.257547836315272960E+02    0.135695962735512232E+01    0.244688846407316607E+01    0.831837973214755505E+08    0.768175545401814475E+03   -0.384087772700907237E+03
    0.139338900838305992E+02    0.136027096114215573E+01    0.178081962157445184E+01    0.757531554150435925E+08    0.768293169774401917E+03   -0.384146584887200959E+03
    0.930411414993967334E+01    0.135721558471270187E+01    0.132022530144039507E+01    0.933248699883423299E+08    0.767596943775458612E+03   -0.383798471887729306E+03
    0.389271079248570251E+01    0.135588198860730924E+01    0.158404765962183491E+01    0.941614596386587769E+08    0.767923861067913208E+03   -0.383961930533956604E+03
    0.727776545085480375E+01    0.135984887329634629E+01    0.385483255835539218E+00    0.917986154058094770E+08    0.767585929093521941E+03   -0.383792964546760970E+03
    0.709006223727034079E+01    0.135384829257681694E+01    0.620550736071596609E+00    0.907330236263716519E+08    0.767376000736630999E+03   -0.383688000368315500E+03
    0.140997930134497693E+02    0.135392265569953985E+01    0.144029798388684105E+01    0.761355857692638636E+08    0.768018293850269060E+03   -0.384009146925134530E+03
    0.116730592774717703E+02    0.135022679325395378E+01    0.770702956573162679E+00    0.110487053081508651E+09    0.768014315781029268E+03   -0.384007157890514634E+03
    0.180707489173933737E+02    0.135888288266221857E+01    0.159328359672617315E+01    0.792175387438310385E+08    0.767708586264326755E+03   -0.383854293132163377E+03
    0.108127285982782286E+02    0.135029966890763164E+01    0.190788862061215703E+01    0.975684529128223956E+08    0.768016469477396754E+03   -0.384008234738698377E+03
    0.216510826190681094E+02    0.135238555009871031E+01    0.165586990931092259E+01    0.778980505314137191E+08    0.768041105047104338E+03   -0.384020552523552169E+03
    0.279234035304465635E+02    0.135632165294287188E+01    0.272809621497152821E+00    0.897823977961803228E+08    0.767535778062450504E+03   -0.383767889031225252E+03
    0.316696464927021175E+02    0.135265371389835831E+01    0.656321173288831439E+00    0.833276369800148606E+08    0.767824425839185096E+03   -0.383912212919592548E+03
    0.677896465840316509E+01    0.135718352190334857E+01    0.537487517620708455E+00    0.782126719795534909E+08    0.767438657598785881E+03   -0.383719328799392940E+03
    0.161040564374861930E+02    0.135823504085879643E+01    0.101493768265412920E+01    0.834023358512520939E+08    0.767233597862923943E+03   -0.383616798931461972E+03
