    0.140630040035948376E+02    0.136655678058357899E+01    0.179606697442686993E+02    0.616475391553704292E+08    0.129192822320710064E+03   -0.645964111603550322E+02
    0.602845065299406855E+02    0.137109295515737717E+01    0.278961764651170299E+02    0.377901252897401601E+08    0.128450148196730822E+03   -0.642250740983654111E+02
    0.135611223576188394E+03    0.135929737983958754E+01    0.123409655928799609E+02    0.226802992632175349E+08    0.128035944843638049E+03   -0.640179724218190245E+02
    0.138107698112861669E+03    0.138317473926148926E+01    0.495249045451985204E+01    0.117034128021152597E+08    0.127689247053726959E+03   -0.638446235268634794E+02
    0.792030692100524902E+02    0.136616961569937700E+01    0.252589404582977295E+02    0.122348290781202819E+08    0.126927773965522718E+03   -0.634638869827613590E+02
    0.971487278242028474E+01    0.137802835604162799E+01    0.223573813456496140E+02    0.404321825445916355E+08    0.126664407663235011E+03   -0.633322038316175053E+02
    0.518776605546294345E+01    0.137028926178103938E+01    0.126370612763361194E+02    0.107300651242991257E+08    0.126517046651908174E+03   -0.632585233259540871E+02
    0.662556695365533841E+02    0.136837260066842403E+01    0.225378647739566951E+02    0.239827200436104834E+08    0.126274840380295174E+03   -0.631374201901475871E+02
    0.122170283743284827E+03    0.138587947651632803E+01    0.243056586945725253E-01    0.281842896097995378E+08    0.126028874641376447E+03   -0.630144373206882236E+02
    0.305542113365290540E+02    0.137185495516322042E+01    0.245833872910847369E+02    0.380794317076859549E+08    0.125974349482694834E+03   -0.629871747413474168E+02
    0.122750290410030871E+01    0.137395180728149335E+01    0.230699732164838345E+02    0.318882102213246748E+08    0.125950438635743367E+03   -0.629752193178716837E+02
    0.118353063031015289E+02    0.139684806597398503E+01    0.162629990539523135E+02    0.260601251185585037E+08    0.125787467520013536E+03   -0.628937337600067679E+02
    0.126603716335875887E+03    0.137584768690242920E+01    0.474392952501398035E+01    0.178779718060422540E+08    0.125669278142075029E+03   -0.628346390710375147E+02
    0.398580431938171387E+02    0.137484090158027072E+01    0.234673619270324707E+02    0.146950295928771067E+08    0.125570353433309009E+03   -0.627851767166545045E+02
    0.634731675544432221E+02    0.136978068504357453E+01    0.173677790911414540E+02    0.182083543814957738E+08    0.125564812108581165E+03   -0.627824060542905826E+02
    0.130916071565955122E+03    0.136209685796171631E+01    0.444694942502977675E+01    0.293373276548805311E+08    0.125538394416643840E+03   -0.627691972083219198E+02
    0.745091303141892922E+02    0.137788957318028071E+01    0.195651743997052669E+02    0.249503463550734185E+08    0.125291742493588075E+03   -0.626458712467940373E+02
    0.397393331415640318E+02    0.134840823248959074E+01    0.194479854202070719E+02    0.336469970062267408E+08    0.125211011589994740E+03   -0.626055057949973701E+02
    0.951833887941948262E+02    0.136621176346021955E+01    0.172709586713953342E+02    0.163226151636502203E+08    0.125017198639323254E+03   -0.625085993196616272E+02
    0.632013315958904229E+02    0.137479928443131882E+01    0.654333010057046405E+01    0.100393625178568028E+08    0.125013583062418377E+03   -0.625067915312091884E+02
    0.390628396863824108E+02    0.138127014024183281E+01    0.208925585124649800E+02    0.342977134970725775E+08    0.124709924545543487E+03   -0.623549622727717434E+02
    0.751085869947977756E+02    0.137376638876551094E+01    0.801650786466811560E+01    0.416638582131593153E+08    0.124700124643213712E+03   -0.623500623216068561E+02
    0.182171713534294959E+02    0.137381324864260934E+01    0.208808092544648005E+02    0.284845150767837390E+08    0.124699371854952062E+03   -0.623496859274760311E+02
    0.272121396972712688E+02    0.136182357893266626E+01    0.161528817973747678E+02    0.441970674367152974E+08    0.124662627781279980E+03   -0.623313138906399899E+02
    0.127124655992224035E+03    0.136589618794675016E+01    0.580661390344566453E+01    0.205637931300716512E+08    0.124598241742062058E+03   -0.622991208710310289E+02
    0.209960868485937944E+02    0.137569199229726924E+01    0.136597509675158850E+02    0.188484579543665834E+08    0.124454365533112650E+03   -0.622271827665563251E+02
    0.507589438485054600E+02    0.134102487583798879E+01    0.702318224017601267E+01    0.222227993899667338E+08    0.124261653845426821E+03   -0.621308269227134105E+02
    0.773008301326208880E+02    0.136909975382127747E+01    0.216527890571610584E+02    0.135795368863715623E+08    0.124231184170286156E+03   -0.621155920851430778E+02
    0.371276140213012695E+02    0.136565474404974685E+01    0.218840837478637695E+01    0.101725682670645639E+08    0.124225228544148706E+03   -0.621126142720743530E+02
    0.124970407629216439E+03    0.136027518637829692E+01    0.683066929141270873E+00    0.231067146023719423E+08    0.124172991543631383E+03   -0.620864957718156916E+02
    0.874213079616545770E+02    0.136803824028916510E+01    0.494107051617022996E+01    0.397213809581920505E+08    0.124123391138167705E+03   -0.620616955690838523E+02
    0.107472456842775713E+03    0.137416475306110586E+01    0.767300383197444358E+01    0.176864275657777041E+08    0.124117428963655584E+03   -0.620587144818277920E+02
    0.825681273593072689E+02    0.137151866121605748E+01    0.152762817855197817E+02    0.111119575196529049E+08    0.124099907795662787E+03   -0.620499538978313936E+02
    0.124064158181074134E+03    0.136162566136212204E+01    0.613908959596755821E+01    0.120298223647847641E+08    0.123995338940578222E+03   -0.619976694702891109E+02
    0.328051899850511077E+02    0.137077342068789942E+01    0.211664060041885662E+02    0.366179405232852399E+08    0.123985512440387907E+03   -0.619927562201939537E+02
    0.750113647499906335E+02    0.137600895738835827E+01    0.176004690530619641E+02    0.156350089599793535E+08    0.123970331883409443E+03   -0.619851659417047216E+02
    0.105157331755099079E+03    0.135594434801194463E+01    0.498706831857038058E+01    0.201754824446278177E+08    0.123953002723514999E+03   -0.619765013617574994E+02
    0.118016411894611878E+03    0.136818631318672801E+01    0.657631676196145953E+01    0.204270992999118753E+08    0.123813576207763518E+03   -0.619067881038817589E+02
    0.121860252529799070E+03    0.136830124556220678E+01    0.906549366556567726E+01    0.145692147753003892E+08    0.123781810530859559E+03   -0.618909052654297795E+02
    0.527318802741153618E+02    0.135785219239189558E+01    0.197642206508652478E+02    0.303012647476207092E+08    0.123750111628337947E+03   -0.618750558141689737E+02
    0.104266183712243048E+03    0.136585657628674606E+01    0.130941842926791496E+01    0.343782012262108997E+08    0.123713745943935294E+03   -0.618568729719676469E+02
    0.109093603673212641E+03    0.138301370717007210E+01    0.438696886426438404E+01    0.191874676220697239E+08    0.123677650597099458E+03   -0.618388252985497289E+02
    0.408162768068023354E+02    0.137156908697754276E+01    0.160650894222824370E+02    0.413266854805452302E+08    0.123647280911027835E+03   -0.618236404555139174E+02
    0.533420121077906870E+02    0.137186254264616014E+01    0.207620149330699277E+02    0.302979990679278709E+08    0.123626074816967446E+03   -0.618130374084837229E+02
    0.558731059747920682E+02    0.136838570935774650E+01    0.168245032644597146E+02    0.221418117234632224E+08    0.123597782619219274E+03   -0.617988913096096368E+02
    0.587749604061262545E+02    0.137083547499370328E+01    0.158114764010955096E+02    0.198085287219336629E+08    0.123587635517415634E+03   -0.617938177587078172E+02
    0.242396999108955704E+02    0.135635555722590850E+01    0.183967259796980933E+02    0.302109431097158082E+08    0.123528174395435826E+03   -0.617640871977179131E+02
    0.192140807893734156E+02    0.135795716658091870E+01    0.158649349796287567E+02    0.149597205577370636E+08    0.123346259975971151E+03   -0.616731299879855754E+02
    0.295179807174562896E+02    0.136819276600527839E+01    0.789270907567793145E+01    0.451592383820335120E+08    0.123321629678017587E+03   -0.616608148390087933E+02
    0.372947467081095407E+01    0.135549621256302033E+01    0.146279508591551952E+02    0.385917959152038246E+08    0.123247924804469278E+03   -0.616239624022346391E+02
    0.362710041577275106E+02    0.137046851132972813E+01    0.185231533630497829E+02    0.151405925883138496E+08    0.123233119083741514E+03   -0.616165595418707568E+02
    0.348377042165947226E+00    0.136732311784207461E+01    0.159557861225801840E+02    0.139887633112237286E+08    0.123227027761393060E+03   -0.616135138806965301E+02
    0.464579267406430034E+02    0.136884447505359552E+01    0.146319290529366537E+02    0.198994211315283440E+08    0.123156822944146910E+03   -0.615784114720734550E+02
    0.199285128827259292E+02    0.136907429411127457E+01    0.679094663221716210E+01    0.446796101520659402E+08    0.123119125169217426E+03   -0.615595625846087131E+02
    0.186140992371089808E+02    0.136727993693174077E+01    0.160320457626504620E+02    0.396237413916709945E+08    0.123118947787916781E+03   -0.615594738939583905E+02
    0.100645954325830544E+03    0.138520848045053313E+01    0.320754321241222629E+01    0.284754181341203377E+08    0.123102571507325507E+03   -0.615512857536627536E+02
    0.258299662771881025E+02    0.136202224843903941E+01    0.472669015559948757E+01    0.452424397571338415E+08    0.123099313927029101E+03   -0.615496569635145505E+02
    0.596809709389079046E+02    0.137761463888034319E+01    0.149199980219438455E+02    0.161825850867776871E+08    0.123063058754757094E+03   -0.615315293773785470E+02
    0.787361753626617684E+02    0.137565413748878673E+01    0.169494316725781360E+02    0.124250869137684032E+08    0.123012508835012468E+03   -0.615062544175062342E+02
    0.599125746705201294E+02    0.139055590299476539E+01    0.830677270471218776E+01    0.188262533345628269E+08    0.122987911137265229E+03   -0.614939555686326145E+02
    0.756076359992066838E+01    0.139002709900803945E+01    0.911739661524636169E+01    0.375351377511952370E+08    0.122946539817764489E+03   -0.614732699088822443E+02
    0.877861079136141313E+02    0.136896575599882797E+01    0.993225867292545139E+01    0.184422076601987369E+08    0.122890701215570900E+03   -0.614453506077854499E+02
    0.106761759572198159E+03    0.137170298673188240E+01    0.917262120909182954E+01    0.157005543548424728E+08    0.122858467225865553E+03   -0.614292336129327765E+02
    0.403833861733280486E+02    0.137123108597484156E+01    0.150493584643318492E+02    0.113852422686449084E+08    0.122831105904053985E+03   -0.614155529520269923E+02
    0.445828305395495121E+02    0.135560953737279299E+01    0.173499941691467328E+02    0.307905527268721275E+08    0.122815836517516260E+03   -0.614079182587581300E+02
    0.138287902811357295E+02    0.138000087529814430E+01    0.100168715200750693E+02    0.214285734114098102E+08    0.122741513729316651E+03   -0.613707568646583255E+02
    0.303829908370971680E+02    0.135833823049429281E+01    0.953855514526367188E+01    0.200389075457533672E+08    0.122570181548770449E+03   -0.612850907743852247E+02
    0.747299886870700618E+02    0.138097783110246497E+01    0.568119811896182725E+01    0.355978438206663728E+08    0.122521049973455462E+03   -0.612605249867277308E+02
    0.117425323589537740E+03    0.136551211316590160E+01    0.375001300881488397E+01    0.133148365005602129E+08    0.122450524049833788E+03   -0.612252620249168942E+02
    0.117425323589537740E+03    0.136551211316590160E+01    0.375001300881488397E+01    0.133148365005602129E+08    0.122450524049833788E+03   -0.612252620249168942E+02
    0.987476030763090904E+02    0.136629375473713188E+01    0.104230519369864538E+02    0.116468389881898891E+08    0.122369852451661345E+03   -0.611849262258306723E+02
    0.987476030763090904E+02    0.136629375473713188E+01    0.104230519369864538E+02    0.116468389881898891E+08    0.122369852451661345E+03   -0.611849262258306723E+02
    0.741515701949033001E+01    0.138603099815937614E+01    0.998542326388131940E+01    0.119307576806082278E+08    0.122321615835417930E+03   -0.611608079177089650E+02
    0.106886856954771403E+03    0.137867679737743676E+01    0.444981338141936078E+01    0.150116893180678133E+08    0.122290860115379218E+03   -0.611454300576896088E+02
    0.159438256563122875E-01    0.136299656308032202E+01    0.124513707459179397E+02    0.140737052099112086E+08    0.122290354835481537E+03   -0.611451774177407685E+02
    0.159438256563122875E-01    0.136299656308032202E+01    0.124513707459179397E+02    0.140737052099112086E+08    0.122290354835481537E+03   -0.611451774177407685E+02
    0.576848446317611945E+02    0.136897592515798472E+01    0.400801273391019031E+01    0.104990171833627503E+08    0.122196183661095489E+03   -0.610980918305477445E+02
    0.745448240563457887E+02    0.136570812155922927E+01    0.165048610071915980E+01    0.104367497147176843E+08    0.122177220666632479E+03   -0.610886103333162396E+02
    0.755180384137618290E+02    0.136722494713873211E+01    0.136775138861428189E+02    0.325705122270165458E+08    0.122124066578935413E+03   -0.610620332894677063E+02
    0.936315027767711996E+02    0.137683406674652442E+01    0.108217110777614671E+02    0.147567500029817782E+08    0.122116941992267655E+03   -0.610584709961338277E+02
    0.860423395923089771E+02    0.135048787379120605E+01    0.523477475312692597E+01    0.132461184793124180E+08    0.122110022709015254E+03   -0.610550113545076272E+02
    0.702725280535036916E+02    0.136127341157362247E+01    0.114655098026652169E+02    0.363038119532551244E+08    0.122104983666055375E+03   -0.610524918330276876E+02
    0.702725280535036916E+02    0.136127341157362247E+01    0.114655098026652169E+02    0.363038119532551244E+08    0.122104983666055375E+03   -0.610524918330276876E+02
    0.816342907407059073E+02    0.136626365216683854E+01    0.127172930560025872E+02    0.313108461955607459E+08    0.122001878039861055E+03   -0.610009390199305273E+02
    0.816342907407059073E+02    0.136626365216683854E+01    0.127172930560025872E+02    0.313108461955607459E+08    0.122001878039861055E+03   -0.610009390199305273E+02
    0.250714166128063054E+01    0.136548566413194283E+01    0.408071899477370259E+01    0.159363786778164003E+08    0.122000659713451370E+03   -0.610003298567256849E+02
    0.173562752566324860E+02    0.136720301010206580E+01    0.641783719174590939E+01    0.166558181678684279E+08    0.121986440610723420E+03   -0.609932203053617101E+02
    0.576140788640435062E+02    0.135037223788242966E+01    0.711758315364686300E+01    0.261406509986476116E+08    0.121966212506889889E+03   -0.609831062534449444E+02
    0.576140788640435062E+02    0.135037223788242966E+01    0.711758315364686300E+01    0.261406509986476116E+08    0.121966212506889889E+03   -0.609831062534449444E+02
    0.735051872234638211E+02    0.136002422758778274E+01    0.951631342633295851E+01    0.359836690028364658E+08    0.121954433924827526E+03   -0.609772169624137632E+02
    0.871632732909120378E+01    0.138123837837032348E+01    0.115261091770439670E+02    0.122277767000812981E+08    0.121911919894927763E+03   -0.609559599474638816E+02
    0.114243819087812728E+02    0.136635956228518274E+01    0.476501430705196655E-01    0.169306257582560964E+08    0.121851244764142379E+03   -0.609256223820711895E+02
    0.114243819087812728E+02    0.136635956228518274E+01    0.476501430705196655E-01    0.169306257582560964E+08    0.121851244764142379E+03   -0.609256223820711895E+02
    0.385131615417744513E+02    0.139306401360288290E+01    0.858627606213224581E+01    0.255110317465697192E+08    0.121832091181533386E+03   -0.609160455907666929E+02
    0.753896627963363812E+02    0.135914019524936447E+01    0.108624930513983085E+02    0.249334851378141157E+08    0.121789857495993488E+03   -0.608949287479967438E+02
    0.939265052128860560E+02    0.136727883258693117E+01    0.990611942036764326E+01    0.265855219925117940E+08    0.121757974262823211E+03   -0.608789871314116056E+02
    0.108205879506156322E+02    0.138316051374129434E+01    0.692145420437238101E+01    0.232191311584222764E+08    0.121711726730914933E+03   -0.608558633654574663E+02
    0.283891186194978324E+02    0.135918785901843475E+01    0.113100294823140004E+02    0.118652747192411739E+08    0.121656107836745264E+03   -0.608280539183726319E+02
    0.220656654236630736E+02    0.137838610396091177E+01    0.151393538629099691E+02    0.140237004223453850E+08    0.121637619683811593E+03   -0.608188098419057965E+02
    0.195922649232513812E+01    0.137362349424924002E+01    0.126795223764870322E+02    0.339026193415685818E+08    0.121560514000118999E+03   -0.607802570000594997E+02
    0.827586230905560427E+02    0.138621323535517948E+01    0.138266467321752518E+01    0.299146024158178382E+08    0.121559414021323931E+03   -0.607797070106619657E+02
    0.938686035557217764E+02    0.136907024018534362E+01    0.868204627473248003E+01    0.267721582602073997E+08    0.121511099315636415E+03   -0.607555496578182073E+02
    0.914389013912433910E+02    0.137809993065431713E+01    0.844890871679241862E+01    0.150221702562664263E+08    0.121509055866182081E+03   -0.607545279330910404E+02
    0.914389013912433910E+02    0.137809993065431713E+01    0.844890871679241862E+01    0.150221702562664263E+08    0.121509055866182081E+03   -0.607545279330910404E+02
    0.435163764309098084E+02    0.135982906507292922E+01    0.698653761196894418E+01    0.112031837635889091E+08    0.121500009742004195E+03   -0.607500048710020977E+02
    0.435163764309098084E+02    0.135982906507292922E+01    0.698653761196894418E+01    0.112031837635889091E+08    0.121500009742004195E+03   -0.607500048710020977E+02
    0.339574336260700207E+02    0.138234056322664811E+01    0.132702313562234089E+02    0.285024200507276766E+08    0.121483917355084287E+03   -0.607419586775421436E+02
    0.392938011064352750E+02    0.137010303050860283E+01    0.570057473717550067E+01    0.184159410774296708E+08    0.121352599721206687E+03   -0.606762998606033435E+02
    0.392938011064352750E+02    0.137010303050860283E+01    0.570057473717550067E+01    0.184159410774296708E+08    0.121352599721206687E+03   -0.606762998606033435E+02
    0.183930679152002696E+02    0.135567563810321690E+01    0.806265748821983763E+01    0.120922962226637285E+08    0.121326821105300866E+03   -0.606634105526504328E+02
    0.392491466936493794E+02    0.136660331507704824E+01    0.656513912896877461E+01    0.170450009216973558E+08    0.121289387271205811E+03   -0.606446936356029056E+02
    0.791208378719824026E+02    0.137985263543210235E+01    0.598859092612939925E+01    0.201090860983303972E+08    0.121239625532415104E+03   -0.606198127662075521E+02
    0.791208378719824026E+02    0.137985263543210235E+01    0.598859092612939925E+01    0.201090860983303972E+08    0.121239625532415104E+03   -0.606198127662075521E+02
    0.437608386433176548E+02    0.136735506454482802E+01    0.150763580751277377E+02    0.321917896056209467E+08    0.121189346918251005E+03   -0.605946734591255023E+02
    0.437608386433176548E+02    0.136735506454482802E+01    0.150763580751277377E+02    0.321917896056209467E+08    0.121189346918251005E+03   -0.605946734591255023E+02
    0.527483476220670155E+02    0.135906738665556204E+01    0.662306590722902921E+01    0.199245805160961673E+08    0.121167034563960470E+03   -0.605835172819802352E+02
    0.527483476220670155E+02    0.135906738665556204E+01    0.662306590722902921E+01    0.199245805160961673E+08    0.121167034563960470E+03   -0.605835172819802352E+02
    0.703190589175727041E+02    0.137194592790988623E+01    0.482792984365240763E+01    0.174803846875811368E+08    0.121134162157118027E+03   -0.605670810785590135E+02
    0.703190589175727041E+02    0.137194592790988623E+01    0.482792984365240763E+01    0.174803846875811368E+08    0.121134162157118027E+03   -0.605670810785590135E+02
    0.275443527057454141E+02    0.136698128156180165E+01    0.861835773215542034E+01    0.160531004528023899E+08    0.121121265918617496E+03   -0.605606329593087480E+02
    0.608359992856635188E+02    0.137332255929794633E+01    0.855011882560568282E+01    0.165800665731394310E+08    0.121082028776406418E+03   -0.605410143882032088E+02
    0.608359992856635188E+02    0.137332255929794633E+01    0.855011882560568282E+01    0.165800665731394310E+08    0.121082028776406418E+03   -0.605410143882032088E+02
    0.584640712215820457E+02    0.138034354500563694E+01    0.118141142023694083E+02    0.286457294029786661E+08    0.121044765772192108E+03   -0.605223828860960538E+02
    0.584640712215820457E+02    0.138034354500563694E+01    0.118141142023694083E+02    0.286457294029786661E+08    0.121044765772192108E+03   -0.605223828860960538E+02
    0.445872338034929072E+02    0.136277876858699454E+01    0.204423338807154867E-01    0.395789403912989572E+08    0.121008339391673672E+03   -0.605041696958368362E+02
    0.445872338034929072E+02    0.136277876858699454E+01    0.204423338807154867E-01    0.395789403912989572E+08    0.121008339391673672E+03   -0.605041696958368362E+02
    0.259857598030470349E+02    0.136289460383953176E+01    0.972047798601752433E+01    0.380868016534250379E+08    0.120977118391798740E+03   -0.604885591958993700E+02
    0.259857598030470349E+02    0.136289460383953176E+01    0.972047798601752433E+01    0.380868016534250379E+08    0.120977118391798740E+03   -0.604885591958993700E+02
    0.311612063167695963E+01    0.137360216849419947E+01    0.911269812505587673E+01    0.144247762055708691E+08    0.120976788501305947E+03   -0.604883942506529735E+02
    0.335572153598135827E+02    0.136028513775888005E+01    0.870626334428701476E+01    0.245683296951195151E+08    0.120973439746280519E+03   -0.604867198731402596E+02
    0.335572153598135827E+02    0.136028513775888005E+01    0.870626334428701476E+01    0.245683296951195151E+08    0.120973439746280519E+03   -0.604867198731402596E+02
    0.852938686534582047E+02    0.138370174160803794E+01    0.563845518353951558E+01    0.151921198453668077E+08    0.120960029284957685E+03   -0.604800146424788423E+02
    0.680252840868082842E+02    0.137559999123642074E+01    0.117046751931704378E+02    0.151560638322893940E+08    0.120950260326001327E+03   -0.604751301630006637E+02
    0.680252840868082842E+02    0.137559999123642074E+01    0.117046751931704378E+02    0.151560638322893940E+08    0.120950260326001327E+03   -0.604751301630006637E+02
    0.571198329706619887E+02    0.135897893871188002E+01    0.767281697576260591E+01    0.229632295762279257E+08    0.120902290262258646E+03   -0.604511451311293229E+02
    0.653296413104964984E+02    0.137960918440662073E+01    0.293957005078607958E+01    0.183059204969453402E+08    0.120894073753013231E+03   -0.604470368765066155E+02
    0.653296413104964984E+02    0.137960918440662073E+01    0.293957005078607958E+01    0.183059204969453402E+08    0.120894073753013231E+03   -0.604470368765066155E+02
    0.650402506564018381E+02    0.138200524598564845E+01    0.709077467493044011E+01    0.215784559733903520E+08    0.120888886489428231E+03   -0.604444432447141153E+02
    0.504531140759679744E+02    0.136702156333451330E+01    0.949564923495268509E+01    0.374645645950963348E+08    0.120884701476908134E+03   -0.604423507384540670E+02
    0.274440431603008506E+02    0.136221795515896882E+01    0.788444935575124983E+01    0.242835920424901098E+08    0.120879377913748954E+03   -0.604396889568744768E+02
    0.274440431603008506E+02    0.136221795515896882E+01    0.788444935575124983E+01    0.242835920424901098E+08    0.120879377913748954E+03   -0.604396889568744768E+02
    0.232406759521167920E+02    0.138914221055070120E+01    0.721657203304223316E+01    0.267131962971544899E+08    0.120878686851534596E+03   -0.604393434257672979E+02
    0.232406759521167920E+02    0.138914221055070120E+01    0.721657203304223316E+01    0.267131962971544899E+08    0.120878686851534596E+03   -0.604393434257672979E+02
    0.213635547279169771E+02    0.138198159383751484E+01    0.696922361364491039E+01    0.157066790367033500E+08    0.120868443275013377E+03   -0.604342216375066883E+02
    0.651996832247453000E+02    0.137839335296682597E+01    0.923958782922819211E+01    0.313834525023002662E+08    0.120852744346723739E+03   -0.604263721733618695E+02
    0.157480947836275416E+02    0.137836627013638546E+01    0.891858340709411657E+01    0.150528442059141044E+08    0.120852014890150571E+03   -0.604260074450752853E+02
    0.106777429580688477E+03    0.136538594915035327E+01    0.105539560317993164E+01    0.139194049537552539E+08    0.120830693403941623E+03   -0.604153467019708117E+02
    0.949432266325108145E+02    0.137377243083615497E+01    0.996145096459878587E+00    0.124884168409285117E+08    0.120821842512659174E+03   -0.604109212563295870E+02
    0.949432266325108145E+02    0.137377243083615497E+01    0.996145096459878587E+00    0.124884168409285117E+08    0.120821842512659174E+03   -0.604109212563295870E+02
    0.775148443556869040E+02    0.136514391078692743E+01    0.101232446468193480E+02    0.264306660049302615E+08    0.120807345301557376E+03   -0.604036726507786881E+02
    0.675517453489839284E+02    0.136690246182569264E+01    0.984302744934467810E+01    0.235134694655290172E+08    0.120798548168485439E+03   -0.603992740842427196E+02
    0.675517453489839284E+02    0.136690246182569264E+01    0.984302744934467810E+01    0.235134694655290172E+08    0.120798548168485439E+03   -0.603992740842427196E+02
    0.104485369826877612E+02    0.138089273747929875E+01    0.303224896027485924E+01    0.116273822919510007E+08    0.120787652737287516E+03   -0.603938263686437580E+02
    0.104485369826877612E+02    0.138089273747929875E+01    0.303224896027485924E+01    0.116273822919510007E+08    0.120787652737287516E+03   -0.603938263686437580E+02
    0.331113381944027623E+02    0.137710620815574103E+01    0.741122639059580823E+01    0.373891711024530306E+08    0.120756466761281089E+03   -0.603782333806405447E+02
    0.331113381944027623E+02    0.137710620815574103E+01    0.741122639059580823E+01    0.373891711024530306E+08    0.120756466761281089E+03   -0.603782333806405447E+02
    0.686314779572524714E+02    0.138508612039206325E+01    0.601050564151415045E+01    0.296248657070707902E+08    0.120737783653578703E+03   -0.603688918267893513E+02
    0.686314779572524714E+02    0.138508612039206325E+01    0.601050564151415045E+01    0.296248657070707902E+08    0.120737783653578703E+03   -0.603688918267893513E+02
    0.466502337725433875E+02    0.137279239737497671E+01    0.136213035874386801E+02    0.299827286969677880E+08    0.120721639258229800E+03   -0.603608196291149000E+02
    0.750354048877224589E+01    0.135537966939008436E+01    0.186217851269415191E+01    0.124095830797750019E+08    0.120710919639372875E+03   -0.603554598196864376E+02
    0.750354048877224589E+01    0.135537966939008436E+01    0.186217851269415191E+01    0.124095830797750019E+08    0.120710919639372875E+03   -0.603554598196864376E+02
    0.791051504115112891E+02    0.135808154604491627E+01    0.102540734625589387E+02    0.143048818944776673E+08    0.120708631084935547E+03   -0.603543155424677735E+02
    0.683120577208664148E+01    0.135389322889777985E+01    0.353542620981896816E+01    0.298896613505529724E+08    0.120703534679067133E+03   -0.603517673395335663E+02
    0.374908178498799813E+02    0.136862724523851620E+01    0.196282723385092650E+01    0.109732320459922515E+08    0.120701033249805690E+03   -0.603505166249028449E+02
    0.517834897008652320E+02    0.137882602006328137E+01    0.614846366081825657E+01    0.166389404307697695E+08    0.120681773404884240E+03   -0.603408867024421198E+02
    0.517834897008652320E+02    0.137882602006328137E+01    0.614846366081825657E+01    0.166389404307697695E+08    0.120681773404884240E+03   -0.603408867024421198E+02
    0.389067264656301361E+02    0.136463885183702516E+01    0.959465612689099068E+01    0.374329291069947034E+08    0.120676603558471811E+03   -0.603383017792359055E+02
    0.700631493176791906E+02    0.137886960116478696E+01    0.486349595404380430E+01    0.316281576132111065E+08    0.120657519119729344E+03   -0.603287595598646718E+02
    0.942288697261197505E+01    0.136637487993856532E+01    0.553344767852136687E+01    0.376064781025195420E+08    0.120655305575314088E+03   -0.603276527876570441E+02
    0.942288697261197505E+01    0.136637487993856532E+01    0.553344767852136687E+01    0.376064781025195420E+08    0.120655305575314088E+03   -0.603276527876570441E+02
    0.230565808367021248E+02    0.137664619340742989E+01    0.345391987688239821E+01    0.202679904483548366E+08    0.120608061428649009E+03   -0.603040307143245045E+02
    0.230565808367021248E+02    0.137664619340742989E+01    0.345391987688239821E+01    0.202679904483548366E+08    0.120608061428649009E+03   -0.603040307143245045E+02
    0.212696793066874790E+02    0.135985499199262971E+01    0.730622037860620654E+01    0.267855240032725632E+08    0.120596992799159594E+03   -0.602984963995797969E+02
    0.895321771504450048E+01    0.137196446715552423E+01    0.833836560058059639E+01    0.147387523395574689E+08    0.120590755167076850E+03   -0.602953775835384249E+02
    0.895321771504450048E+01    0.137196446715552423E+01    0.833836560058059639E+01    0.147387523395574689E+08    0.120590755167076850E+03   -0.602953775835384249E+02
    0.512938826255691751E+02    0.138093823980809116E+01    0.107532414128590705E+02    0.305386992303946428E+08    0.120589689633916265E+03   -0.602948448169581326E+02
    0.860136373103295142E+02    0.135987547080958948E+01    0.247310853859749225E+01    0.248504612660824843E+08    0.120585569363040321E+03   -0.602927846815201605E+02
    0.679642217703556923E+02    0.139044221947873115E+01    0.123146889001830706E+01    0.268095657560204230E+08    0.120562381961714948E+03   -0.602811909808574740E+02
    0.453832201847110355E+02    0.137297831895178679E+01    0.138064791839303425E+02    0.144196792848932855E+08    0.120533671663403283E+03   -0.602668358317016413E+02
    0.453832201847110355E+02    0.137297831895178679E+01    0.138064791839303425E+02    0.144196792848932855E+08    0.120533671663403283E+03   -0.602668358317016413E+02
    0.740111831580776851E+02    0.137656888198003347E+01    0.458274707051690910E+01    0.208120682415984794E+08    0.120526215708557913E+03   -0.602631078542789567E+02
    0.740111831580776851E+02    0.137656888198003347E+01    0.458274707051690910E+01    0.208120682415984794E+08    0.120526215708557913E+03   -0.602631078542789567E+02
    0.521766875269039954E+01    0.136968360427181057E+01    0.972412236605883962E+01    0.328082453871423006E+08    0.120511363875417217E+03   -0.602556819377086086E+02
    0.712940165606276679E+02    0.137198109207156316E+01    0.356442922029798603E+00    0.109822088086170889E+08    0.120487571013765802E+03   -0.602437855068829009E+02
    0.119334042002923706E+02    0.135631512619344408E+01    0.408648042802520362E+01    0.360953977775270268E+08    0.120486694576048677E+03   -0.602433472880243386E+02
    0.119334042002923706E+02    0.135631512619344408E+01    0.408648042802520362E+01    0.360953977775270268E+08    0.120486694576048677E+03   -0.602433472880243386E+02
    0.885493512647939696E+02    0.137855976026480387E+01    0.431827391857957821E+01    0.132888059132658746E+08    0.120486212813922890E+03   -0.602431064069614450E+02
    0.885493512647939696E+02    0.137855976026480387E+01    0.431827391857957821E+01    0.132888059132658746E+08    0.120486212813922890E+03   -0.602431064069614450E+02
    0.227760972091216516E+02    0.136112335120862982E+01    0.600028505633079945E+01    0.377432627345054224E+08    0.120446376364769947E+03   -0.602231881823849733E+02
    0.227760972091216516E+02    0.136112335120862982E+01    0.600028505633079945E+01    0.377432627345054224E+08    0.120446376364769947E+03   -0.602231881823849733E+02
    0.773471184400754339E+02    0.137484273431391535E+01    0.568557605527861565E+01    0.240936436760241091E+08    0.120430873771831315E+03   -0.602154368859156577E+02
    0.412825400316354845E+02    0.136787976260817756E+01    0.110445385780733947E+02    0.119083144227535427E+08    0.120428506778112904E+03   -0.602142533890564522E+02
    0.674377437818547492E+02    0.135598196188505238E+01    0.388769905827191509E+00    0.310294070712910220E+08    0.120425095729951906E+03   -0.602125478649759529E+02
    0.674377437818547492E+02    0.135598196188505238E+01    0.388769905827191509E+00    0.310294070712910220E+08    0.120425095729951906E+03   -0.602125478649759529E+02
    0.881656378146348771E+02    0.136648270058736188E+01    0.488823551440356674E+01    0.245988808985627741E+08    0.120420104758819733E+03   -0.602100523794098663E+02
    0.229446863652730570E+02    0.137386026587477694E+01    0.614965020272421548E+01    0.239949022966736741E+08    0.120381021105964109E+03   -0.601905105529820545E+02
    0.541344165868810663E+02    0.137698662611295553E+01    0.124802047533368121E+02    0.126861813897175007E+08    0.120365423852466677E+03   -0.601827119262333383E+02
    0.541344165868810663E+02    0.137698662611295553E+01    0.124802047533368121E+02    0.126861813897175007E+08    0.120365423852466677E+03   -0.601827119262333383E+02
    0.454200987401411567E+02    0.137924941663897616E+01    0.447215956213366272E+01    0.112175330893221106E+08    0.120358077106767041E+03   -0.601790385533835206E+02
    0.454200987401411567E+02    0.137924941663897616E+01    0.447215956213366272E+01    0.112175330893221106E+08    0.120358077106767041E+03   -0.601790385533835206E+02
    0.491485863000308427E+02    0.137105716530110477E+01    0.295020660824758130E+01    0.170563548123465553E+08    0.120318740563273167E+03   -0.601593702816365834E+02
    0.659766952905312678E+02    0.137001086500835689E+01    0.109249360586046809E+02    0.291578487119525410E+08    0.120300348632499990E+03   -0.601501743162499949E+02
    0.199720111685901642E+02    0.135512395687547582E+01    0.115928694578575708E+01    0.276495192203447372E+08    0.120273327404744578E+03   -0.601366637023722888E+02
    0.721428094651546417E+02    0.135940724945784464E+01    0.727397244639802665E+01    0.120711697869868837E+08    0.120211592095948888E+03   -0.601057960479744438E+02
    0.721428094651546417E+02    0.135940724945784464E+01    0.727397244639802665E+01    0.120711697869868837E+08    0.120211592095948888E+03   -0.601057960479744438E+02
    0.714762644124181321E+02    0.137284224237698438E+01    0.110461425110049616E+01    0.315426422905744128E+08    0.120205721456886138E+03   -0.601028607284430691E+02
    0.340085519490248416E+02    0.135835840240958117E+01    0.119422984832622419E+02    0.130978735550137218E+08    0.120145488689754231E+03   -0.600727443448771155E+02
    0.340085519490248416E+02    0.135835840240958117E+01    0.119422984832622419E+02    0.130978735550137218E+08    0.120145488689754231E+03   -0.600727443448771155E+02
    0.561487407726284218E+02    0.138490743050114085E+01    0.124771454686459493E+01    0.188633862679101042E+08    0.120124498418128127E+03   -0.600622492090640634E+02
    0.109723805326286179E+02    0.138236581361788979E+01    0.519965882072393448E+01    0.123185653845975418E+08    0.120106039586814333E+03   -0.600530197934071666E+02
    0.109723805326286179E+02    0.138236581361788979E+01    0.519965882072393448E+01    0.123185653845975418E+08    0.120106039586814333E+03   -0.600530197934071666E+02
    0.453474073686388195E+02    0.137290074620519653E+01    0.254000086476578435E+01    0.189172172464847788E+08    0.120096732237644261E+03   -0.600483661188221305E+02
    0.217168579797657557E+02    0.138099137858838406E+01    0.107505666408452658E+02    0.136359709701735750E+08    0.120078676617035043E+03   -0.600393383085175216E+02
    0.509215612691469346E+02    0.137516239941867302E+01    0.581067903059486746E+01    0.217427978210607134E+08    0.120076677185162410E+03   -0.600383385925812050E+02
    0.725078076357794714E+02    0.137713021633537358E+01    0.227778453578406692E+01    0.163067431289881077E+08    0.120044841385780543E+03   -0.600224206928902717E+02
    0.406923251198479861E+02    0.137988406637013639E+01    0.539615807208016030E+01    0.345801112498509586E+08    0.120039807237008276E+03   -0.600199036185041379E+02
    0.786102294045334702E+02    0.136770815790774480E+01    0.172840768723059979E+01    0.199224836583115011E+08    0.120005453820405407E+03   -0.600027269102027034E+02
    0.786102294045334702E+02    0.136770815790774480E+01    0.172840768723059979E+01    0.199224836583115011E+08    0.120005453820405407E+03   -0.600027269102027034E+02
    0.677359351901503004E+02    0.137800762105204910E+01    0.226067212896461678E+01    0.201504862199928164E+08    0.120004754406315868E+03   -0.600023772031579341E+02
    0.810923071095813963E+00    0.137544081593628675E+01    0.307041091572167968E+01    0.327116633806963637E+08    0.120000166973168419E+03   -0.600000834865842094E+02
    0.216037193245318555E+02    0.138184871030277656E+01    0.608545508948525438E+01    0.120577790617169328E+08    0.119978533122912211E+03   -0.599892665614561054E+02
    0.216037193245318555E+02    0.138184871030277656E+01    0.608545508948525438E+01    0.120577790617169328E+08    0.119978533122912211E+03   -0.599892665614561054E+02
    0.253110905373319675E+02    0.137674136747318610E+01    0.956032216137715984E+01    0.321547515706577599E+08    0.119965513522800705E+03   -0.599827567614003527E+02
    0.680866173092697409E+02    0.136825388665653924E+01    0.737771850155513720E+00    0.187639566063742004E+08    0.119958837137668922E+03   -0.599794185688344612E+02
    0.680866173092697409E+02    0.136825388665653924E+01    0.737771850155513720E+00    0.187639566063742004E+08    0.119958837137668922E+03   -0.599794185688344612E+02
    0.776439260634774229E+02    0.137248606863167533E+01    0.355772605190927849E+00    0.114916679968937300E+08    0.119935498690022371E+03   -0.599677493450111854E+02
    0.730920598103831765E+02    0.137798325866537219E+01    0.357033510533891496E+01    0.249216060080446973E+08    0.119915530841198176E+03   -0.599577654205990882E+02
    0.544986879174587600E+02    0.137815889274202230E+01    0.748738089215377478E+01    0.155198305119482856E+08    0.119912278084050584E+03   -0.599561390420252920E+02
    0.491363160929688547E+02    0.137161526663983024E+01    0.597924250473177743E+01    0.224794742004269622E+08    0.119871038007210274E+03   -0.599355190036051368E+02
    0.708969979704611148E+02    0.135799814230689542E+01    0.953498653001771529E-01    0.118699567978549972E+08    0.119868401270454939E+03   -0.599342006352274694E+02
    0.708969979704611148E+02    0.135799814230689542E+01    0.953498653001771529E-01    0.118699567978549972E+08    0.119868401270454939E+03   -0.599342006352274694E+02
    0.355850473212909861E+02    0.137604014552755749E+01    0.418854745098889580E+01    0.160093324041285217E+08    0.119858629988640843E+03   -0.599293149943204213E+02
    0.355850473212909861E+02    0.137604014552755749E+01    0.418854745098889580E+01    0.160093324041285217E+08    0.119858629988640843E+03   -0.599293149943204213E+02
    0.314058029046236236E+02    0.137262546318545708E+01    0.124611706770083064E+02    0.138926793673986699E+08    0.119857255980487579E+03   -0.599286279902437897E+02
    0.650478090546650378E+02    0.138158979720792385E+01    0.811284428872887453E+01    0.145838423824025691E+08    0.119855762458774237E+03   -0.599278812293871184E+02
    0.762549481444772965E+02    0.136679459056620312E+01    0.112508466338173019E+01    0.198315317311428860E+08    0.119853002269103513E+03   -0.599265011345517564E+02
    0.746616580121099958E+02    0.137381415143887109E+01    0.353299971700662008E+01    0.117446313363582511E+08    0.119846732075468793E+03   -0.599233660377343966E+02
    0.746616580121099958E+02    0.137381415143887109E+01    0.353299971700662008E+01    0.117446313363582511E+08    0.119846732075468793E+03   -0.599233660377343966E+02
    0.287299472863507894E+02    0.135873716747222950E+01    0.106173398366242218E+02    0.135419642938624918E+08    0.119835128656805864E+03   -0.599175643284029320E+02
    0.287299472863507894E+02    0.135873716747222950E+01    0.106173398366242218E+02    0.135419642938624918E+08    0.119835128656805864E+03   -0.599175643284029320E+02
    0.459357715088995988E+02    0.136437672686035083E+01    0.716062633145771876E+01    0.157325246695867442E+08    0.119834298074182186E+03   -0.599171490370910931E+02
    0.123028890037135081E+02    0.136749503131141181E+01    0.125444680774500685E-01    0.355693369418644086E+08    0.119827058408161477E+03   -0.599135292040807386E+02
    0.595862150328427518E+02    0.137752982076226238E+01    0.320435210351346367E+01    0.212174721997242048E+08    0.119823487291693709E+03   -0.599117436458468546E+02
    0.595862150328427518E+02    0.137752982076226238E+01    0.320435210351346367E+01    0.212174721997242048E+08    0.119823487291693709E+03   -0.599117436458468546E+02
    0.255923172175861673E+02    0.138054610847991466E+01    0.705094508572732259E+01    0.279290927046887837E+08    0.119807356567866364E+03   -0.599036782839331821E+02
    0.255923172175861673E+02    0.138054610847991466E+01    0.705094508572732259E+01    0.279290927046887837E+08    0.119807356567866364E+03   -0.599036782839331821E+02
    0.204551146858707362E+02    0.137278263656712185E+01    0.536861274469780270E+01    0.261074571219073832E+08    0.119800072126328686E+03   -0.599000360631643431E+02
    0.204551146858707362E+02    0.137278263656712185E+01    0.536861274469780270E+01    0.261074571219073832E+08    0.119800072126328686E+03   -0.599000360631643431E+02
    0.311426551878310960E+02    0.137123607945195225E+01    0.571048609096889326E+01    0.363655243243815973E+08    0.119799808623316153E+03   -0.598999043116580765E+02
    0.745316755991978681E+02    0.137798982019848038E+01    0.748641957221875298E+01    0.142104778165347986E+08    0.119794063955805640E+03   -0.598970319779028202E+02
    0.745316755991978681E+02    0.137798982019848038E+01    0.748641957221875298E+01    0.142104778165347986E+08    0.119794063955805640E+03   -0.598970319779028202E+02
    0.228589041159241901E+02    0.135687556530974618E+01    0.673610770393752212E+01    0.127669592875331417E+08    0.119782436800571347E+03   -0.598912184002856733E+02
    0.137342034829968518E+01    0.137470340250117262E+01    0.515064750094338475E+01    0.137038377837747801E+08    0.119780368746927721E+03   -0.598901843734638604E+02
    0.443483096550097926E+02    0.137696941994980770E+01    0.924814368709516721E+01    0.309566988778260127E+08    0.119779694493600147E+03   -0.598898472468000733E+02
    0.443483096550097926E+02    0.137696941994980770E+01    0.924814368709516721E+01    0.309566988778260127E+08    0.119779694493600147E+03   -0.598898472468000733E+02
    0.622313930469830083E+02    0.137283205846672174E+01    0.201033854346544771E+01    0.321126725862136334E+08    0.119775732446469533E+03   -0.598878662232347665E+02
    0.412432791031890034E+02    0.136750634208174104E+01    0.727308868781415008E+01    0.356635601663381532E+08    0.119774653087138333E+03   -0.598873265435691664E+02
    0.598966254716110953E+02    0.135961943515086725E+01    0.511051148954671319E+01    0.321208739693944715E+08    0.119771081992191228E+03   -0.598855409960956138E+02
    0.598966254716110953E+02    0.135961943515086725E+01    0.511051148954671319E+01    0.321208739693944715E+08    0.119771081992191228E+03   -0.598855409960956138E+02
    0.342116749027275233E+02    0.137339596468860314E+01    0.562155920213771232E+01    0.156925597922868151E+08    0.119763891212513812E+03   -0.598819456062569060E+02
    0.728295783400429428E+02    0.136844935878223528E+01    0.103992218575025053E+02    0.129235807295337990E+08    0.119759491300026667E+03   -0.598797456500133336E+02
    0.118208449824300601E+02    0.137210774542531633E+01    0.407336766389501292E+01    0.275050775290086754E+08    0.119751103623454242E+03   -0.598755518117271208E+02
    0.117956588902467576E+02    0.137942408749257961E+01    0.548567599514055892E+01    0.317987880102881454E+08    0.119750229171154103E+03   -0.598751145855770517E+02
    0.146314782105002550E+02    0.136247749816959463E+01    0.540320077115969788E+01    0.297048975213905014E+08    0.119742416388995309E+03   -0.598712081944976546E+02
    0.674610361801931901E+02    0.136045164369103389E+01    0.295532301791740615E+01    0.116796790296956524E+08    0.119740958195838118E+03   -0.598704790979190591E+02
    0.660685527891026680E+02    0.135890296265139288E+01    0.998164106062683487E+01    0.135278837832388785E+08    0.119738018962307109E+03   -0.598690094811535545E+02
    0.442835795467424234E+02    0.136064186741362003E+01    0.287498692108730625E+01    0.234850274601307325E+08    0.119737037811031371E+03   -0.598685189055156854E+02
    0.155019457007995118E+02    0.136913781144195035E+01    0.100546716269746721E+02    0.133850252528849915E+08    0.119721187117575056E+03   -0.598605935587875280E+02
    0.178385691848864099E+02    0.137607452663006335E+01    0.660375546400382962E+01    0.334734608562128544E+08    0.119703947086007361E+03   -0.598519735430036803E+02
    0.411591770477302532E+02    0.137710616489182591E+01    0.125934918102528881E+01    0.113412027006120179E+08    0.119701054673479533E+03   -0.598505273367397663E+02
    0.270261012438638346E+02    0.137714004520943223E+01    0.260605459835254338E+01    0.157404763779066075E+08    0.119695894651805006E+03   -0.598479473259025028E+02
    0.188654471039496840E+02    0.138066266362454226E+01    0.882748149413881933E+01    0.131474363206618447E+08    0.119672455507266022E+03   -0.598362277536330112E+02
    0.188654471039496840E+02    0.138066266362454226E+01    0.882748149413881933E+01    0.131474363206618447E+08    0.119672455507266022E+03   -0.598362277536330112E+02
    0.873793635649725360E+02    0.136510081274178652E+01    0.526179038058351178E+01    0.127849124800524041E+08    0.119671658122668049E+03   -0.598358290613340245E+02
    0.468771753218648541E+02    0.137762065506926801E+01    0.296140443912154483E+01    0.215561823046644777E+08    0.119663439732626131E+03   -0.598317198663130654E+02
    0.537370922860499931E+02    0.136521779776867458E+01    0.261511674642672265E+01    0.200983750432050042E+08    0.119659204748761923E+03   -0.598296023743809613E+02
    0.224222552247115487E+02    0.136910712218676145E+01    0.503536083524875444E+01    0.358102425790088251E+08    0.119643784952492453E+03   -0.598218924762462265E+02
    0.191341255689013643E+02    0.138185471228847945E+01    0.857086934140168033E+01    0.134525357177642230E+08    0.119628456360280992E+03   -0.598142281801404962E+02
    0.191341255689013643E+02    0.138185471228847945E+01    0.857086934140168033E+01    0.134525357177642230E+08    0.119628456360280992E+03   -0.598142281801404962E+02
    0.343070327730350471E+02    0.136771057083529701E+01    0.893067479382493801E+01    0.280763600344684497E+08    0.119615072484623795E+03   -0.598075362423118975E+02
    0.156181004873261955E+02    0.137266459937302909E+01    0.808497694326964167E+00    0.259557233095326796E+08    0.119601595224939643E+03   -0.598007976124698217E+02
    0.540855350028754955E+02    0.137627367388979138E+01    0.346119925884497404E+01    0.115091942557133101E+08    0.119583272375072951E+03   -0.597916361875364757E+02
    0.580171842947676453E+02    0.138576422260397480E+01    0.297668602707155516E+01    0.155468868772456627E+08    0.119582099374275003E+03   -0.597910496871375017E+02
    0.641909044527114219E+02    0.136522841180061705E+01    0.151058070555139756E+01    0.331121600823313482E+08    0.119580216152168319E+03   -0.597901080760841594E+02
    0.542406150186673557E+02    0.137043231821937206E+01    0.888497420546590710E+01    0.152072414577600695E+08    0.119577778665619874E+03   -0.597888893328099371E+02
    0.782545507457191434E+02    0.136504269013705670E+01    0.376668439365853969E+01    0.259016240654049516E+08    0.119569340189493971E+03   -0.597846700947469856E+02
    0.347669720649719238E+02    0.136567903760488840E+01    0.111926317214965820E+02    0.139970593381004333E+08    0.119557454097229055E+03   -0.597787270486145275E+02
    0.177510547269396319E+02    0.135935555317358681E+01    0.385417338105794105E+01    0.331670225212131329E+08    0.119556937339849156E+03   -0.597784686699245782E+02
    0.585563665141567036E+01    0.136720756602134519E+01    0.269747070731969130E+01    0.318570874521634951E+08    0.119555800906738028E+03   -0.597779004533690141E+02
    0.573214445275393842E+02    0.136140652064088075E+01    0.760222229417749595E+01    0.288574643204880059E+08    0.119554606535958001E+03   -0.597773032679790006E+02
    0.203870872877131681E+02    0.137991876680028569E+01    0.346240232770027712E+01    0.331866445170133449E+08    0.119543751702854024E+03   -0.597718758514270121E+02
    0.256017612513038131E+02    0.138016230020598707E+01    0.233684803188377632E+01    0.336585587710033283E+08    0.119534731173594693E+03   -0.597673655867973466E+02
    0.448830848956433499E+02    0.137908152445840693E+01    0.371164985573873785E+00    0.201506770018845834E+08    0.119531011561856275E+03   -0.597655057809281374E+02
    0.435322432728331421E+02    0.136448252571023865E+01    0.411591945649935109E+01    0.234852739061750323E+08    0.119516284641060849E+03   -0.597581423205304247E+02
    0.579513666772667904E+02    0.138007461029494061E+01    0.360557035819172800E+01    0.305698491538289785E+08    0.119507518627705423E+03   -0.597537593138527114E+02
    0.558350526221593046E+01    0.136840919502147407E+01    0.208778371885102754E+01    0.306484911956845336E+08    0.119501342018368476E+03   -0.597506710091842379E+02
    0.620724238317491981E+02    0.138333551781700792E+01    0.258248690876394260E+01    0.284131181851256825E+08    0.119500889426458173E+03   -0.597504447132290863E+02
    0.639943848441301455E+02    0.136984142973037226E+01    0.237771229851852645E+00    0.316590029417020120E+08    0.119484879276631489E+03   -0.597424396383157443E+02
    0.332780448733171283E+02    0.136117534788256300E+01    0.813913965241930981E+01    0.316076277963699698E+08    0.119475868611207417E+03   -0.597379343056037087E+02
    0.725933719308568470E+02    0.136823319438350954E+01    0.779343543625007218E+01    0.123904786955483295E+08    0.119452297322447578E+03   -0.597261486612237888E+02
    0.742871866877482177E+02    0.136769940501741183E+01    0.474785935644898949E+01    0.290366979147897698E+08    0.119445591002385726E+03   -0.597227955011928628E+02
    0.458766087633225013E+02    0.137417909757788625E+01    0.580618805875204558E+01    0.253980007155277841E+08    0.119417834670605444E+03   -0.597089173353027221E+02
    0.131932116581305667E+02    0.137189840916038586E+01    0.453194522319886861E+01    0.145501255617785472E+08    0.119410824921695280E+03   -0.597054124608476400E+02
    0.611434022215481860E+02    0.137734357082767978E+01    0.130073696613812051E+01    0.160278592315298226E+08    0.119400562933463590E+03   -0.597002814667317949E+02
    0.647984712578857085E+02    0.135972550481107834E+01    0.100818283156268751E+01    0.262352965686008260E+08    0.119390266017282016E+03   -0.596951330086410081E+02
    0.228639281975819273E+02    0.136294658303555760E+01    0.694367704680434628E+01    0.306297715752143413E+08    0.119374410476271436E+03   -0.596872052381357179E+02
    0.375217119974814537E+02    0.136657534834411609E+01    0.911674868875930500E+01    0.313953365039586499E+08    0.119372438839481987E+03   -0.596862194197409934E+02
    0.318915668785424238E+02    0.137349115349385809E+01    0.324128746582325178E+01    0.117770102063141763E+08    0.119372186047588798E+03   -0.596860930237943990E+02
    0.560403723363715116E+02    0.136310359496389166E+01    0.314953485754287676E+01    0.115880100952815805E+08    0.119368103686709375E+03   -0.596840518433546876E+02
    0.798189159161522070E+02    0.137556824316582560E+01    0.300892560125476560E+01    0.137472461334401853E+08    0.119352268105771245E+03   -0.596761340528856223E+02
    0.261948892647120495E+02    0.136655900388385598E+01    0.299874994083572499E+01    0.257920797795194536E+08    0.119346744692908160E+03   -0.596733723464540802E+02
    0.222728261706750921E+02    0.136671274434980172E+01    0.227488934027027767E+01    0.152478752867249772E+08    0.119331283514699052E+03   -0.596656417573495261E+02
    0.317924910486727583E+02    0.138000521379353702E+01    0.547763196419848075E+01    0.277734627387877442E+08    0.119330836041450084E+03   -0.596654180207250420E+02
    0.567192618878777388E+01    0.138411997843153234E+01    0.186091833143787633E+01    0.136201972556057554E+08    0.119324131192947505E+03   -0.596620655964737523E+02
    0.559694145929094447E+02    0.136511461401245837E+01    0.946837482110167450E+01    0.124902829885150380E+08    0.119314905208417130E+03   -0.596574526042085651E+02
    0.758880334952321931E+02    0.136658823089087100E+01    0.464964418177025962E+01    0.121032750063477121E+08    0.119282681940242981E+03   -0.596413409701214903E+02
    0.497666437444828844E+02    0.138232694027475200E+01    0.727391776012523028E+01    0.144744025089073535E+08    0.119271962118761735E+03   -0.596359810593808675E+02
    0.256374793393087650E+02    0.138156462303667138E+01    0.811894998270701329E+01    0.133999551279511154E+08    0.119268837138620867E+03   -0.596344185693104336E+02
    0.616254445455073707E+02    0.137033401507170605E+01    0.874721220382585263E+00    0.314184301554826051E+08    0.119268135369066385E+03   -0.596340676845331927E+02
    0.187723598026538951E+02    0.138004148367398227E+01    0.293234795077444099E+01    0.299113093876168281E+08    0.119219726912283789E+03   -0.596098634561418947E+02
    0.225342696963224363E+02    0.136193371741745350E+01    0.196171660604867903E+01    0.337039163032217026E+08    0.119205770905804968E+03   -0.596028854529024841E+02
    0.691703909511603854E+02    0.138013710317846350E+01    0.259469306333648930E+01    0.126289947912333831E+08    0.119203082082310559E+03   -0.596015410411552793E+02
    0.705811370670114968E+02    0.137109976903213759E+01    0.171238594563414920E+00    0.252736236357625239E+08    0.119195660494735520E+03   -0.595978302473677601E+02
    0.644189496119544600E+02    0.138439797606461590E+01    0.349417007560999360E+00    0.153228914179552533E+08    0.119194433893614985E+03   -0.595972169468074924E+02
    0.631872564015897424E+02    0.136391691297000794E+01    0.578645068057556777E+01    0.278055905214436762E+08    0.119179441894528722E+03   -0.595897209472643610E+02
    0.130719342237416445E+02    0.135871814848376160E+01    0.247460279825253293E+01    0.132556233022701386E+08    0.119174651581270766E+03   -0.595873257906353828E+02
    0.346531717628996674E+02    0.135730271131145042E+01    0.313845063513051015E+01    0.308146027212466970E+08    0.119172249043484030E+03   -0.595861245217420148E+02
    0.374039458237170805E+02    0.137649861563627396E+01    0.662157945571841822E+01    0.309281872142816298E+08    0.119171790089675426E+03   -0.595858950448377129E+02
    0.319495198223628272E+02    0.136159929885101705E+01    0.633362988045113617E+01    0.316846525758266784E+08    0.119158603877955912E+03   -0.595793019389779559E+02
    0.586341008832237236E+02    0.136182952055771467E+01    0.118919389571401735E+01    0.117065949239994958E+08    0.119154016803943108E+03   -0.595770084019715540E+02
    0.340160583996394053E+02    0.138327202608502797E+01    0.790991250773890187E+01    0.137414144413992725E+08    0.119147110127927277E+03   -0.595735550639636386E+02
    0.727009878353177328E+02    0.137926946365150460E+01    0.865770598973545691E+00    0.130010409121724479E+08    0.119137690160350843E+03   -0.595688450801754215E+02
    0.544658392205160595E+02    0.138400588158798010E+01    0.674173594807873666E+01    0.137006175427578054E+08    0.119137013249809129E+03   -0.595685066249045647E+02
    0.351627662047248180E+02    0.136191782493777080E+01    0.664363929101624606E+01    0.315314395527263135E+08    0.119131316973401312E+03   -0.595656584867006558E+02
    0.488554695066494133E+02    0.136529347193546524E+01    0.154303189928323481E+01    0.231973864239763916E+08    0.119124910657810858E+03   -0.595624553289054290E+02
    0.173066623650482114E+02    0.137165756909269798E+01    0.219199881249532735E+01    0.147864150317922831E+08    0.119123145193600195E+03   -0.595615725968000973E+02
    0.618931790976428502E+02    0.136711515584956000E+01    0.303599858349159568E+01    0.243459431723874137E+08    0.119108823135464590E+03   -0.595544115677322949E+02
    0.673528387906782058E+02    0.136157774680251409E+01    0.226605363005104277E+01    0.279736521922057793E+08    0.119092256163000570E+03   -0.595461280815002851E+02
    0.264153856302583172E+02    0.136903477745292546E+01    0.728259417957086441E+01    0.125696530328347441E+08    0.119065636495302130E+03   -0.595328182476510648E+02
    0.321755453943822545E+02    0.136207558584320765E+01    0.224684965900006972E+01    0.337948907006141990E+08    0.119060663893663786E+03   -0.595303319468318932E+02
    0.484857174557635418E+02    0.136916232394855486E+01    0.971889871911305470E+01    0.143089626575276069E+08    0.119057462265117863E+03   -0.595287311325589314E+02
    0.307413395500797222E+02    0.135964734755995109E+01    0.785334495728649973E+01    0.132197217506047040E+08    0.119056026554536302E+03   -0.595280132772681512E+02
    0.397793469851377210E+02    0.138834982854971845E+01    0.476788097061678773E+01    0.139807054100148492E+08    0.119055546194468661E+03   -0.595277730972343306E+02
    0.634304289483469432E+02    0.137640703902987438E+01    0.225691240994628695E+01    0.120501696543592345E+08    0.119045645429540485E+03   -0.595228227147702427E+02
    0.603837829802183563E+02    0.137264279042409121E+01    0.351891329599253311E+01    0.266728080622907281E+08    0.119035685827912587E+03   -0.595178429139562937E+02
    0.642830825251020315E+02    0.137884709330569466E+01    0.610736689754306372E+01    0.135396858088392299E+08    0.119000215553264994E+03   -0.595001077766324968E+02
    0.540767716708221400E+02    0.137634972220389606E+01    0.863348901620719289E+01    0.136561339240639098E+08    0.118998495540769682E+03   -0.594992477703848408E+02
    0.212673561299728107E+02    0.137179216598349907E+01    0.215563066332748487E+01    0.325866373844936788E+08    0.118983120741725969E+03   -0.594915603708629845E+02
    0.395239573026102136E+02    0.136005020014563582E+01    0.498577874343692384E+00    0.273725617793963104E+08    0.118979183394967450E+03   -0.594895916974837249E+02
    0.526521949616206513E+02    0.137114362679190527E+01    0.553055742715470267E+01    0.272560030556443036E+08    0.118959691151202620E+03   -0.594798455756013098E+02
    0.692128528099079290E+02    0.136424009947220415E+01    0.118118572576011815E+01    0.259593878750946335E+08    0.118955492777096055E+03   -0.594777463885480273E+02
    0.603646933879821432E+02    0.137463271587934188E+01    0.121085529894687594E+01    0.292069682330142148E+08    0.118947967154310234E+03   -0.594739835771551171E+02
    0.497126752562315346E+02    0.137283508643457153E+01    0.883838501829290379E+01    0.129049257505566701E+08    0.118945518498009079E+03   -0.594727592490045396E+02
    0.330262006382307476E+02    0.136213195403706333E+01    0.449334410726353983E+01    0.293636928637317754E+08    0.118940681134720521E+03   -0.594703405673602603E+02
    0.492448115350927509E+02    0.136560921887235898E+01    0.118490440271029174E+01    0.240477403444182165E+08    0.118938916037365004E+03   -0.594694580186825021E+02
    0.370540864245091228E+02    0.138041783588303901E+01    0.214673960944444442E+01    0.307538297786422111E+08    0.118934890508091968E+03   -0.594674452540459839E+02
    0.127575548750069743E+02    0.137385327178368200E+01    0.374669613258771517E+00    0.142526167150707338E+08    0.118921467247649943E+03   -0.594607336238249715E+02
    0.396754166363059682E+02    0.136066975689496994E+01    0.850819741892800074E+01    0.137787087064443119E+08    0.118914271329087612E+03   -0.594571356645438058E+02
    0.410884412798880874E+02    0.136678119330095438E+01    0.323364633560525983E+01    0.144484090972682871E+08    0.118050506531301167E+03   -0.590252532656505835E+02
    0.569321003570924802E+02    0.136454210344028826E+01    0.200636354655124149E+01    0.132094123740549926E+08    0.117754072576392119E+03   -0.588770362881960594E+02
    0.398855822014360371E+02    0.137246957925920454E+01    0.426860796652813157E+01    0.137086671248578504E+08    0.117951581386582859E+03   -0.589757906932914295E+02
    0.359558890471509471E+02    0.136617763575444795E+01    0.450698260282141994E+00    0.121532552755974308E+08    0.118481828504798841E+03   -0.592409142523994205E+02
    0.317075824327303764E+02    0.137272640143191116E+01    0.179348558426356197E+01    0.133271431290063597E+08    0.117921482889548841E+03   -0.589607414447744205E+02
    0.545393170464067936E+02    0.136642765813738265E+01    0.775003390994744246E+00    0.149922536106383204E+08    0.118149130282855424E+03   -0.590745651414277120E+02
    0.604387307372973908E+02    0.137223538199779371E+01    0.641017490280008229E+01    0.135154876529036276E+08    0.118507350306497415E+03   -0.592536751532487074E+02
    0.251099403416594065E+02    0.137049011842613067E+01    0.484312386781605575E+01    0.143840806727797482E+08    0.118660374839360514E+03   -0.593301874196802572E+02
    0.409820083004833648E+02    0.136340828149095472E+01    0.677846126899043533E+01    0.141108390435384996E+08    0.118477937899453451E+03   -0.592389689497267256E+02
    0.548214319680257205E+02    0.136836885340585024E+01    0.287013073225494075E+01    0.288594248691172823E+08    0.118525140550044597E+03   -0.592625702750222985E+02
    0.200632358901078192E+02    0.138283992353802065E+01    0.307768172618686164E+00    0.136338013177703600E+08    0.118445239108000820E+03   -0.592226195540004099E+02
    0.352218202120951602E+02    0.136603288317657245E+01    0.866487094722626749E+00    0.118602888046640344E+08    0.118902536077137299E+03   -0.594512680385686494E+02
    0.423992354440083261E+02    0.136111105314218084E+01    0.114721487416927448E+01    0.139540952979540117E+08    0.117906685892103269E+03   -0.589533429460516345E+02
    0.425991532426008703E+02    0.136261086917660279E+01    0.622269010278880064E+01    0.130450658660509195E+08    0.118353488674974926E+03   -0.591767443374874631E+02
    0.416470713503222498E+02    0.136640419250795153E+01    0.306422240946684843E+01    0.302364109788706042E+08    0.118438774720541986E+03   -0.592193873602709928E+02
    0.536161153023844292E+02    0.136465780236460077E+01    0.474175581076613728E+01    0.276254495502104387E+08    0.118818405448013422E+03   -0.594092027240067111E+02
    0.259910665398288572E+02    0.136711770229774876E+01    0.220379210007146309E+01    0.134200950681336168E+08    0.117992117581531673E+03   -0.589960587907658365E+02
    0.641167652222697342E+02    0.136716837114759837E+01    0.714817153994071530E+00    0.153501445668898802E+08    0.118512354232781021E+03   -0.592561771163905107E+02
    0.623172984933051168E+02    0.136142944895479934E+01    0.132523509355772862E+01    0.148347605563551746E+08    0.118464461526971235E+03   -0.592322307634856173E+02
    0.636987441259369689E+02    0.137162301506612749E+01    0.676321200763623231E+01    0.141374208683041912E+08    0.118696212315974378E+03   -0.593481061579871891E+02
    0.484336839003145698E+02    0.138204721803466057E+01    0.365748429575435896E+01    0.139058113678081203E+08    0.118372065777786460E+03   -0.591860328888932301E+02
    0.528305180425500325E+02    0.136906572207047739E+01    0.650639579915315025E+01    0.122349419619583432E+08    0.118861040358173454E+03   -0.594305201790867272E+02
    0.674183839249827201E+02    0.136113082070572111E+01    0.550201688554318125E+01    0.132229182558675483E+08    0.118681797383881047E+03   -0.593408986919405237E+02
    0.454481206650249376E+02    0.137219974810495859E+01    0.128862987675180607E+01    0.266495536916766986E+08    0.118618664610979181E+03   -0.593093323054895905E+02
    0.328634026495614435E+02    0.137610655288058492E+01    0.298881146928805608E+01    0.305770078778590336E+08    0.118724213066448058E+03   -0.593621065332240292E+02
    0.558751238096169942E+02    0.136952036937459054E+01    0.174011662773551001E+01    0.138905381968757715E+08    0.117767550295100520E+03   -0.588837751475502600E+02
    0.689078877311926021E+02    0.137095375459992153E+01    0.559510232748460012E+00    0.147499429961787835E+08    0.118502490660185558E+03   -0.592512453300927788E+02
    0.601012950098379761E+02    0.137042687738689684E+01    0.197388950249678463E+01    0.138833088079980314E+08    0.117919241536603693E+03   -0.589596207683018463E+02
    0.526575602141750423E+02    0.136243560052250601E+01    0.224238896759308748E+01    0.303026444635074362E+08    0.118633253796740888E+03   -0.593166268983704441E+02
    0.664795787654115600E+02    0.136416392381595331E+01    0.329551942681002696E+01    0.124524880555213131E+08    0.118525691273324227E+03   -0.592628456366621137E+02
    0.236154280390416638E+02    0.136874087706705749E+01    0.466488012816301278E+01    0.138176310352143180E+08    0.118304016994658440E+03   -0.591520084973292199E+02
    0.613385085804578409E+02    0.136355886385000580E+01    0.603082919402949535E+01    0.140948440620839428E+08    0.118380132179320100E+03   -0.591900660896600499E+02
    0.646869709777718782E+02    0.137182379362448104E+01    0.345175246224407317E+01    0.136267852909897342E+08    0.118288027308681222E+03   -0.591440136543406112E+02
    0.542885898199891983E+02    0.136797322065513782E+01    0.181010294494241664E+01    0.144013425276671164E+08    0.117861863105779946E+03   -0.589309315528899731E+02
    0.315613992311543505E+02    0.136587090646269216E+01    0.800510696358661988E+01    0.133452749071294889E+08    0.118663112314562696E+03   -0.593315561572813479E+02
    0.102524843983526974E+02    0.136864308349907393E+01    0.109184923682919743E+01    0.137071402315058280E+08    0.118748368659507221E+03   -0.593741843297536107E+02
    0.387011241597572919E+02    0.136498849560612001E+01    0.264571882116009571E+00    0.131691175128893461E+08    0.117646878897066799E+03   -0.588234394485333993E+02
    0.387011241597572919E+02    0.136498849560612001E+01    0.264571882116009571E+00    0.131691175128893461E+08    0.117646878897066799E+03   -0.588234394485333993E+02
    0.458844986730477800E+02    0.137159861954144668E+01    0.449891773861974098E+01    0.144632585174003895E+08    0.118245157612336229E+03   -0.591225788061681143E+02
    0.358238890462869577E+02    0.136348694095278744E+01    0.535169304638064602E+01    0.136115414443806838E+08    0.118139620590052175E+03   -0.590698102950260875E+02
    0.452365950568035515E+02    0.137442032547457837E+01    0.524769713910344993E+00    0.153095144170159977E+08    0.118633424144294906E+03   -0.593167120721474532E+02
    0.498553251058232760E+02    0.137615957761015983E+01    0.632585306980574802E+00    0.151129426507902723E+08    0.118527751933263602E+03   -0.592638759666318009E+02
    0.328196041256806410E+02    0.138071399168688225E+01    0.155665458605132989E+01    0.150078862033119928E+08    0.118794935125455567E+03   -0.593974675627277833E+02
    0.494166528567342169E+02    0.137445158203539752E+01    0.575931851727308253E+01    0.139517823824924398E+08    0.118325610653739744E+03   -0.591628053268698721E+02
    0.345833951268090942E+02    0.137709072798552468E+01    0.168835244570263177E+01    0.131766239582829699E+08    0.118023093251923910E+03   -0.590115466259619552E+02
    0.446228542510638846E+02    0.136512681163844096E+01    0.286244350183008001E+01    0.126933576751323547E+08    0.118030451615423701E+03   -0.590152258077118503E+02
    0.305515051232626860E+02    0.137209249746491069E+01    0.527460486215620517E+01    0.145586463905810118E+08    0.118692614026254347E+03   -0.593463070131271735E+02
    0.357984805909853350E+02    0.137372688158213707E+01    0.249377267704829242E+01    0.296594813002595939E+08    0.118600108605400436E+03   -0.593000543027002180E+02
    0.497388361094856180E+02    0.137117462707211502E+01    0.155042170709027971E+01    0.151320536344779506E+08    0.118412755442229710E+03   -0.592063777211148548E+02
    0.670769642060830051E+02    0.136378212998931270E+01    0.538158295089309657E+01    0.147697206665823609E+08    0.118761361911926585E+03   -0.593806809559632924E+02
    0.295382772931793802E+02    0.136976601591454616E+01    0.511474409387011164E+01    0.130104783801469132E+08    0.118296465858290318E+03   -0.591482329291451592E+02
    0.523646816127451800E+02    0.137005522786479017E+01    0.231086918061258562E+01    0.134089361011625901E+08    0.117773877679429248E+03   -0.588869388397146238E+02
    0.269880999966905968E+02    0.137464633496263233E+01    0.546631081818821030E+00    0.134330003251715843E+08    0.118040017516575418E+03   -0.590200087582877089E+02
    0.506141011588409953E+02    0.136421628395260774E+01    0.257899420995161277E+01    0.118415017994490694E+08    0.118845175790355313E+03   -0.594225878951776565E+02
    0.657517840566445813E+02    0.137869784296647557E+01    0.383341058133551194E+01    0.139307964956483208E+08    0.118730608213411557E+03   -0.593653041067057785E+02
    0.233732506693810898E+02    0.136533854210350736E+01    0.316562284530413995E+01    0.140868679584603198E+08    0.118405143064256336E+03   -0.592025715321281680E+02
    0.671591049699905227E+02    0.136812122110408363E+01    0.473169218905091604E+01    0.138391941908503305E+08    0.118245517132942581E+03   -0.591227585664712905E+02
    0.485188269192343213E+02    0.137048080528688465E+01    0.700618546724766222E+01    0.138787569359670933E+08    0.118251242109423515E+03   -0.591256210547117576E+02
    0.520225314157993211E+02    0.136646768535072649E+01    0.532164274060248488E+01    0.150907312667780407E+08    0.118729080138519038E+03   -0.593645400692595189E+02
    0.529854166580876580E+02    0.137070942306313315E+01    0.621071912955385552E+00    0.136265566575972848E+08    0.117743446716444481E+03   -0.588717233582222406E+02
    0.643734784910970887E+02    0.137052578715560558E+01    0.913994297582829351E+00    0.135637377282639146E+08    0.118072575004674860E+03   -0.590362875023374301E+02
    0.354107965204646007E+02    0.137153756345753464E+01    0.244242765355518143E+01    0.308181998121410459E+08    0.118519592838887647E+03   -0.592597964194438234E+02
    0.500484575157134799E+02    0.137719418332989063E+01    0.442466597220657043E+01    0.136242079945021290E+08    0.118245946914067915E+03   -0.591229734570339573E+02
    0.608808606912357462E+02    0.138116980815097379E+01    0.174114932074677897E+01    0.132097325444316510E+08    0.118603855905463348E+03   -0.593019279527316741E+02
    0.435011201348427434E+02    0.136851009598985707E+01    0.508765035939467047E+01    0.123974897705576718E+08    0.118475622136931406E+03   -0.592378110684657031E+02
    0.545475873531626405E+02    0.137304835008678983E+01    0.587449017638858173E+01    0.140667942142413463E+08    0.118407996169044509E+03   -0.592039980845222544E+02
    0.692899932890902193E+02    0.137721800388103066E+01    0.138384350233321740E+01    0.148168945020606667E+08    0.118905983624377711E+03   -0.594529918121888556E+02
    0.278623466509725048E+02    0.137328436938959864E+01    0.859724082338447770E+00    0.319130436493158452E+08    0.118876734959523603E+03   -0.594383674797618013E+02
