    0.238162696361541748E+03    0.135093825977117876E+01    0.908554792404174805E+02    0.100770287053089336E+09    0.191914774021040330E+03   -0.959573870105201649E+02
    0.382891297340393066E+03    0.136989053948637829E+01    0.175414085388183594E+02    0.391051607124344856E+08    0.190760304276189430E+03   -0.953801521380947150E+02
    0.294318795204162598E+03    0.136543715781128872E+01    0.170266628265380859E+02    0.331124835449675620E+09    0.190586443238894958E+03   -0.952932216194474790E+02
    0.294929742813110352E+01    0.136680637963455953E+01    0.846006810665130615E+02    0.183090448694914505E+08    0.190394053426730295E+03   -0.951970267133651475E+02
    0.377814233303070068E+03    0.137441395134912048E+01    0.114060819149017334E+02    0.377158293121068925E+08    0.190320776952256210E+03   -0.951603884761281051E+02
    0.242978334426879883E+01    0.139461183626345830E+01    0.535188794136047363E+02    0.298160625064899015E+10    0.189640261884795365E+03   -0.948201309423976824E+02
    0.235224889015584267E+03    0.138353563470152174E+01    0.588275948639380175E+02    0.991647434857006818E+08    0.189584919910839062E+03   -0.947924599554195311E+02
    0.116938591003417969E+03    0.135455724638680941E+01    0.669359982013702393E+02    0.201222585270028043E+10    0.189460050232616283E+03   -0.947300251163081413E+02
    0.142862319946289062E+03    0.136615097313062384E+01    0.606596946716308594E+02    0.196719864474415421E+10    0.189412043580778487E+03   -0.947060217903892436E+02
    0.101460158824920654E+03    0.136066288826751758E+01    0.656554579734802246E+02    0.226721969273214102E+10    0.189240605525540047E+03   -0.946203027627700237E+02
    0.587230920791625977E+02    0.135972404137335157E+01    0.781558334827423096E+02    0.190033866647099145E+08    0.189238959520727974E+03   -0.946194797603639870E+02
    0.351109486111106548E+03    0.137870521952227065E+01    0.763315729266100140E+00    0.346661483547006249E+08    0.189230728626783730E+03   -0.946153643133918649E+02
    0.195157468318939209E+03    0.137561895064257489E+01    0.760759711265563965E+01    0.112188729229809093E+10    0.189150501145755669E+03   -0.945752505728778345E+02
    0.783640146255493164E+02    0.136436858811849682E+01    0.840049624443054199E+02    0.256658634186189026E+08    0.189010589085055244E+03   -0.945052945425276221E+02
    0.194266736507415771E+03    0.137564985025349884E+01    0.484900474548339844E+01    0.126732078470796442E+10    0.188990769230301993E+03   -0.944953846151509964E+02
    0.213812887668609619E+03    0.137033818373900007E+01    0.484039902687072754E+02    0.269227448680505455E+09    0.188880700493745110E+03   -0.944403502468725549E+02
    0.160875425030265006E+03    0.136772531151251742E+01    0.446957824994826680E+02    0.149802890517302251E+10    0.188555290210889723E+03   -0.942776451054448614E+02
    0.203631401062011719E+03    0.136370195014405815E+01    0.237520575523376465E+02    0.145785166099000001E+10    0.188528482394683351E+03   -0.942642411973416756E+02
    0.193415343761444092E+03    0.137141866350837649E+01    0.411490619182586670E+02    0.337272956557706892E+09    0.188409540907944063E+03   -0.942047704539720314E+02
    0.300904486021772527E+03    0.136051345391442813E+01    0.913585128894195009E+01    0.144826456509076536E+09    0.188244665756955186E+03   -0.941223328784775930E+02
    0.179490323533497218E+03    0.137384673358450149E+01    0.756157612374692008E+02    0.566553886024820060E+08    0.188196145459040167E+03   -0.940980727295200836E+02
    0.121528243244170739E+03    0.137100090020855236E+01    0.519264978404632060E+02    0.161588893057491922E+10    0.188152594177875869E+03   -0.940762970889379346E+02
    0.237520277500152588E+03    0.137138077965892746E+01    0.411718010902404785E+02    0.996081262843213379E+08    0.187990520931273466E+03   -0.939952604656367328E+02
    0.973206758499145508E+01    0.136464760470729041E+01    0.122950196266174316E+02    0.225638634397446775E+10    0.187890580890501951E+03   -0.939452904452509756E+02
    0.117385983467102051E+02    0.136974225389224791E+01    0.929848134517669678E+02    0.524041757876617968E+09    0.187839892446672707E+03   -0.939199462233363533E+02
    0.881339311599731445E+02    0.136194695396948218E+01    0.912369906902313232E+02    0.682369210396027446E+09    0.187740825062876581E+03   -0.938704125314382907E+02
    0.211277947436420533E+03    0.134854207479537336E+01    0.648360118799688223E+02    0.100200835944808817E+10    0.187738074881318056E+03   -0.938690374406590280E+02
    0.287965817715906702E+02    0.137704456769614136E+01    0.866400996933630410E+02    0.417163010293616891E+09    0.187626868606853833E+03   -0.938134343034269165E+02
    0.532290339469909668E+02    0.138282344869495866E+01    0.822350919246673584E+02    0.219434373912210166E+08    0.187542680677338865E+03   -0.937713403386694324E+02
    0.160737799677832811E+03    0.135772899141433800E+01    0.738230732479286615E+02    0.149217812148143798E+08    0.187525511797189580E+03   -0.937627558985947900E+02
    0.191711425781250000E+03    0.138550539950389995E+01    0.626404166221618652E+02    0.617585848892362267E+08    0.187429894979002256E+03   -0.937149474895011281E+02
    0.320492974679859742E+03    0.137295286264638161E+01    0.404250900804380464E+02    0.136639723822683394E+08    0.187332428386678885E+03   -0.936662141933394423E+02
    0.451048483897748369E+02    0.137251511218155486E+01    0.626191324457188756E+02    0.165877194900025749E+10    0.187325579831038283E+03   -0.936627899155191415E+02
    0.928375668921233483E+02    0.136089082486971735E+01    0.700920636630906273E+02    0.121762944299577832E+10    0.187291232964482788E+03   -0.936456164822413939E+02
    0.880877971649169922E+02    0.135803356534444819E+01    0.729318618774414062E+02    0.431447590225863084E+08    0.187241203781088927E+03   -0.936206018905444637E+02
    0.915587544441223145E+02    0.136589700184153862E+01    0.665374577045440674E+02    0.409256717142716944E+09    0.187229688661056059E+03   -0.936148443305280296E+02
    0.237981498241424561E+03    0.136976393493235538E+01    0.445669472217559814E+02    0.610915212725439072E+08    0.187150597330921357E+03   -0.935752986654606786E+02
    0.245952551956236988E+03    0.138013615619282981E+01    0.131752173073721526E+02    0.703107164020637274E+08    0.187126965970128538E+03   -0.935634829850642689E+02
    0.544169545173645020E+02    0.136666632841364399E+01    0.684729814529418945E+02    0.391127557246842921E+09    0.187095276530369148E+03   -0.935476382651845739E+02
    0.637035562661284729E+02    0.136761957546440560E+01    0.659964637276262067E+02    0.355355851767230153E+09    0.187072176455188469E+03   -0.935360882275942345E+02
    0.106019020080566406E+03    0.137720026592868838E+01    0.160640716552734375E+02    0.120190357773708224E+10    0.186972144239569047E+03   -0.934860721197845237E+02
    0.131068611535936270E+03    0.136808918006916302E+01    0.545906558096658188E+02    0.489388100695159614E+09    0.186954639787983695E+03   -0.934773198939918473E+02
    0.228757262229919434E+02    0.137279306643425825E+01    0.635403752326965332E+02    0.150798740796393466E+10    0.186947296029060652E+03   -0.934736480145303261E+02
    0.204266642909270786E+03    0.137398161825662113E+01    0.268981991037283876E+02    0.127489141607475251E+09    0.186844208827033640E+03   -0.934221044135168199E+02
    0.239724338054656982E+03    0.136364297051718841E+01    0.413801908493041992E+02    0.897025653713066131E+08    0.186836418356831302E+03   -0.934182091784156512E+02
    0.235641213941796721E+02    0.137793613873359289E+01    0.586568865554908925E+02    0.162581440510427833E+10    0.186746852351157827E+03   -0.933734261755789134E+02
    0.717286467552185059E+02    0.136056535971593928E+01    0.738666415214538574E+02    0.632370450024282694E+09    0.186611621148431851E+03   -0.933058105742159256E+02
    0.249069750308990479E+03    0.137264720275787022E+01    0.538104355335235596E+02    0.205191355965354480E+08    0.186576853419711028E+03   -0.932884267098555142E+02
    0.212108492851257324E+03    0.136382044635147359E+01    0.915151834487915039E+00    0.727645953150468469E+09    0.186569803001966193E+03   -0.932849015009830964E+02
    0.987540483474731445E+02    0.138414063874562543E+01    0.226555883884429932E+02    0.424467509209660053E+09    0.186566297300257418E+03   -0.932831486501287088E+02
    0.482624769210815430E+02    0.136969707643989258E+01    0.725084781646728516E+02    0.145139911612085074E+09    0.186563983416948673E+03   -0.932819917084743366E+02
    0.110519796211856047E+03    0.134009803253079918E+01    0.376354452473033234E+02    0.178941021857088971E+10    0.186489096412206266E+03   -0.932445482061031328E+02
    0.284939706325531006E+03    0.136266159306325840E+01    0.406845867633819580E+02    0.324038737163633220E+08    0.186484298807503677E+03   -0.932421494037518386E+02
    0.114207012837427584E+03    0.138135351421894326E+01    0.374876539139029674E+02    0.773775550389442563E+09    0.186392745086004709E+03   -0.931963725430023544E+02
    0.180191695690155029E+03    0.136463756737304287E+01    0.271093845367431641E+02    0.517868660321870804E+09    0.186391807591782424E+03   -0.931959037958912120E+02
    0.174385498663105267E+03    0.135837439270749383E+01    0.500882964546380478E+02    0.110943143424664214E+09    0.186374334450116663E+03   -0.931871672250583316E+02
    0.277513278393636881E+03    0.136598243631367255E+01    0.214229771534930400E+02    0.492800245109689757E+08    0.186353669526260035E+03   -0.931768347631300173E+02
    0.180972456932067871E+03    0.136720137783230755E+01    0.485947012901306152E+02    0.925191140423165113E+08    0.186326556591680799E+03   -0.931632782958403993E+02
    0.777054429054260254E+02    0.137769748982227425E+01    0.710251033306121826E+02    0.122880481226156935E+09    0.186322661376262658E+03   -0.931613306881313292E+02
    0.134633779525756836E+03    0.137699481164549642E+01    0.682708978652954102E+02    0.197307856769854575E+08    0.186316699504941170E+03   -0.931583497524705848E+02
    0.145429667169887011E+03    0.135728605329422969E+01    0.228717689223469627E+02    0.129561061295121288E+10    0.186307983416106680E+03   -0.931539917080533399E+02
    0.535024469068150381E+02    0.136902089225503198E+01    0.627546527481519760E+02    0.488432575739919722E+09    0.186306403798530312E+03   -0.931532018992651558E+02
    0.378027171279094532E+02    0.139032637547017202E+01    0.557958715525586655E+02    0.107978710831064796E+10    0.186287242500635614E+03   -0.931436212503178069E+02
    0.332595057403910772E+02    0.137737800485001238E+01    0.599507590178300234E+02    0.399878236628262222E+09    0.186271821267286185E+03   -0.931359106336430926E+02
    0.428935031904192812E+02    0.136137473586476720E+01    0.589633943880726079E+02    0.303591016641596019E+09    0.186162217078379854E+03   -0.930811085391899269E+02
    0.229406504175865251E+03    0.137306025261454168E+01    0.320756412023608775E+02    0.652854917719909996E+08    0.186107023853373732E+03   -0.930535119266868662E+02
    0.290286236028743936E+02    0.136869639730263670E+01    0.695232589420930509E+02    0.949764365804580450E+08    0.186062730151132882E+03   -0.930313650755664412E+02
    0.141205414967496154E+03    0.137324380509052890E+01    0.131234558180074714E+02    0.641452386686009526E+09    0.186052014800529037E+03   -0.930260074002645183E+02
    0.494191050529479980E+02    0.137341396468817978E+01    0.501273095607757568E+02    0.418452901048824787E+09    0.186012874417446824E+03   -0.930064372087234119E+02
    0.184858031849143707E+02    0.136094435558975624E+01    0.614520113483515402E+02    0.926684533213169932E+09    0.185961122795286258E+03   -0.929805613976431289E+02
    0.868080540226920618E+02    0.137851488317992521E+01    0.389741580515615453E+02    0.953600545620977998E+09    0.185925396063166374E+03   -0.929626980315831872E+02
    0.219023569663179416E+03    0.137575505385388741E+01    0.477020883184006763E+02    0.368983514009579644E+08    0.185883301390505409E+03   -0.929416506952527044E+02
    0.365100690546064968E+02    0.135885331656173780E+01    0.638604218130144545E+02    0.129420942954436000E+08    0.185864805107631923E+03   -0.929324025538159617E+02
    0.697237968979193852E+02    0.135131977403708814E+01    0.355560225813652977E+02    0.115801878933548069E+10    0.185864591243301390E+03   -0.929322956216506952E+02
    0.990173154369929733E+02    0.136814569993283208E+01    0.459982229664102462E+02    0.226044310199404389E+09    0.185849964742967302E+03   -0.929249823714836509E+02
    0.105563580989837646E+03    0.137002382142487411E+01    0.367648363113403320E+02    0.490874644382908702E+09    0.185848334892919837E+03   -0.929241674464599186E+02
    0.287514477056445372E+02    0.137495385865804676E+01    0.601568816465854610E+02    0.791967822955150604E+09    0.185805676408121997E+03   -0.929028382040609984E+02
    0.236086249351501465E+02    0.135243716018312776E+01    0.898053050041198730E+01    0.159045896883308196E+10    0.185802845147617859E+03   -0.929014225738089294E+02
    0.140001917236389005E+03    0.137109371734546337E+01    0.552737944619557737E+02    0.798249850510467887E+08    0.185746118451638949E+03   -0.928730592258194747E+02
    0.132748394287964658E+03    0.138666638679110599E+01    0.162368189316996450E+02    0.134814190190413564E+09    0.185718690614644629E+03   -0.928593453073223145E+02
    0.132748394287964658E+03    0.138666638679110599E+01    0.162368189316996450E+02    0.134814190190413564E+09    0.185718690614644629E+03   -0.928593453073223145E+02
    0.144162142996992884E+03    0.136645958782335475E+01    0.583265149755193733E+02    0.327351361486885510E+08    0.185690255668517835E+03   -0.928451278342589177E+02
    0.159646093845367432E+03    0.137925055656692730E+01    0.160500228404998779E+02    0.149849255693061739E+09    0.185668080363931296E+03   -0.928340401819656478E+02
    0.141454793986047008E+03    0.136847689114400461E+01    0.194068123296842963E+02    0.217436904418415874E+09    0.185651090611423172E+03   -0.928255453057115858E+02
    0.158754646778106689E+03    0.136604749231253564E+01    0.373273968696594238E+02    0.151940345469090164E+09    0.185622158050343359E+03   -0.928110790251716793E+02
    0.161076372719371960E+03    0.135702405091407341E+01    0.352629735561992419E+02    0.524952524733142674E+09    0.185597609066414691E+03   -0.927988045332073455E+02
    0.187992417308393868E+03    0.136867567361673004E+01    0.958963217163327997E+01    0.108254015107984424E+09    0.185580805277793729E+03   -0.927904026388968646E+02
    0.165972069204100904E+03    0.136169913507879281E+01    0.599702150022777616E+02    0.261170513585061654E+08    0.185544346373970541E+03   -0.927721731869852704E+02
    0.690688490867614746E+02    0.138151847638795955E+01    0.532292246818542480E+02    0.176990136328777999E+09    0.185489618550100658E+03   -0.927448092750503292E+02
    0.254595796136751716E+03    0.137450715706791882E+01    0.376322120679600332E+02    0.296944019914879315E+08    0.185427558108227515E+03   -0.927137790541137576E+02
    0.610187924498685277E+02    0.136757851628091176E+01    0.575868134260909557E+02    0.106678178824640125E+09    0.185420019077908677E+03   -0.927100095389543384E+02
    0.882719698870813474E+01    0.135751009499398090E+01    0.536685285017282538E+02    0.150780055281392306E+09    0.185409304114203991E+03   -0.927046520571019954E+02
    0.278829970542893136E+03    0.137837948233740537E+01    0.308462669946586772E+02    0.269967998399086557E+08    0.185392135528485369E+03   -0.926960677642426845E+02
    0.739591405928663335E+02    0.137236148155682680E+01    0.308187258702358307E+02    0.479521331608432591E+09    0.185319328066936919E+03   -0.926596640334684594E+02
    0.739591405928663335E+02    0.137236148155682680E+01    0.308187258702358307E+02    0.479521331608432591E+09    0.185319328066936919E+03   -0.926596640334684594E+02
    0.146091256552933430E+03    0.137248784369924559E+01    0.634963195524795196E+02    0.117833350892887898E+08    0.185303963032810742E+03   -0.926519815164053711E+02
    0.142554729510498873E+03    0.137786704711888586E+01    0.627847533418911397E+02    0.296612567388373278E+08    0.185282784507230872E+03   -0.926413922536154359E+02
    0.252447779707027813E+02    0.137572847247200047E+01    0.462847895640193059E+02    0.555975223604421496E+09    0.185280198388102349E+03   -0.926400991940511744E+02
    0.222626268863677979E+03    0.135032617601787841E+01    0.217816770076751709E+02    0.202001167684241444E+09    0.185273184478145311E+03   -0.926365922390726553E+02
    0.127582403432574161E+02    0.136829072357168413E+01    0.405508613976517509E+02    0.916510322209073067E+09    0.185233992601008026E+03   -0.926169963005040131E+02
    0.150967946907104732E+03    0.137246220686568998E+01    0.512835409383271070E+02    0.508142625419503078E+08    0.185206886733533338E+03   -0.926034433667666690E+02
    0.778111479259309249E+02    0.138471176921945860E+01    0.228129076025606459E+02    0.192776906641164690E+09    0.185189370292050228E+03   -0.925946851460251139E+02
    0.169241141606223152E+03    0.135881527745295805E+01    0.229876360315337980E+01    0.434712090417564154E+09    0.185143537047162170E+03   -0.925717685235810848E+02
    0.767182111740112305E+02    0.136808156742379405E+01    0.206900417804718018E+02    0.879282066030935526E+09    0.185117478045229007E+03   -0.925587390226145033E+02
    0.157390190109576707E+03    0.136623251471980600E+01    0.594525760937809764E+02    0.143286251243208908E+08    0.185097247798896092E+03   -0.925486238994480459E+02
    0.186653043875440034E+03    0.139886652056547200E+01    0.363188498051184183E+02    0.263368465441750735E+08    0.185078157477931597E+03   -0.925390787389657987E+02
    0.133405637241298052E+03    0.136920330667965873E+01    0.544877154403229582E+02    0.332963638598874398E+08    0.185052553462658580E+03   -0.925262767313292898E+02
    0.122384719659635088E+02    0.137689771268546424E+01    0.191249299409119899E+01    0.924586046852883935E+09    0.185006807796998544E+03   -0.925034038984992719E+02
    0.885124802589416504E+02    0.136109299802851891E+01    0.579156339168548584E+02    0.498354011681365818E+08    0.184932467708081731E+03   -0.924662338540408655E+02
    0.279593884944915771E+03    0.136528485254439635E+01    0.330086469650268555E+02    0.261938586487938911E+08    0.184930286731525626E+03   -0.924651433657628132E+02
    0.279593884944915771E+03    0.136528485254439635E+01    0.330086469650268555E+02    0.261938586487938911E+08    0.184930286731525626E+03   -0.924651433657628132E+02
    0.152035355567932129E+03    0.138546386287446088E+01    0.526827335357666016E+02    0.336196838813787177E+08    0.184905517535873486E+03   -0.924527587679367429E+02
    0.279023647308349609E+02    0.136988269662501905E+01    0.213942706584930420E+02    0.324644708847109854E+09    0.184870875390729225E+03   -0.924354376953646124E+02
    0.261605194461748747E+01    0.138414669217148645E+01    0.608456867187446306E+02    0.109315500114791796E+09    0.184846495291656595E+03   -0.924232476458282974E+02
    0.229763567447662354E+03    0.136564067282737089E+01    0.435888528823852539E+02    0.224832069615189359E+08    0.184795361854739525E+03   -0.923976809273697626E+02
    0.229763567447662354E+03    0.136564067282737089E+01    0.435888528823852539E+02    0.224832069615189359E+08    0.184795361854739525E+03   -0.923976809273697626E+02
    0.157815541296720795E+03    0.135764461187381302E+01    0.463255672140122599E+02    0.517077983641299382E+08    0.184744790687547976E+03   -0.923723953437739880E+02
    0.126601040363311768E+03    0.135949573353288145E+01    0.566770374774932861E+02    0.114156316047915276E+08    0.184665899246975499E+03   -0.923329496234877496E+02
    0.124338496940275277E+03    0.137038947031611125E+01    0.534039219331070356E+02    0.307690762731500529E+08    0.184644770911706473E+03   -0.923223854558532366E+02
    0.620769262313842773E+02    0.136021269688200097E+01    0.537446916103363037E+02    0.524025000321185961E+08    0.184608182492544188E+03   -0.923040912462720939E+02
    0.620769262313842773E+02    0.136021269688200097E+01    0.537446916103363037E+02    0.524025000321185961E+08    0.184608182492544188E+03   -0.923040912462720939E+02
    0.116346716880798340E+03    0.136316654171590512E+01    0.194997727870941162E+02    0.260916952252124399E+09    0.184586983063159778E+03   -0.922934915315798889E+02
    0.116346716880798340E+03    0.136316654171590512E+01    0.194997727870941162E+02    0.260916952252124399E+09    0.184586983063159778E+03   -0.922934915315798889E+02
    0.994678509790969088E+02    0.136730752199805461E+01    0.143056326063048047E+02    0.220413885097259045E+09    0.184579782713097330E+03   -0.922898913565486652E+02
    0.994678509790969088E+02    0.136730752199805461E+01    0.143056326063048047E+02    0.220413885097259045E+09    0.184579782713097330E+03   -0.922898913565486652E+02
    0.487516789298118383E+02    0.136196917264708350E+01    0.540970227041810716E+02    0.874995854487494081E+08    0.184552663134144666E+03   -0.922763315670723330E+02
    0.487516789298118383E+02    0.136196917264708350E+01    0.540970227041810716E+02    0.874995854487494081E+08    0.184552663134144666E+03   -0.922763315670723330E+02
    0.275565129467900135E+03    0.136457199863963252E+01    0.303452380242773323E+02    0.274330808927100785E+08    0.184538030775556194E+03   -0.922690153877780972E+02
    0.466336777958810487E+02    0.136870418914036729E+01    0.106295732239045027E+02    0.680881626533758044E+09    0.184535829872435386E+03   -0.922679149362176929E+02
    0.221891820430755615E+03    0.135201910755132637E+01    0.344575881958007812E+02    0.554922300122215375E+08    0.184531809123955469E+03   -0.922659045619777345E+02
    0.221891820430755615E+03    0.135201910755132637E+01    0.344575881958007812E+02    0.554922300122215375E+08    0.184531809123955469E+03   -0.922659045619777345E+02
    0.356049322438753606E+02    0.137117011712548087E+01    0.185141517319396094E+02    0.277891278959665895E+09    0.184527966147726374E+03   -0.922639830738631872E+02
    0.219161718068673338E+03    0.136827382325659475E+01    0.398208790498919853E+02    0.217559601730623618E+08    0.184499069488020922E+03   -0.922495347440104609E+02
    0.770173101704584084E+00    0.136145697291221501E+01    0.209713675861648028E+02    0.417009319217574239E+09    0.184493393342740660E+03   -0.922466966713703300E+02
    0.211732223702385625E+03    0.137043356122236903E+01    0.315145595344263398E+02    0.368507945291261822E+08    0.184483889065819938E+03   -0.922419445329099688E+02
    0.196426916173265710E+03    0.135757594581037733E+01    0.970143728813847517E+01    0.160763274714926690E+09    0.184483557268861489E+03   -0.922417786344307444E+02
    0.256699234349055075E+03    0.135899078788001293E+01    0.113703133536124881E+02    0.553200557054587379E+08    0.184479566288647391E+03   -0.922397831443236953E+02
    0.256699234349055075E+03    0.135899078788001293E+01    0.113703133536124881E+02    0.553200557054587379E+08    0.184479566288647391E+03   -0.922397831443236953E+02
    0.622196238913175748E+02    0.135740706317841608E+01    0.313154414419006422E+02    0.494940186535787702E+09    0.184469109303650072E+03   -0.922345546518250359E+02
    0.622196238913175748E+02    0.135740706317841608E+01    0.313154414419006422E+02    0.494940186535787702E+09    0.184469109303650072E+03   -0.922345546518250359E+02
    0.519207124627582601E+02    0.136640884210730262E+01    0.540302899887629806E+02    0.495271058244324625E+08    0.184440322034475003E+03   -0.922201610172375013E+02
    0.630557888087448148E+01    0.137120479166587650E+01    0.473354401804757252E+01    0.489864640315613329E+09    0.184421609780937530E+03   -0.922108048904687649E+02
    0.630557888087448148E+01    0.137120479166587650E+01    0.473354401804757252E+01    0.489864640315613329E+09    0.184421609780937530E+03   -0.922108048904687649E+02
    0.423487424850463867E+02    0.135961347559024448E+01    0.327641248703002930E+02    0.242976697700312167E+09    0.184312085423688245E+03   -0.921560427118441226E+02
    0.172424279499633059E+03    0.135211390187664571E+01    0.136422086278639387E+02    0.296736527579392672E+09    0.184306370695166095E+03   -0.921531853475830474E+02
    0.172424279499633059E+03    0.135211390187664571E+01    0.136422086278639387E+02    0.296736527579392672E+09    0.184306370695166095E+03   -0.921531853475830474E+02
    0.345325206531242968E+01    0.137003762874972645E+01    0.836688960377300717E+01    0.283376878357515812E+09    0.184277160792191466E+03   -0.921385803960957332E+02
    0.161483010230369842E+03    0.137725191867552144E+01    0.459917872423050085E+02    0.322799033587609902E+08    0.184258947337391362E+03   -0.921294736686956810E+02
    0.717091164354426809E+02    0.136389738031187657E+01    0.208456230433633660E+01    0.448949179949185491E+09    0.184251845409780913E+03   -0.921259227048904563E+02
    0.295364856719970703E+02    0.135430566608629954E+01    0.263257741928100586E+02    0.291051409947220981E+09    0.184250938915730984E+03   -0.921254694578654920E+02
    0.101297110972165001E+03    0.137611438748062875E+01    0.475584690075667567E+02    0.740036058360960931E+08    0.184250006291540473E+03   -0.921250031457702363E+02
    0.101297110972165001E+03    0.137611438748062875E+01    0.475584690075667567E+02    0.740036058360960931E+08    0.184250006291540473E+03   -0.921250031457702363E+02
    0.287503659725189209E+03    0.136500363634406541E+01    0.247146666049957275E+02    0.232209866167431995E+08    0.184242914762453069E+03   -0.921214573812265343E+02
    0.816265757306208002E+02    0.138156874423065235E+01    0.555320095611315097E+02    0.179116227405555807E+08    0.184177257233596606E+03   -0.920886286167983030E+02
    0.158562063265403651E+03    0.136502809408189818E+01    0.467258054097180988E+02    0.196718720526183918E+08    0.184173611425614041E+03   -0.920868057128070205E+02
    0.158562063265403651E+03    0.136502809408189818E+01    0.467258054097180988E+02    0.196718720526183918E+08    0.184173611425614041E+03   -0.920868057128070205E+02
    0.667380228757829599E+02    0.136300269278538999E+01    0.108092893845446429E+02    0.476129573559979856E+09    0.184159811412718796E+03   -0.920799057063593978E+02
    0.248441044250572190E+03    0.134695945228306813E+01    0.977055181201043155E+01    0.134653797487843484E+09    0.183917479878840112E+03   -0.919587399394200560E+02
    0.248441044250572190E+03    0.134695945228306813E+01    0.977055181201043155E+01    0.134653797487843484E+09    0.183917479878840112E+03   -0.919587399394200560E+02
    0.149727761745452881E+03    0.137029529592530142E+01    0.339910328388214111E+02    0.510213551361474916E+08    0.183915079168582650E+03   -0.919575395842913252E+02
    0.304743539131751845E+03    0.136253969363054916E+01    0.153083006001180433E+02    0.129711193464354388E+08    0.183910189142019760E+03   -0.919550945710098802E+02
    0.304743539131751845E+03    0.136253969363054916E+01    0.153083006001180433E+02    0.129711193464354388E+08    0.183910189142019760E+03   -0.919550945710098802E+02
    0.103416703040543879E+03    0.137202142732538879E+01    0.284915616451392939E+01    0.158724740938185334E+09    0.183889113275846114E+03   -0.919445566379230570E+02
    0.221480779532457234E+03    0.136467444365500779E+01    0.380524349668720703E+02    0.220531992479270585E+08    0.183880972403693420E+03   -0.919404862018467099E+02
    0.500996329276715500E+02    0.136273562483167532E+01    0.525300729254315044E+02    0.140813384908196665E+08    0.183805465351078567E+03   -0.919027326755392835E+02
    0.138368155573823003E+03    0.138503238657474581E+01    0.214262908265389420E+02    0.575047580244244039E+08    0.183803554660132562E+03   -0.919017773300662810E+02
    0.138368155573823003E+03    0.138503238657474581E+01    0.214262908265389420E+02    0.575047580244244039E+08    0.183803554660132562E+03   -0.919017773300662810E+02
    0.115946605232777415E+03    0.137189526922259075E+01    0.125082265125853631E+02    0.106900939683872998E+09    0.183762294491473170E+03   -0.918811472457365852E+02
    0.289444271784900138E+03    0.135779640260853030E+01    0.254291430052443417E+02    0.234005597849214226E+08    0.183742763823601962E+03   -0.918713819118009809E+02
    0.184710979461669922E+03    0.135550159316599061E+01    0.509095191955566406E+01    0.157638954410107791E+09    0.183729756315494228E+03   -0.918648781577471141E+02
    0.169334948062896729E+03    0.136167586257922424E+01    0.384103298187255859E+02    0.473934937020099610E+08    0.183722407528883167E+03   -0.918612037644415835E+02
    0.145690500736236572E+03    0.136952444907723314E+01    0.400431156158447266E+02    0.367615744628523812E+08    0.183718059080358785E+03   -0.918590295401793924E+02
    0.196581669243207472E+03    0.137863055575552207E+01    0.249535149179549904E+02    0.365352773036477044E+08    0.183676848094231161E+03   -0.918384240471155806E+02
    0.180632810810989128E+03    0.137315634476176429E+01    0.261458440599776516E+02    0.451110835631474555E+08    0.183669995482063740E+03   -0.918349977410318701E+02
    0.419334945365899472E+02    0.135819251461012436E+01    0.126922262095884033E+02    0.563878070028270483E+09    0.183667947231036578E+03   -0.918339736155182891E+02
    0.419334945365899472E+02    0.135819251461012436E+01    0.126922262095884033E+02    0.563878070028270483E+09    0.183667947231036578E+03   -0.918339736155182891E+02
    0.169174231257093425E+03    0.136180432609355306E+01    0.423092122203057954E+02    0.307433038218415640E+08    0.183659220362353409E+03   -0.918296101811767045E+02
    0.318283861863218327E+02    0.135801776165929722E+01    0.258122332616649892E+02    0.184267389107363552E+09    0.183653115380082340E+03   -0.918265576900411702E+02
    0.318283861863218327E+02    0.135801776165929722E+01    0.258122332616649892E+02    0.184267389107363552E+09    0.183653115380082340E+03   -0.918265576900411702E+02
    0.114976823329925537E+03    0.136819333672962484E+01    0.499816238880157471E+02    0.134103733765961900E+08    0.183648075804071766E+03   -0.918240379020358830E+02
    0.163931291426646737E+03    0.138121070156631687E+01    0.102055088293830547E+02    0.504092657954209149E+08    0.183642936202986533E+03   -0.918214681014932665E+02
    0.163931291426646737E+03    0.138121070156631687E+01    0.102055088293830547E+02    0.504092657954209149E+08    0.183642936202986533E+03   -0.918214681014932665E+02
    0.562405157676570226E+02    0.136421236456551664E+01    0.667001404432012279E+01    0.231143207295876473E+09    0.183605049958544839E+03   -0.918025249792724196E+02
    0.221079229281466638E+02    0.137795131521535241E+01    0.562249955116631810E+02    0.148719250353461578E+08    0.183587366255648988E+03   -0.917936831278244938E+02
    0.964219988230537268E+02    0.137006920730947668E+01    0.133175325532833373E+02    0.111116507794785157E+09    0.183582569599162525E+03   -0.917912847995812626E+02
    0.347222357396682355E+02    0.137214437573226844E+01    0.433560542070873893E+02    0.105293093442516737E+08    0.183575940595694135E+03   -0.917879702978470675E+02
    0.347222357396682355E+02    0.137214437573226844E+01    0.433560542070873893E+02    0.105293093442516737E+08    0.183575940595694135E+03   -0.917879702978470675E+02
    0.135523565069619963E+03    0.135477223931073731E+01    0.444697747450875056E+02    0.115751651419920512E+08    0.183575048470154115E+03   -0.917875242350770577E+02
    0.669311272145740475E+02    0.137240755140776916E+01    0.231074214342667759E+02    0.140548495453731924E+09    0.183565550523320098E+03   -0.917827752616600492E+02
    0.450904952628478242E+02    0.135275110732287662E+01    0.362527409559194638E+02    0.100115786151621565E+09    0.183545364481404107E+03   -0.917726822407020535E+02
    0.240483465977695317E+03    0.137725344828976293E+01    0.209803071278946405E+02    0.191189820256087109E+08    0.183352452893018921E+03   -0.916762264465094603E+02
    0.135206612692520707E+03    0.137213276646413718E+01    0.285779069092313875E+02    0.622022396155995578E+08    0.183346005071445745E+03   -0.916730025357228726E+02
    0.135206612692520707E+03    0.137213276646413718E+01    0.285779069092313875E+02    0.622022396155995578E+08    0.183346005071445745E+03   -0.916730025357228726E+02
    0.282470464706420898E+03    0.136753942494314473E+01    0.129228174686431885E+02    0.156519200462495461E+08    0.183338551715810041E+03   -0.916692758579050206E+02
    0.435773385088962897E+02    0.136175909759032088E+01    0.428589208225360068E+02    0.241145459714186043E+08    0.183330151959225702E+03   -0.916650759796128511E+02
    0.435773385088962897E+02    0.136175909759032088E+01    0.428589208225360068E+02    0.241145459714186043E+08    0.183330151959225702E+03   -0.916650759796128511E+02
    0.246771890045228361E+03    0.135739745769516995E+01    0.356256728188218901E+02    0.163319686341460254E+08    0.183322978443439865E+03   -0.916614892217199326E+02
    0.202560259019119933E+02    0.137053012229031146E+01    0.349757949390994938E+02    0.998986895598902851E+08    0.183306358523218051E+03   -0.916531792616090257E+02
    0.895872062702096184E+00    0.137474627112175107E+01    0.431785447926715165E+02    0.253581993571070880E+08    0.183287547797514549E+03   -0.916437738987572743E+02
    0.172202483346654738E+02    0.136094859303854454E+01    0.581367306714605903E+01    0.231487113816186309E+09    0.183279192454950419E+03   -0.916395962274752094E+02
    0.676291978038311612E+02    0.138323956953821492E+01    0.466323163938324612E+02    0.471265709156211391E+08    0.183264323118280487E+03   -0.916321615591402434E+02
    0.265671808358901046E+03    0.137403925051259623E+01    0.486776875027540878E+01    0.126208854767233916E+08    0.183254430564855369E+03   -0.916272152824276844E+02
    0.265671808358901046E+03    0.137403925051259623E+01    0.486776875027540878E+01    0.126208854767233916E+08    0.183254430564855369E+03   -0.916272152824276844E+02
    0.209333520117691904E+03    0.136323869117937924E+01    0.943698089062065826E+01    0.510134724097739831E+08    0.183250895918025265E+03   -0.916254479590126323E+02
    0.109024451118568720E+03    0.137656055864510907E+01    0.439420823867248984E+02    0.187288195827843845E+08    0.183239416869101547E+03   -0.916197084345507733E+02
    0.109024451118568720E+03    0.137656055864510907E+01    0.439420823867248984E+02    0.187288195827843845E+08    0.183239416869101547E+03   -0.916197084345507733E+02
    0.375573947820819498E+02    0.137090450859642332E+01    0.206094155757465245E+02    0.144931936089480370E+09    0.183225568902380161E+03   -0.916127844511900804E+02
    0.149291970160022828E+03    0.137659446163728894E+01    0.468148329171626827E+02    0.161401739413986597E+08    0.183222844200391506E+03   -0.916114221001957532E+02
    0.564999299675658939E+01    0.137260941513132240E+01    0.158733480831390796E+02    0.161227423799470425E+09    0.183209865106088785E+03   -0.916049325530443923E+02
    0.183934990828340432E+03    0.137914006790118338E+01    0.225898791069318037E+02    0.334433570846496336E+08    0.183177182337748860E+03   -0.915885911688744301E+02
    0.267732762737259009E+03    0.134788580548580339E+01    0.136465199819507141E+02    0.645301053724602237E+08    0.183152311304484158E+03   -0.915761556522420790E+02
    0.267732762737259009E+03    0.134788580548580339E+01    0.136465199819507141E+02    0.645301053724602237E+08    0.183152311304484158E+03   -0.915761556522420790E+02
    0.320715049927315121E+02    0.136740430806447244E+01    0.397773031819028660E+02    0.689799535259988904E+08    0.183134552385325208E+03   -0.915672761926626038E+02
    0.225795104095820307E+03    0.135546519465149062E+01    0.300052253447027617E+02    0.287029038231044412E+08    0.183128785129544383E+03   -0.915643925647721915E+02
    0.153755863274083765E+03    0.138047030587337383E+01    0.388017668492071053E+02    0.287604668209798411E+08    0.183110896787764148E+03   -0.915554483938820738E+02
    0.363344138747172494E+02    0.136266995811586300E+01    0.392429947325313222E+02    0.725991762151337713E+08    0.183103813997278479E+03   -0.915519069986392395E+02
    0.207613952990820366E+03    0.136815750959044147E+01    0.307342617513466294E+02    0.125916098483889233E+08    0.183074011659447820E+03   -0.915370058297239098E+02
    0.218180361633105555E+02    0.136865712618749136E+01    0.418302561219808098E+02    0.339051870138326436E+08    0.183067023219853155E+03   -0.915335116099265775E+02
    0.142530079677608223E+01    0.136580894837474554E+01    0.224304837714400023E+02    0.123624516834260359E+09    0.183062867438865538E+03   -0.915314337194327692E+02
    0.142530079677608223E+01    0.136580894837474554E+01    0.224304837714400023E+02    0.123624516834260359E+09    0.183062867438865538E+03   -0.915314337194327692E+02
    0.857871260968196481E+02    0.137261711521422725E+01    0.409971190140547606E+02    0.193576107222829685E+08    0.183051323841070257E+03   -0.915256619205351285E+02
    0.857871260968196481E+02    0.137261711521422725E+01    0.409971190140547606E+02    0.193576107222829685E+08    0.183051323841070257E+03   -0.915256619205351285E+02
    0.372443470413652875E+02    0.137477328285054501E+01    0.103100338169386365E+02    0.122605297495250255E+09    0.183004855932869418E+03   -0.915024279664347091E+02
    0.372443470413652875E+02    0.137477328285054501E+01    0.103100338169386365E+02    0.122605297495250255E+09    0.183004855932869418E+03   -0.915024279664347091E+02
    0.247251683513436888E+03    0.137353254653069046E+01    0.102108709001640605E+02    0.261442457190494575E+08    0.182984505629294858E+03   -0.914922528146474292E+02
    0.487944208850709700E+02    0.136252995641303443E+01    0.412980976927816954E+02    0.293197575926497839E+08    0.182949339056512088E+03   -0.914746695282560438E+02
    0.487944208850709700E+02    0.136252995641303443E+01    0.412980976927816954E+02    0.293197575926497839E+08    0.182949339056512088E+03   -0.914746695282560438E+02
    0.251240838841033252E+03    0.137263953926661042E+01    0.110293604510049548E+02    0.191878346187298298E+08    0.182941755292978769E+03   -0.914708776464893845E+02
    0.113890613287573345E+03    0.137395647455684911E+01    0.397827048808764587E+02    0.196286224597509094E+08    0.182941161161663103E+03   -0.914705805808315517E+02
    0.207117192366613324E+03    0.137094874410698675E+01    0.262323789283768711E+02    0.224341914346893430E+08    0.182926388934079057E+03   -0.914631944670395285E+02
    0.448908903347981791E+02    0.136252705043808531E+01    0.441871658897683020E+02    0.151897253240358625E+08    0.182905306394860929E+03   -0.914526531974304646E+02
    0.173639007396753243E+03    0.136453769184884965E+01    0.361186833104658120E+02    0.238648298483591825E+08    0.182900023967193988E+03   -0.914500119835969940E+02
    0.173639007396753243E+03    0.136453769184884965E+01    0.361186833104658120E+02    0.238648298483591825E+08    0.182900023967193988E+03   -0.914500119835969940E+02
    0.144209742546081543E+03    0.137302703335526277E+01    0.411375939846038818E+02    0.131385320111497194E+08    0.182862972591299268E+03   -0.914314862956496341E+02
    0.152012765407562256E+03    0.136283502855957450E+01    0.421061336994171143E+02    0.115986617959345616E+08    0.182812920538402921E+03   -0.914064602692014603E+02
    0.116627152257938988E+03    0.134568058999760143E+01    0.158815009280631294E+02    0.541880933457167149E+09    0.182780451836551947E+03   -0.913902259182759735E+02
    0.103927475780093928E+03    0.135904975317788979E+01    0.370305959770332294E+02    0.189459944947705530E+08    0.182780353031489312E+03   -0.913901765157446562E+02
    0.115119993686676025E+03    0.137227618658943418E+01    0.351875543594360352E+02    0.101460610021239296E+08    0.182754291226808675E+03   -0.913771456134043376E+02
    0.115119993686676025E+03    0.137227618658943418E+01    0.351875543594360352E+02    0.101460610021239296E+08    0.182754291226808675E+03   -0.913771456134043376E+02
    0.973080634190324076E+02    0.136801702135330117E+01    0.385447841221424383E+02    0.283237287777168453E+08    0.182747661485955376E+03   -0.913738307429776881E+02
    0.114474392983009366E+03    0.136878671695062426E+01    0.181392579104332974E+02    0.700102587093370706E+08    0.182704976376702035E+03   -0.913524881883510176E+02
    0.780732328494077876E+02    0.135999610380898939E+01    0.150044479231069143E+02    0.144759452467774302E+09    0.182670947493777703E+03   -0.913354737468888516E+02
    0.780732328494077876E+02    0.135999610380898939E+01    0.150044479231069143E+02    0.144759452467774302E+09    0.182670947493777703E+03   -0.913354737468888516E+02
    0.176419242793094980E+03    0.136744788415916241E+01    0.284274272185798758E+02    0.264523380990781300E+08    0.182591882400206316E+03   -0.912959412001031581E+02
    0.176419242793094980E+03    0.136744788415916241E+01    0.284274272185798758E+02    0.264523380990781300E+08    0.182591882400206316E+03   -0.912959412001031581E+02
    0.392771102400543981E+02    0.138115658858613677E+01    0.369835596453938962E+02    0.654456530023093224E+08    0.182588960826654500E+03   -0.912944804133272498E+02
    0.392771102400543981E+02    0.138115658858613677E+01    0.369835596453938962E+02    0.654456530023093224E+08    0.182588960826654500E+03   -0.912944804133272498E+02
    0.763909278350033389E+02    0.136312092774520055E+01    0.541049244014127773E+01    0.122383341840231359E+09    0.182569734730691266E+03   -0.912848673653456331E+02
    0.763909278350033389E+02    0.136312092774520055E+01    0.541049244014127773E+01    0.122383341840231359E+09    0.182569734730691266E+03   -0.912848673653456331E+02
    0.116332769393920898E+02    0.138827793289996948E+01    0.387239694595336914E+02    0.579389507907494158E+08    0.182545163521102012E+03   -0.912725817605510059E+02
    0.135185413086370772E+03    0.137270474086612415E+01    0.263557263855561565E+02    0.408224260132913589E+08    0.182521598617741034E+03   -0.912607993088705172E+02
    0.254916321013334510E+03    0.135597513872266351E+01    0.102722561496559823E+02    0.311364464305364825E+08    0.182474063243329454E+03   -0.912370316216647268E+02
    0.315254330635070801E+02    0.137901790909166855E+01    0.424209952354431152E+02    0.286847585031305104E+08    0.182472150983016462E+03   -0.912360754915082310E+02
    0.105971603334432530E+03    0.138191781766176702E+01    0.382611956810961686E+02    0.219102304112825058E+08    0.182468429840782903E+03   -0.912342149203914516E+02
    0.266781622359627988E+03    0.135321675123267382E+01    0.202715395773010165E+02    0.197645069687947854E+08    0.182467964069412687E+03   -0.912339820347063437E+02
    0.260810111564393196E+03    0.135867550420361849E+01    0.212749785300797640E+02    0.142668886977402885E+08    0.182457061820389299E+03   -0.912285309101946496E+02
    0.167402326490256428E+03    0.138143246104816542E+01    0.266183869851672910E+02    0.198457139464265481E+08    0.182390818547277689E+03   -0.911954092736388446E+02
    0.115331553222171337E+03    0.137234921443620039E+01    0.227630885245966574E+02    0.484679417884196714E+08    0.182389282832180243E+03   -0.911946414160901213E+02
    0.115331553222171337E+03    0.137234921443620039E+01    0.227630885245966574E+02    0.484679417884196714E+08    0.182389282832180243E+03   -0.911946414160901213E+02
    0.845173421072414044E+02    0.137625142420091229E+01    0.385183780488299163E+02    0.264569644909827448E+08    0.182368760607248618E+03   -0.911843803036243088E+02
    0.112790167331695557E+03    0.136975175172681007E+01    0.341868579387664795E+02    0.269877963137772866E+08    0.182365487416841688E+03   -0.911827437084208441E+02
    0.856875700201816244E+02    0.136973921769215123E+01    0.234633998183709238E+02    0.658532490980373845E+08    0.182362805710161780E+03   -0.911814028550808899E+02
    0.178996094714885686E+03    0.135802657081795308E+01    0.188381283481850197E+02    0.480746509496751279E+08    0.182362753123754061E+03   -0.911813765618770304E+02
    0.178996094714885686E+03    0.135802657081795308E+01    0.188381283481850197E+02    0.480746509496751279E+08    0.182362753123754061E+03   -0.911813765618770304E+02
    0.226428414781403319E+03    0.134700729715295719E+01    0.327664735600539032E+02    0.232501460710564777E+08    0.182322945682263821E+03   -0.911614728411319106E+02
    0.929570700680419009E+02    0.137670904060255572E+01    0.105521877218137163E+02    0.706829428891505152E+08    0.182313637868162658E+03   -0.911568189340813291E+02
    0.101452469825744629E+03    0.137771346107777481E+01    0.170729577541351318E+02    0.609010297745157555E+08    0.182300533302288301E+03   -0.911502666511441504E+02
    0.102401002222165118E+03    0.136051452293272979E+01    0.351803174685168969E+02    0.223513437386440411E+08    0.182269153963290677E+03   -0.911345769816453384E+02
    0.125474474331190464E+03    0.137326312974520559E+01    0.333554650024408801E+02    0.248001887292800210E+08    0.182260267068704962E+03   -0.911301335343524812E+02
    0.514741256558486597E+02    0.135893102261213183E+01    0.247632377755145185E+02    0.880406483295810670E+08    0.182258006328932765E+03   -0.911290031644663827E+02
    0.175278127193450928E+03    0.138275139083671061E+01    0.209639191627502441E+02    0.221729950910041444E+08    0.182252006938605859E+03   -0.911260034693029297E+02
    0.621088404670459013E+02    0.137111765521171947E+01    0.227160453137693032E+02    0.698724004858209342E+08    0.182241056243333048E+03   -0.911205281216665242E+02
    0.621088404670459013E+02    0.137111765521171947E+01    0.227160453137693032E+02    0.698724004858209342E+08    0.182241056243333048E+03   -0.911205281216665242E+02
    0.977003002783658445E+02    0.138736479187022210E+01    0.436444198390386688E+02    0.144484383502018526E+08    0.182225241884126291E+03   -0.911126209420631454E+02
    0.477049946784973145E+02    0.135670912354751727E+01    0.879890918731689453E+01    0.155058128313712209E+09    0.182207217519235655E+03   -0.911036087596178277E+02
    0.477049946784973145E+02    0.135670912354751727E+01    0.879890918731689453E+01    0.155058128313712209E+09    0.182207217519235655E+03   -0.911036087596178277E+02
    0.116697566419994970E+03    0.137424142831901674E+01    0.436266190580717161E+01    0.637358037861128971E+08    0.182177297372027425E+03   -0.910886486860137126E+02
    0.153017078534764380E+03    0.136111430939305555E+01    0.323297021830233859E+02    0.280899065139817595E+08    0.182165485637087983E+03   -0.910827428185439913E+02
    0.281807467244833489E+02    0.136773010356563085E+01    0.265552188703966401E+02    0.551509734003511667E+08    0.182142601504796914E+03   -0.910713007523984572E+02
    0.742609307702592361E+02    0.137593819908556148E+01    0.221432781205796978E+02    0.594691798412198871E+08    0.182130918419610452E+03   -0.910654592098052262E+02
    0.742609307702592361E+02    0.137593819908556148E+01    0.221432781205796978E+02    0.594691798412198871E+08    0.182130918419610452E+03   -0.910654592098052262E+02
    0.160704028904670196E+03    0.136454870650344717E+01    0.215837924008983357E+02    0.373675692232563943E+08    0.182125169990336474E+03   -0.910625849951682369E+02
    0.260555058275238252E+03    0.135485885548161389E+01    0.162349355725580473E+02    0.244616523377185240E+08    0.182090702180956782E+03   -0.910453510904783911E+02
    0.127627307907078290E+03    0.137007161245334541E+01    0.235940020980252640E+02    0.340669953362053111E+08    0.182087610511309094E+03   -0.910438052556545472E+02
    0.102942855068111385E+03    0.137214284559877786E+01    0.121028790269495818E+02    0.635098565299948379E+08    0.182070347218347905E+03   -0.910351736091739525E+02
    0.102942855068111385E+03    0.137214284559877786E+01    0.121028790269495818E+02    0.635098565299948379E+08    0.182070347218347905E+03   -0.910351736091739525E+02
    0.116514195978852101E+03    0.137769989860768227E+01    0.341858587452491562E+02    0.238472897476869188E+08    0.182067181994859880E+03   -0.910335909974299398E+02
    0.116514195978852101E+03    0.137769989860768227E+01    0.341858587452491562E+02    0.238472897476869188E+08    0.182067181994859880E+03   -0.910335909974299398E+02
    0.290045661437580620E+02    0.136729810050285527E+01    0.289891866593712919E+02    0.474348298502099887E+08    0.182058921139016149E+03   -0.910294605695080747E+02
    0.290045661437580620E+02    0.136729810050285527E+01    0.289891866593712919E+02    0.474348298502099887E+08    0.182058921139016149E+03   -0.910294605695080747E+02
    0.234378228538631603E+02    0.136602978746792991E+01    0.363689836477781370E+02    0.138324916087594349E+08    0.182045707045233087E+03   -0.910228535226165434E+02
    0.234378228538631603E+02    0.136602978746792991E+01    0.363689836477781370E+02    0.138324916087594349E+08    0.182045707045233087E+03   -0.910228535226165434E+02
    0.228480988829432476E+03    0.137384677305555103E+01    0.697075751814734268E+01    0.121535333008350488E+08    0.182010616243244016E+03   -0.910053081216220079E+02
    0.102257746529509205E+03    0.138987057856671270E+01    0.377889335870261718E+02    0.156756886327850409E+08    0.181975744857045839E+03   -0.909878724285229197E+02
    0.225834063977221035E+03    0.134028989935107634E+01    0.372076259995173046E+02    0.157840042969586384E+08    0.181956052001530111E+03   -0.909780260007650554E+02
    0.225834063977221035E+03    0.134028989935107634E+01    0.372076259995173046E+02    0.157840042969586384E+08    0.181956052001530111E+03   -0.909780260007650554E+02
    0.132793379735169850E+03    0.137882317129286402E+01    0.116427835916014679E+02    0.414305800091109797E+08    0.181927986147248191E+03   -0.909639930736240956E+02
    0.714030687826585808E+01    0.137461252933454747E+01    0.311604459500631705E+02    0.297463757302110903E+08    0.181922931324342215E+03   -0.909614656621711077E+02
    0.464029918821867540E+02    0.136278534918851535E+01    0.365602459898920316E+02    0.126116714652614873E+08    0.181914516907754518E+03   -0.909572584538772588E+02
    0.145266244368929932E+03    0.136016115505342650E+01    0.139872583957243695E+02    0.587983915053475052E+08    0.181911070473094014E+03   -0.909555352365470071E+02
    0.221590191618374064E+03    0.136717468242412710E+01    0.105907075013283318E+02    0.185599285191100799E+08    0.181886945902397315E+03   -0.909434729511986575E+02
    0.439369661084105516E+02    0.137347140447540217E+01    0.299344645672951266E+02    0.195449668547183052E+08    0.181876163086925118E+03   -0.909380815434625589E+02
    0.192622245467736747E+03    0.136181873790776753E+01    0.294230213517973063E+02    0.169598735262865759E+08    0.181872623048613406E+03   -0.909363115243067028E+02
    0.233925557129839518E+03    0.137225705492129690E+01    0.614659573889457445E+01    0.111941552404451985E+08    0.181844730638017978E+03   -0.909223653190089891E+02
    0.239725410938262939E+03    0.136850363968014554E+01    0.873374938964843750E+00    0.113278140422267020E+08    0.181800079070477977E+03   -0.909000395352389887E+02
    0.108363123170812912E+03    0.137794909836097190E+01    0.244930864446553862E+02    0.351874197600268796E+08    0.181762702184173747E+03   -0.908813510920868737E+02
    0.142482856633720814E+03    0.136442427681504563E+01    0.199975488616461519E+02    0.382792944283944741E+08    0.181741618668861037E+03   -0.908708093344305183E+02
    0.201075955260960740E+03    0.136739267314888857E+01    0.122403544309665868E+02    0.198956670652051866E+08    0.181728626691615943E+03   -0.908643133458079717E+02
    0.173688394695519776E+03    0.137299150456790442E+01    0.631034387271053632E+01    0.308409943070829511E+08    0.181725745347734630E+03   -0.908628726738673151E+02
    0.103032731027820262E+03    0.139051039110441144E+01    0.268843103270923258E+02    0.107602339241122212E+08    0.181704080864015424E+03   -0.908520404320077120E+02
    0.209830911779154746E+03    0.136879690525608688E+01    0.462366574181505641E+01    0.135605588997282572E+08    0.181695195298029120E+03   -0.908475976490145598E+02
    0.179746998114894048E+02    0.137553272858214570E+01    0.136582767609821882E+02    0.694096511243514270E+08    0.181662924962090756E+03   -0.908314624810453779E+02
    0.179746998114894048E+02    0.137553272858214570E+01    0.136582767609821882E+02    0.694096511243514270E+08    0.181662924962090756E+03   -0.908314624810453779E+02
    0.203573408791736966E+03    0.135717072393498861E+01    0.158413082707072945E+02    0.306069792690689340E+08    0.181652137697829517E+03   -0.908260688489147583E+02
    0.113742953968559846E+02    0.137074657537945677E+01    0.351750432830599724E+01    0.815546581729255319E+08    0.181631912968804130E+03   -0.908159564844020650E+02
    0.113742953968559846E+02    0.137074657537945677E+01    0.351750432830599724E+01    0.815546581729255319E+08    0.181631912968804130E+03   -0.908159564844020650E+02
    0.180049633243477615E+03    0.137170473733358445E+01    0.147871765127926800E+02    0.258447388424742892E+08    0.181628328969993788E+03   -0.908141644849968941E+02
    0.486793052568618094E+02    0.138063084519428370E+01    0.344850249460580116E+02    0.112452463542244807E+08    0.181627627066148960E+03   -0.908138135330744802E+02
    0.163003462736135361E+03    0.138154353303752564E+01    0.146636563660443446E+02    0.248218949673242569E+08    0.181626073697113725E+03   -0.908130368485568624E+02
    0.110553256419482878E+03    0.136782372601078350E+01    0.320660390788349901E+02    0.145289300869062580E+08    0.181625858035378428E+03   -0.908129290176892141E+02
    0.216997014982401964E+03    0.137161538365862357E+01    0.132990120651416643E+01    0.189494334132967144E+08    0.181558060425706486E+03   -0.907790302128532431E+02
    0.591690880689088914E+02    0.139162931331414730E+01    0.260653108166653311E+02    0.104331866937972214E+08    0.181513928909215878E+03   -0.907569644546079388E+02
    0.109627924350390451E+02    0.137833788971040505E+01    0.271676372017238492E+02    0.419366023492481709E+08    0.181501652190555035E+03   -0.907508260952775174E+02
    0.193705074475280526E+03    0.137234992356392116E+01    0.761060385298171660E+00    0.286149129704077616E+08    0.181480919427130004E+03   -0.907404597135650022E+02
    0.204659265316069309E+03    0.138157089437472269E+01    0.178824264447979964E+01    0.171159537335870825E+08    0.181473176017845219E+03   -0.907365880089226096E+02
    0.204659265316069309E+03    0.138157089437472269E+01    0.178824264447979964E+01    0.171159537335870825E+08    0.181473176017845219E+03   -0.907365880089226096E+02
    0.469720464781355815E+02    0.135230588749722958E+01    0.204389551588008231E+02    0.585110583577888012E+08    0.181450387834811039E+03   -0.907251939174055195E+02
    0.128337125185515418E+03    0.137437451256854737E+01    0.233377197252107251E+02    0.256875361005012542E+08    0.181435791386223144E+03   -0.907178956931115721E+02
    0.128337125185515418E+03    0.137437451256854737E+01    0.233377197252107251E+02    0.256875361005012542E+08    0.181435791386223144E+03   -0.907178956931115721E+02
    0.842403421939594779E+02    0.138041422752181675E+01    0.288656160265760455E+02    0.261542472812297195E+08    0.181424853641678084E+03   -0.907124268208390419E+02
    0.227849644731222911E+01    0.135848372968897380E+01    0.190355073596050914E+02    0.208849279668225124E+08    0.181417444096352028E+03   -0.907087220481760141E+02
    0.228865020667041762E+03    0.134884516797718002E+01    0.959266946877858473E+01    0.433282924211983234E+08    0.181350871083669404E+03   -0.906754355418347018E+02
    0.179956257343292236E+03    0.135458386383647644E+01    0.137357175350189209E+02    0.368513495748071894E+08    0.181348638686024458E+03   -0.906743193430122290E+02
    0.767046333875385358E+02    0.136430586199580794E+01    0.263750712856476177E+02    0.109734139065138865E+08    0.181315957633840725E+03   -0.906579788169203624E+02
    0.448901697214547557E+01    0.137151607141480447E+01    0.220740632484337880E+02    0.260326104315261319E+08    0.181300810592871301E+03   -0.906504052964356504E+02
    0.742566093828724139E+01    0.138453928840299922E+01    0.286884774697968794E+02    0.168867646175632291E+08    0.181291918992920017E+03   -0.906459594964600086E+02
    0.742566093828724139E+01    0.138453928840299922E+01    0.286884774697968794E+02    0.168867646175632291E+08    0.181291918992920017E+03   -0.906459594964600086E+02
    0.949434728262141618E+02    0.136396555885524928E+01    0.200243122534004954E+02    0.414295057876463681E+08    0.181289281195229961E+03   -0.906446405976149805E+02
    0.150434729718439598E+03    0.138090574870480887E+01    0.123709656645420409E+02    0.258453967937643863E+08    0.181272044835896509E+03   -0.906360224179482543E+02
    0.931189306727188040E+02    0.137395454617123258E+01    0.239486900597683672E+02    0.206315750102242194E+08    0.181264805748324989E+03   -0.906324028741624943E+02
    0.931189306727188040E+02    0.137395454617123258E+01    0.239486900597683672E+02    0.206315750102242194E+08    0.181264805748324989E+03   -0.906324028741624943E+02
    0.273969763171257000E+03    0.135326847853962384E+01    0.622969925932888913E+01    0.196961938367201760E+08    0.181252845016623439E+03   -0.906264225083117196E+02
    0.672558840707305023E+02    0.137217680833380129E+01    0.209097927022328065E+02    0.336347060182332695E+08    0.181250700071558526E+03   -0.906253500357792632E+02
    0.672558840707305023E+02    0.137217680833380129E+01    0.209097927022328065E+02    0.336347060182332695E+08    0.181250700071558526E+03   -0.906253500357792632E+02
    0.152255278573409328E+03    0.137096622258564693E+01    0.161740455520964765E+02    0.207338814261602834E+08    0.181235687624010666E+03   -0.906178438120053329E+02
    0.180387050375009636E+03    0.138357985260897531E+01    0.387726509755828896E+01    0.174748523892527297E+08    0.181231171666943283E+03   -0.906155858334716413E+02
    0.368523200150795844E+02    0.136131193586934018E+01    0.135010362163073463E+02    0.678898894872992933E+08    0.181207720734083466E+03   -0.906038603670417331E+02
    0.223264939477018089E+03    0.136296032548865376E+01    0.393033931756728760E+01    0.277141061787651628E+08    0.181207547261873174E+03   -0.906037736309365869E+02
    0.223264939477018089E+03    0.136296032548865376E+01    0.393033931756728760E+01    0.277141061787651628E+08    0.181207547261873174E+03   -0.906037736309365869E+02
    0.220145406020740154E+03    0.137043310568394361E+01    0.270444354771721185E+00    0.102206451779091395E+08    0.181205381779603925E+03   -0.906026908898019627E+02
    0.220145406020740154E+03    0.137043310568394361E+01    0.270444354771721185E+00    0.102206451779091395E+08    0.181205381779603925E+03   -0.906026908898019627E+02
    0.438169785007483981E+02    0.136542170481891256E+01    0.113613866047081729E+02    0.599879890614422187E+08    0.181204675644798471E+03   -0.906023378223992353E+02
    0.138111719552261274E+02    0.135746482610491825E+01    0.175542185249520450E+02    0.176409182054009438E+08    0.181185525619076259E+03   -0.905927628095381294E+02
    0.690599876866630353E+02    0.135548369670992197E+01    0.228061495291457348E+02    0.283648503297260664E+08    0.181182581056059917E+03   -0.905912905280299583E+02
    0.106755458397956957E+03    0.137691303036593760E+01    0.233156051701367844E+02    0.237435139792270996E+08    0.181159834608445010E+03   -0.905799173042225050E+02
    0.600221753120422363E+02    0.136446403068289857E+01    0.103330612182617188E+02    0.591879837337867767E+08    0.181150738321957675E+03   -0.905753691609788376E+02
    0.102946654827030784E+03    0.135681174194125664E+01    0.235056885831365037E+02    0.240675937219045870E+08    0.181125674557751751E+03   -0.905628372788758753E+02
    0.102946654827030784E+03    0.135681174194125664E+01    0.235056885831365037E+02    0.240675937219045870E+08    0.181125674557751751E+03   -0.905628372788758753E+02
    0.149762883004176132E+03    0.138561219189795715E+01    0.902899380791905237E+01    0.118028009051054865E+08    0.181117314382736936E+03   -0.905586571913684679E+02
    0.169721537766393993E+03    0.138114871506727210E+01    0.694094853104857012E+01    0.101843014312521666E+08    0.181112433775816186E+03   -0.905562168879080929E+02
    0.229412892585430114E+03    0.135840834559163648E+01    0.131674890611067603E+02    0.100976307586925253E+08    0.181090002722611132E+03   -0.905450013613055660E+02
    0.115324427328481534E+03    0.135203432749460473E+01    0.228221610632502738E+02    0.184906120434314609E+08    0.181087840448184636E+03   -0.905439202240923180E+02
    0.115324427328481534E+03    0.135203432749460473E+01    0.228221610632502738E+02    0.184906120434314609E+08    0.181087840448184636E+03   -0.905439202240923180E+02
    0.123095809013618748E+03    0.137434114846488731E+01    0.183693692555754104E+02    0.266205310259296857E+08    0.181052287411217293E+03   -0.905261437056086464E+02
    0.654860283880655629E+02    0.135582742508940268E+01    0.198757192978631387E+02    0.189836506515733674E+08    0.181052097926006127E+03   -0.905260489630030634E+02
    0.134006634028067765E+03    0.137242026877836243E+01    0.229020304629658469E+02    0.164599428652503807E+08    0.181041053894300262E+03   -0.905205269471501310E+02
    0.151403944097604693E+03    0.136938371779378665E+01    0.173029015340687771E+02    0.124283667465571780E+08    0.181039101051338321E+03   -0.905195505256691604E+02
    0.819198281646977193E+02    0.137266568961157742E+01    0.270992649297697170E+02    0.122288205860091280E+08    0.181035684088781267E+03   -0.905178420443906333E+02
    0.172384600753643980E+03    0.136321756126296068E+01    0.156653910387222073E+02    0.276425496113725714E+08    0.181031026913318982E+03   -0.905155134566594910E+02
    0.156222309149308700E+03    0.137722263823753166E+01    0.171572900266557085E+02    0.121920328265796080E+08    0.181018710842090343E+03   -0.905093554210451714E+02
    0.146308104406955152E+03    0.136155949459859293E+01    0.443880393331424195E+01    0.448319100004885942E+08    0.181012197474339956E+03   -0.905060987371699781E+02
    0.187367280930572058E+02    0.138682364270497427E+01    0.307107181170496943E+02    0.157074931624836270E+08    0.181006430027136588E+03   -0.905032150135682940E+02
    0.120514257890672084E+03    0.138223242193641971E+01    0.157199694182477039E+02    0.223571699391009696E+08    0.181000313584018954E+03   -0.905001567920094772E+02
    0.135916263022855787E+03    0.138384951073825357E+01    0.135350048004201007E+02    0.178472438457901515E+08    0.180995691516059594E+03   -0.904978457580297970E+02
    0.135420254326226388E+02    0.136203955276665534E+01    0.171631499825863969E+02    0.403125569592029303E+08    0.180977623665667068E+03   -0.904888118328335338E+02
    0.775094799984939300E+02    0.137372135031443476E+01    0.235791420913334981E+02    0.171441579456157312E+08    0.180970785985809641E+03   -0.904853929929048206E+02
    0.270803787599075520E+03    0.135147800710159638E+01    0.590271958144109732E+01    0.266908633888004944E+08    0.180967178205226759E+03   -0.904835891026133794E+02
    0.196537643801261737E+03    0.136460665523331448E+01    0.329708420162856974E+01    0.288877702821573541E+08    0.180961369206546124E+03   -0.904806846032730618E+02
    0.410421662903866746E+02    0.138149828417064957E+01    0.170244082946421784E+02    0.379131209161270484E+08    0.180953073021387240E+03   -0.904765365106936201E+02
    0.158340906910287941E+03    0.138166956263624163E+01    0.322300860860798410E+01    0.187259457358389571E+08    0.180945559559558546E+03   -0.904727797797792732E+02
    0.119906265996515600E+03    0.137694815583055075E+01    0.590057310800417500E+01    0.313330832634624392E+08    0.180942247085323714E+03   -0.904711235426618572E+02
    0.773757863120690530E+02    0.136840717868036621E+01    0.261654451890250037E+02    0.142623891394046023E+08    0.180934098514972277E+03   -0.904670492574861385E+02
    0.417294400768712404E+01    0.137949406759408588E+01    0.220292644343164632E+02    0.112231735690576080E+08    0.180915727495916030E+03   -0.904578637479580152E+02
    0.232043461696515614E+02    0.138655330169453128E+01    0.209008844521940986E+02    0.308027725904128104E+08    0.180913902557944141E+03   -0.904569512789720704E+02
    0.234446912726816009E+03    0.136224690735982734E+01    0.877740676663397945E+00    0.191378808474881314E+08    0.180904698243270246E+03   -0.904523491216351232E+02
    0.124048611982994828E+03    0.135879008271476609E+01    0.488257970948760001E+01    0.501532021337013021E+08    0.180884639512117815E+03   -0.904423197560589074E+02
    0.169055568165398768E+03    0.136669529726293293E+01    0.960810672789254383E+01    0.233929116355659291E+08    0.180874407342951429E+03   -0.904372036714757144E+02
    0.239417407233096426E+02    0.138524908988571660E+01    0.294967552882577984E+02    0.152578552740975842E+08    0.180861507369178696E+03   -0.904307536845893480E+02
    0.332960164205318847E+02    0.138020200669775650E+01    0.116729798364485582E+02    0.422346565963470861E+08    0.180856627070430761E+03   -0.904283135352153806E+02
    0.169329143035578142E+03    0.136969213620867314E+01    0.727887362038973640E+00    0.271711296566655934E+08    0.180831100540630302E+03   -0.904155502703151512E+02
    0.333398770336295129E+02    0.138746899148656477E+01    0.140771860059512068E+02    0.321764986151919030E+08    0.180812176513532478E+03   -0.904060882567662389E+02
    0.110577367782159101E+03    0.136505572381091533E+01    0.249782631736469334E+02    0.153100467323945947E+08    0.180803769036286440E+03   -0.904018845181432198E+02
    0.552458181245598610E+02    0.138136222721296642E+01    0.208002654093040249E+02    0.248688580700098723E+08    0.180778356093153093E+03   -0.903891780465765464E+02
    0.948753993810384060E+02    0.137054380976552248E+01    0.362710538635814350E+01    0.388511589264707640E+08    0.180760417995852634E+03   -0.903802089979263172E+02
    0.267504726112788092E+02    0.137292576475919725E+01    0.169591900637894604E+02    0.222650242894900441E+08    0.180759566938148623E+03   -0.903797834690743116E+02
    0.581380089187301152E+02    0.137443792068706494E+01    0.401158603990059870E+01    0.437419692042210177E+08    0.180745441677389124E+03   -0.903727208386945620E+02
    0.420145981084919100E+02    0.139597257707217626E+01    0.137852445335316958E+02    0.252960243165654875E+08    0.180704557472374375E+03   -0.903522787361871877E+02
    0.117985002928752920E+03    0.137545690366700657E+01    0.145940437901481150E+02    0.237634195700207390E+08    0.180701105703981341E+03   -0.903505528519906704E+02
    0.135003301538692142E+03    0.136734679442361462E+01    0.163192087874350733E+02    0.124431946230576318E+08    0.180678677689373046E+03   -0.903393388446865231E+02
    0.104035425455350762E+03    0.138504509012996602E+01    0.166365708877051226E+02    0.126747664065424018E+08    0.180676545458592386E+03   -0.903382727292961931E+02
    0.365854905941782675E+02    0.138236229810464395E+01    0.250870723026981643E+02    0.159027632001994234E+08    0.180665345500452275E+03   -0.903326727502261377E+02
    0.355420091027239593E+02    0.136064601934389495E+01    0.256221532255608064E+01    0.666046426784582064E+08    0.180658862267762856E+03   -0.903294311338814282E+02
    0.111167656503924217E+02    0.136082495509658319E+01    0.168798006467050214E+02    0.162471693427667581E+08    0.180625461942481223E+03   -0.903127309712406117E+02
    0.326823798483327010E+02    0.136948512883191587E+01    0.784773399065638610E+01    0.413109772267854959E+08    0.180605239832983330E+03   -0.903026199164916648E+02
    0.173732614556169437E+03    0.137783253553043150E+01    0.632579153432333507E+00    0.101034415484181792E+08    0.180599507932384114E+03   -0.902997539661920570E+02
    0.144008450839972937E+03    0.137141338286968306E+01    0.786157854482807661E+01    0.238688250520870872E+08    0.180592359499477112E+03   -0.902961797497385561E+02
    0.169395066621868665E+03    0.137186824318050893E+01    0.594748330314203866E+01    0.117409667828276101E+08    0.180585869783360039E+03   -0.902929348916800194E+02
    0.360905075635054757E+02    0.137327702003687957E+01    0.773715022293982280E+01    0.398711035930593759E+08    0.180580179605208514E+03   -0.902900898026042569E+02
    0.115941076528911594E+03    0.137419260405576993E+01    0.978026738287054087E+01    0.286228554939358383E+08    0.180575331278733302E+03   -0.902876656393666508E+02
    0.178117398656108861E+03    0.134872017743406847E+01    0.136385488832630770E+02    0.369396086172880083E+08    0.180571680062741365E+03   -0.902858400313706824E+02
    0.183501065843807822E+03    0.135669020176149679E+01    0.156000458984574877E+02    0.177534992101509050E+08    0.180568588066781217E+03   -0.902842940333906085E+02
    0.769004293975816893E+02    0.137161708289727358E+01    0.146085551817011297E+02    0.192765770259656347E+08    0.180568534644685712E+03   -0.902842673223428562E+02
    0.155578063428336293E+03    0.137647645985449918E+01    0.758058591659497694E+01    0.179851131124974936E+08    0.180562444298872549E+03   -0.902812221494362745E+02
    0.159819128502962258E+03    0.136349229556983209E+01    0.157732424128266384E+02    0.110199947729232386E+08    0.180542973636245677E+03   -0.902714868181228383E+02
    0.117052961293154013E+03    0.135687606895648782E+01    0.191057966527992029E+02    0.174634504675601535E+08    0.180542181517112368E+03   -0.902710907585561841E+02
    0.155436345539183179E+03    0.136832678180262612E+01    0.118759373845461624E+02    0.148751925742417164E+08    0.180538493898526070E+03   -0.902692469492630352E+02
    0.601979660190534061E+00    0.137615968425217017E+01    0.665136828365586030E+01    0.105049960333934613E+08    0.180517071418400320E+03   -0.902585357092001601E+02
    0.717471219617275580E+02    0.136832173000505430E+01    0.191368823112971640E+02    0.119807580053764004E+08    0.180516852788958431E+03   -0.902584263944792156E+02
    0.208977838453435680E+03    0.136301898149797407E+01    0.709757860534345930E+01    0.108577249272383694E+08    0.180505591991217443E+03   -0.902527959956087216E+02
    0.200921116495877101E+03    0.136334593525352066E+01    0.617369115150544712E+01    0.119660808191173393E+08    0.180447854269732630E+03   -0.902239271348663152E+02
    0.219397457355352188E+02    0.136672103934566991E+01    0.118558569351702143E+02    0.292345005536034890E+08    0.180427125977529101E+03   -0.902135629887645507E+02
    0.159758547541474023E+02    0.137943478611140935E+01    0.139361591997226704E+02    0.216845191650568023E+08    0.180424775772630795E+03   -0.902123878863153976E+02
    0.515751594967961182E+02    0.136178431381331611E+01    0.124047108669701291E+02    0.337083469107295349E+08    0.180394489187536806E+03   -0.901972445937684029E+02
    0.806665240200640739E+02    0.136229123018154596E+01    0.813334738570957860E+01    0.403103931980077997E+08    0.180352017005770165E+03   -0.901760085028850824E+02
    0.133281839015624513E+03    0.137716801264264466E+01    0.538596136474088105E+01    0.101807201274956595E+08    0.180340343647480125E+03   -0.901701718237400627E+02
    0.856672053114587158E+02    0.138360155059016887E+01    0.674291610184082657E+01    0.254987597279509529E+08    0.180322019022751221E+03   -0.901610095113756103E+02
    0.283278868944968210E+02    0.137808787930186516E+01    0.205561415179194601E+00    0.381386021123495772E+08    0.180320826556319616E+03   -0.901604132781598082E+02
    0.277932499956918875E+02    0.137011108185935937E+01    0.929565767998733783E+01    0.301233324026744291E+08    0.180299443454324148E+03   -0.901497217271620741E+02
    0.853738404773033608E+02    0.138219488798382395E+01    0.808219087999287567E+01    0.247348869634335637E+08    0.180290262919536076E+03   -0.901451314597680380E+02
    0.118849074244744259E+03    0.137952306937869773E+01    0.671808664062232275E+01    0.184040545625035539E+08    0.180289042663659671E+03   -0.901445213318298357E+02
    0.116634739885515586E+03    0.136466752496812127E+01    0.787171364711052757E+00    0.339591228999809101E+08    0.180264878123292704E+03   -0.901324390616463518E+02
    0.133215955007335140E+03    0.134108086020673345E+01    0.154055890434615730E+02    0.622470971824326739E+08    0.180250918077273695E+03   -0.901254590386368477E+02
    0.132877699067674257E+03    0.137894937283767471E+01    0.196140718598202946E+01    0.185129575907393992E+08    0.180219593756223219E+03   -0.901097968781116094E+02
    0.171315756516105608E+03    0.134894559790549917E+01    0.207233553482822996E+01    0.491370258671556339E+08    0.180208641074766007E+03   -0.901043205373830034E+02
    0.106875033726082421E+03    0.136783057193408442E+01    0.695986683052414978E+01    0.103895334741312824E+08    0.180204393300342616E+03   -0.901021966501713081E+02
    0.129887840703287225E+03    0.137273058376135282E+01    0.123555465338519195E+02    0.161872811948060002E+08    0.180201788116703938E+03   -0.901008940583519689E+02
    0.627706509717503138E+02    0.137480692936259086E+01    0.946525815131818860E+01    0.282243189664494917E+08    0.180199124181198727E+03   -0.900995620905993633E+02
    0.107219346846374108E+03    0.135823903088425380E+01    0.110242100458225352E+02    0.101550183275634069E+08    0.180198472727552229E+03   -0.900992363637761144E+02
    0.392922168111798769E+02    0.137188053133379029E+01    0.107277618462814961E+01    0.359221543170902729E+08    0.180191372477271216E+03   -0.900956862386356079E+02
    0.176100115927215874E+02    0.137596495397292196E+01    0.157220881995331130E+02    0.156901495423530173E+08    0.180189753236173146E+03   -0.900948766180865732E+02
    0.437399737844457022E+02    0.137655402269916549E+01    0.186449020809434920E+02    0.136255083063669149E+08    0.180181642458273359E+03   -0.900908212291366794E+02
    0.579497060372449369E+02    0.138318684024569682E+01    0.875870609582725379E+01    0.213179653375211358E+08    0.180177755724508927E+03   -0.900888778622544635E+02
    0.547960658488839130E+02    0.136929023533908012E+01    0.734223938593827841E+00    0.349770894406722933E+08    0.180175578980898848E+03   -0.900877894904494241E+02
    0.145469512091165257E+03    0.136241301626614297E+01    0.104006663448137733E+02    0.211935828102672845E+08    0.180157830042974894E+03   -0.900789150214874468E+02
    0.918097120562369753E+02    0.137462355153151861E+01    0.120966502476680997E+02    0.112557903292762190E+08    0.180156103504546309E+03   -0.900780517522731543E+02
    0.969530705824171548E+02    0.137728324040448680E+01    0.120787005418536744E+02    0.174411616109710298E+08    0.180150085159412157E+03   -0.900750425797060785E+02
    0.176388092500142562E+03    0.136426902212057910E+01    0.749043184225261727E+00    0.131382743485302515E+08    0.180147350405925579E+03   -0.900736752029627894E+02
    0.453880267750288624E+02    0.137162337228632492E+01    0.914382503554924320E+01    0.242745628706694618E+08    0.180134863292276691E+03   -0.900674316461383455E+02
    0.410497065387927549E+02    0.137876110958641562E+01    0.100276591804439459E+02    0.199869729458904378E+08    0.180128942372404168E+03   -0.900644711862020841E+02
    0.214441711979873126E+02    0.137345936195493223E+01    0.713923767277271182E+01    0.216961717957888804E+08    0.180118410989842346E+03   -0.900592054949211729E+02
    0.341519777581947892E+02    0.136556957488241504E+01    0.476526924576996080E+01    0.325633022706501335E+08    0.180117717330427610E+03   -0.900588586652138048E+02
    0.433363390750488264E+02    0.138184685073850533E+01    0.645884188729855158E+01    0.284458663466809951E+08    0.180114066428671691E+03   -0.900570332143358456E+02
    0.105237162835283172E+03    0.136768973405105410E+01    0.765962162242785194E+01    0.107008207363261469E+08    0.180110453310741548E+03   -0.900552266553707739E+02
    0.796790261177704906E+02    0.138511357503760024E+01    0.196213363219944692E+01    0.187905632345314547E+08    0.180108274966161503E+03   -0.900541374830807513E+02
    0.750120590355753478E+02    0.138490129574805043E+01    0.100028376846672469E+02    0.129406500081999060E+08    0.180108248582488415E+03   -0.900541242912442073E+02
    0.113309448821806669E+03    0.136495414913498436E+01    0.974877133899578929E+01    0.211839981253179871E+08    0.180082577394176752E+03   -0.900412886970883761E+02
    0.474770242082857905E+02    0.137833125166988690E+01    0.181218011918775126E+02    0.137005698732975181E+08    0.180071586489095949E+03   -0.900357932445479747E+02
    0.226771026926987048E+03    0.135171588350781136E+01    0.121997491360457548E+02    0.157562178004225623E+08    0.180069491158309603E+03   -0.900347455791548015E+02
    0.136108373114556798E+03    0.137500631236179660E+01    0.390782268272238520E+01    0.177616766575806327E+08    0.180061028962051154E+03   -0.900305144810255769E+02
    0.108771906523825194E+03    0.136971475904917805E+01    0.310656081914555138E+01    0.264580542302234434E+08    0.180055212373032049E+03   -0.900276061865160244E+02
    0.110056957555997292E+01    0.136170908256592793E+01    0.121557438447176445E+02    0.143395391340236235E+08    0.180052577318567870E+03   -0.900262886592839351E+02
    0.358651259970792964E+02    0.136021551032979637E+01    0.154342039972694356E+01    0.441576260060744882E+08    0.180045428982529529E+03   -0.900227144912647645E+02
    0.141853094100952148E+02    0.136776706744290588E+01    0.381392240524291992E+00    0.175153160525211915E+08    0.179732986255909736E+03   -0.898664931279548682E+02
    0.779687520151538962E+02    0.137308237838312808E+01    0.108425761611145899E+01    0.268155028952075206E+08    0.179768644153868820E+03   -0.898843220769344100E+02
    0.883483290672302246E+02    0.137917579081594499E+01    0.151700973510742188E+01    0.114040984262969047E+08    0.179638567348827252E+03   -0.898192836744136258E+02
    0.103334462019198327E+03    0.136967254264062754E+01    0.655170173564741365E+01    0.141405156818730850E+08    0.179755459144591157E+03   -0.898777295722955785E+02
    0.962134920203625370E+02    0.137199765337182744E+01    0.968242652295501927E+01    0.144805724895409886E+08    0.179786676133433929E+03   -0.898933380667169644E+02
    0.427754190824966329E+02    0.137200310156584027E+01    0.330292231757175880E+01    0.197970480226787142E+08    0.179824326776838063E+03   -0.899121633884190317E+02
    0.782897730665886193E+01    0.137296550704932985E+01    0.111618806383081335E+02    0.129295331914945282E+08    0.179997687283933317E+03   -0.899988436419666584E+02
    0.168216731932706622E+02    0.136880112092888040E+01    0.133127042462883916E+01    0.183799361752103157E+08    0.179898137516746544E+03   -0.899490687583732722E+02
    0.925820973201939097E+02    0.137112675053241029E+01    0.358892609908523319E+01    0.126656484757438004E+08    0.179641584595603859E+03   -0.898207922978019297E+02
    0.448156160477936538E+02    0.137131970821222060E+01    0.148065361776933480E+01    0.201491545994609334E+08    0.179718608966024135E+03   -0.898593044830120675E+02
    0.757214066685909444E+02    0.137453938429507105E+01    0.101924605857642945E+02    0.129790117977816388E+08    0.179880681270879165E+03   -0.899403406354395827E+02
    0.172789677437049889E+02    0.137542428512111647E+01    0.491779460272020508E+01    0.109088166595479567E+08    0.180028208982602337E+03   -0.900141044913011683E+02
    0.506723304386606017E+02    0.137211476832756918E+01    0.481581084263780212E+01    0.180963724996534660E+08    0.179892409390286105E+03   -0.899462046951430523E+02
    0.341070220557761701E+02    0.137936071996187137E+01    0.240886999011807079E+01    0.184424300532439314E+08    0.179813445800044207E+03   -0.899067229000221033E+02
    0.385008765733965532E+02    0.136865479376999666E+01    0.164008597215675045E+01    0.251553321152547374E+08    0.179724001606274555E+03   -0.898620008031372777E+02
    0.391537181168279673E+02    0.138411040217286141E+01    0.115595867399350571E+01    0.265004936929365881E+08    0.179926540960510067E+03   -0.899632704802550336E+02
    0.105876750639324825E+03    0.137181979006643995E+01    0.216992517340324542E+00    0.144858323866474517E+08    0.179410116239708799E+03   -0.897050581198543995E+02
    0.560318960338913357E+02    0.137349323613962992E+01    0.247569608175114153E+01    0.182866644899890833E+08    0.179752349159761309E+03   -0.898761745798806544E+02
    0.105339743965994643E+03    0.137964143122120841E+01    0.685452173846240065E+01    0.113304618728715461E+08    0.179994866964773166E+03   -0.899974334823865831E+02
    0.319402659218332996E+01    0.137424842774547495E+01    0.304152319749038869E+01    0.124986384548626468E+08    0.179630426341026009E+03   -0.898152131705130046E+02
    0.345073735982952012E+01    0.136952660772511958E+01    0.264155321059089343E+00    0.126914975002057329E+08    0.179481287048919199E+03   -0.897406435244595997E+02
    0.117689772689907031E+03    0.136555325396505967E+01    0.541344886603100495E+01    0.145064913283690494E+08    0.179460919423396547E+03   -0.897304597116982734E+02
    0.832065686020746114E+02    0.136044139660573249E+01    0.691666944172164788E+00    0.161489807291205302E+08    0.178768742473167066E+03   -0.893843712365835330E+02
    0.132132978347862604E+03    0.136005428377567816E+01    0.609978160371347400E+01    0.145699539328768719E+08    0.179209035346618862E+03   -0.896045176733094308E+02
    0.127935296232138867E+03    0.136445479411736570E+01    0.329166652006082705E+01    0.187486145021571219E+08    0.179680043918692547E+03   -0.898400219593462737E+02
    0.124542306435214130E+03    0.135072135499412815E+01    0.146280390618977418E+01    0.121384333676622529E+08    0.178418851709538444E+03   -0.892094258547692220E+02
    0.124542306435214130E+03    0.135072135499412815E+01    0.146280390618977418E+01    0.121384333676622529E+08    0.178418851709538444E+03   -0.892094258547692220E+02
    0.972328416722780844E+02    0.136301143409927850E+01    0.379193551225301961E+01    0.141404292865868304E+08    0.179107558086097953E+03   -0.895537790430489764E+02
    0.119386714891042331E+03    0.135196648898926242E+01    0.271134309034707499E+01    0.135904822005943488E+08    0.178619456681282912E+03   -0.893097283406414562E+02
    0.118414722878811247E+03    0.135810739226766697E+01    0.470721560095450631E+01    0.172599151014336124E+08    0.179156877006286891E+03   -0.895784385031434454E+02
    0.702841620375468068E+02    0.135533240025443003E+01    0.148651738040719739E+01    0.111042034003905002E+08    0.179008796975587245E+03   -0.895043984877936225E+02
    0.114470515924504468E+03    0.135077872613485028E+01    0.505922191351529271E+01    0.223877058432234712E+08    0.178965461537396010E+03   -0.894827307686980049E+02
    0.107164470453100904E+03    0.136201714352757053E+01    0.754614226598147830E+01    0.132746842572730128E+08    0.179492333475460725E+03   -0.897461667377303627E+02
    0.142108364505476885E+03    0.135977782423236682E+01    0.695065156072745172E+01    0.110706802317939922E+08    0.179556395373400306E+03   -0.897781976867001532E+02
    0.113888026663129480E+03    0.135627134815022599E+01    0.318730047453596788E+01    0.159429165061463322E+08    0.178739114626882156E+03   -0.893695573134410779E+02
    0.113888026663129480E+03    0.135627134815022599E+01    0.318730047453596788E+01    0.159429165061463322E+08    0.178739114626882156E+03   -0.893695573134410779E+02
    0.919528170011060126E+02    0.138021201071462429E+01    0.723578541172185652E+01    0.157886507014644891E+08    0.179698850693507637E+03   -0.898494253467538186E+02
    0.106523902905817295E+03    0.137549339301915552E+01    0.562527085550613593E+00    0.107070540557189547E+08    0.179736965055646294E+03   -0.898684825278231472E+02
    0.562817180652479365E+02    0.137873220373463146E+01    0.105976279770859394E+01    0.242973384844517857E+08    0.179722591914465482E+03   -0.898612959572327412E+02
    0.659200201999763351E+02    0.136413946897162641E+01    0.749247993312087246E+01    0.141409621837919094E+08    0.179339943930845493E+03   -0.896699719654227465E+02
    0.153480582250432377E+03    0.136191566520704499E+01    0.267826260098442859E+01    0.219917820288267061E+08    0.179680417610996585E+03   -0.898402088054982926E+02
    0.166829439384267488E+03    0.136121664513805452E+01    0.422410093604988024E+01    0.212185523146070167E+08    0.179865728321938434E+03   -0.899328641609692170E+02
    0.169493639256498255E+03    0.135975791694957371E+01    0.835192927099421034E+01    0.177939283156331889E+08    0.179879157790641756E+03   -0.899395788953208779E+02
    0.128254288781223750E+03    0.135867463202246963E+01    0.813120383033257177E+01    0.200663967140690386E+08    0.179743029123283577E+03   -0.898715145616417885E+02
    0.128398655365368398E+03    0.135806064927954684E+01    0.114089468543953760E+02    0.164081448110349029E+08    0.179579644913081466E+03   -0.897898224565407332E+02
    0.224436613854477486E+03    0.134852802405226346E+01    0.538051278591451410E+00    0.123773440522543397E+08    0.179034536256656025E+03   -0.895172681283280127E+02
    0.226099598446032843E+03    0.135089426313038374E+01    0.196488053724664091E+01    0.288759035037749149E+08    0.179894159023002743E+03   -0.899470795115013715E+02
    0.127163035541699358E+03    0.135385967865317891E+01    0.115055910676259074E+02    0.229904989958798140E+08    0.179887697647820232E+03   -0.899438488239101162E+02
    0.231161722874041544E+03    0.134961188712651281E+01    0.267642980103948380E+01    0.113512711726016086E+08    0.179250229703345866E+03   -0.896251148516729330E+02
    0.510805205502810153E+02    0.136230324484378928E+01    0.259203277744429128E+01    0.127482311655233521E+08    0.179134751634111979E+03   -0.895673758170559893E+02
    0.855733163747478898E+02    0.135964904814460463E+01    0.636791281609105919E+01    0.126004507669521030E+08    0.179210089275269240E+03   -0.896050446376346201E+02
    0.411857244201317982E+02    0.136372750280131738E+01    0.201773990478525977E+01    0.144167247178341839E+08    0.179047405393744612E+03   -0.895237026968723058E+02
    0.887336159419250237E+02    0.136139329633827377E+01    0.127620559926313213E+02    0.170130642244013697E+08    0.179828588478772474E+03   -0.899142942393862370E+02
    0.779459166602870965E+02    0.136502181983921611E+01    0.552957178803606908E+01    0.200086368370056190E+08    0.179723757945979287E+03   -0.898618789729896434E+02
    0.906828265750065867E+02    0.136107366458128376E+01    0.119957233625355748E+02    0.212609986999360584E+08    0.180002747292536270E+03   -0.900013736462681351E+02
    0.712483166889727659E+01    0.136067099290808402E+01    0.679546207406817704E+01    0.151020587332071066E+08    0.179636232469221113E+03   -0.898181162346105566E+02
    0.243402526236735035E+02    0.136522556738546808E+01    0.270273149385793365E+01    0.289420704733338319E+08    0.179793539902055556E+03   -0.898967699510277782E+02
    0.729088003620080514E+02    0.135201881246721234E+01    0.573959404319823396E+00    0.378009829070678651E+08    0.179246837270262375E+03   -0.896234186351311877E+02
    0.300546568037300155E+02    0.136340687634692026E+01    0.261929698532419675E+01    0.323293599302363954E+08    0.179930237841770690E+03   -0.899651189208853452E+02
    0.430197528268954841E+02    0.134240847781163586E+01    0.505107957302298782E+01    0.292198416065553799E+08    0.179136855879675721E+03   -0.895684279398378607E+02
    0.783117199470645744E+02    0.136122359016206440E+01    0.357393388830724446E+01    0.341215748119972497E+08    0.179875258906609474E+03   -0.899376294533047371E+02
    0.574388575128689922E+02    0.135904308661873641E+01    0.508367146948679682E+01    0.391516622107348293E+08    0.179962757898935934E+03   -0.899813789494679668E+02
    0.796876795654530312E+01    0.136214202722394595E+01    0.310114269066071113E+01    0.297049670014888234E+08    0.179899679836120811E+03   -0.899498399180604054E+02
    0.272031804118995311E+02    0.134850090734124772E+01    0.790190460763861946E+01    0.148405765384100284E+08    0.179299280148329728E+03   -0.896496400741648642E+02
    0.136222058850065810E+02    0.135484968812068018E+01    0.394877261381809763E+01    0.242693905071037970E+08    0.179780763319116488E+03   -0.898903816595582441E+02
    0.193398372741665661E+02    0.136572484151763773E+01    0.233023174925244325E+00    0.343911753444230705E+08    0.179967516062530535E+03   -0.899837580312652676E+02
    0.267105250087851402E+02    0.135985029496342014E+01    0.495728433427108683E+01    0.159841121463655327E+08    0.179395412106090390E+03   -0.896977060530451951E+02
    0.102990236305616975E+03    0.135763300606128023E+01    0.269345863485535952E+01    0.378931171995633990E+08    0.179855290486495136E+03   -0.899276452432475679E+02
    0.984321898106351938E+02    0.136643972721106488E+01    0.791115162863957999E+00    0.259031176601570621E+08    0.179651857916917919E+03   -0.898259289584589595E+02
    0.948626029458744284E+02    0.135831845810008511E+01    0.880608785800657579E+01    0.272542225910884254E+08    0.179728804692985193E+03   -0.898644023464925965E+02
    0.139968879233250590E+03    0.135782034266562412E+01    0.101443648658899277E+01    0.303509161747925542E+08    0.179638544024458668E+03   -0.898192720122293338E+02
    0.120963563487079796E+03    0.135773408233394077E+01    0.137045276958704787E+01    0.314675898889800496E+08    0.179716368844554239E+03   -0.898581844222771196E+02
    0.887288735506926685E+02    0.136375084925474632E+01    0.403207282783034193E+00    0.316367911029038988E+08    0.179847944148918970E+03   -0.899239720744594848E+02
