    0.122089223096448791E+03    0.136000234226968542E+01    0.619170066371511965E+02    0.976522876769505620E+09    0.766139584120150801E+02   -0.383069792060075400E+02
    0.124102162181829712E+03    0.138049208599725892E+01    0.579125319664631988E+02    0.701039224627352595E+09    0.758992403449530286E+02   -0.379496201724765143E+02
    0.215644868661094307E+03    0.137070661282263684E+01    0.707344149832372864E+02    0.257939897425551973E+08    0.753139598403604822E+02   -0.376569799201802411E+02
    0.289506775216260451E+03    0.137445269483628274E+01    0.649093460369473263E+01    0.106937948035439774E+08    0.743994905868445784E+02   -0.371997452934222892E+02
    0.462613067568187404E+02    0.137726492104899245E+01    0.296352575698524738E+02    0.166855960369495440E+10    0.742777023150948565E+02   -0.371388511575474283E+02
    0.112896627056938215E+03    0.136192119502645959E+01    0.933731525372290783E+01    0.552335500105907798E+09    0.742623500898776427E+02   -0.371311750449388214E+02
    0.251738786697387695E+03    0.136062974314994301E+01    0.112938344478607178E+02    0.117897563869923390E+08    0.736270683695388328E+02   -0.368135341847694164E+02
    0.116501510143280029E+03    0.137591608839562385E+01    0.602815926074981689E+02    0.211928458664221495E+09    0.736152795666758095E+02   -0.368076397833379048E+02
    0.776448689527198610E+02    0.138327746960725673E+01    0.454703821074289607E+02    0.514675693537483931E+09    0.734891031151877598E+02   -0.367445515575938799E+02
    0.207182733971890713E+03    0.136683981927971776E+01    0.500713166883530434E+02    0.132550325712025911E+08    0.731079002562942435E+02   -0.365539501281471217E+02
    0.584232211112976074E+02    0.138181118871664999E+01    0.557586550712585449E+02    0.340476317284336984E+09    0.729917380355829550E+02   -0.364958690177914775E+02
    0.888829231262207031E+02    0.133975262970358955E+01    0.219711065292358398E+01    0.897913484635413766E+09    0.729724640853495004E+02   -0.364862320426747502E+02
    0.190248598012339585E+03    0.136016931538851904E+01    0.662875233271954079E+00    0.524174178463043123E+08    0.729596615367032939E+02   -0.364798307683516470E+02
    0.589269352638268629E+02    0.136485412415974094E+01    0.200387497164011457E+02    0.101650875908005774E+10    0.727788793509374585E+02   -0.363894396754687293E+02
    0.267584919929504395E+02    0.137986866565083388E+01    0.494106829166412354E+02    0.108081990791607809E+10    0.727463686597511696E+02   -0.363731843298755848E+02
    0.335576065445049778E+02    0.137651063854517353E+01    0.787094235754805140E+02    0.464732678056841314E+09    0.726637357587089099E+02   -0.363318678793544549E+02
    0.813840887838363898E+02    0.134688362194031375E+01    0.627573374987338255E+02    0.133562386478790283E+09    0.725425322130157895E+02   -0.362712661065078947E+02
    0.107401065335352015E+03    0.137553649999294203E+01    0.800217622683826306E+02    0.561472293023305312E+08    0.724995321511098609E+02   -0.362497660755549305E+02
    0.129284560680389404E+03    0.135690995081671995E+01    0.287652313709259033E+02    0.177668934125426650E+09    0.723730102383235021E+02   -0.361865051191617511E+02
    0.194113075733184814E+03    0.137154426676449859E+01    0.233442962169647217E+02    0.456174359869995266E+08    0.723708364799867780E+02   -0.361854182399933890E+02
    0.339457392692565918E+02    0.137309862412107964E+01    0.970176875591278076E+02    0.519929582900358811E+08    0.721785199942923725E+02   -0.360892599971461863E+02
    0.417518866811765008E+02    0.137506735287476345E+01    0.936926446533135220E+02    0.680461215014743060E+08    0.721540224483068755E+02   -0.360770112241534378E+02
    0.196078493880547633E+02    0.135303760385403127E+01    0.893322669966017457E+02    0.899348578379633129E+08    0.720312209476765446E+02   -0.360156104738382723E+02
    0.143416478371614232E+03    0.138071848356954119E+01    0.497915262660602096E+02    0.684460147776913941E+08    0.719732190266353484E+02   -0.359866095133176742E+02
    0.145897738143198925E+02    0.138077560523018472E+01    0.677275970111207783E+02    0.913590419079519987E+09    0.719380667460053900E+02   -0.359690333730026950E+02
    0.150664853816775604E+03    0.135659942366617292E+01    0.465692098813307638E+02    0.581475162520443723E+08    0.719150319280529970E+02   -0.359575159640264985E+02
    0.289028101316371249E+02    0.137491284198633701E+01    0.742876635633841005E+02    0.290088140919524074E+09    0.718482309248144588E+02   -0.359241154624072294E+02
    0.968878886660810537E+02    0.137625495556637767E+01    0.805423916904132255E+02    0.455441666280734912E+08    0.717473305389967635E+02   -0.358736652694983817E+02
    0.110901250908820099E+02    0.138529027538740102E+01    0.505882547139124981E+02    0.336472344431516826E+09    0.716371043778990355E+02   -0.358185521889495178E+02
    0.433584275246272313E+02    0.135291714020195708E+01    0.833171824525815055E+02    0.318938207631760873E+08    0.715940268429800852E+02   -0.357970134214900426E+02
    0.256443829007759838E+02    0.137359181523453544E+01    0.932139671644517875E+02    0.596648128886380568E+08    0.714796806081468645E+02   -0.357398403040734323E+02
    0.307469789624251533E+02    0.135793449883245798E+01    0.243250956207060689E+02    0.104903698171703613E+10    0.714165831557484978E+02   -0.357082915778742489E+02
    0.578589338383049565E+02    0.137736304398764364E+01    0.668084333655353504E+02    0.177043162792305738E+09    0.713986473112398414E+02   -0.356993236556199207E+02
    0.663176450787926655E+02    0.135955185159140113E+01    0.677024068870912288E+02    0.130441157579118982E+09    0.712763601155001112E+02   -0.356381800577500556E+02
    0.938680562485788101E+02    0.139605389650517164E+01    0.168098507054186141E+01    0.158788915573986024E+09    0.712630555581261262E+02   -0.356315277790630631E+02
    0.570849180221557617E+02    0.135987242367107153E+01    0.800852239131927490E+02    0.283234318740576282E+08    0.710217670627714313E+02   -0.355108835313857156E+02
    0.237333655357360840E+03    0.138001870770905222E+01    0.207192957401275635E+02    0.103515534497653078E+08    0.710148984944249548E+02   -0.355074492472124774E+02
    0.219555471994731079E+03    0.136947032117908774E+01    0.135479150158852626E+02    0.156317380589537397E+08    0.709066717820383445E+02   -0.354533358910191723E+02
    0.370779358352423500E+02    0.135872920455375845E+01    0.526413834631813131E+02    0.691659112422189713E+09    0.707893215268105394E+02   -0.353946607634052697E+02
    0.148563882019774894E+03    0.135401579845289532E+01    0.545300187662881655E+02    0.228615744109351747E+08    0.707878341656059717E+02   -0.353939170828029859E+02
    0.145004260159185236E+03    0.135323166176894527E+01    0.206353884968294174E+02    0.724364255949294567E+08    0.707121906072067645E+02   -0.353560953036033823E+02
    0.239458350361189190E+03    0.137758070858509818E+01    0.360744036323172512E+01    0.107109153319592327E+08    0.706911792718908174E+02   -0.353455896359454087E+02
    0.531435606030033085E+02    0.135647622771086818E+01    0.347068373312621361E+02    0.358344667861537814E+09    0.706365443202099641E+02   -0.353182721601049820E+02
    0.101043969010569796E+03    0.137308322883326528E+01    0.759281102814108237E+02    0.294501288743918203E+08    0.706359263855661510E+02   -0.353179631927830755E+02
    0.713591634867364810E+01    0.137208910224713576E+01    0.853613191127862194E+02    0.868416310170371532E+08    0.705935271592996116E+02   -0.352967635796498058E+02
    0.529181361198425293E+02    0.137982326427726298E+01    0.765400946140289307E+02    0.474092242147221938E+08    0.705210419742923733E+02   -0.352605209871461867E+02
    0.140433549880981445E+03    0.137791090704295205E+01    0.573251068592071533E+02    0.373900967095424011E+08    0.705084254496736804E+02   -0.352542127248368402E+02
    0.147321224212646484E+02    0.137330837490395608E+01    0.115824043750762939E+02    0.645099755524155259E+09    0.702618111346065604E+02   -0.351309055673032802E+02
    0.491110666152830717E+02    0.137777736970492004E+01    0.750093175457331398E+02    0.644759882950347215E+08    0.702596169103854606E+02   -0.351298084551927303E+02
    0.104233698553071179E+03    0.136694243162558204E+01    0.351306998698338120E+02    0.924785673607818931E+08    0.702455802753751470E+02   -0.351227901376875735E+02
    0.292205597546410667E+01    0.138055975883265480E+01    0.154012054218626151E+02    0.665602970523350477E+09    0.702357316571025763E+02   -0.351178658285512881E+02
    0.211401264871525370E+03    0.139012571441637611E+01    0.153852409863993547E+02    0.148509414229779392E+08    0.702015273688462713E+02   -0.351007636844231357E+02
    0.942199826240539551E+02    0.137272720706795237E+01    0.268991053104400635E+02    0.115362544491640911E+09    0.700332513772096377E+02   -0.350166256886048188E+02
    0.195777048783372095E+03    0.137371550593673986E+01    0.641864299513489378E+01    0.304972723854335062E+08    0.699536761958793960E+02   -0.349768380979396980E+02
    0.364618985401501394E+01    0.136642774547796209E+01    0.790959088249339430E+02    0.229159031888939776E+08    0.699512529631449524E+02   -0.349756264815724762E+02
    0.114042947339022234E+03    0.138882658457924335E+01    0.583070091034898041E+02    0.135598274396292903E+08    0.699509776943853865E+02   -0.349754888471926932E+02
    0.992723890325984115E+02    0.136416299055593204E+01    0.447702860663201463E+02    0.727470899102908969E+08    0.699446969303289734E+02   -0.349723484651644867E+02
    0.900030136108398438E+00    0.136446470984821810E+01    0.520351767539978027E+02    0.416522877714075029E+09    0.699034341758047333E+02   -0.349517170879023666E+02
    0.136829494095904380E+03    0.135453375058715153E+01    0.474961933875474074E+02    0.323162980267979689E+08    0.698907608152479298E+02   -0.349453804076239649E+02
    0.106821048049788008E+02    0.136775093065241471E+01    0.159449900601715040E+02    0.716717010547679901E+09    0.698629524069363441E+02   -0.349314762034681721E+02
    0.482256250291166140E+02    0.138338491504912731E+01    0.704995707177827029E+02    0.271189854201069735E+08    0.698412125452712900E+02   -0.349206062726356450E+02
    0.179444518486829736E+02    0.135720408782103319E+01    0.719578610599500621E+02    0.142900734183195114E+09    0.698129710873986937E+02   -0.349064855436993469E+02
    0.192851468482540497E+03    0.136377925080507856E+01    0.929088233642583816E+01    0.206909167731193304E+08    0.697967637687065974E+02   -0.348983818843532987E+02
    0.227487683296203613E+02    0.137266319486040977E+01    0.656451582908630371E+02    0.159014751067696273E+09    0.697856876574432619E+02   -0.348928438287216309E+02
    0.206733055035175859E+02    0.137851743919433956E+01    0.656572391381125726E+02    0.100450065128328025E+09    0.697522552581174011E+02   -0.348761276290587006E+02
    0.986164631335820197E+01    0.136967073088254043E+01    0.693086395996354980E+02    0.152860715009707212E+09    0.697402173893916881E+02   -0.348701086946958441E+02
    0.108456457596300027E+03    0.137556267102284235E+01    0.649015398965447616E+02    0.314735611443363167E+08    0.697335988070139194E+02   -0.348667994035069597E+02
    0.249444626406513734E+02    0.136291745843143808E+01    0.716756489220853439E+02    0.710295106198812872E+08    0.696929388320069734E+02   -0.348464694160034867E+02
    0.132060358598230749E+03    0.138031975930965523E+01    0.561002961582689039E+02    0.286256381878096052E+08    0.696731727808926422E+02   -0.348365863904463211E+02
    0.144443345234686035E+03    0.134279242197232995E+01    0.215235594414894678E+02    0.382452247267651930E+08    0.696323355721818729E+02   -0.348161677860909364E+02
    0.690142458520562201E+02    0.136165086943530311E+01    0.221443802937674086E+02    0.194047263225171030E+09    0.695983662367047060E+02   -0.347991831183523530E+02
    0.815055397382659805E+02    0.134847824778654157E+01    0.562866626608602871E+02    0.205142565893225446E+08    0.695711405572559300E+02   -0.347855702786279650E+02
    0.538945792056939368E+02    0.137220378166135193E+01    0.525042505347285058E+02    0.109304403220204681E+09    0.694850657056135361E+02   -0.347425328528067681E+02
    0.994090880939366706E+01    0.138104563849032069E+01    0.539924378585220239E+02    0.149006958596555382E+09    0.694326123421533623E+02   -0.347163061710766812E+02
    0.163051897927750474E+03    0.138631732712030464E+01    0.158806618409645885E+02    0.397012106872459799E+08    0.694290515259983323E+02   -0.347145257629991661E+02
    0.213592546317113403E+03    0.138416694771251736E+01    0.609666704458335129E+01    0.200911987247055098E+08    0.693832690288560627E+02   -0.346916345144280314E+02
    0.249818953567989022E+01    0.135555953413852914E+01    0.540195440572980061E+02    0.514871648490469813E+09    0.693342764969798964E+02   -0.346671382484899482E+02
    0.212703137437277050E+02    0.136508545445672524E+01    0.741929496180934223E+02    0.407256739944773912E+08    0.693283985481822924E+02   -0.346641992740911462E+02
    0.151498046548315446E+00    0.137671449402242474E+01    0.370580720369565597E+02    0.265255235344296068E+09    0.693249571457844809E+02   -0.346624785728922404E+02
    0.194321147078856569E+03    0.137138065705260215E+01    0.102158037801454658E+02    0.209042681542942710E+08    0.693083754377276051E+02   -0.346541877188638026E+02
    0.415532400413884133E+02    0.136307181560165169E+01    0.530392761422983199E+02    0.139341859532754630E+09    0.693019503521677649E+02   -0.346509751760838824E+02
    0.866159200668334961E+02    0.136116859401109180E+01    0.792238116264343262E+01    0.113515119568499342E+09    0.692805302833629781E+02   -0.346402651416814891E+02
    0.112721085548400879E+03    0.138200668093346057E+01    0.601179718971252441E+02    0.154366809929452781E+08    0.692587499842950507E+02   -0.346293749921475253E+02
    0.238209962844848633E+02    0.137076093883764338E+01    0.599636256694793701E+02    0.132614884192989737E+09    0.692570028672995903E+02   -0.346285014336497952E+02
    0.123107627946722829E+03    0.136326586413405559E+01    0.168491148243559294E+02    0.611237483425784707E+08    0.692504399105746984E+02   -0.346252199552873492E+02
    0.210587490863970118E+03    0.138180803413785469E+01    0.137687205641174959E+02    0.179422731988476962E+08    0.691964941424587039E+02   -0.345982470712293519E+02
    0.150714675390002153E+02    0.138617424202956308E+01    0.144950484930495289E+02    0.229666396581745028E+09    0.691701326888285166E+02   -0.345850663444142583E+02
    0.627475694309305965E+01    0.136271613064781927E+01    0.601724550845990223E+02    0.205755578431108445E+09    0.691575587851467475E+02   -0.345787793925733737E+02
    0.179548498591873482E+02    0.136511566970081466E+01    0.707902587555807088E+02    0.213258554001766294E+08    0.691224475174051634E+02   -0.345612237587025817E+02
    0.862679591446280369E+02    0.137859152250017325E+01    0.113812204205370477E+02    0.106547642879163742E+09    0.690936638797420812E+02   -0.345468319398710406E+02
    0.192044776612389292E+02    0.136208780799639717E+01    0.698554530257224684E+02    0.202322295505829267E+08    0.690663679258850607E+02   -0.345331839629425303E+02
    0.972817047305535141E+02    0.137478981465442196E+01    0.607688767270204266E+02    0.322582711355085038E+08    0.689523971850274648E+02   -0.344761985925137324E+02
    0.124478846626358486E+02    0.138253577997040122E+01    0.652284257051277194E+02    0.183290793523596600E+08    0.689126820052825337E+02   -0.344563410026412669E+02
    0.106895823522596928E+03    0.136594909655814734E+01    0.506709497074783073E+02    0.187640972877363302E+08    0.687761858066111529E+02   -0.343880929033055764E+02
    0.830836892127990723E+02    0.135113178312666715E+01    0.327886939048767090E+01    0.123294632639254019E+09    0.687730918516136427E+02   -0.343865459258068213E+02
    0.629013019114292717E+02    0.136719534768076345E+01    0.622188420261667758E+02    0.389240339970388487E+08    0.687673555629181408E+02   -0.343836777814590704E+02
    0.880730748176574707E+02    0.137753218900268237E+01    0.144441723823547363E+02    0.924560149833618999E+08    0.686482626036759456E+02   -0.343241313018379728E+02
    0.644835233688354492E+02    0.136778918552613638E+01    0.116581916809082031E+02    0.119578206995413557E+09    0.685718894812436446E+02   -0.342859447406218223E+02
    0.110148475436298483E+03    0.136611941584390895E+01    0.526066129332025696E+02    0.142299395886606667E+08    0.685718594523818297E+02   -0.342859297261909148E+02
    0.110148475436298483E+03    0.136611941584390895E+01    0.526066129332025696E+02    0.142299395886606667E+08    0.685718594523818297E+02   -0.342859297261909148E+02
    0.444272570989002524E+01    0.136909607455876214E+01    0.110351408572646452E+02    0.264469284171069592E+09    0.685666901200314101E+02   -0.342833450600157050E+02
    0.220614280519957369E+02    0.136850622069421557E+01    0.736872486782912546E+02    0.152880007760357168E+08    0.685590662398894040E+02   -0.342795331199447020E+02
    0.226765782968545508E+02    0.134234510350531155E+01    0.102991809249180903E+02    0.316801158602981329E+09    0.685542281388848807E+02   -0.342771140694424403E+02
    0.967738032341003418E+02    0.135289660036249848E+01    0.428607761859893799E+02    0.478408515220099166E+08    0.685330610319422817E+02   -0.342665305159711409E+02
    0.121726129385448758E+03    0.136786053089744430E+01    0.449349159754615926E+02    0.221708495862897821E+08    0.684893583275503204E+02   -0.342446791637751602E+02
    0.868389565954235110E+01    0.137460629904678311E+01    0.674364036819715977E+02    0.689503118836907595E+08    0.684583612071107268E+02   -0.342291806035553634E+02
    0.365539626951022143E+02    0.137525881505794523E+01    0.690963436514508373E+02    0.417456240385520905E+08    0.684436702918567050E+02   -0.342218351459283525E+02
    0.173665776944238786E+03    0.137205698417157262E+01    0.153400559118316870E+02    0.124529979761165548E+08    0.684385032032684535E+02   -0.342192516016342267E+02
    0.904370713068671606E+01    0.136291881672956672E+01    0.542311265900931900E+02    0.150978438734585881E+09    0.683865453525412192E+02   -0.341932726762706096E+02
    0.713282488233887246E+01    0.137194889973473511E+01    0.761805366613940578E+02    0.164176479539565202E+08    0.683863431214288084E+02   -0.341931715607144042E+02
    0.836977733220219164E+02    0.136922381243781399E+01    0.559988175341366556E+02    0.200987707302822210E+08    0.683180779683416404E+02   -0.341590389841708202E+02
    0.187663218190221599E+02    0.137010095600311854E+01    0.310402810981879718E+02    0.192029601695286870E+09    0.682993749418711360E+02   -0.341496874709355680E+02
    0.186517179012298584E+03    0.138106835572844200E+01    0.187329292297363281E+02    0.179507804565646127E+08    0.682913572144209695E+02   -0.341456786072104848E+02
    0.820583216454320876E+02    0.137522694307519955E+01    0.159713687518083631E+02    0.872456932366365194E+08    0.682668061836895106E+02   -0.341334030918447553E+02
    0.539730170639186291E+01    0.135456644121174818E+01    0.512562935128756934E+02    0.231537691653020263E+09    0.682602975094173132E+02   -0.341301487547086566E+02
    0.882280307334701064E+02    0.135471188404713128E+01    0.123316929739948353E+02    0.883296373688372970E+08    0.682371873319890341E+02   -0.341185936659945170E+02
    0.884443521499633789E+01    0.136235985215634625E+01    0.541322529315948486E+02    0.127493382858900890E+09    0.682359026867000011E+02   -0.341179513433500006E+02
    0.157550811767578125E+03    0.137039701658643209E+01    0.249624073505401611E+02    0.208948220220869258E+08    0.682240421649667468E+02   -0.341120210824833734E+02
    0.526048116354753574E+02    0.135942177488844096E+01    0.626556559073053521E+02    0.169889784336433299E+08    0.681763121349061549E+02   -0.340881560674530775E+02
    0.681945720165610680E+02    0.137309214024771098E+01    0.472822094688295991E+02    0.641809134083032086E+08    0.681656939751258903E+02   -0.340828469875629452E+02
    0.400178614497777687E+02    0.136538838572726617E+01    0.173732533975725687E+02    0.161859665303988129E+09    0.680925512388249956E+02   -0.340462756194124978E+02
    0.351153791579957115E+02    0.136780496011918018E+01    0.620162913913736702E+02    0.181202336863289401E+08    0.680080558904899988E+02   -0.340040279452449994E+02
    0.171304789514895646E+03    0.137437279576235638E+01    0.136964251730070092E+02    0.212593282116902582E+08    0.679350446110972968E+02   -0.339675223055486484E+02
    0.110571342594695366E+03    0.137591937493007932E+01    0.541699284184974275E+02    0.140116880687834751E+08    0.679342410492071878E+02   -0.339671205246035939E+02
    0.986895404368199962E+02    0.136727672877849171E+01    0.160953941465865711E+02    0.569493933040217981E+08    0.679114618572259872E+02   -0.339557309286129936E+02
    0.381630996764010391E+02    0.136501047998344571E+01    0.645820505490150509E+02    0.139998926486511864E+08    0.679033612982941435E+02   -0.339516806491470717E+02
    0.100698219671814737E+02    0.136179068211489884E+01    0.208545024608836407E+02    0.234809219235633045E+09    0.678290256590712772E+02   -0.339145128295356386E+02
    0.108897979786445376E+03    0.136568738283579649E+01    0.383287699504160386E+02    0.313506887073601522E+08    0.678172608951573324E+02   -0.339086304475786662E+02
    0.146334154387727065E+02    0.138041262989931002E+01    0.244131880991305152E+02    0.142479498127012730E+09    0.678091223251458928E+02   -0.339045611625729464E+02
    0.169620938825330043E+02    0.135005070953268791E+01    0.518464444931824104E+02    0.826053091294344515E+08    0.677303386645269256E+02   -0.338651693322634628E+02
    0.595580480511091181E+02    0.136789493729399281E+01    0.554560724669380107E+02    0.180314414343908019E+08    0.676635393297393364E+02   -0.338317696648696682E+02
    0.152673454854348449E+03    0.135790237808106173E+01    0.166276153917187575E+01    0.192736790235482380E+08    0.675393026768282141E+02   -0.337696513384141070E+02
    0.145733523067875751E+03    0.136703388491099687E+01    0.175310565354686325E+02    0.199776537057752348E+08    0.675367457076528410E+02   -0.337683728538264205E+02
    0.924682957889901047E+02    0.140593413949105650E+01    0.414140842510332661E+02    0.233384481547094770E+08    0.675364884408486290E+02   -0.337682442204243145E+02
    0.901403792756407682E+02    0.135840684606052320E+01    0.250180276710795333E+02    0.548650933958724514E+08    0.675121965380952531E+02   -0.337560982690476266E+02
    0.901403792756407682E+02    0.135840684606052320E+01    0.250180276710795333E+02    0.548650933958724514E+08    0.675121965380952531E+02   -0.337560982690476266E+02
    0.162831982394485237E+02    0.137733988982657607E+01    0.494437513259538193E+02    0.763540877372213900E+08    0.675024659769376285E+02   -0.337512329884688143E+02
    0.132492184638977051E+03    0.137160960144706956E+01    0.198737263679504395E+02    0.328545830222995058E+08    0.674863356010427253E+02   -0.337431678005213627E+02
    0.132492184638977051E+03    0.137160960144706956E+01    0.198737263679504395E+02    0.328545830222995058E+08    0.674863356010427253E+02   -0.337431678005213627E+02
    0.664197802543640137E+02    0.137317775267187914E+01    0.291502654552459717E+02    0.714931214820711762E+08    0.674448247548788800E+02   -0.337224123774394400E+02
    0.236491889549931322E+01    0.137149290797929591E+01    0.385094953073931023E+02    0.132221451004532605E+09    0.674291920458452694E+02   -0.337145960229226347E+02
    0.236491889549931322E+01    0.137149290797929591E+01    0.385094953073931023E+02    0.132221451004532605E+09    0.674291920458452694E+02   -0.337145960229226347E+02
    0.149743717656425417E+03    0.135798374197225380E+01    0.508049889430858936E+01    0.185043380907619968E+08    0.673599296200968780E+02   -0.336799648100484390E+02
    0.149743717656425417E+03    0.135798374197225380E+01    0.508049889430858936E+01    0.185043380907619968E+08    0.673599296200968780E+02   -0.336799648100484390E+02
    0.610327124595642090E+02    0.136337173438085868E+01    0.159217834472656250E+02    0.863130853286190927E+08    0.673382486667250930E+02   -0.336691243333625465E+02
    0.610327124595642090E+02    0.136337173438085868E+01    0.159217834472656250E+02    0.863130853286190927E+08    0.673382486667250930E+02   -0.336691243333625465E+02
    0.507203552291667918E+02    0.136017980235931701E+01    0.526331277170549470E+02    0.411348681679434404E+08    0.673315866354640633E+02   -0.336657933177320317E+02
    0.805466704489940888E+01    0.135443584775326964E+01    0.144612750951555515E+02    0.234734211456281364E+09    0.673124574067725803E+02   -0.336562287033862901E+02
    0.800629353205049767E+02    0.135395489293197135E+01    0.292087573436542911E+02    0.613671786611443982E+08    0.673107528312866350E+02   -0.336553764156433175E+02
    0.831668807722451930E+02    0.136605922598486385E+01    0.494464132024129057E+02    0.123713212053905576E+08    0.672974279815488785E+02   -0.336487139907744393E+02
    0.831668807722451930E+02    0.136605922598486385E+01    0.494464132024129057E+02    0.123713212053905576E+08    0.672974279815488785E+02   -0.336487139907744393E+02
    0.682858961470058006E+02    0.136770981361945387E+01    0.244224875401611747E+02    0.687071232364468873E+08    0.672874493199278874E+02   -0.336437246599639437E+02
    0.825171607530368192E+02    0.136473603774674923E+01    0.232381077963781983E+02    0.517141659418261126E+08    0.672226743861751004E+02   -0.336113371930875502E+02
    0.825171607530368192E+02    0.136473603774674923E+01    0.232381077963781983E+02    0.517141659418261126E+08    0.672226743861751004E+02   -0.336113371930875502E+02
    0.217060525305112897E+02    0.137620638444521592E+01    0.380782687852848767E+02    0.870152053221711367E+08    0.671584492336384926E+02   -0.335792246168192463E+02
    0.166813025929147727E+03    0.137970640848740889E+01    0.121356777898945314E+02    0.146776739446754940E+08    0.671148241725463919E+02   -0.335574120862731959E+02
    0.160352294850560710E+02    0.136610094433017326E+01    0.576302661095815054E+02    0.427267220816277415E+08    0.671067618806152950E+02   -0.335533809403076475E+02
    0.882857483790405979E+02    0.135296953501449257E+01    0.365671640439478054E+02    0.382536630361705646E+08    0.670436261677320289E+02   -0.335218130838660144E+02
    0.165931696357238678E+02    0.137613895562686395E+01    0.615019983638928593E+02    0.333009049942155145E+08    0.670180960764848663E+02   -0.335090480382424332E+02
    0.131236322857565852E+03    0.136074839995620711E+01    0.197137535441784770E+02    0.186786154932656176E+08    0.670036122561449048E+02   -0.335018061280724524E+02
    0.424347519922084171E+01    0.135134489425436111E+01    0.499959301441561053E+02    0.813487825118097365E+08    0.669720648498561388E+02   -0.334860324249280694E+02
    0.699033732746173229E+02    0.138481668931780799E+01    0.423480109254877135E+02    0.323827883123982213E+08    0.669683213453531891E+02   -0.334841606726765946E+02
    0.408998454072366471E+02    0.137567183513487734E+01    0.322491208036535397E+02    0.753778780334454924E+08    0.669332984962101989E+02   -0.334666492481050994E+02
    0.130335831279122800E+03    0.136362002843866614E+01    0.226873213442357624E+02    0.161614479843788054E+08    0.669054552090782835E+02   -0.334527276045391417E+02
    0.130335831279122800E+03    0.136362002843866614E+01    0.226873213442357624E+02    0.161614479843788054E+08    0.669054552090782835E+02   -0.334527276045391417E+02
    0.952840452248338750E+02    0.137152374652864006E+01    0.469484302409096799E+02    0.152563647491793782E+08    0.668891061059274676E+02   -0.334445530529637338E+02
    0.952840452248338750E+02    0.137152374652864006E+01    0.469484302409096799E+02    0.152563647491793782E+08    0.668891061059274676E+02   -0.334445530529637338E+02
    0.638695472002173315E+01    0.137416928451249509E+01    0.364046650302954333E+02    0.949532041396097839E+08    0.668795615375553609E+02   -0.334397807687776805E+02
    0.638695472002173315E+01    0.137416928451249509E+01    0.364046650302954333E+02    0.949532041396097839E+08    0.668795615375553609E+02   -0.334397807687776805E+02
    0.399361380151165406E+02    0.137534687951988421E+01    0.431519288810162678E+02    0.573347455522539094E+08    0.668732146962272651E+02   -0.334366073481136326E+02
    0.476315219067889757E+02    0.136094724365175468E+01    0.342448980560527971E+02    0.718586263583698273E+08    0.668728480130258447E+02   -0.334364240065129223E+02
    0.476315219067889757E+02    0.136094724365175468E+01    0.342448980560527971E+02    0.718586263583698273E+08    0.668728480130258447E+02   -0.334364240065129223E+02
    0.351992979476525889E+02    0.138521566700673593E+01    0.487426944200357610E+02    0.238721743310121372E+08    0.668418953309375752E+02   -0.334209476654687876E+02
    0.479577779769897461E+02    0.137181403377187028E+01    0.521905839443206787E+02    0.102434429358833060E+08    0.668165654829379037E+02   -0.334082827414689518E+02
    0.479577779769897461E+02    0.137181403377187028E+01    0.521905839443206787E+02    0.102434429358833060E+08    0.668165654829379037E+02   -0.334082827414689518E+02
    0.436210248494932884E+02    0.137436681706208774E+01    0.455116693568571762E+02    0.482026878712000996E+08    0.667848378098804147E+02   -0.333924189049402074E+02
    0.261416435241699219E+02    0.136399372433956811E+01    0.514464497566223145E+02    0.426955133647315577E+08    0.667017318412280531E+02   -0.333508659206140265E+02
    0.458264989355075798E+02    0.134891713669045421E+01    0.197721505356688798E+01    0.101310633002079055E+09    0.666749560686337333E+02   -0.333374780343168666E+02
    0.960361193930999093E+02    0.134057212399891634E+01    0.468738650442355720E+01    0.437565528168869093E+08    0.666630520310308157E+02   -0.333315260155154078E+02
    0.140068475897197828E+03    0.137224390441397959E+01    0.352663877524788871E+01    0.259077905707861558E+08    0.666354159830037105E+02   -0.333177079915018552E+02
    0.140068475897197828E+03    0.137224390441397959E+01    0.352663877524788871E+01    0.259077905707861558E+08    0.666354159830037105E+02   -0.333177079915018552E+02
    0.128336643706360462E+03    0.137172671474572616E+01    0.218464182279051755E+02    0.121878029527087025E+08    0.665929054987940958E+02   -0.332964527493970479E+02
    0.128336643706360462E+03    0.137172671474572616E+01    0.218464182279051755E+02    0.121878029527087025E+08    0.665929054987940958E+02   -0.332964527493970479E+02
    0.324543971543195937E+02    0.137575399444216284E+01    0.386067063341465868E+02    0.636349458713626340E+08    0.665616428092285446E+02   -0.332808214046142723E+02
    0.324543971543195937E+02    0.137575399444216284E+01    0.386067063341465868E+02    0.636349458713626340E+08    0.665616428092285446E+02   -0.332808214046142723E+02
    0.645534307847379978E+02    0.136240792977143865E+01    0.439824580538426169E+01    0.656518802445035130E+08    0.665380482210324828E+02   -0.332690241105162414E+02
    0.645534307847379978E+02    0.136240792977143865E+01    0.439824580538426169E+01    0.656518802445035130E+08    0.665380482210324828E+02   -0.332690241105162414E+02
    0.741803019666932499E+02    0.137307499283193191E+01    0.381865741173895969E+02    0.387823981287766472E+08    0.665092504173171051E+02   -0.332546252086585525E+02
    0.111539002219004573E+03    0.135751101738886737E+01    0.256127705443275460E+02    0.217589689896324053E+08    0.665033859798342633E+02   -0.332516929899171316E+02
    0.111539002219004573E+03    0.135751101738886737E+01    0.256127705443275460E+02    0.217589689896324053E+08    0.665033859798342633E+02   -0.332516929899171316E+02
    0.113144778196874736E+02    0.136782805765377646E+01    0.473715480109932585E+02    0.575775531270798594E+08    0.664791641510386455E+02   -0.332395820755193228E+02
    0.115353783336330906E+03    0.137887260602808115E+01    0.273817083825299399E+02    0.296338793843906745E+08    0.664675775516688958E+02   -0.332337887758344479E+02
    0.115353783336330906E+03    0.137887260602808115E+01    0.273817083825299399E+02    0.296338793843906745E+08    0.664675775516688958E+02   -0.332337887758344479E+02
    0.124515574273023176E+03    0.135688279117024302E+01    0.125586186997972966E+02    0.228576226839410439E+08    0.664537855325954041E+02   -0.332268927662977021E+02
    0.124515574273023176E+03    0.135688279117024302E+01    0.125586186997972966E+02    0.228576226839410439E+08    0.664537855325954041E+02   -0.332268927662977021E+02
    0.402817240133127470E+02    0.136028641196654987E+01    0.393529376904686004E+02    0.552789224045256525E+08    0.664284597130324812E+02   -0.332142298565162406E+02
    0.402817240133127470E+02    0.136028641196654987E+01    0.393529376904686004E+02    0.552789224045256525E+08    0.664284597130324812E+02   -0.332142298565162406E+02
    0.281892917600371717E+02    0.137605379072955758E+01    0.784106428417466361E+01    0.878522218882777691E+08    0.664127693439649818E+02   -0.332063846719824909E+02
    0.114262025282915999E+03    0.136847293271309978E+01    0.238002422847470640E+02    0.118096281291609742E+08    0.663945252629746250E+02   -0.331972626314873125E+02
    0.114262025282915999E+03    0.136847293271309978E+01    0.238002422847470640E+02    0.118096281291609742E+08    0.663945252629746250E+02   -0.331972626314873125E+02
    0.130396528015144412E+03    0.139213432857021746E+01    0.139917934117449576E+02    0.189918654563769847E+08    0.663929386656487708E+02   -0.331964693328243854E+02
    0.117529656955207813E+03    0.137359260056933463E+01    0.227921698644976551E+02    0.283818468264986426E+08    0.663805376097051862E+02   -0.331902688048525931E+02
    0.117529656955207813E+03    0.137359260056933463E+01    0.227921698644976551E+02    0.283818468264986426E+08    0.663805376097051862E+02   -0.331902688048525931E+02
    0.984380026438793578E+02    0.135637245338374823E+01    0.249803411212318807E+02    0.333978568447930478E+08    0.663795007647043747E+02   -0.331897503823521873E+02
    0.984380026438793578E+02    0.135637245338374823E+01    0.249803411212318807E+02    0.333978568447930478E+08    0.663795007647043747E+02   -0.331897503823521873E+02
    0.623035516362661426E+02    0.138760604842916169E+01    0.364189752267616740E+02    0.100099578880261425E+08    0.663713706425850205E+02   -0.331856853212925103E+02
    0.107414902907902402E+03    0.136885457629015295E+01    0.263131500400256577E+02    0.238622860018436275E+08    0.663609345979697025E+02   -0.331804672989848513E+02
    0.107414902907902402E+03    0.136885457629015295E+01    0.263131500400256577E+02    0.238622860018436275E+08    0.663609345979697025E+02   -0.331804672989848513E+02
    0.133336354030257702E+02    0.136835632618872927E+01    0.547764807013006347E+02    0.254651944043147266E+08    0.663329043369467399E+02   -0.331664521684733700E+02
    0.133336354030257702E+02    0.136835632618872927E+01    0.547764807013006347E+02    0.254651944043147266E+08    0.663329043369467399E+02   -0.331664521684733700E+02
    0.698148536283138554E+02    0.136873574589228797E+01    0.598604757071577342E+01    0.515934026442568228E+08    0.663311156094203227E+02   -0.331655578047101613E+02
    0.274269904309301502E+02    0.137884452797685575E+01    0.104193814901345974E+02    0.827099935636675656E+08    0.662837216267064235E+02   -0.331418608133532118E+02
    0.274269904309301502E+02    0.137884452797685575E+01    0.104193814901345974E+02    0.827099935636675656E+08    0.662837216267064235E+02   -0.331418608133532118E+02
    0.995571918855397513E+02    0.137212029532293212E+01    0.320416016209662118E+02    0.276381104158675186E+08    0.662650806686783937E+02   -0.331325403343391969E+02
    0.995571918855397513E+02    0.137212029532293212E+01    0.320416016209662118E+02    0.276381104158675186E+08    0.662650806686783937E+02   -0.331325403343391969E+02
    0.594112107241212826E+02    0.138079508261991024E+01    0.338610725724021790E+02    0.421982775105529651E+08    0.662626290517538337E+02   -0.331313145258769168E+02
    0.129791887881840353E+03    0.137112638671255449E+01    0.803604953916357800E+01    0.112916716025596689E+08    0.662261173288260210E+02   -0.331130586644130105E+02
    0.423802875654868814E+02    0.137108215822345381E+01    0.497102717879483222E+02    0.310025502319905944E+08    0.661896166398844485E+02   -0.330948083199422243E+02
    0.423802875654868814E+02    0.137108215822345381E+01    0.497102717879483222E+02    0.310025502319905944E+08    0.661896166398844485E+02   -0.330948083199422243E+02
    0.844882872761425432E+02    0.136234080732379037E+01    0.328075091664303571E+02    0.289727007506521381E+08    0.661644202735992053E+02   -0.330822101367996027E+02
    0.844882872761425432E+02    0.136234080732379037E+01    0.328075091664303571E+02    0.289727007506521381E+08    0.661644202735992053E+02   -0.330822101367996027E+02
    0.175369993954424110E+02    0.137719621550597915E+01    0.660042185552469096E+01    0.876995242585277408E+08    0.661580072696690706E+02   -0.330790036348345353E+02
    0.857817932919795680E+02    0.137385266178100029E+01    0.307906158345007768E+02    0.351209251803912818E+08    0.661409992685895105E+02   -0.330704996342947553E+02
    0.109358978334163908E+03    0.136607751777687936E+01    0.182804095424897710E+02    0.253705395161049478E+08    0.661238319196054647E+02   -0.330619159598027323E+02
    0.109358978334163908E+03    0.136607751777687936E+01    0.182804095424897710E+02    0.253705395161049478E+08    0.661238319196054647E+02   -0.330619159598027323E+02
    0.105576152323208390E+03    0.137372329285562422E+01    0.296982748937650882E+02    0.110166377207084950E+08    0.661052215679211628E+02   -0.330526107839605814E+02
    0.105576152323208390E+03    0.137372329285562422E+01    0.296982748937650882E+02    0.110166377207084950E+08    0.661052215679211628E+02   -0.330526107839605814E+02
    0.100737709502043543E+03    0.136219157279209413E+01    0.139940750758594916E+02    0.327170658596726283E+08    0.661024906288534169E+02   -0.330512453144267084E+02
    0.395445227622985840E+02    0.138196667923027916E+01    0.309893429279327393E+02    0.482470987367073894E+08    0.661004654213918883E+02   -0.330502327106959441E+02
    0.395445227622985840E+02    0.138196667923027916E+01    0.309893429279327393E+02    0.482470987367073894E+08    0.661004654213918883E+02   -0.330502327106959441E+02
    0.807741465028276018E+01    0.137690771479452811E+01    0.532976696710630335E+02    0.256077562205425464E+08    0.660256340323821576E+02   -0.330128170161910788E+02
    0.807741465028276018E+01    0.137690771479452811E+01    0.532976696710630335E+02    0.256077562205425464E+08    0.660256340323821576E+02   -0.330128170161910788E+02
    0.304726228506909926E+02    0.135878129318968632E+01    0.526864132679098702E+02    0.135346324718751833E+08    0.659916264196467921E+02   -0.329958132098233961E+02
    0.117825331743696751E+03    0.135563915283970671E+01    0.150020842672806576E+01    0.219688770692565329E+08    0.659877944375218988E+02   -0.329938972187609494E+02
    0.125732825611846621E+03    0.137578044554862400E+01    0.149628297166126529E+02    0.125070414477091506E+08    0.659206664409271070E+02   -0.329603332204635535E+02
    0.125732825611846621E+03    0.137578044554862400E+01    0.149628297166126529E+02    0.125070414477091506E+08    0.659206664409271070E+02   -0.329603332204635535E+02
    0.163321836960021010E+02    0.136676806429633224E+01    0.477838025932148440E+02    0.397286579748735875E+08    0.659136233844047155E+02   -0.329568116922023577E+02
    0.163321836960021010E+02    0.136676806429633224E+01    0.477838025932148440E+02    0.397286579748735875E+08    0.659136233844047155E+02   -0.329568116922023577E+02
    0.115955608127734038E+03    0.137714616258549571E+01    0.232582094106397257E+02    0.187950927434060127E+08    0.658842915179175321E+02   -0.329421457589587661E+02
    0.566044031478858827E+02    0.136808026382397796E+01    0.399647058697430282E+02    0.208664626288974211E+08    0.658840527820303095E+02   -0.329420263910151547E+02
    0.566044031478858827E+02    0.136808026382397796E+01    0.399647058697430282E+02    0.208664626288974211E+08    0.658840527820303095E+02   -0.329420263910151547E+02
    0.619860620783577048E+02    0.135996880895404315E+01    0.433616443478801017E+02    0.135029536968131755E+08    0.658823825750587417E+02   -0.329411912875293709E+02
    0.459008645905513006E+02    0.137735289378662173E+01    0.190691579822496351E+02    0.573044548848853707E+08    0.658542718066402415E+02   -0.329271359033201207E+02
    0.459008645905513006E+02    0.137735289378662173E+01    0.190691579822496351E+02    0.573044548848853707E+08    0.658542718066402415E+02   -0.329271359033201207E+02
    0.254058627422767351E+02    0.136680236775373110E+01    0.332888588571142421E+02    0.573446799495264664E+08    0.658331402487487054E+02   -0.329165701243743527E+02
    0.345756922516527041E+02    0.136799162668079255E+01    0.448510088986886828E+02    0.214273773948386349E+08    0.658330424338236497E+02   -0.329165212169118249E+02
    0.345756922516527041E+02    0.136799162668079255E+01    0.448510088986886828E+02    0.214273773948386349E+08    0.658330424338236497E+02   -0.329165212169118249E+02
    0.858283640828201158E+02    0.134791229331550011E+01    0.231085151929494650E+02    0.109900865181694236E+08    0.658282293539814134E+02   -0.329141146769907067E+02
    0.593089995158244889E+02    0.137250858388026398E+01    0.101433334412409550E+02    0.492848323359629661E+08    0.657324217230741255E+02   -0.328662108615370627E+02
    0.115237214905028367E+03    0.135813918050907034E+01    0.264390573597120859E+01    0.140650206049140356E+08    0.657262120423834659E+02   -0.328631060211917330E+02
    0.828275955813974036E+02    0.135742430038794759E+01    0.199354260701602506E+02    0.364976126734151021E+08    0.657080340658707627E+02   -0.328540170329353813E+02
    0.121028940044988389E+03    0.137401101323006536E+01    0.877933833435667843E+01    0.118982898423196133E+08    0.656885867681724562E+02   -0.328442933840862281E+02
    0.813553228322431750E+02    0.138154271072218782E+01    0.320416829469345430E+02    0.245436346502433941E+08    0.656777629982146038E+02   -0.328388814991073019E+02
    0.813553228322431750E+02    0.138154271072218782E+01    0.320416829469345430E+02    0.245436346502433941E+08    0.656777629982146038E+02   -0.328388814991073019E+02
    0.101403305303191516E+03    0.136633014726370527E+01    0.164816355888477659E+02    0.211455147908427082E+08    0.656756698943428887E+02   -0.328378349471714444E+02
    0.531770557464653066E+02    0.137646821001178554E+01    0.387113335437089390E+02    0.102498473615316320E+08    0.656457758307639239E+02   -0.328228879153819619E+02
    0.181601376050299024E+02    0.136146687959134383E+01    0.472883109085312370E+02    0.258010289475434981E+08    0.655757228252700344E+02   -0.327878614126350172E+02
    0.181601376050299024E+02    0.136146687959134383E+01    0.472883109085312370E+02    0.258010289475434981E+08    0.655757228252700344E+02   -0.327878614126350172E+02
    0.502900340859197925E+02    0.136164863640973821E+01    0.430044616027162121E+02    0.133222480959480163E+08    0.655618086459459590E+02   -0.327809043229729795E+02
    0.864250440244329710E+01    0.136847721367175179E+01    0.490370194253211835E+02    0.268746723431893513E+08    0.655587584915842854E+02   -0.327793792457921427E+02
    0.100097977455781461E+03    0.136869170023513931E+01    0.157055879663083591E+02    0.107980658817803767E+08    0.655582629618283619E+02   -0.327791314809141809E+02
    0.179960758397478671E+02    0.137208748001682479E+01    0.977313641872172489E+01    0.742629031227976829E+08    0.655571877848027498E+02   -0.327785938924013749E+02
    0.886894641430405528E+01    0.135995867756066335E+01    0.121848623464484085E+02    0.942970740130867213E+08    0.655551223756573904E+02   -0.327775611878286952E+02
    0.886894641430405528E+01    0.135995867756066335E+01    0.121848623464484085E+02    0.942970740130867213E+08    0.655551223756573904E+02   -0.327775611878286952E+02
    0.119194530025359512E+03    0.137588174779538308E+01    0.167716625625131890E+02    0.139841472322170064E+08    0.655523643307771664E+02   -0.327761821653885832E+02
    0.119194530025359512E+03    0.137588174779538308E+01    0.167716625625131890E+02    0.139841472322170064E+08    0.655523643307771664E+02   -0.327761821653885832E+02
    0.570239379334975496E+02    0.137148585698042691E+01    0.260934199945697429E+02    0.416950592274482697E+08    0.655458391162372180E+02   -0.327729195581186090E+02
    0.652358682097447655E+02    0.136596639074814075E+01    0.169953073997005411E+01    0.433951989521728083E+08    0.655086954751049575E+02   -0.327543477375524787E+02
    0.108317127101216428E+03    0.137228323301486199E+01    0.130133770595826288E+02    0.120214447076555397E+08    0.654348509781545431E+02   -0.327174254890772715E+02
    0.113581104396843415E+03    0.139249331446570812E+01    0.604610427192893596E+01    0.113922970819947738E+08    0.654287123328194156E+02   -0.327143561664097078E+02
    0.489386401599988474E+02    0.137224705602339747E+01    0.245492442282709256E+02    0.439888849257773310E+08    0.654103521045859395E+02   -0.327051760522929698E+02
    0.609639734187384903E+02    0.136133455538144710E+01    0.342868453757281770E+02    0.248939298100555390E+08    0.654044653630493116E+02   -0.327022326815246558E+02
    0.323630533139234871E+02    0.134830828677578007E+01    0.345352113825535980E+02    0.357080526314504370E+08    0.653970004419854121E+02   -0.326985002209927060E+02
    0.323630533139234871E+02    0.134830828677578007E+01    0.345352113825535980E+02    0.357080526314504370E+08    0.653970004419854121E+02   -0.326985002209927060E+02
    0.102734168681243062E+03    0.135814023824082741E+01    0.424061079434119037E+01    0.119231649965349231E+08    0.653834123305161654E+02   -0.326917061652580827E+02
    0.779785679600878439E+02    0.136560647671474844E+01    0.246914740765474967E+02    0.274247713349367604E+08    0.653647589124834951E+02   -0.326823794562417476E+02
    0.533008130191482721E+02    0.138236053382300828E+01    0.750213745478590965E+01    0.476153403589235768E+08    0.653571665068437540E+02   -0.326785832534218770E+02
    0.735705378663154761E+02    0.136943699498036819E+01    0.333969352949080118E+02    0.159205385062699914E+08    0.653339573326883851E+02   -0.326669786663441926E+02
    0.934372420634094283E+02    0.137113532902943414E+01    0.256601373146534577E+02    0.160124106951394435E+08    0.653209383146904656E+02   -0.326604691573452328E+02
    0.934372420634094283E+02    0.137113532902943414E+01    0.256601373146534577E+02    0.160124106951394435E+08    0.653209383146904656E+02   -0.326604691573452328E+02
    0.123295868410688612E+03    0.137892865133701026E+01    0.441021868337476874E+01    0.212333406893216074E+08    0.653121942336012324E+02   -0.326560971168006162E+02
    0.930670951472875458E+02    0.138480235664864049E+01    0.229604663919739203E+02    0.115477050667336173E+08    0.652976271272022473E+02   -0.326488135636011236E+02
    0.930670951472875458E+02    0.138480235664864049E+01    0.229604663919739203E+02    0.115477050667336173E+08    0.652976271272022473E+02   -0.326488135636011236E+02
    0.674185405048697959E+02    0.135565551777104387E+01    0.316503567197863376E+02    0.251338297008947693E+08    0.652919501942642881E+02   -0.326459750971321441E+02
    0.735398871052598757E+01    0.136816275404922405E+01    0.454506356197205648E+02    0.339260564831934199E+08    0.652368403092001898E+02   -0.326184201546000949E+02
    0.559458165890294890E+01    0.135291640165499794E+01    0.241051953514093213E+02    0.840721225340844691E+08    0.652227595130250677E+02   -0.326113797565125338E+02
    0.559458165890294890E+01    0.135291640165499794E+01    0.241051953514093213E+02    0.840721225340844691E+08    0.652227595130250677E+02   -0.326113797565125338E+02
    0.421166174590229900E+02    0.138828036043021052E+01    0.898180766183554269E+01    0.475239852857478783E+08    0.652100132317291354E+02   -0.326050066158645677E+02
    0.421166174590229900E+02    0.138828036043021052E+01    0.898180766183554269E+01    0.475239852857478783E+08    0.652100132317291354E+02   -0.326050066158645677E+02
    0.484676523336481395E+02    0.136358510437637270E+01    0.390078859585792159E+02    0.125784211394360289E+08    0.652094376690846786E+02   -0.326047188345423393E+02
    0.484676523336481395E+02    0.136358510437637270E+01    0.390078859585792159E+02    0.125784211394360289E+08    0.652094376690846786E+02   -0.326047188345423393E+02
    0.498222582173884874E+02    0.137737652227625862E+01    0.377864220007618883E+02    0.265899196726207994E+08    0.651904293920380695E+02   -0.325952146960190348E+02
    0.498222582173884874E+02    0.137737652227625862E+01    0.377864220007618883E+02    0.265899196726207994E+08    0.651904293920380695E+02   -0.325952146960190348E+02
    0.919624112065308594E+02    0.137605701971014827E+01    0.227984772081281051E+02    0.205830948119781986E+08    0.651876471514334810E+02   -0.325938235757167405E+02
    0.919624112065308594E+02    0.137605701971014827E+01    0.227984772081281051E+02    0.205830948119781986E+08    0.651876471514334810E+02   -0.325938235757167405E+02
    0.112003082960082068E+03    0.137708332680645840E+01    0.334556850657655858E+01    0.272555278272292763E+08    0.651848576041185908E+02   -0.325924288020592954E+02
    0.441493527118355900E+02    0.138820391861229142E+01    0.353039171176750983E+02    0.161165391422081795E+08    0.651694505286955774E+02   -0.325847252643477887E+02
    0.200859866033334136E+02    0.138889077040988185E+01    0.355914124928511413E+02    0.226275173976513371E+08    0.651683385231134196E+02   -0.325841692615567098E+02
    0.200859866033334136E+02    0.138889077040988185E+01    0.355914124928511413E+02    0.226275173976513371E+08    0.651683385231134196E+02   -0.325841692615567098E+02
    0.106966503876983083E+03    0.137250691639258382E+01    0.139507500033354059E+01    0.216992391692473851E+08    0.651133583472098252E+02   -0.325566791736049126E+02
    0.106966503876983083E+03    0.137250691639258382E+01    0.139507500033354059E+01    0.216992391692473851E+08    0.651133583472098252E+02   -0.325566791736049126E+02
    0.524497139043473126E+02    0.135216259181983989E+01    0.309322851360945954E+02    0.338860373632349595E+08    0.651121979122698065E+02   -0.325560989561349032E+02
    0.776949207818390342E+01    0.138360867942601762E+01    0.369626666123419909E+02    0.178045204088876881E+08    0.651112058711583188E+02   -0.325556029355791594E+02
    0.293631506343297985E+02    0.135772457426957183E+01    0.165997189208075895E+02    0.644625492332899049E+08    0.651028810457689104E+02   -0.325514405228844552E+02
    0.293631506343297985E+02    0.135772457426957183E+01    0.165997189208075895E+02    0.644625492332899049E+08    0.651028810457689104E+02   -0.325514405228844552E+02
    0.184864330524053528E+02    0.138760601795809402E+01    0.395534756121766833E+02    0.146917666401444376E+08    0.651019531869727786E+02   -0.325509765934863893E+02
    0.451250880663427267E+02    0.135875906374486299E+01    0.361297817967380226E+02    0.224873813839176223E+08    0.650952423003291898E+02   -0.325476211501645949E+02
    0.451250880663427267E+02    0.135875906374486299E+01    0.361297817967380226E+02    0.224873813839176223E+08    0.650952423003291898E+02   -0.325476211501645949E+02
    0.202378648108520913E+02    0.136424125113177030E+01    0.408448074658467846E+02    0.245055723115118742E+08    0.650716322393581663E+02   -0.325358161196790832E+02
    0.202378648108520913E+02    0.136424125113177030E+01    0.408448074658467846E+02    0.245055723115118742E+08    0.650716322393581663E+02   -0.325358161196790832E+02
    0.274596160637336304E+02    0.136437721528442579E+01    0.431292667883947587E+02    0.133992388059112001E+08    0.650591308910973680E+02   -0.325295654455486840E+02
    0.873354392332516341E+02    0.136389431353403157E+01    0.767004532235592595E+01    0.279492666896751858E+08    0.650396041288779685E+02   -0.325198020644389842E+02
    0.842792933708470002E+02    0.138304989276449453E+01    0.123331316321789757E+02    0.331962914772276878E+08    0.650394890187068881E+02   -0.325197445093534441E+02
    0.842792933708470002E+02    0.138304989276449453E+01    0.123331316321789757E+02    0.331962914772276878E+08    0.650394890187068881E+02   -0.325197445093534441E+02
    0.133950496973998643E+02    0.137038946112282800E+01    0.566102272754000246E+01    0.666523301687382236E+08    0.650360404791944404E+02   -0.325180202395972202E+02
    0.149505693363867156E+02    0.136373742127443132E+01    0.418362818585004916E+02    0.171645852249300852E+08    0.650233803609897478E+02   -0.325116901804948739E+02
    0.541454038227857879E+02    0.135872926396379912E+01    0.236659021037760162E+02    0.392646607474913150E+08    0.650158251608612687E+02   -0.325079125804306344E+02
    0.142101784839761933E+02    0.137499887563855383E+01    0.151229987250586753E+02    0.599102905791623816E+08    0.650083670748603737E+02   -0.325041835374301868E+02
    0.142101784839761933E+02    0.137499887563855383E+01    0.151229987250586753E+02    0.599102905791623816E+08    0.650083670748603737E+02   -0.325041835374301868E+02
    0.931964586955904792E+02    0.135460181225124510E+01    0.259223029120863535E+00    0.226059814644494057E+08    0.649943638832536550E+02   -0.324971819416268275E+02
    0.931964586955904792E+02    0.135460181225124510E+01    0.259223029120863535E+00    0.226059814644494057E+08    0.649943638832536550E+02   -0.324971819416268275E+02
    0.327744191249606658E+02    0.137878171374491587E+01    0.394037789952165838E+02    0.115145974679408260E+08    0.649824436918907793E+02   -0.324912218459453896E+02
    0.985175404098049086E+02    0.138526980071715156E+01    0.161766578258754521E+02    0.130931796454153657E+08    0.649804010942473838E+02   -0.324902005471236919E+02
    0.108845128841971842E+03    0.137618472641586176E+01    0.842510033407084080E+01    0.184195716617652960E+08    0.649799201073044799E+02   -0.324899600536522399E+02
    0.407879098843691068E+02    0.136967067780806873E+01    0.331328581979525154E+02    0.105207416075394806E+08    0.649608623465723980E+02   -0.324804311732861990E+02
    0.523474662415296876E+02    0.136151635184252751E+01    0.314945928549024430E+02    0.246463532327185236E+08    0.649318635713597558E+02   -0.324659317856798779E+02
    0.523474662415296876E+02    0.136151635184252751E+01    0.314945928549024430E+02    0.246463532327185236E+08    0.649318635713597558E+02   -0.324659317856798779E+02
    0.104339122772216797E+02    0.136528375550012315E+01    0.510527491569519043E+01    0.691002415664988309E+08    0.649258047355476151E+02   -0.324629023677738076E+02
    0.140771717030978021E+02    0.138662277492639441E+01    0.123016519282171028E+02    0.517324558572168946E+08    0.649189158119598062E+02   -0.324594579059799031E+02
    0.748006152341768882E+02    0.137682004432442673E+01    0.795762351495913300E+01    0.370279143699971288E+08    0.649158045919984517E+02   -0.324579022959992258E+02
    0.403087463439266855E+02    0.135189131965791165E+01    0.356107739899658071E+02    0.167247729021459613E+08    0.648924159359333714E+02   -0.324462079679666857E+02
    0.244846146281827224E+02    0.136863207113579954E+01    0.368234675133117833E+02    0.346586328506677672E+08    0.648674547073631800E+02   -0.324337273536815900E+02
    0.399428851365147537E+02    0.138933214314894515E+01    0.299729461578246941E+02    0.247090819708192162E+08    0.648656301031142135E+02   -0.324328150515571068E+02
    0.610469068810413589E+02    0.137017174672042663E+01    0.318864192389007357E+02    0.128299547547671944E+08    0.648623205088256611E+02   -0.324311602544128306E+02
    0.514114420590209136E+02    0.136922041588432730E+01    0.241549720021192282E+01    0.414983510489379615E+08    0.648121357524168644E+02   -0.324060678762084322E+02
    0.161780359830848930E+02    0.137958985836817472E+01    0.375473805258166564E+02    0.250043125477015823E+08    0.648031595178616158E+02   -0.324015797589308079E+02
    0.345880304109979022E+02    0.136572062001222871E+01    0.101244705858917072E+02    0.471728858981961012E+08    0.647928240637290145E+02   -0.323964120318645072E+02
    0.114170371583464458E+02    0.138376626654417612E+01    0.679941068933844761E+01    0.540747287086297721E+08    0.647851544929415297E+02   -0.323925772464707649E+02
    0.170796754174508933E+02    0.137145036854046820E+01    0.401609314514150597E+02    0.236937278482943773E+08    0.647842775812464851E+02   -0.323921387906232425E+02
    0.170796754174508933E+02    0.137145036854046820E+01    0.401609314514150597E+02    0.236937278482943773E+08    0.647842775812464851E+02   -0.323921387906232425E+02
    0.272464846201558686E+02    0.137786457021332209E+01    0.134047043779590034E+02    0.477648513357615396E+08    0.647838835894468730E+02   -0.323919417947234365E+02
    0.221375695673635491E+02    0.136390666167510433E+01    0.137346343350977982E+02    0.540721519609346315E+08    0.647712380561111019E+02   -0.323856190280555509E+02
    0.900577546758941878E+02    0.137639780811021617E+01    0.144822668077206664E+02    0.262358573944288492E+08    0.647651480960341814E+02   -0.323825740480170907E+02
    0.629125542894014274E+02    0.136335168421733766E+01    0.279429236723677583E+02    0.161214644165062811E+08    0.647547558912707615E+02   -0.323773779456353807E+02
    0.881356267624961447E+02    0.138317390963189824E+01    0.153992229254199895E+02    0.258313716697334163E+08    0.647530561490370360E+02   -0.323765280745185180E+02
    0.171326095240047991E+02    0.137088453379837705E+01    0.325299732625257860E+02    0.411261474065279737E+08    0.647482007564083233E+02   -0.323741003782041616E+02
    0.864495205378155021E+02    0.137893063325282550E+01    0.184128133827125744E+02    0.195819810449774265E+08    0.647436938214862607E+02   -0.323718469107431304E+02
    0.864495205378155021E+02    0.137893063325282550E+01    0.184128133827125744E+02    0.195819810449774265E+08    0.647436938214862607E+02   -0.323718469107431304E+02
    0.727457396232421729E+02    0.136682185150304014E+01    0.189171987476250258E+02    0.178210488799874522E+08    0.647385929560736741E+02   -0.323692964780368371E+02
    0.727457396232421729E+02    0.136682185150304014E+01    0.189171987476250258E+02    0.178210488799874522E+08    0.647385929560736741E+02   -0.323692964780368371E+02
    0.421079792608948509E+02    0.137120767674409660E+01    0.330363839630829119E+02    0.109373253315940984E+08    0.647367169104891360E+02   -0.323683584552445680E+02
    0.660090744830446283E+02    0.138114099527976109E+01    0.271281147152253546E+02    0.171869007958473302E+08    0.647337675597542130E+02   -0.323668837798771065E+02
    0.738714736749702894E+02    0.137431077162664517E+01    0.209510276971150837E+02    0.107112496228831392E+08    0.647235368107108542E+02   -0.323617684053554271E+02
    0.738714736749702894E+02    0.137431077162664517E+01    0.209510276971150837E+02    0.107112496228831392E+08    0.647235368107108542E+02   -0.323617684053554271E+02
    0.993483499630805511E+01    0.138180975125185168E+01    0.350627919480797487E+02    0.304717877340983413E+08    0.647169969816081050E+02   -0.323584984908040525E+02
    0.432938223425930531E+02    0.137601323484348126E+01    0.395420777463189577E+01    0.442126987261458486E+08    0.647063310105708211E+02   -0.323531655052854106E+02
    0.432938223425930531E+02    0.137601323484348126E+01    0.395420777463189577E+01    0.442126987261458486E+08    0.647063310105708211E+02   -0.323531655052854106E+02
    0.472550091343353262E+01    0.137616760516524250E+01    0.401783130353472444E+02    0.306018129225915968E+08    0.646593493212780430E+02   -0.323296746606390215E+02
    0.731327657413949765E+02    0.138264736759842677E+01    0.221636799062886105E+02    0.114011564832319263E+08    0.646558746511160223E+02   -0.323279373255580111E+02
    0.732643850221125490E+02    0.135616349729445229E+01    0.174814317596694515E+02    0.225963277917705998E+08    0.646527997063183051E+02   -0.323263998531591525E+02
    0.606237226648225587E+02    0.136833165078133523E+01    0.231937932383638099E+02    0.178286599424215369E+08    0.646164200920856899E+02   -0.323082100460428450E+02
    0.311790742146841886E+02    0.136805410438998210E+01    0.243419473916870928E+02    0.399842406529095322E+08    0.645977650939499739E+02   -0.322988825469749870E+02
    0.549210243189310034E+02    0.137148462195604082E+01    0.325086738318232520E+02    0.150912370783957802E+08    0.645659518221896178E+02   -0.322829759110948089E+02
    0.838219425096880428E+02    0.137592406116157839E+01    0.220026301704220195E+02    0.149420842784003410E+08    0.645639602674708897E+02   -0.322819801337354448E+02
    0.223669105565185404E+02    0.137609325037835784E+01    0.327160573607066212E+02    0.352251984537535608E+08    0.645306894229292141E+02   -0.322653447114646070E+02
    0.719443855685633480E+02    0.137360846041489681E+01    0.160031667295199647E+02    0.105241742450202480E+08    0.645137651717375604E+02   -0.322568825858687802E+02
    0.189169380110424719E+02    0.137607421869487601E+01    0.359637708559929763E+02    0.291984337443394363E+08    0.644934221749410312E+02   -0.322467110874705156E+02
    0.371562344019994200E+02    0.136871990970981439E+01    0.120584698707843199E+02    0.414558973626542911E+08    0.644664408623163325E+02   -0.322332204311581663E+02
    0.454525129871044413E+02    0.137960652535921935E+01    0.275792117474825034E+02    0.110896061663433649E+08    0.644227502510762662E+02   -0.322113751255381331E+02
    0.676686595311460479E+02    0.135936338232274756E+01    0.208519492732251415E+02    0.130031333290884141E+08    0.644195499274003680E+02   -0.322097749637001840E+02
    0.499261497626216126E+02    0.137770294941322535E+01    0.237524478862065322E+02    0.314085068233890869E+08    0.644098034206708121E+02   -0.322049017103354061E+02
    0.717157621706740116E+02    0.136459209446972718E+01    0.395061241376451910E+01    0.276756216129929833E+08    0.644029235855724949E+02   -0.322014617927862474E+02
    0.321715437815442300E+02    0.137491013197326306E+01    0.311515712578299855E+02    0.208595417016582415E+08    0.644009530164680370E+02   -0.322004765082340185E+02
    0.252919017974610760E+02    0.138298383813952008E+01    0.240179203057021375E+02    0.363155324101554751E+08    0.643995265257721883E+02   -0.321997632628860941E+02
    0.113738894153042960E+02    0.138378430819299458E+01    0.135795015146213256E+02    0.446847367530867755E+08    0.643719563589083350E+02   -0.321859781794541675E+02
    0.601902250054269601E+02    0.138913071208133876E+01    0.210053782158883706E+02    0.123460771180973388E+08    0.643597285581358278E+02   -0.321798642790679139E+02
    0.188023696379105516E+02    0.137626923329734696E+01    0.127421838063307646E+02    0.448711864073729143E+08    0.643394181162597931E+02   -0.321697090581298966E+02
    0.674577132819668179E+02    0.136409057086745600E+01    0.114287220051550609E+02    0.197748876250264011E+08    0.643304161053037973E+02   -0.321652080526518986E+02
    0.953507091324106995E+02    0.138575174108955035E+01    0.757287115818635170E+00    0.117656971673308536E+08    0.643282107202357309E+02   -0.321641053601178655E+02
    0.700846502169256240E+02    0.135950409861448640E+01    0.764599941088913138E+01    0.252587770383010805E+08    0.642804911836334156E+02   -0.321402455918167078E+02
    0.518721200974622292E+02    0.136303026174471564E+01    0.213187411558828224E+02    0.240908437936407626E+08    0.642750615508251713E+02   -0.321375307754125856E+02
    0.652877017487118110E+02    0.136754497801743669E+01    0.114844580847970512E+02    0.255525332680298463E+08    0.642511239923682353E+02   -0.321255619961841177E+02
    0.780344729902518424E+02    0.137711039723130013E+01    0.195387706005985997E+02    0.144541245703679230E+08    0.642473492546203317E+02   -0.321236746273101659E+02
    0.710560132383584886E+02    0.137051726871636426E+01    0.747773039513972382E+01    0.258929781741576679E+08    0.642429990497332710E+02   -0.321214995248666355E+02
    0.185008075130078460E+02    0.139398117607740057E+01    0.270263021544155428E+02    0.252842725817690678E+08    0.642301697067026680E+02   -0.321150848533513340E+02
    0.662593855283416389E+01    0.136329073350756413E+01    0.327980433052877061E+02    0.200847347420824356E+08    0.641858826708788399E+02   -0.320929413354394200E+02
    0.581533372953666259E+02    0.137507752846804765E+01    0.162729445476887449E+02    0.104379627437302824E+08    0.641856079746606127E+02   -0.320928039873303064E+02
    0.470997910046396484E+02    0.137160716489860479E+01    0.196184225001130095E+02    0.314087115679341666E+08    0.641811644271328134E+02   -0.320905822135664067E+02
    0.267487001769770461E-02    0.136358686013984554E+01    0.309102160745419532E+02    0.408527990497251451E+08    0.641511349036643281E+02   -0.320755674518321641E+02
    0.415123152273884841E+02    0.135525973408810496E+01    0.253639113719486282E+02    0.223320676363200396E+08    0.641424303296336404E+02   -0.320712151648168202E+02
    0.367423336588797014E+02    0.136327032703299289E+01    0.267269104384780150E+02    0.115336899221114516E+08    0.641279640878703816E+02   -0.320639820439351908E+02
    0.787507572029997789E+02    0.137366721537643777E+01    0.906880666437214766E+00    0.221647754748533331E+08    0.641258170917575114E+02   -0.320629085458787557E+02
    0.250230114434060376E+02    0.137412802687491187E+01    0.290307058073225548E+02    0.208384768775843419E+08    0.641244157476061787E+02   -0.320622078738030893E+02
    0.166665644621761402E+02    0.137973926737144548E+01    0.337353301050033707E+02    0.151925193065601364E+08    0.641235630532618188E+02   -0.320617815266309094E+02
    0.355205287689307525E+02    0.136223151429869693E+01    0.128013973668499972E+02    0.393267587011098117E+08    0.641150336141702439E+02   -0.320575168070851220E+02
    0.576368316161115288E+02    0.136492493065434850E+01    0.124311086082172153E+02    0.197539657362198867E+08    0.640827008973775349E+02   -0.320413504486887675E+02
    0.585063664258657568E+01    0.136423892695281701E+01    0.331577992252621243E+02    0.247333500799970925E+08    0.640726247799159694E+02   -0.320363123899579847E+02
    0.646073733876131318E+01    0.135307930717347125E+01    0.223551463196408701E+00    0.574847002022715509E+08    0.640685146250094419E+02   -0.320342573125047210E+02
    0.616468939038020203E+01    0.135738246936347551E+01    0.324809786233982720E+02    0.187477822806720398E+08    0.640297179508698662E+02   -0.320148589754349331E+02
    0.383544023666976628E+02    0.136850957516599681E+01    0.176743216798221958E+02    0.104293352043473143E+08    0.640105107967647484E+02   -0.320052553983823742E+02
    0.788416472359195382E+02    0.137536284436609146E+01    0.104115588765049374E+02    0.164017706372819580E+08    0.640102580537554502E+02   -0.320051290268777251E+02
    0.591300750771072625E+01    0.137752431244980755E+01    0.212508493467971959E+00    0.458737961613953710E+08    0.639999810136124268E+02   -0.319999905068062134E+02
    0.177008833237896219E+02    0.136519436534881677E+01    0.293984848470965794E+02    0.278664934265332147E+08    0.639898670973417438E+02   -0.319949335486708719E+02
    0.306072747620916807E+02    0.135853386261089382E+01    0.223540451479831184E+02    0.364614439250254929E+08    0.639733107948166833E+02   -0.319866553974083416E+02
    0.127747212408203730E+02    0.137432205560334086E+01    0.286572204787853622E+02    0.333049024620753452E+08    0.639656005090590014E+02   -0.319828002545295007E+02
    0.510864604416108747E+02    0.136670605239815224E+01    0.141425080328189701E+02    0.183439735425524525E+08    0.639641132788807028E+02   -0.319820566394403514E+02
    0.812330586031267359E+02    0.137781355112053983E+01    0.501606329240901161E+01    0.129615939470586292E+08    0.639602077342808428E+02   -0.319801038671404214E+02
    0.402981140391494677E+02    0.136694957776679837E+01    0.177556006931310044E+02    0.310113085854290612E+08    0.639580218492661032E+02   -0.319790109246330516E+02
    0.127299771575017733E+02    0.137035837938883498E+01    0.360945083047995610E+02    0.140684260732956100E+08    0.639511677890253267E+02   -0.319755838945126634E+02
    0.556078398166005243E+02    0.136049332914416743E+01    0.134148821386511372E+02    0.114515635635852534E+08    0.639470870272177834E+02   -0.319735435136088917E+02
    0.677221549077113281E+02    0.137693267394143093E+01    0.163700406713539053E+02    0.132740995442131758E+08    0.639343885215463459E+02   -0.319671942607731729E+02
    0.536933425269455498E+02    0.136605730626703425E+01    0.146021587976267639E+02    0.119399072138310559E+08    0.639341971870208710E+02   -0.319670985935104355E+02
    0.799602600145715030E+02    0.138389813516739268E+01    0.351406229389353131E+01    0.214440002836680599E+08    0.639249845938997936E+02   -0.319624922969498968E+02
    0.353298296080658574E+02    0.137694333115560164E+01    0.160062181450496617E+02    0.352019762054367140E+08    0.639194740228678171E+02   -0.319597370114339085E+02
    0.614771859525181341E+02    0.136549583623429616E+01    0.210246945910511407E+01    0.194212349989945665E+08    0.639118872200388211E+02   -0.319559436100194105E+02
    0.680962016691887584E+02    0.137858110243931331E+01    0.170777919910773974E+02    0.160149270001911912E+08    0.639100818787962766E+02   -0.319550409393981383E+02
    0.255500835595286553E+02    0.136985919852457338E+01    0.232324926328268049E+02    0.322320442630686499E+08    0.638878067226094899E+02   -0.319439033613047449E+02
    0.846837924363788730E+01    0.138788145493598658E+01    0.247413085068639518E+02    0.268786106953234784E+08    0.638798542629668589E+02   -0.319399271314834294E+02
    0.434576731240346845E+02    0.136639579248188103E+01    0.239833851030195753E+02    0.149189572918235604E+08    0.638783680556331674E+02   -0.319391840278165837E+02
    0.100190258186407330E+02    0.137613092393740177E+01    0.223784954004948915E+02    0.372739611011921018E+08    0.638460605064582367E+02   -0.319230302532291184E+02
    0.410451076666817229E+02    0.137318603166145015E+01    0.660364810755088705E+01    0.349106639038256109E+08    0.638208774939497872E+02   -0.319104387469748936E+02
    0.697447495680577845E+01    0.135913370840270109E+01    0.367797731765793188E+02    0.136795790878320523E+08    0.637963398380246502E+02   -0.318981699190123251E+02
    0.385973862556261125E+02    0.136005715024283824E+01    0.104991571208532815E+02    0.353997973412603810E+08    0.637944159356656399E+02   -0.318972079678328200E+02
    0.267789424031322447E+02    0.138641406196818728E+01    0.187336147496097496E+02    0.299335024518861920E+08    0.637838651111461417E+02   -0.318919325555730708E+02
    0.546426333331686607E+02    0.137815153350121644E+01    0.140516540786350674E+02    0.252999134130083174E+08    0.637704514456275007E+02   -0.318852257228137503E+02
    0.394256692862581986E+02    0.137416390029468793E+01    0.196007785337806695E+02    0.240753839991587475E+08    0.637595363017948600E+02   -0.318797681508974300E+02
    0.308668474955488392E+02    0.135595490252987538E+01    0.166502818809394455E+02    0.370070841463288143E+08    0.637532546341875985E+02   -0.318766273170937993E+02
    0.189661178988470738E+02    0.135950030147350209E+01    0.280786260879561880E+02    0.284691043301362172E+08    0.637472543999078809E+02   -0.318736271999539404E+02
    0.237321758942024417E+02    0.137328385956662880E+01    0.172972129858498995E+02    0.355867704940702841E+08    0.637341427471909725E+02   -0.318670713735954862E+02
    0.808351874944694373E+02    0.138302857503800358E+01    0.329988193638057403E+01    0.139281620069743004E+08    0.637302774791121394E+02   -0.318651387395560697E+02
    0.533128584992605710E+02    0.136317678062570491E+01    0.190671998497950268E+01    0.264381710283157639E+08    0.637264067759152653E+02   -0.318632033879576326E+02
    0.246220500559411626E+02    0.139554677070088662E+01    0.187579930641537800E+02    0.197395847453265078E+08    0.637193430453435710E+02   -0.318596715226717855E+02
    0.286336697550161379E+01    0.138571370505495128E+01    0.218114546607493374E+02    0.180102499801149294E+08    0.637159334370278998E+02   -0.318579667185139499E+02
    0.510011539819763868E+02    0.137012642345647850E+01    0.942118535742634933E+01    0.218311687568584867E+08    0.637138998084058130E+02   -0.318569499042029065E+02
    0.302207258654004924E+02    0.138017695058992285E+01    0.581877829191441442E+01    0.370960182057820931E+08    0.636879109040034947E+02   -0.318439554520017474E+02
    0.358329827706277868E+02    0.136507004618772165E+01    0.123328274957751596E+02    0.318054590884456187E+08    0.636769864978725337E+02   -0.318384932489362669E+02
    0.255082095627296238E-01    0.137218736001261732E+01    0.283858389996969152E+02    0.174109983175262101E+08    0.636557999031334276E+02   -0.318278999515667138E+02
    0.253773645351915142E+02    0.136190111515778400E+01    0.231546674186677954E+02    0.260032264477292597E+08    0.636501888166850733E+02   -0.318250944083425367E+02
    0.123875185469407860E+02    0.136321686206247383E+01    0.894061515312698285E+00    0.423669500997773111E+08    0.636417277078480197E+02   -0.318208638539240098E+02
    0.161503125039766751E+02    0.137155133971396137E+01    0.198835555975513714E+02    0.351057148006946221E+08    0.636311912632590690E+02   -0.318155956316295345E+02
    0.375652294416698140E+02    0.137128543585016804E+01    0.103736253871234796E+01    0.250493279673143923E+08    0.631809272232229233E+02   -0.315904636116114617E+02
    0.740167785075456308E+01    0.137234266344589440E+01    0.334129917251201825E+01    0.264605822449061498E+08    0.626511239094961283E+02   -0.313255619547480642E+02
    0.740167785075456308E+01    0.137234266344589440E+01    0.334129917251201825E+01    0.264605822449061498E+08    0.626511239094961283E+02   -0.313255619547480642E+02
    0.167411524915490943E+02    0.137867705489040149E+01    0.202656405256502303E+02    0.170096990301270708E+08    0.633622738652106108E+02   -0.316811369326053054E+02
    0.541332848781405485E+01    0.138094367572348098E+01    0.134871216733364001E+02    0.267944681285689361E+08    0.630258718306535144E+02   -0.315129359153267572E+02
    0.101372916875535370E+02    0.137536057055111982E+01    0.168174250922140622E+02    0.271888937778582312E+08    0.631377301918700482E+02   -0.315688650959350241E+02
    0.120248780866905918E+02    0.138062072747555220E+01    0.687266121425076371E+01    0.257962790062779225E+08    0.627982686576368536E+02   -0.313991343288184268E+02
    0.120248780866905918E+02    0.138062072747555220E+01    0.687266121425076371E+01    0.257962790062779225E+08    0.627982686576368536E+02   -0.313991343288184268E+02
    0.119504705676221423E+02    0.138086277570368043E+01    0.283600161531125661E+01    0.329485863193295188E+08    0.629767894181312968E+02   -0.314883947090656484E+02
    0.305807503588221898E+02    0.137666245109677887E+01    0.837424087113012661E+01    0.223306735539659001E+08    0.630995907779290306E+02   -0.315497953889645153E+02
    0.155739258165524248E+02    0.138269948734973447E+01    0.442121087924691292E+00    0.282354988091632053E+08    0.627047149185404109E+02   -0.313523574592702055E+02
    0.146415484287197817E+02    0.137445519283399253E+01    0.137527293777630568E+02    0.184718447700108960E+08    0.631370005067127735E+02   -0.315685002533563868E+02
    0.410381073924677580E+02    0.138658231541888610E+01    0.191003394595891773E+01    0.321463900266823098E+08    0.634952276098197785E+02   -0.317476138049098893E+02
    0.204260823640269162E+01    0.137972394576390123E+01    0.854295697102661755E+01    0.357486856167785898E+08    0.631603457929039962E+02   -0.315801728964519981E+02
    0.323045807938117875E+02    0.137972183804437210E+01    0.163914004907491844E+02    0.199692938488812670E+08    0.635359578264452551E+02   -0.317679789132226276E+02
    0.302502140782295825E+01    0.137976839507161242E+01    0.634842321371814755E+01    0.285008221294142976E+08    0.627365739133210383E+02   -0.313682869566605191E+02
    0.195221750085408772E+02    0.139465153882654058E+01    0.339396501520516036E+01    0.212958947124041319E+08    0.627259349126969425E+02   -0.313629674563484713E+02
    0.162204946119964859E+02    0.138547223284386778E+01    0.240419436774839257E+01    0.305864513810235001E+08    0.628828296034784273E+02   -0.314414148017392137E+02
    0.533749907448557259E+01    0.137647873136742938E+01    0.107262903826715306E+02    0.348523477154196128E+08    0.631542485997079623E+02   -0.315771242998539812E+02
    0.135137500134899113E+02    0.137334642643362370E+01    0.208720692264563290E+02    0.206050805749267228E+08    0.634362625507742308E+02   -0.317181312753871154E+02
    0.106641303021820573E+02    0.138144904603291763E+01    0.181856069200479986E+02    0.227892234197431207E+08    0.633782108509843880E+02   -0.316891054254921940E+02
    0.312437462142296862E+01    0.138274432545831405E+01    0.509407243832528334E+01    0.194151684682207741E+08    0.626519987183911127E+02   -0.313259993591955563E+02
    0.165237771106806655E+02    0.137336224197962098E+01    0.760822531529093382E+01    0.242892791484273933E+08    0.628800454451762079E+02   -0.314400227225881039E+02
    0.229793185801443371E+02    0.136898198271988525E+01    0.432680629727646249E+01    0.183534163424411789E+08    0.629945780035754339E+02   -0.314972890017877170E+02
    0.673250483723221826E+00    0.137366028975821797E+01    0.145216124748350026E+02    0.146728497960573751E+08    0.625365885137557314E+02   -0.312682942568778657E+02
    0.378040866067278003E+02    0.139009906979580578E+01    0.193218797184972750E+02    0.153850856930077597E+08    0.635983500482603432E+02   -0.317991750241301716E+02
    0.114098698115684236E+02    0.137522522911183342E+01    0.154643410039311888E+02    0.133613377361058537E+08    0.627598371280033618E+02   -0.313799185640016809E+02
    0.114098698115684236E+02    0.137522522911183342E+01    0.154643410039311888E+02    0.133613377361058537E+08    0.627598371280033618E+02   -0.313799185640016809E+02
    0.418552229309620856E+02    0.137762283427308252E+01    0.120659897056706775E+02    0.138728070216483641E+08    0.630898957127311917E+02   -0.315449478563655958E+02
    0.309464314008920276E+02    0.137346066776504028E+01    0.905536750926593648E+01    0.120482153497687895E+08    0.630744356573949432E+02   -0.315372178286974716E+02
    0.230569151823026601E+02    0.136830254489683556E+01    0.162816794063988013E+02    0.121666056359642651E+08    0.631939664405802546E+02   -0.315969832202901273E+02
    0.337022595671925060E+02    0.137353642891267547E+01    0.388904506853775134E+01    0.140127758688472938E+08    0.627736647453582677E+02   -0.313868323726791338E+02
    0.230393120399802314E+02    0.137088666119914415E+01    0.117279231095602086E+02    0.188328298275257312E+08    0.631748113037246952E+02   -0.315874056518623476E+02
    0.501369813517253249E+02    0.137347871827196588E+01    0.619199545451431277E+01    0.165291005254425816E+08    0.632667115043809289E+02   -0.316333557521904645E+02
    0.350504629998763884E+01    0.136756581674441047E+01    0.169781941284477789E+02    0.106373761455692593E+08    0.632591380685674949E+02   -0.316295690342837474E+02
    0.552059429643928681E+02    0.136880918448028366E+01    0.532059397805718337E+01    0.153077762437020857E+08    0.634460606518889563E+02   -0.317230303259444781E+02
    0.439224945999827270E+02    0.137290618761158423E+01    0.553074289564324695E+00    0.129889191573200263E+08    0.630980637523712531E+02   -0.315490318761856265E+02
    0.429473034665801237E+02    0.136269344421365446E+01    0.146201746574999074E+02    0.122885079583052527E+08    0.635505984808692617E+02   -0.317752992404346308E+02
    0.493774309732456302E+02    0.136041132776148577E+01    0.177658385291124099E+01    0.137058117270109151E+08    0.632881939643093858E+02   -0.316440969821546929E+02
    0.383372196929761984E+02    0.138187592583791119E+01    0.147289320199685605E+02    0.153655771501926128E+08    0.631990583992724595E+02   -0.315995291996362297E+02
    0.284353101979206215E+02    0.137737866028577849E+01    0.137059571616174320E+02    0.113027459545455109E+08    0.632577375563599702E+02   -0.316288687781799851E+02
    0.422261534317657805E+02    0.138523445140474388E+01    0.945277813617922469E+01    0.106438563213421199E+08    0.634899592226854708E+02   -0.317449796113427354E+02
    0.661788257196295948E+01    0.137524082449872531E+01    0.303955417462751747E+02    0.148640242120242789E+08    0.635168449249941958E+02   -0.317584224624970979E+02
    0.283708700577395909E+02    0.136671924555761848E+01    0.316399303345860572E+01    0.118944641642138027E+08    0.629835137129602529E+02   -0.314917568564801265E+02
    0.365455629524588730E+02    0.136394147313149361E+01    0.512738412469320881E+01    0.137591544603743069E+08    0.629663566803729893E+02   -0.314831783401864946E+02
    0.402023625400624667E+02    0.136667687425739581E+01    0.356560265881082650E+01    0.143735832182098236E+08    0.630232088977135305E+02   -0.315116044488567653E+02
    0.425839071062957544E+02    0.137393843642886959E+01    0.221644603315855271E+02    0.148653475756222736E+08    0.635986768530245570E+02   -0.317993384265122785E+02
    0.242830429992632766E+02    0.137336769022185101E+01    0.125274585137327588E+02    0.122326876605297979E+08    0.630323218292621164E+02   -0.315161609146310582E+02
    0.287727265237929197E+01    0.137213982333361084E+01    0.167392372551581872E+02    0.125379665450890623E+08    0.627917804642175810E+02   -0.313958902321087905E+02
    0.122442934908284400E+02    0.136256155992484573E+01    0.656169904691958372E+01    0.406245717115810513E+08    0.634665185615179155E+02   -0.317332592807589577E+02
    0.238567029464314828E+02    0.135428684347404116E+01    0.939966649909494301E+01    0.375661909117519408E+08    0.634147862977016814E+02   -0.317073931488508407E+02
    0.355242020173270916E+02    0.135881207224531364E+01    0.134900781146763187E+02    0.161804687605576608E+08    0.631630884720975487E+02   -0.315815442360487744E+02
    0.471114112229988464E+02    0.135167981279168092E+01    0.867067647737250446E+01    0.196072506719267517E+08    0.635889611459159312E+02   -0.317944805729579656E+02
    0.138406574283523547E+02    0.136925604699672565E+01    0.100594073009737350E+01    0.332508609746641479E+08    0.630201880837539932E+02   -0.315100940418769966E+02
    0.323947039132717975E+02    0.134956687012270771E+01    0.797088489801874722E+01    0.224734066127031036E+08    0.632203291461881776E+02   -0.316101645730940888E+02
    0.484168977109073762E+01    0.136250847799547525E+01    0.694800336023711385E+00    0.383454917306980044E+08    0.630700758512723283E+02   -0.315350379256361641E+02
    0.318090992167346513E+02    0.134424734894836595E+01    0.172046528128499898E+01    0.341317042354411334E+08    0.632834182095496374E+02   -0.316417091047748187E+02
    0.512776918066943281E+02    0.135670423616309010E+01    0.120088829792638467E+02    0.153616064370574560E+08    0.634642077431925458E+02   -0.317321038715962729E+02
    0.709745205717834504E+00    0.135186646219609030E+01    0.774257245380062287E+01    0.201669950532414317E+08    0.625481732196160465E+02   -0.312740866098080232E+02
    0.164539402349253123E+02    0.135807957575148341E+01    0.439221105067097550E+01    0.197191026332349181E+08    0.627581786217496358E+02   -0.313790893108748179E+02
    0.149636485008498141E+02    0.136200662966455321E+01    0.119923778597960684E+02    0.269545174445511922E+08    0.629032038757138210E+02   -0.314516019378569105E+02
    0.232984361480576246E+00    0.136511247980596218E+01    0.233634896719076188E+02    0.342791529603231773E+08    0.633664718155620932E+02   -0.316832359077810466E+02
    0.573560772137543839E+01    0.136773994862409398E+01    0.185187770562927163E+02    0.159498896108580083E+08    0.628676247607350831E+02   -0.314338123803675416E+02
    0.369251283117016937E+01    0.137345448516051638E+01    0.122904408687900055E+02    0.379290411788375452E+08    0.633600039954735053E+02   -0.316800019977367526E+02
    0.117528396477471979E+02    0.135977296794357194E+01    0.163830008142248218E+02    0.170088794266079217E+08    0.628998802265084507E+02   -0.314499401132542253E+02
    0.117528396477471979E+02    0.135977296794357194E+01    0.163830008142248218E+02    0.170088794266079217E+08    0.628998802265084507E+02   -0.314499401132542253E+02
    0.211070259751189759E+01    0.135915664260408042E+01    0.188821233170712475E+02    0.317100219414136037E+08    0.628839690659111881E+02   -0.314419845329555940E+02
    0.142781580247201276E+02    0.135991727311352273E+01    0.162574256986393983E+02    0.269227574744342193E+08    0.629957289329563679E+02   -0.314978644664781839E+02
    0.372060020639748634E+01    0.135849863666352833E+01    0.142430657609060756E+02    0.381099076743350849E+08    0.630626893750278157E+02   -0.315313446875139078E+02
    0.315578798054453857E+01    0.136450868309185758E+01    0.227027507470637779E+02    0.266699845703805797E+08    0.632363870906409815E+02   -0.316181935453204908E+02
    0.184246324760061508E+01    0.136109077869891637E+01    0.218714153188622582E+02    0.324504043813569918E+08    0.631088998650000761E+02   -0.315544499325000380E+02
    0.571868270006123502E+01    0.136567305488391955E+01    0.264213695539708873E+02    0.308940975265111774E+08    0.635678534795787655E+02   -0.317839267397893828E+02
    0.676892658054612006E+01    0.135313624189538584E+01    0.199679895077305467E+02    0.328594090943373553E+08    0.630742542288380861E+02   -0.315371271144190430E+02
    0.822073784944254804E+01    0.136516127327149905E+01    0.281417915042477986E+02    0.145462161298303585E+08    0.633500911374101818E+02   -0.316750455687050909E+02
    0.404735334667273179E+02    0.135382828441731529E+01    0.210350122641099198E+02    0.150479401719836816E+08    0.635231899802484463E+02   -0.317615949901242232E+02
    0.137109323948019437E+02    0.137032142226394371E+01    0.215577933710885077E+02    0.301253934866641164E+08    0.634548379387010968E+02   -0.317274189693505484E+02
    0.253735525576516103E+02    0.135796786766231192E+01    0.811307984187766396E+00    0.214102834688550793E+08    0.629222203515275709E+02   -0.314611101757637854E+02
    0.164680904162301434E+01    0.136704711364908360E+01    0.142810332607984982E+02    0.245927808580225408E+08    0.628430423878177251E+02   -0.314215211939088626E+02
    0.164680904162301434E+01    0.136704711364908360E+01    0.142810332607984982E+02    0.245927808580225408E+08    0.628430423878177251E+02   -0.314215211939088626E+02
    0.975078618555806997E+01    0.136502651879559833E+01    0.164184020810788986E+02    0.191558420874378420E+08    0.631467578336989277E+02   -0.315733789168494638E+02
    0.117613645685726258E+02    0.136658894038403900E+01    0.224067032976791580E+02    0.323507645562533475E+08    0.635198503142592656E+02   -0.317599251571296328E+02
    0.107294010188174340E+02    0.136037406557123819E+01    0.118432966812574243E+02    0.119256466893595327E+08    0.626897936311777286E+02   -0.313448968155888643E+02
    0.208788975535289758E+02    0.136929305867167872E+01    0.193359105033720780E+01    0.366269218528710902E+08    0.634293490940881526E+02   -0.317146745470440763E+02
    0.942203277315015519E+00    0.135652788122493084E+01    0.304216174725870552E+02    0.221406724754822813E+08    0.636293064608445320E+02   -0.318146532304222660E+02
    0.978102171557275391E+01    0.135967317188629222E+01    0.115413709977292456E+01    0.411007265227660909E+08    0.633719978029361997E+02   -0.316859989014680998E+02
    0.459245052870071291E+01    0.136662685300541864E+01    0.166047396086786883E+02    0.125381387105930056E+08    0.627718924450716571E+02   -0.313859462225358286E+02
    0.274917299883297375E+02    0.135291899125936999E+01    0.635446883210476621E+01    0.153540684541971087E+08    0.627069170142017143E+02   -0.313534585071008571E+02
    0.340717923037722992E+01    0.136060290173068377E+01    0.586757563613452415E+01    0.297465037189390957E+08    0.625409661141405522E+02   -0.312704830570702761E+02
    0.288152866116530610E+02    0.136125448485653777E+01    0.768408255766997161E+01    0.122494414995399453E+08    0.629713780935945096E+02   -0.314856890467972548E+02
    0.906411947104760252E+01    0.136919453323062501E+01    0.882650886427015813E+01    0.214475945214644410E+08    0.628306910648722265E+02   -0.314153455324361133E+02
    0.319746937919065957E+02    0.135528125423943702E+01    0.931600064259902361E+01    0.199805855996899232E+08    0.632007835376455773E+02   -0.316003917688227887E+02
    0.166594862464109106E+02    0.136316573483191039E+01    0.238728113759808558E+02    0.214850211869959421E+08    0.636290149134332168E+02   -0.318145074567166084E+02
    0.424871270802922929E+01    0.136343963151741687E+01    0.510460946843939745E+01    0.357779363388939202E+08    0.628807388325217005E+02   -0.314403694162608502E+02
